,BrandName,Details,Sizes,MRP,SellPrice,Discount,Category
0,Life,Solid cotton blend collar neck womens a-line dress - indigo,"Size:Large,Medium,Small,X-Large,X-Small","Rs
1699",849,50% off,Westernwear-Women
1,Only,Polyester peter pan collar womens blouson dress - yellow,"Size:34,36,38,40","Rs
3499",2449,30% off,Westernwear-Women
2,Fratini,Solid polyester blend wide neck womens regular top - off white,"Size:Large,X-Large,XX-Large","Rs
1199",599,50% off,Westernwear-Women
3,Zink london,Stripes polyester sweetheart neck womens dress - black,"Size:Large,Medium,Small,X-Large","Rs
2299",1379,40% off,Westernwear-Women
4,Life,Regular fit regular length denim womens jeans - stone,"Size:26,28,30,32,34,36","Rs
1699",849,50% off,Westernwear-Women
5,Kraus,Wide ankle length cotton womens jeans - light blue,"Size:26,28,30,32,34","Rs
1795",1615,10% off,Westernwear-Women
6,Life,Printed cotton blend collared womens regular dress - white,"Size:Large,Medium,Small,X-Large,X-Small","Rs
1299",649,50% off,Westernwear-Women
7,Fratini,Embroidered wide neck polyester womens regular top - blush,Size:XX-Large,"Rs
1299",649,50% off,Westernwear-Women
8,Rare,Floral polyester v neck womens flared dress - navy,"Size:Large,Medium,Small,X-Large","Rs
2099",839,60% off,Westernwear-Women
9,Rare,Checks cotton boat neck womens regular top - black,"Size:Medium,Small,X-Large","Rs
1499",599,60% off,Westernwear-Women
10,Life,Solid square neck cotton womens regular dress - pink,"Size:Large,Medium,Small,X-Large,X-Small","Rs
1499",749,50% off,Westernwear-Women
11,Life,Regular fit regular length denim womens jeans - indigo,"Size:26,28,30,32,34,36","Rs
999",499,50% off,Westernwear-Women
12,Life,Printed blended round neck womens shift dress - orange,"Size:Large,Medium,Small,X-Large,X-Small","Rs
1499",749,50% off,Westernwear-Women
13,Life,Printed jersey round neck womens t-shirt - black,"Size:Large,Medium,Small,X-Large,X-Small","Rs
599",299,50% off,Westernwear-Women
14,Life,Printed crepe square neck womens top - blue,"Size:Large,Medium,Small,X-Large,X-Small","Rs
999",499,50% off,Westernwear-Women
15,Life,Solid cotton collar neck womens shirt - pink,"Size:Large,Medium,Small,X-Large,X-Small","Rs
1199",599,50% off,Westernwear-Women
16,Life,Solid cotton lycra round neck womens t-shirt - white,"Size:Large,Medium,Small,X-Small","Rs
599",299,50% off,Westernwear-Women
17,Life,Printed cotton collar neck womens shirt - white,"Size:Large,Medium,Small,X-Large,X-Small","Rs
1299",649,50% off,Westernwear-Women
18,Van heusen,Solid cotton v neck womens formal shirt - maroon,"Size:Large,Small,X-Small","Rs
1999",799,60% off,Westernwear-Women
19,Life,Regular fit regular length denim womens jeans - mid stone,"Size:26,28,30,32,34,36","Rs
1999",999,50% off,Westernwear-Women
20,Fratini,Solid round neck viscose womens regular dress - olive,"Size:Large,Medium,Small,X-Large,XX-Large","Rs
1499",749,50% off,Westernwear-Women
21,Life,Solid wide neck viscose womens regular top - blue,"Size:Large,Medium,Small,X-Large,X-Small","Rs
1299",649,50% off,Westernwear-Women
22,Stop,Printed regular neck cotton womens formal shirt - ecru,"Size:Large,Medium,Small,X-Large,XX-Large","Rs
799",399,50% off,Westernwear-Women
23,Zink london,Floral viscose sweetheart neck womens dress - green,"Size:Medium,Small,X-Small,XX-Large","Rs
2799",1679,40% off,Westernwear-Women
24,Life,Printed viscose v neck womens regular woven top - off white,"Size:Large,Medium,Small,X-Large,X-Small","Rs
1199",599,50% off,Westernwear-Women
25,Life,Printed cotton blend v neck womens top - pink,"Size:Large,Medium,Small,X-Large,X-Small","Rs
999",499,50% off,Westernwear-Women
26,Zink z,Solid cotton blend v neck womens top - maroon,"Size:Large,Medium,Small,X-Large,X-Small",Nan,1299,No Discount,Westernwear-Women
27,Stop,Printed regular neck cotton womens formal shirt - black,"Size:Large,Medium,Small,X-Large,XX-Large","Rs
899",449,50% off,Westernwear-Women
28,Life,Printed cotton blend round neck womens t-shirt - white,"Size:Large,Medium,Small,X-Large,X-Small","Rs
999",499,50% off,Westernwear-Women
29,Life,Embroidered viscose square neck womens regular top - white,"Size:Large,Medium,Small,X-Large,X-Small","Rs
1199",599,50% off,Westernwear-Women
30,Life,Regular fit regular length denim womens jeans - indigo,"Size:26,28,30,32,34,36,Medium","Rs
1699",849,50% off,Westernwear-Women
31,Life,Printed cotton lycra round neck womens t-shirt - pink mix,"Size:Large,Medium,Small,X-Large,X-Small","Rs
699",349,50% off,Westernwear-Women
32,Cover story,Solid round neck cotton womens regular dress - dark brown,"Size:Large,Medium,Small,X-Large,X-Small","Rs
2890",1445,50% off,Westernwear-Women
33,Infuse,Printed square neck rayon womens dress - pink,"Size:Large,Medium,Small,X-Large,X-Small","Rs
1999",999,50% off,Westernwear-Women
34,Fratini,Printed polyester blend round neck womens a-line dress - white,"Size:Large,Medium,Small,X-Large,XX-Large",Nan,1799,No Discount,Westernwear-Women
35,Allen solly,Solid rayon regular fit womens trousers - black,"Size:26,28,30,32,34,36","Rs
1299",1039,20% off,Westernwear-Women
36,Infuse,Regular fit regular length cotton womens loungewear short set - pink,"Size:Large,Medium,Small,X-Small","Rs
899",359,60% off,Westernwear-Women
37,Van heusen,Solid polyester collar neck womens shirt - black,"Size:Large,Medium,Small,X-Large,X-Small","Rs
1699",999,41% off,Westernwear-Women
38,Life,Solid viscose round neck womens regular top - sage,"Size:Large,Medium,Small,X-Large,X-Small","Rs
999",499,50% off,Westernwear-Women
39,Cover story,Printed polyester round neck womens dress - black,"Size:Medium,Small,X-Large,X-Small","Rs
4490",3143,30% off,Westernwear-Women
40,Life,Printed collar neck polyester womens regular top - navy,"Size:Large,Medium,Small,X-Large,X-Small","Rs
999",499,50% off,Westernwear-Women
41,Zink london,Lace polyester round neck womens dress - green,"Size:Large,Medium,Small,X-Large","Rs
3299",1979,40% off,Westernwear-Women
42,Stop,Solid viscose v-neck womens regular top - mustard,"Size:Large,Medium,Small,XX-Large","Rs
999",499,50% off,Westernwear-Women
43,Fratini,Printed v-neck polyester womens regular dress - natural,"Size:Large,Medium,Small,X-Large,XX-Large","Rs
1899",949,50% off,Westernwear-Women
44,Rare,Floral polyester off shoulder womens flared dress - black,"Size:Large,Medium,Small,X-Large","Rs
1899",854,55% off,Westernwear-Women
45,Life,Printed viscose wide neck womens regular dress - pink,"Size:Large,Medium,Small,X-Large,X-Small","Rs
1299",649,50% off,Westernwear-Women
46,Altlife,Printed skinny fit cotton blend womens active wear track pants - grey,"Size:28,30,32,34,36","Rs
999",499,50% off,Westernwear-Women
47,Stop,Printed regular neck cotton womens formal shirt - blue denim,"Size:Medium,Small,X-Small,XX-Large","Rs
899",449,50% off,Westernwear-Women
48,Life,Regular fit regular length denim womens jeans - olive,"Size:26,28,30,32,34,36","Rs
1999",999,50% off,Westernwear-Women
49,Rare,Solid polyester round neck womens a-line dress - navy,"Size:Large,Medium,Small,X-Large","Rs
1499",674,55% off,Westernwear-Women
50,Zink london,Solid polyester v neck womens top - yellow,"Size:Large,Medium,Small,X-Large,X-Small,XX-Large","Rs
1399",839,40% off,Westernwear-Women
51,Life,Printed cotton blend collar neck womens t-shirt - red,"Size:Large,Medium,Small,X-Large,X-Small","Rs
999",499,50% off,Westernwear-Women
52,Madame,Printed polyester blend square neck womens dress - green,"Size:Large,Medium,Small,X-Large,XX-Large","Rs
2699",1619,40% off,Westernwear-Women
53,Zink london,Solid polyester scoop neck womens bodycon dress - baby pink,"Size:Large,Medium,Small,X-Large,X-Small,XX-Large","Rs
2499",1499,40% off,Westernwear-Women
54,Rare,Floral polyester v neck womens flared dress - blue,"Size:Large,Medium,Small,X-Large","Rs
2099",944,55% off,Westernwear-Women
55,Fratini,Solid round neck viscose womens regular dress - black,"Size:Large,Medium,Small,X-Large,XX-Large","Rs
1499",749,50% off,Westernwear-Women
56,Iti,Solid georgette collar neck womens top - olive,"Size:Small,X-Small","Rs
1499",399,73% off,Westernwear-Women
57,Rare,Solid comfort fit polyester womens casual wear trousers - black,"Size:Large,Medium,Small,X-Large","Rs
1599",719,55% off,Westernwear-Women
58,Levis,Graphic cotton round neck womens t-shirt - brown,"Size:Large,Medium,Small,X-Small",Nan,1199,No Discount,Westernwear-Women
59,Cover story,Regular fit polyester womens casual trousers - pink,"Size:26,28,30,32,34","Rs
2590",1813,30% off,Westernwear-Women
60,Zink london,Printed v neck polyester womens a-line dress - green,"Size:Large,Medium,Small,X-Large,X-Small,XX-Large","Rs
2299",1149,50% off,Westernwear-Women
61,And,Polka dots boat neck viscose womens regular dresses - pink,"Size:8,10,12,14,16,18","Rs
2899",2319,20% off,Westernwear-Women
62,Van heusen,Solid cotton v neck womens formal shirt - green,"Size:Large,Medium,Small","Rs
1999",799,60% off,Westernwear-Women
63,Life,Printed cotton lycra round neck womens t-shirt - yellow,"Size:Large,Medium,Small,X-Large,X-Small","Rs
699",349,50% off,Westernwear-Women
64,Life,Solid cotton blend round neck womens t-shirt - pink,"Size:Large,Medium,Small,X-Large","Rs
899",449,50% off,Westernwear-Women
65,Faballey,Printed georgette round neck womens regular dress - pink,"Size:Large,Medium,Small,X-Large,X-Small","Rs
2800",2240,20% off,Westernwear-Women
66,Levis,Tapered fit regular length cotton womens jeans - dk indigo,"Size:26,28,30,32,34",Nan,3799,No Discount,Westernwear-Women
67,Rare,Floral polyester v neck womens flared dress - natural,"Size:Large,Medium,Small","Rs
2099",944,55% off,Westernwear-Women
68,Rare,Solid polyester round neck womens a-line dress - red,"Size:Large,Medium,Small,X-Large","Rs
1999",799,60% off,Westernwear-Women
69,Rare,Solid georgette round neck womens top - maroon,"Size:Large,Small,X-Large","Rs
1399",559,60% off,Westernwear-Women
70,Stop,Printed viscose regular neck womens top - white,"Size:Large,Medium,Small,X-Large,X-Small,XX-Large","Rs
999",499,50% off,Westernwear-Women
71,Fratini,Printed viscose collar neck womens a-line dress - black,"Size:Large,Medium,Small,X-Large,XX-Large","Rs
1599",799,50% off,Westernwear-Women
72,Life,Solid cotton lycra round neck womens t-shirt - off white,"Size:Large,Medium,Small,X-Large,X-Small","Rs
699",349,50% off,Westernwear-Women
73,Life,Printed jersey round neck womens t-shirt - lilac,"Size:Large,Medium,Small,X-Large,X-Small","Rs
599",299,50% off,Westernwear-Women
74,Only,Checks cotton womens top - white,"Size:34,36,38,40,42","Rs
1999",1399,30% off,Westernwear-Women
75,Life,Regular fit regular length cotton lycra womens jeans - white,"Size:26,28,30,32,34,36","Rs
1299",649,50% off,Westernwear-Women
76,Van heusen,Solid polyester collar neck womens top - black,"Size:Small,X-Small","Rs
1699",999,41% off,Westernwear-Women
77,Fratini,Solid polyester round neck womens a-line dress - aubergine,"Size:Large,Medium,Small,X-Large,XX-Large","Rs
1599",799,50% off,Westernwear-Women
78,Life,Printed cotton lycra round neck womens t-shirt - pink,"Size:Large,Medium,Small,X-Large,X-Small","Rs
699",349,50% off,Westernwear-Women
79,Fratini,Solid round neck viscose womens regular dress - tan,"Size:Large,Medium,Small,X-Large,XX-Large","Rs
1499",749,50% off,Westernwear-Women
80,Kraus,Super skinny fit ankle length cotton blend womens jeans - blue,"Size:28,30,32,34,36,38","Rs
1995",1396,30% off,Westernwear-Women
81,Life,Checks cotton blend collar neck womens regular top - sage,"Size:Large,Medium,Small,X-Large,X-Small","Rs
1299",649,50% off,Westernwear-Women
82,Life,Embroidered cotton blend round neck womens top - blue,"Size:Large,Medium,Small,X-Large,X-Small","Rs
1299",649,50% off,Westernwear-Women
83,Rare,Solid polyester blend boat neck womens flared dress - black,"Size:Large,Medium,Small,X-Large","Rs
1699",764,55% off,Westernwear-Women
84,And,Solid polyester square neck womens flared dress - sage,"Size:10,12,14,16,18","Rs
2699",2159,20% off,Westernwear-Women
85,Life,Solid cotton blend round neck womens t-shirt - natural,"Size:Large,Medium,X-Large,X-Small","Rs
899",449,50% off,Westernwear-Women
86,Kraus,Wide leg fit ankle length cotton womens jeans - blue,"Size:28,30,32","Rs
1695",1525,10% off,Westernwear-Women
87,Life,Printed jersey round neck womens t-shirt - red,"Size:Large,Medium,Small,X-Small","Rs
699",349,50% off,Westernwear-Women
88,Fratini,Sanya malhotra regular fit regular length cotton linen womens culottes - olive,"Size:26,28,30,32,34,36",Nan,1299,No Discount,Westernwear-Women
89,Fratini,Solid square neck polyester womens woven top - natural,"Size:Large,Medium,X-Large,XX-Large","Rs
999",499,50% off,Westernwear-Women
90,Fratini,Solid v-neck tencel womens a-line dress - light blue,"Size:Large,Small","Rs
1699",849,50% off,Westernwear-Women
91,Zink london,Printed cotton round neck womens t-shirt - brown,Size:X-Large,"Rs
1299",399,69% off,Westernwear-Women
92,Life,Regular fit regular length cotton lycra womens jeans - mid stone,"Size:26,28,30,32","Rs
999",499,50% off,Westernwear-Women
93,Zink london,Textured polyester round neck womens straight top - natural,"Size:Large,Small,X-Small","Rs
1399",839,40% off,Westernwear-Women
94,Allen solly,Printed stylized polyester womens fit and flare dress - grey,"Size:Large,Medium,Small,X-Large","Rs
2499",1499,40% off,Westernwear-Women
95,Stop,Solid polyester regular neck womens top - sage,"Size:Large,Medium,Small,X-Large,XX-Large","Rs
1299",649,50% off,Westernwear-Women
96,Only,Lace cotton collar neck womens top - red,"Size:34,36,38,40,42","Rs
2499",1499,40% off,Westernwear-Women
97,Fratini,Regular fit regular length cotton blend womens jeans - white,"Size:28,30,32,34,36","Rs
1299",649,50% off,Westernwear-Women
98,Fratini,Printed square neck polyester womens regular dress - pink,"Size:Large,Medium,Small,X-Large,XX-Large","Rs
1699",849,50% off,Westernwear-Women
99,Van heusen,Solid polyester v neck womens shirt - white,"Size:Large,Medium,Small,X-Large,X-Small","Rs
1699",999,41% off,Westernwear-Women
100,Only,Self design viscose square neck womens top - white,"Size:34,36,38,40,42","Rs
2299",1379,40% off,Westernwear-Women
101,Life,Printed blended round neck womens shift dress - navy,"Size:Large,Medium,Small,X-Large,X-Small","Rs
1499",749,50% off,Westernwear-Women
102,Zink london,Solid collar neck polyester womens casual shirt - green,"Size:Medium,Small,XX-Large","Rs
1699",849,50% off,Westernwear-Women
103,Life,Printed cotton lycra round neck womens t-shirt - sage,"Size:Large,Medium,Small,X-Large,X-Small","Rs
699",349,50% off,Westernwear-Women
104,Faballey,Embroidered cotton square neck womens regular dress - white,"Size:Large,Medium,Small,X-Large,X-Small","Rs
2600",2080,20% off,Westernwear-Women
105,Life,Printed cotton blend round neck womens t-shirt - black,"Size:Large,Medium,Small,X-Large,X-Small","Rs
999",499,50% off,Westernwear-Women
106,Infuse,Floral rayon v neck womens strappy dress - pista green,"Size:Large,Medium,Small,X-Large,X-Small,XX-Large","Rs
1499",749,50% off,Westernwear-Women
107,Kraus,Baggy fit ankle length cotton womens jeans - light blue,"Size:28,30,32,34","Rs
1595",1116,30% off,Westernwear-Women
108,Life,Printed cotton lycra round neck womens t-shirt - blue,"Size:Large,Medium,Small,X-Large,X-Small","Rs
699",349,50% off,Westernwear-Women
109,Fratini,Solid polyester blend round neck womens a-line dress - pink,"Size:Large,Medium,Small,X-Large,XX-Large","Rs
1899",949,50% off,Westernwear-Women
110,Madame,Solid polyester v neck womens top - blush,"Size:Large,Medium,Small,X-Large,XX-Large","Rs
1699",1189,30% off,Westernwear-Women
111,Kraus,Super skinny fit ankle length cotton blend womens jeans - dark blue,"Size:28,30,32,34,36,38","Rs
1895",947,50% off,Westernwear-Women
112,Kraus,Skinny fit full length cotton blend womens jeans - navy,"Size:28,30,32,36","Rs
1895",947,50% off,Westernwear-Women
113,Stop,Printed regular neck cotton womens formal shirt - white,"Size:Large,Medium,Small,X-Large,XX-Large","Rs
899",449,50% off,Westernwear-Women
114,Life,Regular fit regular length denim womens jeans - pink,"Size:26,28,30,32,34,36","Rs
1999",999,50% off,Westernwear-Women
115,Zink london,Printed cotton collar neck womens dress - blue,"Size:Large,Medium,Small,X-Small,XX-Large","Rs
2899",1739,40% off,Westernwear-Women
116,Life,Skinny fit regular length cotton lycra womens jeans - black,"Size:26,28,30,32,34,36","Rs
999",499,50% off,Westernwear-Women
117,Stop,Solid regular neck cotton blend womens formal shirt - powder blue,"Size:Large,Medium,Small,X-Large,X-Small,XX-Large","Rs
899",449,50% off,Westernwear-Women
118,Altlife,Solid polyester blend ankle length womens tights - misty lilac,"Size:28,30,32,34,36","Rs
1299",649,50% off,Westernwear-Women
119,Life,Solid cotton wide neck womens a-line dress - powder blue,"Size:Large,Medium,Small,X-Large,X-Small","Rs
1699",849,50% off,Westernwear-Women
120,Allen solly,Printed v-neck viscose womens fit and flare dress - black,"Size:Large,Medium,Small,X-Large,X-Small","Rs
2499",1499,40% off,Westernwear-Women
121,Stop,Solid regular fit polyester womens formal pants - black,"Size:28,30,34,36","Rs
1699",849,50% off,Westernwear-Women
122,And,Solid polyester v neck womens regular dress - wine,"Size:8,18","Rs
2899",2319,20% off,Westernwear-Women
123,Rare,Floral polyester off shoulder womens regular top - blue,"Size:Large,Small","Rs
999",499,50% off,Westernwear-Women
124,Zink london,Stripes cotton round neck womens straight top - multi,"Size:Large,Medium,Small,X-Large,X-Small","Rs
1399",699,50% off,Westernwear-Women
125,Life,Fit above knee denim womens casual skirt - black,"Size:26,28,30,32,34,36","Rs
1299",649,50% off,Westernwear-Women
126,Fratini,Printed polyester round neck womens a-line dress - yellow,"Size:Error Size,Large,Medium,Small,X-Large,XX-Large","Rs
1999",999,50% off,Westernwear-Women
127,Rare,Floral polyester round neck womens flared dress - black,"Size:Large,Medium,Small,X-Large","Rs
1999",899,55% off,Westernwear-Women
128,Latin quarters,Solid polyester womens regular blouse - wine,"Size:S,M,L,XL","Rs
1899",949,50% off,Westernwear-Women
129,Fratini,Printed polyester blend round neck womens regular top - yellow,"Size:Medium,Small","Rs
999",499,50% off,Westernwear-Women
130,Zink london,Embroidered viscose mandarin womens top - blue,"Size:Large,Medium,Small,X-Small,XX-Large","Rs
2199",1319,40% off,Westernwear-Women
131,Stop,Solid regular neck cotton stretch womens formal shirt - bottle green,"Size:Large,Small,X-Large,XX-Large","Rs
999",499,50% off,Westernwear-Women
132,Rare,Half sleeves regular fit womens casual dress - navy,"Size:Large,Medium,Small,X-Large","Rs
1999",899,55% off,Westernwear-Women
133,Latin quarters,Printed polyester womens regular dress - red,"Size:S,M,L,XL,XX-Large","Rs
2799",1959,30% off,Westernwear-Women
134,Zink london,Solid polyester round neck womens top - navy,"Size:Large,Medium,Small,X-Large,X-Small,XX-Large","Rs
1499",899,40% off,Westernwear-Women
135,Stop,Solid collar neck cotton blend womens regular top - peach,"Size:Large,X-Large,XX-Large","Rs
999",499,50% off,Westernwear-Women
136,Cover story,Solid viscose collar neck womens top - peach,"Size:Small,X-Small","Rs
2290",1603,30% off,Westernwear-Women
137,Stop,Printed regular neck cotton womens formal shirt - black,"Size:Large,Medium,Small,X-Large,X-Small,XX-Large","Rs
799",399,50% off,Westernwear-Women
138,Zink london,Printed cotton round neck womens t-shirt - green,"Size:Large,Medium,Small,X-Large,X-Small","Rs
799",479,40% off,Westernwear-Women
139,Zink london,Floral rayon collar neck womens casual shirt - yellow,"Size:Large,Medium,Small,X-Large,X-Small,XX-Large","Rs
1599",799,50% off,Westernwear-Women
140,Rare,Floral georgette round neck womens flared dress - grey,"Size:Large,Medium,Small","Rs
1899",854,55% off,Westernwear-Women
141,Van heusen,Super slim fit regular cotton womens jeans - navy,"Size:28,32,34","Rs
2199",999,55% off,Westernwear-Women
142,Rare,Solid polyester blend round neck womens a-line dress - black,"Size:Small,X-Large","Rs
1699",764,55% off,Westernwear-Women
143,Life,Striped cotton blend collar neck womens t-shirt - blue,"Size:Large,Medium,Small,X-Large,X-Small","Rs
799",399,50% off,Westernwear-Women
144,Van heusen,Textured polyester blend regular fit womens trousers - maroon,"Size:26,34","Rs
2199",999,55% off,Westernwear-Women
145,Madame,Solid cotton round neck womens regular top - off white,"Size:Large,Medium,Small,X-Large","Rs
1199",599,50% off,Westernwear-Women
146,Fratini,Printed viscose blend round neck womens t-shirt - natural,"Size:Large,Medium,Small,X-Large,XX-Large",Nan,799,No Discount,Westernwear-Women
147,Life,Regular fit regular length cotton lycra womens jeans - black,"Size:26,28,30,32,34,36","Rs
1299",649,50% off,Westernwear-Women
148,Van heusen,Solid polyester collar neck womens formal shirt - off white,Size:X-Small,"Rs
1699",999,41% off,Westernwear-Women
149,Rare,Floral polyester round neck womens regular top - multi,"Size:Large,Medium,Small,X-Large","Rs
1299",584,55% off,Westernwear-Women
150,Life,Solid polyester blend round neck womens t-shirt - black,"Size:Large,Medium,Small,X-Large,X-Small","Rs
999",499,50% off,Westernwear-Women
151,Only,Stripes polyester round neck womens t-shirt - blue,"Size:Large,Medium,Small,X-Large,X-Small","Rs
1799",1079,40% off,Westernwear-Women
152,Infuse,Graphic cotton round neck womens regular fit t-shirt - yellow,"Size:Large,Medium,Small,X-Large,X-Small","Rs
499",199,60% off,Westernwear-Women
153,And,Solid boat neck polyester womens straight dresses - multi,"Size:6,8,10,12,14,16","Rs
2499",1999,20% off,Westernwear-Women
154,Rare,Stripes polyester round neck womens regular top - navy,"Size:Large,Medium,Small,X-Large","Rs
1199",539,55% off,Westernwear-Women
155,Life,Solid polyester blend round neck womens t-shirt - dusty pink,"Size:Large,Medium,Small,X-Large,X-Small","Rs
999",499,50% off,Westernwear-Women
156,Van heusen,Solid polyester blend regular fit womens trousers - pink,Size:26,"Rs
1499",799,47% off,Westernwear-Women
157,Zink london,Solid polyester round neck womens top - white,"Size:Large,Medium,Small,X-Large,X-Small,XX-Large","Rs
1599",959,40% off,Westernwear-Women
158,Fratini,Printed v-neck viscose womens woven top - pink,"Size:Small,XX-Large","Rs
999",499,50% off,Westernwear-Women
159,Life,Regular fit regular length denim womens jeans - charcoal,"Size:26,28,30,32,34,36","Rs
1999",999,50% off,Westernwear-Women
160,Fratini,Solid square neck polyester womens woven top - olive,"Size:Large,Medium,X-Large,XX-Large","Rs
999",499,50% off,Westernwear-Women
161,Kraus,Wide leg fit ankle length cotton womens jeans - dark blue,"Size:28,30,32,34,36","Rs
1795",1256,30% off,Westernwear-Women
162,Madame,Solid cotton round neck womens regular top - mauve,"Size:Large,Medium,X-Large","Rs
1499",899,40% off,Westernwear-Women
163,Life,Printed viscose collar neck womens shirt - white,"Size:Large,Medium,Small,X-Large,X-Small","Rs
899",449,50% off,Westernwear-Women
164,Stop,Solid nr roma regular neck womens regular dress - olive,"Size:Large,Medium,Small,X-Large,X-Small,XX-Large",Nan,1999,No Discount,Westernwear-Women
165,Life,Printed jersey round neck womens t-shirt - off white,"Size:Large,Medium,Small,X-Large,X-Small","Rs
699",349,50% off,Westernwear-Women
166,Life,Regular fit regular length cotton blend womens joggers - blue,"Size:26,28,30,32,34,36","Rs
1299",649,50% off,Westernwear-Women
167,Kraus,Baggy fit ankle length cotton womens jeans - blue,"Size:28,30,32,34","Rs
1695",847,50% off,Westernwear-Women
168,Zink london,Printed polyester boat neck womens top - navy,"Size:Large,Medium,Small,X-Large,X-Small,XX-Large","Rs
1799",1079,40% off,Westernwear-Women
169,Latin quarters,Printed polyester womens regular dress - red,"Size:S,M,L,XL,XX-Large",Nan,2699,No Discount,Westernwear-Women
170,Life,Embroidered viscose blend round neck womens t-shirt - pink,"Size:Large,Medium,Small,X-Large,X-Small","Rs
899",449,50% off,Westernwear-Women
171,Fratini,Solid cotton blend round neck womens t-shirt - yellow,"Size:Large,Medium,Small,X-Large,XX-Large",Nan,699,No Discount,Westernwear-Women
172,Fratini,Printed viscose collar neck womens a-line dress - yellow,"Size:Large,Medium,Small,X-Large,XX-Large","Rs
1599",799,50% off,Westernwear-Women
173,Faballey,Floral georgette round neck womens dress - blue,"Size:Small,X-Small","Rs
2400",1920,20% off,Westernwear-Women
174,Rare,Solid polyester choker neck womens regular top - black,"Size:Large,Medium,Small,X-Large","Rs
1299",584,55% off,Westernwear-Women
175,Stop,Solid regular neck cotton stretch womens formal shirt - white,"Size:Large,X-Large,X-Small,XX-Large",Nan,999,No Discount,Westernwear-Women
176,Rare,Floral polyester round neck womens regular top - multi,"Size:Large,Medium,Small,X-Large","Rs
1399",559,60% off,Westernwear-Women
177,Life,Regular fit regular length cotton lycra womens jeans - black,"Size:26,28,30,32,34","Rs
999",499,50% off,Westernwear-Women
178,Zink london,Solid cotton round neck womens top - lavender,"Size:Large,Medium,Small,X-Large,X-Small,XX-Large","Rs
1899",1139,40% off,Westernwear-Women
179,Zink london,Checks round neck cotton womens a-line dress - multi,"Size:Large,Medium,Small,X-Large,X-Small,XX-Large","Rs
2799",1399,50% off,Westernwear-Women
180,Stop,Solid regular neck cotton blend womens formal shirt - pink,"Size:Large,Medium,Small,X-Large,X-Small,XX-Large","Rs
899",449,50% off,Westernwear-Women
181,Only,Solid viscose womens cropped top - pink,"Size:Large,Medium,Small,X-Large,X-Small","Rs
1799",1079,40% off,Westernwear-Women
182,Life,Printed viscose wide neck womens a-line dress - sage,"Size:Large,Medium,Small,X-Large,X-Small","Rs
1499",749,50% off,Westernwear-Women
183,Life,Embroidered blended round neck womens top - natural,"Size:Large,Medium,Small,X-Large,X-Small","Rs
1199",599,50% off,Westernwear-Women
184,Latin quarters,Printed v neck polyester womens regular fit dresses - peach,"Size:S,M,L,XL","Rs
2699",1889,30% off,Westernwear-Women
185,Rare,Solid polyester mandarin womens regular top - green,"Size:Medium,Small","Rs
1299",519,60% off,Westernwear-Women
186,Latin quarters,Dyed rayon blend womens casual wear shrug - peach,"Size:S,M,L,XL,XX-Large","Rs
1399",699,50% off,Westernwear-Women
187,Life,Solid denim collar neck womens denim jacket - mid stone,"Size:Large,Medium,Small,X-Large,X-Small","Rs
1899",949,50% off,Westernwear-Women
188,Rare,Solid crepe tie up neck�womens regular top - grey,"Size:Large,Medium","Rs
1399",559,60% off,Westernwear-Women
189,Zink london,Floral polyester round neck womens short dress - blue,"Size:Large,Medium,Small,X-Large,X-Small,XX-Large","Rs
2199",1319,40% off,Westernwear-Women
190,Rare,Solid crepe round neck womens regular top - maroon,Size:Small,"Rs
1099",549,50% off,Westernwear-Women
191,Allen solly,Printed round neck rayon womens fit and flare dress - red,"Size:Large,Medium,Small,X-Large,X-Small,XX-Large","Rs
2499",1499,40% off,Westernwear-Women
192,Life,Regular fit regular length cotton lycra womens jeans - dk indigo,"Size:26,28,30,32,36","Rs
999",499,50% off,Westernwear-Women
193,Rare,Solid crepe round neck womens regular top - maroon,"Size:Large,Medium,Small,X-Large","Rs
999",499,50% off,Westernwear-Women
194,Latin quarters,Printed polyester womens regular dress - yellow,"Size:S,M,L,XL",Nan,2799,No Discount,Westernwear-Women
195,Rare,Floral crepe round neck womens flared dress - cream,"Size:Large,Small,X-Large","Rs
1599",719,55% off,Westernwear-Women
196,Life,Womens viscose collar checks shirts - orange,"Size:Small,X-Small","Rs
899",449,50% off,Westernwear-Women
197,Rare,Solid modal round neck womens regular top - mustard,Size:X-Large,"Rs
1499",599,60% off,Westernwear-Women
198,Van heusen,Textured polyester round neck womens jacket - navy,"Size:Large,Medium,Small,X-Large,X-Small","Rs
3499",1499,57% off,Westernwear-Women
199,Life,Printed jersey round neck womens t-shirt - blue,"Size:Large,Medium,Small,X-Large,X-Small","Rs
699",349,50% off,Westernwear-Women
200,Rare,Solid polyester boat neck womens regular top - maroon,"Size:Large,Medium,Small,X-Large","Rs
1499",599,60% off,Westernwear-Women
201,Life,Solid viscose blend round neck womens t-shirt - orange,"Size:Large,Medium,Small,X-Large,X-Small","Rs
699",349,50% off,Westernwear-Women
202,Stop,Printed regular neck chambray womens formal shirt - blue,"Size:Large,Medium,Small,X-Large,XX-Large","Rs
899",449,50% off,Westernwear-Women
203,Madame,Solid georgette square neck womens regular top - mint,"Size:Large,Medium,Small,X-Large,XX-Large","Rs
1699",849,50% off,Westernwear-Women
204,Rare,Floral georgette round neck womens flared dress - black,"Size:Large,Medium,Small,X-Large","Rs
1899",854,55% off,Westernwear-Women
205,Rare,Solid polyester blend sweetheart neck womens bodycon dress - green,"Size:Large,Medium,X-Large","Rs
2399",1079,55% off,Westernwear-Women
206,And,Floral polyester v neck womens straight top - powder blue,"Size:8,10,12,14,16,18",Nan,2099,No Discount,Westernwear-Women
207,Zink london,Textured polyester boat neck womens dress - black,"Size:Large,Medium,Small,X-Large,X-Small,XX-Large","Rs
2699",1619,40% off,Westernwear-Women
208,Latin quarters,Solid polyester womens regular dress - purple,"Size:S,M,L,XL","Rs
2399",1199,50% off,Westernwear-Women
209,Zink london,Solid regular fit cotton womens trousers - grey,"Size:Small,X-Large","Rs
1899",1139,40% off,Westernwear-Women
210,Sera,Womens regular fit solid tie up neck peplum top - red,"Size:Large,Small,X-Large","Rs
1198",359,70% off,Westernwear-Women
211,Rare,Solid comfort fit polyester womens casual wear trousers - brown,"Size:Large,Medium,Small,X-Large","Rs
1899",854,55% off,Westernwear-Women
212,Life,Printed round neck polyester womens regular top - black,"Size:Large,Medium,Small,X-Large,X-Small","Rs
1199",599,50% off,Westernwear-Women
213,Madame,Floral print polyster womens dress - royal blue,"Size:Large,Medium,Small,X-Large,XX-Large","Rs
2699",1619,40% off,Westernwear-Women
214,Fratini,Sanya malhotra  stripes v neck viscose moss womens dress - natural,"Size:Large,Medium,Small,X-Large,XX-Large",Nan,1899,No Discount,Westernwear-Women
215,And,Solid cotton collar neck womens top - rose,"Size:8,10,12,14,18","Rs
1799",899,50% off,Westernwear-Women
216,Fratini,Printed viscose v-neck womens regular top - black,"Size:Large,Medium,Small,XX-Large","Rs
899",449,50% off,Westernwear-Women
217,Adidas,Striped regular fit blended womens sports tights - black,Size:X-Small,"Rs
1799",899,50% off,Westernwear-Women
218,Rare,Checks cold shoulder polyester womens calf length jumpsuits - black,"Size:Large,Medium,Small,X-Large","Rs
2099",839,60% off,Westernwear-Women
219,Zink london,Floral viscose v neck womens dress - green,"Size:Large,Medium,Small,X-Large,X-Small,XX-Large","Rs
2799",1679,40% off,Westernwear-Women
220,Life,Regular fit regular length cotton lycra womens jeans - black,"Size:26,28,30,32,34,36","Rs
1699",849,50% off,Westernwear-Women
221,Allen solly,Womens solid formal shirt - light blue,"Size:Large,Small,X-Large,XX-Large","Rs
1599",959,40% off,Westernwear-Women
222,Allen solly,Solid polyester cotton round neck womens formal wear shirt - black,"Size:Large,Medium,Small,X-Large","Rs
1599",959,40% off,Westernwear-Women
223,Zink london,Solid regular fit cotton womens joggers - blue,Size:X-Large,"Rs
1899",1139,40% off,Westernwear-Women
224,Cover story,Solid cotton spandex round neck womens t-shirt - pink,"Size:Large,Medium,X-Large,X-Small","Rs
990",693,30% off,Westernwear-Women
225,Stop,Solid regular neck cotton stretch womens formal shirt - black,"Size:Large,Medium,Small,X-Large,XX-Large","Rs
999",499,50% off,Westernwear-Women
226,Levis,Tapered fit regular length cotton womens jeans - indigo,"Size:26,28,30,32,34",Nan,3799,No Discount,Westernwear-Women
227,Fratini,Printed viscose collar neck womens a-line dress - white,"Size:Large,Medium,Small,X-Large,XX-Large","Rs
1599",799,50% off,Westernwear-Women
228,Faballey,Solid crepe square neck womens dress - red,"Size:Large,Medium,Small,X-Large,X-Small","Rs
1900",1520,20% off,Westernwear-Women
229,Rare,Floral polyester v neck womens a-line dress - red,"Size:Large,Medium,Small,X-Large","Rs
2099",944,55% off,Westernwear-Women
230,Zink london,Solid cotton collar neck womens straight top - blue,"Size:Large,Medium,Small,X-Large,X-Small,XX-Large","Rs
1599",959,40% off,Westernwear-Women
231,Fratini,Embellished viscose blend round neck womens t-shirt - powder blue,"Size:Large,Medium,Small,X-Large,XX-Large","Rs
999",499,50% off,Westernwear-Women
232,Stop,Printed regular neck cotton womens formal shirt - sky blue,"Size:Large,Medium,Small,X-Large,XX-Large","Rs
899",449,50% off,Westernwear-Women
233,Zink london,Floral viscose tie up neck� womens top - green,"Size:Large,Medium,Small,X-Large,X-Small,XX-Large","Rs
1799",1079,40% off,Westernwear-Women
234,Stop,Solid viscose round neck womens regular top - off white,"Size:Large,Medium,Small,X-Large,XX-Large","Rs
799",399,50% off,Westernwear-Women
235,Van heusen,Solid polyester v neck womens top - red,"Size:Medium,Small,X-Large,X-Small","Rs
1699",999,41% off,Westernwear-Women
236,Zink london,Printed viscose blend square neck womens dress - mustard,"Size:Large,Medium,Small,X-Large","Rs
3199",1919,40% off,Westernwear-Women
237,Life,Printed cotton slub round neck womens regular top - blue,"Size:Large,Medium,Small,X-Large,X-Small","Rs
899",449,50% off,Westernwear-Women
238,Rare,Printed georgette off shoulder womens blouson top - navy,"Size:Large,Medium,Small,X-Large","Rs
999",499,50% off,Westernwear-Women
239,Zink london,Floral polyester round neck womens straight top - blue,"Size:Large,Medium,Small,X-Large,X-Small","Rs
1399",839,40% off,Westernwear-Women
240,Life,Checks cotton blend collar neck womens regular top - black,"Size:Large,Medium,Small,X-Large,X-Small","Rs
1299",649,50% off,Westernwear-Women
241,Fratini,Solid cotton round neck womens t-shirt - teal,"Size:Large,Medium,Small,X-Large,XX-Large","Rs
799",399,50% off,Westernwear-Women
242,Latin quarters,Dyed v-neck cotton womens regular dress - maroon,"Size:S,M,L,XL,XX-Large","Rs
2499",1249,50% off,Westernwear-Women
243,Life,Regular fit regular length cotton lycra womens jeans - ice,"Size:26,28,30,32,34,36","Rs
1299",649,50% off,Westernwear-Women
244,Life,Solid cotton blend wide neck womens regular top - mid stone,"Size:Large,Medium,X-Large,X-Small","Rs
1299",649,50% off,Westernwear-Women
245,Life,Printed jersey round neck womens t-shirt - natural,"Size:Large,Medium,Small,X-Large,X-Small","Rs
599",299,50% off,Westernwear-Women
246,Rare,Solid polyester blend womens regular top - peach,"Size:Large,Medium,Small,X-Large","Rs
1499",674,55% off,Westernwear-Women
247,Life,Womens cotton lycra solid capri tights - black,"Size:28,30,32","Rs
799",399,50% off,Westernwear-Women
248,Zink z,Solid polyester off shoulder womens dress - pink,"Size:Large,Medium,Small,X-Large,X-Small",Nan,2299,No Discount,Westernwear-Women
249,Cover story,Solid cotton round neck womens regular dress - pink,"Size:Large,Medium,Small,X-Large,X-Small","Rs
2890",1734,40% off,Westernwear-Women
250,Fratini,Regular fit regular length cotton blend womens jeans - mid stone,"Size:26,28,30,32,34,36","Rs
1299",649,50% off,Westernwear-Women
251,Fratini,Solid v-neck jersey womens t-shirt - red,"Size:Large,Medium,Small,X-Large,XX-Large","Rs
599",299,50% off,Westernwear-Women
252,Zink z,Solid cotton hood womens dress - white,"Size:Large,Medium,Small,X-Large,X-Small",Nan,1799,No Discount,Westernwear-Women
253,Life,Skinny fit regular length cotton lycra womens jeans - mid stone,"Size:26,28,30,32,34,36","Rs
999",499,50% off,Westernwear-Women
254,Rare,Floral rayon round neck womens regular top - black,"Size:Large,Medium,Small,X-Large","Rs
1499",599,60% off,Westernwear-Women
255,Infuse,Floral v neck rayon womens dress - light blue,"Size:Large,Medium,Small,X-Large,X-Small,XX-Large","Rs
1299",649,50% off,Westernwear-Women
256,Infuse,Embroidered cotton round neck womens regular fit t-shirt - purple,"Size:Large,Medium,Small,X-Small","Rs
499",199,60% off,Westernwear-Women
257,Kraus,Mom fit ankle length cotton womens jeans - black,"Size:28,30,32,34,36","Rs
1795",1615,10% off,Westernwear-Women
258,Kraus,Wide fit ankle length cotton womens jeans - blue,"Size:28,30,32,34,36","Rs
1695",1525,10% off,Westernwear-Women
259,Allen solly,Solid polyester regular fit womens trousers - black,"Size:26,28,30,32,34,36","Rs
1999",1599,20% off,Westernwear-Women
260,Zink london,Tie and dye polyester square neck womens dress - pink,"Size:X-Large,XX-Large","Rs
2499",1499,40% off,Westernwear-Women
261,Latin quarters,Solid polyester womens casual wear jacket - gold,"Size:S,M","Rs
2999",1499,50% off,Westernwear-Women
262,Kraus,Heavy wash cotton slim fit womens jeans - light blue,"Size:28,30,32,34,36","Rs
1895",1705,10% off,Westernwear-Women
263,Van heusen,Solid polyester round neck womens dress - yellow,"Size:Large,Medium,Small,X-Large,X-Small","Rs
3499",1499,57% off,Westernwear-Women
264,Zink london,Floral polyester round neck womens straight top - pink,"Size:Large,Medium,Small,X-Large","Rs
1499",899,40% off,Westernwear-Women
265,And,Solid round neck polyester womens straight top - black,"Size:8,10,12,14","Rs
2699",2159,20% off,Westernwear-Women
266,And,Floral square neck polyester womens flared gown - sage,"Size:8,10,12,14,16","Rs
3499",2799,20% off,Westernwear-Women
267,Zink london,Solid sweetheart neck viscose blend womens a-line dress - yellow,"Size:Large,Medium,Small,X-Large,X-Small,XX-Large","Rs
2499",1499,40% off,Westernwear-Women
268,And,Solid polyester v neck womens regular top - wine,"Size:8,10,12,14,16,18","Rs
1899",1519,20% off,Westernwear-Women
269,Fratini,Printed polyester v-neck womens a-line dress - grey,"Size:Large,Medium,Small,X-Large,XX-Large",Nan,2299,No Discount,Westernwear-Women
270,Life,Embroidered viscose blend round neck womens t-shirt - white,"Size:Large,Medium,Small,X-Large,X-Small","Rs
899",449,50% off,Westernwear-Women
271,Stop,Printed regular neck cotton womens formal shirt - white,"Size:Large,Medium,Small,X-Large,XX-Large","Rs
799",399,50% off,Westernwear-Women
272,Fratini,Printed collar polyester womens regular top - off white,"Size:Large,Medium,Small,X-Large,XX-Large","Rs
1299",649,50% off,Westernwear-Women
273,Life,Printed band collar polyester womens woven top - lilac,"Size:Large,Medium,Small,X-Large,X-Small","Rs
999",499,50% off,Westernwear-Women
274,Only,Solid polyester viscose round neck womens t-shirt - green,"Size:Large,Medium,Small,X-Large,X-Small","Rs
1299",779,40% off,Westernwear-Women
275,Zink london,Solid cotton square neck womens dress - orange,"Size:Large,Medium,Small,X-Large,X-Small,XX-Large","Rs
2599",1559,40% off,Westernwear-Women
276,Zink london,Floral polyester round neck womens dress - off white,"Size:Large,Medium,Small,X-Large","Rs
2999",1799,40% off,Westernwear-Women
277,Zink london,Printed cotton round neck womens t-shirt - black,"Size:Large,Small","Rs
1299",399,69% off,Westernwear-Women
278,Fratini,Printed polyester round neck womens a-line dress - off white,"Size:Error Size,Large,Medium,Small,X-Large,XX-Large","Rs
1999",999,50% off,Westernwear-Women
279,Rare,Floral polyester off shoulder womens regular top - black,"Size:Large,Medium,Small","Rs
999",499,50% off,Westernwear-Women
280,Kraus,Skinny fit ankle length cotton blend womens jeans - blue,"Size:28,30,32,36,38","Rs
1695",847,50% off,Westernwear-Women
281,Pepe,Checks viscose blend round neck womens casual shirt - lime green,"Size:Large,Medium,Small,X-Large","Rs
1599",959,40% off,Westernwear-Women
282,Kraus,Clean look cotton wide fit womens jeans - blue,"Size:28,30,32,34,36","Rs
1595",1435,10% off,Westernwear-Women
283,Zink london,Solid cotton round neck womens dress - lavender,"Size:Large,Medium,Small,X-Large,X-Small,XX-Large","Rs
3199",1919,40% off,Westernwear-Women
284,Zink london,Womens regular fit solid round neck t-shirt - purple,"Size:Large,Small,X-Large","Rs
1199",399,67% off,Westernwear-Women
285,And,Floral linen round neck womens straight dress - pink mix,"Size:8,10,12,14,16","Rs
3899",3119,20% off,Westernwear-Women
286,Stop,Solid viscose regular neck womens top - blush,"Size:Large,Medium,Small,X-Large,XX-Large","Rs
999",499,50% off,Westernwear-Women
287,Madame,Stripes polyester v neck womens top - blush,"Size:Large,Medium,Small,X-Large,XX-Large","Rs
1799",1259,30% off,Westernwear-Women
288,And,Solid polyester v neck womens regular dress - peach,"Size:8,10,12,14,16,18","Rs
2299",1149,50% off,Westernwear-Women
289,Zink london,Solid polyester v neck womens dress - pink,"Size:Large,Medium,X-Large,XX-Large","Rs
2999",1799,40% off,Westernwear-Women
290,Faballey,Polka dots sweetheart neck georgette womens mini dress - blue,"Size:Large,Medium,Small,X-Large,X-Small","Rs
1950",1560,20% off,Westernwear-Women
291,And,Solid round neck polyester womens straight top - yellow,"Size:8,10,12,14,16,18","Rs
1699",1359,20% off,Westernwear-Women
292,Rare,Stripes polyester boat neck womens regular top - maroon,"Size:Large,Medium,Small,X-Large","Rs
1299",584,55% off,Westernwear-Women
293,And,Solid collar neck linen womens straight dresses - wine,"Size:8,10,12,14,16,18","Rs
3299",2639,20% off,Westernwear-Women
294,Van heusen,Printed polyester round neck womens top - yellow,"Size:Large,Medium,Small,X-Large,X-Small","Rs
1499",999,33% off,Westernwear-Women
295,Life,Solid viscose blend wide neck womens t-shirt - powder blue,"Size:Large,Medium,Small,X-Large,X-Small","Rs
1299",649,50% off,Westernwear-Women
296,Zink london,Textured cotton off shoulder womens dress - baby pink,"Size:Large,Medium,Small,XX-Large","Rs
3499",2099,40% off,Westernwear-Women
297,Life,Solid viscose wide neck womens a-line dress - orange,"Size:Large,Medium,Small,X-Large,X-Small","Rs
1499",749,50% off,Westernwear-Women
298,Altlife,Printed polyester blend regular neck womens t-shirt - purple,"Size:Large,Medium,Small,X-Large,X-Small,XX-Large","Rs
599",299,50% off,Westernwear-Women
299,Fratini,Printed viscose wide neck womens regular top - light blue,"Size:Large,Medium,Small,X-Large","Rs
1199",599,50% off,Westernwear-Women
300,Life,Printed collar neck polyester womens regular top - orange,"Size:Large,Medium,Small,X-Large,X-Small","Rs
999",499,50% off,Westernwear-Women
301,Rare,Solid crepe v neck womens blouson top - navy,"Size:Large,Medium,Small","Rs
1299",584,55% off,Westernwear-Women
302,Zink london,Solid polyester blend regular fit womens pants - grey,Size:X-Large,"Rs
1899",1139,40% off,Westernwear-Women
303,Latin quarters,Printed polyester v-neck womens regular blouse - ivory,"Size:S,M,L,XL,XX-Large",Nan,1599,No Discount,Westernwear-Women
304,Life,Regular fit regular length denim womens jeans - ice,"Size:26,28,30,32,34,36,Medium","Rs
1699",849,50% off,Westernwear-Women
305,Altlife,Solid cotton full length womens joggers - black,"Size:28,30,32,34,36","Rs
999",499,50% off,Westernwear-Women
306,Rare,Solid polyester round neck womens a-line dress - red,"Size:Large,Medium,Small,X-Large","Rs
1499",674,55% off,Westernwear-Women
307,Indya,Shraddha kapoor for indya embellished hot wrap crop top - pink,"Size:Large,Medium,Small,X-Large,X-Small","Rs
1300",1040,20% off,Westernwear-Women
308,Fratini,Printed polyester v-neck womens a-line dress - lilac,"Size:Large,Medium,Small,X-Large,XX-Large","Rs
1899",949,50% off,Westernwear-Women
309,Life,Printed viscose wide neck womens regular top - off white,"Size:Large,Medium,Small,X-Large,X-Small","Rs
1199",599,50% off,Westernwear-Women
310,Zink london,Printed polyester v neck womens top - multi,"Size:Large,Medium,Small,X-Large","Rs
1499",899,40% off,Westernwear-Women
311,Rare,Printed rayon round neck womens flared dress - maroon,Size:Medium,"Rs
2399",1079,55% off,Westernwear-Women
312,Latin quarters,Dyed round neck polyester womens regular knit top - pink,"Size:S,M,L,XL,X-Small","Rs
1599",799,50% off,Westernwear-Women
313,Fratini,Solid viscose blend round neck womens t-shirt - lilac,"Size:Large,Medium,Small,X-Large,XX-Large","Rs
699",349,50% off,Westernwear-Women
314,Life,Skinny fit regular length cotton lycra womens jeans - indigo,"Size:26,28,30,32,34,36","Rs
1299",649,50% off,Westernwear-Women
315,Zink london,Checks rayon womens shift dress - green,"Size:Large,Medium,X-Large","Rs
2199",879,60% off,Westernwear-Women
316,And,Floral polyester round neck womens straight top - sage,"Size:8,10,12,14,16,18","Rs
2099",1679,20% off,Westernwear-Women
317,Altlife,Patch work cotton regular neck womens top and shorts - lilac,"Size:Large,Medium,Small,X-Large,XX-Large","Rs
1299",649,50% off,Westernwear-Women
318,Life,Viscose blend collar neck womens regular top - off white,"Size:Large,Medium,Small,X-Large,X-Small","Rs
899",449,50% off,Westernwear-Women
319,Juniper,Printed short sleeves rayon womens full length jumpsuit - mustard,"Size:Large,Medium,Small,X-Large,XX-Large","Rs
2999",1799,40% off,Westernwear-Women
320,Kraus,Light wash cotton skinny fit womens jeans - dark blue,"Size:28,30,32,34","Rs
1895",947,50% off,Westernwear-Women
321,Zink london,Printed v neck polyester womens wrap dress - blue,"Size:Large,Medium,Small,X-Large,XX-Large","Rs
2999",1499,50% off,Westernwear-Women
322,Van heusen,Solid polyester v neck womens formal shirt - pink,"Size:Large,Medium,Small,X-Large,X-Small",Nan,1699,No Discount,Westernwear-Women
323,Van heusen,Solid cotton round neck womens top - black,"Size:Large,Medium,Small,X-Large,X-Small",Nan,799,No Discount,Westernwear-Women
324,Life,Skinny fit regular length cotton lycra womens jeans - black,"Size:26,28,30,32,34,36","Rs
1299",649,50% off,Westernwear-Women
325,Fratini,Solid cotton blend round neck womens t-shirt - sage,"Size:Large,Medium,Small,X-Large,XX-Large",Nan,699,No Discount,Westernwear-Women
326,Stop,Regular fit regular length viscose blend womens treggings - black mix,"Size:28,30,32,34,36","Rs
999",499,50% off,Westernwear-Women
327,Madame,Pencil fit above knee cotton blend womens casual skirt - ice blue,"Size:26,28,30,32,34,36","Rs
2199",1319,40% off,Westernwear-Women
328,Faballey,Textured georgette square neck womens regular dress - yellow,"Size:Large,Medium,Small,X-Large,X-Small","Rs
2100",1680,20% off,Westernwear-Women
329,Stop,Solid polyester tailored fit womens trousers - black,"Size:28,30,32,34,36",Nan,1499,No Discount,Westernwear-Women
330,Zink london,Womens regular fit solid round neck t-shirt - green,Size:X-Large,"Rs
1199",399,67% off,Westernwear-Women
331,Life,Printed cotton blend hood womens sweatshirt - blue,"Size:Large,Medium,Small,X-Large,X-Small","Rs
1299",649,50% off,Westernwear-Women
332,Madame,Solid polyester blend v neck womens dress - indigo,"Size:Large,Medium,Small,X-Large,XX-Large","Rs
2699",1889,30% off,Westernwear-Women
333,Only,All over print cotton round neck womens t-shirt - blue,"Size:Large,Medium,Small,X-Large,X-Small","Rs
1999",1399,30% off,Westernwear-Women
334,Infuse,Graphic cotton round neck womens regular fit t-shirt - peach,"Size:Large,Medium,Small,X-Large,X-Small,XX-Large","Rs
499",199,60% off,Westernwear-Women
335,Stop,Printed polyester stretch regular fit womens top - wine,"Size:Large,Medium,Small,X-Large,XX-Large",Nan,799,No Discount,Westernwear-Women
336,Kraus,Skinny ankle length cotton blend womens jeans - black,"Size:28,30,32,34,36,38","Rs
1895",1705,10% off,Westernwear-Women
337,Altlife,Printed polyester blend regular neck womens t-shirt - old rose,"Size:Large,Medium,Small,X-Large,X-Small,XX-Large","Rs
799",399,50% off,Westernwear-Women
338,And,Floral polyester v neck womens flared top - black,"Size:8,10,14,16,18","Rs
1999",1599,20% off,Westernwear-Women
339,Rare,Floral polyester round neck womens a-line dress - black,"Size:Large,Medium,Small,X-Large","Rs
1899",854,55% off,Westernwear-Women
340,Madame,Printed polyester mandarin womens top - blue,"Size:Large,Medium,Small,X-Large,XX-Large","Rs
1699",1019,40% off,Westernwear-Women
341,Rare,Regular fit calf length crepe womens casual skirt - navy,"Size:Large,Medium,Small,X-Large","Rs
1699",764,55% off,Westernwear-Women
342,Lovegen,Skinny fit ankle length cottonwomens jeans - light blue,"Size:30,32,34","Rs
1999",599,70% off,Westernwear-Women
343,Only,Solid cotton peter pan collar womens casual shirt - blue,"Size:34,36,38,40,42","Rs
2499",1499,40% off,Westernwear-Women
344,Zink london,Regular fit full length viscose womens casual skirt - off white,"Size:Large,Medium,Small,X-Large,X-Small","Rs
1899",1139,40% off,Westernwear-Women
345,Zink london,Floral polyester square neck womens dress - green,"Size:Large,Medium,Small,X-Large,X-Small,XX-Large","Rs
2699",1619,40% off,Westernwear-Women
346,Faballey,Textured crepe round neck womens midi dress - blue,"Size:Large,Medium,Small,X-Large,X-Small","Rs
2800",2240,20% off,Westernwear-Women
347,Infuse,Floral v neck rayon womens dress - mauve,"Size:Large,Medium,Small,X-Large,X-Small,XX-Large","Rs
1299",649,50% off,Westernwear-Women
348,Only,Solid cotton regular womens t-shirt - purple,"Size:Large,Medium,Small,X-Large,X-Small","Rs
1799",899,50% off,Westernwear-Women
349,Life,Solid polyester blend round neck womens t-shirt - olive,"Size:Large,Medium,Small,X-Large,X-Small","Rs
999",499,50% off,Westernwear-Women
350,Rare,Solid regular fit polyester womens casual wear trousers - mustard,"Size:Medium,Small,X-Large","Rs
1899",759,60% off,Westernwear-Women
351,Life,Regular fit regular length cotton lycra womens jeans - indigo,"Size:26,28,30,32","Rs
999",499,50% off,Westernwear-Women
352,Zink london,Checks tie up neck cotton womens casual shirt - white,"Size:Large,Medium,Small,X-Small,XX-Large","Rs
1699",1019,40% off,Westernwear-Women
353,Van heusen,Solid polyester regular fit womens jacket - maroon,"Size:Large,Medium,Small,X-Small","Rs
4499",2499,44% off,Westernwear-Women
354,Zink london,Floral polyester v neck womens dress - pink,"Size:Large,Medium,Small,X-Large,XX-Large","Rs
3299",1979,40% off,Westernwear-Women
355,Zink london,Solid viscose blend round neck womens straight top - yellow,"Size:Large,Medium,Small,X-Large,X-Small,XX-Large","Rs
1599",959,40% off,Westernwear-Women
356,Rare,Solid polyester round neck womens regular top - peach,"Size:Large,Medium,Small,X-Large","Rs
1299",519,60% off,Westernwear-Women
357,Zink london,Solid regular fit polyester womens casual trousers - brown,"Size:Large,X-Large","Rs
1999",599,70% off,Westernwear-Women
358,Latin quarters,Dyed round neck cotton womens regular dress - peach,"Size:S,M,XL","Rs
2499",1249,50% off,Westernwear-Women
359,Rare,Solid polyester round neck womens a-line dress - black,"Size:Large,Medium,Small","Rs
1999",899,55% off,Westernwear-Women
360,Levis,Graphic cotton round neck womens t-shirt - pink,"Size:Large,Medium,Small,X-Small",Nan,999,No Discount,Westernwear-Women
361,Life,Embroidered cotton blend wide neck womens t-shirt - white,"Size:Large,Medium,Small,X-Large,X-Small","Rs
1199",599,50% off,Westernwear-Women
362,Madame,Solid cotton blend round neck womens top - navy,"Size:Large,Medium,Small,X-Large,XX-Large","Rs
999",599,40% off,Westernwear-Women
363,Vero moda,Printed cotton v neck womens dress - white,"Size:Medium,Small,X-Small",Nan,3799,No Discount,Westernwear-Women
364,Zink london,Solid sleeveless polyester womens jumpsuit - navy,"Size:Large,Medium,Small,X-Large,XX-Large","Rs
2799",1679,40% off,Westernwear-Women
365,Forever new,Printed viscose v neck womens top - print,"Size:6,8,10,12,14,16","Rs
3600",2340,35% off,Westernwear-Women
366,Faballey,Embroidered cotton square neck womens regular top - white,"Size:Large,Medium,Small,X-Large,X-Small","Rs
1600",1280,20% off,Westernwear-Women
367,Madame,Stripes polyester v neck womens top - blue,"Size:Large,Medium,Small,X-Large,XX-Large","Rs
1799",1259,30% off,Westernwear-Women
368,Life,Embroidered cotton blend wide neck womens t-shirt - orange,"Size:Large,Medium,Small,X-Large,X-Small","Rs
1199",599,50% off,Westernwear-Women
369,Madame,Solid cotton blend round neck womens shirts - natural,"Size:Large,Small,X-Large,XX-Large","Rs
1799",1259,30% off,Westernwear-Women
370,Madame,Stripes skinny fit woven polyster womens trousers - mint,"Size:30,32,34","Rs
2699",1619,40% off,Westernwear-Women
371,Life,Solid cotton blend collar neck womens regular top - indigo,"Size:Large,Medium,Small,X-Large,X-Small","Rs
1299",649,50% off,Westernwear-Women
372,Faballey,Printed sleeveless georgette womens regular length jumpsuit - purple,"Size:Large,Medium,Small,X-Large,X-Small","Rs
2300",1840,20% off,Westernwear-Women
373,Fratini,Solid regular fit georgette womens maxi dress - black,"Size:Large,Medium,Small,X-Large,XX-Large",Nan,1999,No Discount,Westernwear-Women
374,Fratini,Printed polyester wide neck womens regular top - teal,"Size:Large,Medium,Small,X-Large,XX-Large","Rs
1199",599,50% off,Westernwear-Women
375,Stop,Solid nr roma regular neck womens regular dress - black,"Size:Large,Medium,Small,X-Large,X-Small,XX-Large","Rs
1999",999,50% off,Westernwear-Women
376,Fratini,Regular fit regular length nr roma womens treggings - black,"Size:26,28,30,32,34,36","Rs
1299",649,50% off,Westernwear-Women
377,Zink london,Lace polyester round neck womens dress - pink,"Size:Large,Medium,Small,X-Large,X-Small,XX-Large","Rs
2799",1679,40% off,Westernwear-Women
378,Kraus,Baggy fit ankle length cotton womens jeans - blue,"Size:28,30,32,34","Rs
2095",1466,30% off,Westernwear-Women
379,And,Solid round neck polyester womens flared gown - pink mix,"Size:6,8,10,12,14,16","Rs
4299",3439,20% off,Westernwear-Women
380,Magre,Solid satin cowl neck womens sheath dress - blue,"Size:Large,Medium,Small,X-Small","Rs
3790",2084,45% off,Westernwear-Women
381,Life,Solid viscose round neck womens regular top - off white,"Size:Large,Medium,Small,X-Large,X-Small","Rs
1299",649,50% off,Westernwear-Women
382,Life,Skinny fit ankle length denim womens jeans - black,"Size:26,28,30,32,34,36","Rs
1499",749,50% off,Westernwear-Women
383,Madame,Textured cotton round neck womens top - off white,"Size:Large,Medium,Small,X-Large","Rs
1499",1049,30% off,Westernwear-Women
384,Zink london,Solid polyester mandarin womens casual shirt - white,"Size:Large,Medium,Small","Rs
1499",899,40% off,Westernwear-Women
385,Life,Patterend wide neck viscose womens regular dress - pink,"Size:Large,Medium,Small,X-Large,X-Small","Rs
1499",749,50% off,Westernwear-Women
386,Zink london,Embroidered polyester off shoulder womens top - pink,"Size:Large,Medium,Small,X-Large,X-Small,XX-Large","Rs
1999",1199,40% off,Westernwear-Women
387,Kraus,Skinny ankle length cotton blend womens jeans - black,"Size:28,30,32,34,36,38","Rs
1795",1615,10% off,Westernwear-Women
388,Allen solly,Solid round neck viscose womens fit and flare knit dress - navy,"Size:Large,Medium,Small,X-Small","Rs
2299",1379,40% off,Westernwear-Women
389,And,Solid cotton collar neck womens straight top - white,"Size:8,10,12,14,16,18","Rs
1899",1519,20% off,Westernwear-Women
390,Latin quarters,Solid polyester womens regular dress - black,"Size:S,M,L,XL,XX-Large",Nan,2999,No Discount,Westernwear-Women
391,Zink london,Printed cotton womens shift dress - blue,Size:Large,"Rs
2799",1119,60% off,Westernwear-Women
392,Life,Embroidered cotton lycra round neck womens t-shirt - white,"Size:Large,Medium,Small,X-Large,X-Small","Rs
1199",599,50% off,Westernwear-Women
393,Kraus,Clean look cotton wide fit womens jeans - dark blue,"Size:28,30,32,34,36","Rs
1895",1705,10% off,Westernwear-Women
394,Juniper,Ethnic motifs mandarin neck cambric womens tiered dresses with mask - black,"Size:Large,Medium,Small,X-Large,XX-Large","Rs
2499",999,60% off,Westernwear-Women
395,Forever new,Solid polyester cowl neck womens top - fuschia,"Size:4,6,8,10,12,14",Nan,2400,No Discount,Westernwear-Women
396,Van heusen,Checks polyester v neck womens dress - grey,"Size:Large,Small,X-Small","Rs
3499",1499,57% off,Westernwear-Women
397,Only,Cotton collarless womens regular top - green,"Size:34,36,38,40,42","Rs
2299",1379,40% off,Westernwear-Women
398,Madame,Mid wash denim straight fit womens jeans - indigo,"Size:28,30,32,34,36","Rs
2999",2099,30% off,Westernwear-Women
399,Cover story,Solid polyester regular womens casual wear trousers - mint,"Size:26,28,30,32,34","Rs
2590",1813,30% off,Westernwear-Women
400,Cover story,Printed polyester v neck womens maxi dress - navy,"Size:Large,Medium,Small,X-Large,X-Small",Nan,3490,No Discount,Westernwear-Women
401,Van heusen,Textured regular fit polyester blend womens formal wear trousers - navy,"Size:26,28,30,32","Rs
2199",999,55% off,Westernwear-Women
402,Latin quarters,Solid shirt collar cotton womens regular fit dress - brown,Size:S,"Rs
1999",799,60% off,Westernwear-Women
403,Rare,Striped polyester mandarin collar womens shirt style top - peach,"Size:Large,Medium,Small","Rs
1599",559,65% off,Westernwear-Women
404,Kraus,Skinny fit ankle length cotton blend womens jeans - blue,"Size:28,30,32,34,36,38","Rs
1995",1396,30% off,Westernwear-Women
405,Zink london,Solid cotton round neck womens dress - pink,"Size:Large,Medium,Small,X-Large,X-Small,XX-Large","Rs
2399",1439,40% off,Westernwear-Women
406,Altlife,Printed cotton stretch full length womens joggers - black,"Size:28,30,32,34,36","Rs
1299",649,50% off,Westernwear-Women
407,Fratini,Regular fit regular length cotton blend womens jeans - indigo,"Size:26,28,30,32,34,36","Rs
1299",649,50% off,Westernwear-Women
408,Altlife,Solid polyester blend ankle length womens tights - black,"Size:28,30,32,34,36","Rs
1299",649,50% off,Westernwear-Women
409,Life,Printed cotton blend collar neck womens top - brown,"Size:Large,Medium,Small,X-Large,X-Small","Rs
899",449,50% off,Westernwear-Women
410,Zink london,Solid cotton tie up neck� womens dress - green,"Size:Large,Medium,X-Large","Rs
2799",1679,40% off,Westernwear-Women
411,Insense,Printed regular fit cotton womens pyjama set - black mix,"Size:Large,Medium,Small,X-Large","Rs
999",499,50% off,Westernwear-Women
412,Zink london,Solid regular fit polyester womens joggers - black,"Size:Large,Medium,X-Large","Rs
1799",1079,40% off,Westernwear-Women
413,Stop,Printed regular neck cotton stretch womens formal shirt - ocean,"Size:Large,Medium,Small,X-Large,XX-Large","Rs
999",499,50% off,Westernwear-Women
414,Zink london,Lace polyester round neck womens dress - pink,"Size:Large,Medium,Small,X-Large,XX-Large","Rs
3299",1979,40% off,Westernwear-Women
415,Life,Regular fit regular length denim womens jeans - indigo,"Size:26,28,30,32,34,36","Rs
1699",849,50% off,Westernwear-Women
416,Infuse,Solid round neck viscose womens regular dress - pink,"Size:Large,Small,X-Small","Rs
1499",749,50% off,Westernwear-Women
417,Only,Heavy wash cotton regular fit womens jeans - light blue,Size:34,"Rs
3699",2959,20% off,Westernwear-Women
418,Latin quarters,Solid nylon blend womens regular dress - black,"Size:S,M,L,XL,XX-Large",Nan,2999,No Discount,Westernwear-Women
419,Zink london,Solid viscose blend round neck womens top - off white,"Size:Large,Medium,Small,X-Large,X-Small,XX-Large","Rs
1599",959,40% off,Westernwear-Women
420,Allen solly,Solid polyester regular fit womens trousers - chocolate,"Size:28,30,32,34,36","Rs
1999",1199,40% off,Westernwear-Women
421,Zink london,Womens regular fit solid round neck t-shirt - green,"Size:Large,Medium,Small,X-Large","Rs
1199",399,67% off,Westernwear-Women
422,Allen solly,Solid rayon regular fit womens trousers - navy,"Size:26,28,30,32,34,36","Rs
1299",1039,20% off,Westernwear-Women
423,Vero moda,Printed polyester v neck womens dress - black,"Size:Large,Medium,Small,X-Small",Nan,3499,No Discount,Westernwear-Women
424,And,Solid polyester crew neck womens top - teal,"Size:8,10,14,18","Rs
2699",1754,35% off,Westernwear-Women
425,Latin quarters,Solid nylon blend womens regular dress - blue,"Size:S,M,L,XL,XX-Large",Nan,2999,No Discount,Westernwear-Women
426,And,Solid polyester square neck womens flared gown - powder blue,"Size:8,10,12,14,16","Rs
4899",3919,20% off,Westernwear-Women
427,Allen solly,Printed round neck viscose womens fit and flare dress - grey,"Size:Large,Medium,Small,X-Large","Rs
2299",1379,40% off,Westernwear-Women
428,Life,Solid cotton collar neck womens regular top - black,"Size:Large,Medium,Small,X-Large,X-Small","Rs
999",499,50% off,Westernwear-Women
429,Life,Regular fit ankle length denim womens jeans - ice,"Size:26,28,30,32,34,36","Rs
1999",999,50% off,Westernwear-Women
430,Life,Printed polyester round neck womens active wear t-shirt - mauve,"Size:Large,Medium,Small,X-Large,X-Small,XX-Large","Rs
499",249,50% off,Westernwear-Women
431,Altlife,Printed cotton round neck womens active wear t-shirt - black,"Size:Large,Medium,Small,X-Large,X-Small,XX-Large","Rs
399",199,50% off,Westernwear-Women
432,Altlife,Printed cotton regular neck womens t-shirt - wine,"Size:Large,Medium,Small,X-Large,X-Small,XX-Large","Rs
499",249,50% off,Westernwear-Women
433,Altlife,Regular fit thigh length cotton womens active wear shorts - black,"Size:28,30,32,34,36","Rs
499",249,50% off,Westernwear-Women
434,Rare,Printed crepe round neck womens top - black,"Size:Large,Medium,Small,X-Large","Rs
1199",539,55% off,Westernwear-Women
435,Zink london,Solid collar neck polyester womens casual coat - black,"Size:Large,Medium,Small,X-Large","Rs
1799",1079,40% off,Westernwear-Women
436,Life,Printed cotton round neck womens regular t-shirt - white,"Size:Large,Medium,Small,X-Large,X-Small","Rs
599",299,50% off,Westernwear-Women
437,Life,Striped cotton blend collar neck womens t-shirt - grey melange,"Size:Large,Medium,Small,X-Large,X-Small","Rs
799",399,50% off,Westernwear-Women
438,Altlife,Solid polyester blend ankle length womens tights - dark grey,"Size:28,30,32,34,36","Rs
1299",649,50% off,Westernwear-Women
439,Latin quarters,Dyed round neck polyester womens regular dress - pink,"Size:S,L","Rs
2499",799,68% off,Westernwear-Women
440,Levis,Tapered fit regular length cotton blend womens jeans - dk indigo,"Size:26,28,30,32",Nan,3399,No Discount,Westernwear-Women
441,Latin quarters,Dyed v-neck polyester womens regular dress - maroon,"Size:S,M,L,XL,X-Small,XX-Large","Rs
2499",799,68% off,Westernwear-Women
442,And,Embroidered polyester square neck womens top - magenta,Size:12,"Rs
1899",759,60% off,Westernwear-Women
443,Fratini,Sanya malhotra stripes cotton blend v-neck womens regular top - natural,"Size:Large,Medium,Small,X-Large,XX-Large",Nan,999,No Discount,Westernwear-Women
444,Fratini,Printed v neck viscose womens regular dress - black,"Size:Large,Medium,Small,X-Large","Rs
1499",749,50% off,Westernwear-Women
445,Zink london,Abstract viscose blend v neck womens top - green,"Size:Large,Medium,Small,X-Large,X-Small,XX-Large","Rs
1799",1079,40% off,Westernwear-Women
446,And,Solid 3/4 sleeves polyester womens regular jumpsuit - light blue,"Size:8,10,12,14,16","Rs
3899",3119,20% off,Westernwear-Women
447,Rare,Floral georgette off shoulder womens flared dress - white,"Size:Large,Medium,Small","Rs
1899",854,55% off,Westernwear-Women
448,Fratini,Solid cotton blend v-neck womens a-line dress - yellow,"Size:Large,Medium,Small,X-Large,XX-Large",Nan,1699,No Discount,Westernwear-Women
449,Stop,Solid polyester skinny fit womens trousers - natural,"Size:28,30,32,34,36",Nan,1499,No Discount,Westernwear-Women
450,Life,Solid viscose blend round neck womens t-shirt - blue,"Size:Large,Medium,Small,X-Large,X-Small","Rs
699",349,50% off,Westernwear-Women
451,Life,Embroidered cotton lycra round neck womens t-shirt - powder blue,"Size:Large,Medium,Small,X-Large,X-Small","Rs
1199",599,50% off,Westernwear-Women
452,Only,Checks cotton round neck womens top - yellow,"Size:34,36,38,40,42","Rs
2499",1499,40% off,Westernwear-Women
453,Van heusen,Printed modal round neck womens top - light blue,"Size:Large,Medium,Small,X-Large,X-Small","Rs
2299",999,57% off,Westernwear-Women
454,Rare,Solid rayon mandarin womens regular top - black,"Size:Large,Medium,Small","Rs
1299",584,55% off,Westernwear-Women
455,Calvin klein underwear,Solid nylon blend womens regular dress - black,"Size:S,M,L,XL,XX-Large","Rs
2999",2099,30% off,Westernwear-Women
456,And,Solid v neck polyester womens flared dresses - pink,"Size:8,10,12,14,16","Rs
2499",1999,20% off,Westernwear-Women
457,Levis,Light wash cotton straight fit womens jeans - indigo,"Size:26,28,30,32,34",Nan,4599,No Discount,Westernwear-Women
458,Life,Regular fit mid length twill womens casual shorts - black,"Size:26,28,30,32,34","Rs
799",399,50% off,Westernwear-Women
459,And,Floral round neck polyester womens regular dress - white,"Size:8,10,12,14","Rs
2899",2319,20% off,Westernwear-Women
460,Life,Solid viscose blend wide neck womens t-shirt - white,"Size:Large,Medium,Small,X-Large,X-Small","Rs
1299",649,50% off,Westernwear-Women
461,Fratini,Printed cotton round neck womens regular t-shirt - black,"Size:Large,Small,X-Large,XX-Large","Rs
699",349,50% off,Westernwear-Women
462,Life,Printed crepe v neck womens maxi dress - blue,"Size:Large,Medium,Small,X-Large,X-Small","Rs
1499",749,50% off,Westernwear-Women
463,Latin quarters,Solid polyester womens regular blouse - maroon,Size:S,"Rs
1599",799,50% off,Westernwear-Women
464,Fratini,Printed square neck viscose womens regular dress - light blue,"Size:Large,Medium,Small,X-Large,XX-Large","Rs
1699",849,50% off,Westernwear-Women
465,Infuse,Checks viscose v-neck womens regular fit woven top - navy,"Size:Large,Medium,Small,X-Large,XX-Large","Rs
999",399,60% off,Westernwear-Women
466,Zink london,Solid collared neck rayon womens a-line dress - blue,"Size:Large,Medium,Small,X-Large,X-Small","Rs
2299",699,70% off,Westernwear-Women
467,Stop,Solid satin regular neck womens regular dress - mustard,"Size:Large,Medium,Small,X-Large,XX-Large","Rs
1999",999,50% off,Westernwear-Women
468,Fratini,Printed viscose v neck womens regular top - light blue,"Size:Large,Medium,Small,X-Large,XX-Large","Rs
999",499,50% off,Westernwear-Women
469,Zink london,Printed viscose round neck womens dress - pink,"Size:Large,Medium,Small,X-Large,X-Small,XX-Large","Rs
2899",1739,40% off,Westernwear-Women
470,And,Foil viscose square neck womens flared dress - gold,Size:12,"Rs
2699",2429,10% off,Westernwear-Women
471,Indya,Embellished silk blend womens shrug - purple,"Size:Large,Medium,Small,X-Large,X-Small,XX-Large","Rs
1600",1280,20% off,Westernwear-Women
472,Altlife,Solid cotton full length womens joggers - lilac,"Size:28,30,32,34,36","Rs
999",499,50% off,Westernwear-Women
473,Madame,Solid cotton regular fit womens casual trousers - mint,"Size:28,30,32,34,36","Rs
2699",1619,40% off,Westernwear-Women
474,And,Printed collar neck linen womens straight jumpsuits - pink,"Size:6,8,10,12,14,16",Nan,3899,No Discount,Westernwear-Women
475,Juniper,Ethnic motifs mandarin neck cambric womens tiered dresses with mask - peach,"Size:Large,Medium,Small,X-Large,XX-Large","Rs
3499",1574,55% off,Westernwear-Women
476,And,Floral polyester square neck womens regular dress - white,"Size:8,10,14,16,18","Rs
2899",2319,20% off,Westernwear-Women
477,Latin quarters,Dyed square neck polyester womens regular dress - grey,Size:S,"Rs
2699",799,70% off,Westernwear-Women
478,Van heusen,Solid polyester collar neck womens formal shirt - off white,"Size:Large,Medium,Small,X-Large,X-Small","Rs
1799",1499,17% off,Westernwear-Women
479,Zink london,Abstract polyester square neck womens dress - off white,"Size:Large,Medium,Small,X-Large,X-Small,XX-Large","Rs
2599",1559,40% off,Westernwear-Women
480,Infuse,Solid viscose square neck womens regular fit woven top - pink,"Size:Large,Medium,Small,X-Large","Rs
2099",629,70% off,Westernwear-Women
481,Zink london,Womens regular fit solid round neck cropped t-shirt - green,"Size:Large,X-Large","Rs
1199",399,67% off,Westernwear-Women
482,Life,Regular fit regular length cotton blend womens joggers - pink,"Size:26,28,30,32,34,36","Rs
1299",649,50% off,Westernwear-Women
483,And,Solid half sleeves linen womens regular length jumpsuit - pink mix,"Size:6,8,10,12,16","Rs
5299",4239,20% off,Westernwear-Women
484,Zink london,Printed cotton round neck womens t-shirt - black,"Size:Large,Small,X-Large","Rs
1299",399,69% off,Westernwear-Women
485,Magre,Solid polyester blend regular fit womens casual pants - black,"Size:Large,Medium,X-Small","Rs
2199",1319,40% off,Westernwear-Women
486,Cover story,Solid polyester square neck womens top - red,"Size:Medium,Small,X-Large,X-Small","Rs
1590",795,50% off,Westernwear-Women
487,Zink london,Schiffli cotton u neck womens top - yellow,"Size:Large,Medium,X-Large","Rs
999",599,40% off,Westernwear-Women
488,Zink london,Solid polyester womens a-line dress - black,"Size:Large,Medium,Small,X-Large,X-Small","Rs
2299",699,70% off,Westernwear-Women
489,Reebok,Solid slim fit cotton womens athleisure track pants - pink,"Size:Large,Medium,Small,X-Small","Rs
1499",749,50% off,Westernwear-Women
490,Fratini,Solid polyester high neck womens regular top - aubergine,"Size:Large,Medium,Small,X-Large,XX-Large","Rs
999",499,50% off,Westernwear-Women
491,Rare,Solid polyester v neck womens regular top - burgundy,"Size:Large,Medium,Small,X-Large","Rs
1499",599,60% off,Westernwear-Women
492,Madame,Solid cotton scoop neck womens midi dress - maroon,"Size:Large,Medium,Small,X-Large","Rs
2899",2029,30% off,Westernwear-Women
493,Fratini,Sanya malhotra regular fit regular length cotton linen womens culottes - tan,"Size:26,28,30,32,34,36",Nan,1299,No Discount,Westernwear-Women
494,Zink london,Abstract sleeveless viscose blend womens jumpsuit - green,"Size:Large,Medium,Small,X-Large","Rs
2699",1619,40% off,Westernwear-Women
495,Life,Solid cotton round neck womens regular t-shirt - black,"Size:Large,Medium,Small,X-Large,X-Small","Rs
599",299,50% off,Westernwear-Women
496,Faballey,Stripes short sleeves georgette womens maxi jumpsuit - maroon,"Size:Small,X-Small","Rs
1084",542,50% off,Westernwear-Women
497,Life,Solid viscose blend round neck womens t-shirt - sage,"Size:Large,Medium,Small,X-Large,X-Small","Rs
699",349,50% off,Westernwear-Women
498,Fratini,Regular fit regular length polyester womens trousers - black,"Size:26,28,30,32,34,36",Nan,1299,No Discount,Westernwear-Women
499,Life,Embroidered cotton blend round neck womens flared dress - old rose,"Size:Large,Medium,Small,X-Large,X-Small","Rs
1699",849,50% off,Westernwear-Women
500,Kraus,Wide leg fit ankle length cotton womens jeans - dark blue,"Size:28,30,32,34,36","Rs
1895",1705,10% off,Westernwear-Women
501,Latin quarters,Solid v-neck polyester womens high low dress - black,"Size:S,M,L,XL,XX-Large","Rs
2999",2099,30% off,Westernwear-Women
502,Altlife,Printed polyester blend regular neck womens t-shirt - aqua,"Size:Large,Medium,Small,X-Large,X-Small,XX-Large","Rs
599",299,50% off,Westernwear-Women
503,Sera,Structured cotton tie up neck womens blouson top - cream,"Size:Large,Medium,X-Large","Rs
1294",388,70% off,Westernwear-Women
504,Marie claire,Printed v-neck polyester womens casual dress - multi,"Size:Large,Medium,Small,X-Large,X-Small","Rs
2190",985,55% off,Westernwear-Women
505,Only,Cotton straight fit womens jeans - blue,"Size:25,26,27,28,29,30,31,32,33,34","Rs
3699",2959,20% off,Westernwear-Women
506,Life,Skinny fit regular length cotton lycra womens jeans - ice,"Size:26,28,30,32,34,36","Rs
999",499,50% off,Westernwear-Women
507,Sera,Womens regular fit printed v neck peplum top - black,"Size:Large,Medium,Small,X-Large","Rs
1298",389,70% off,Westernwear-Women
508,Life,Skinny fit regular length cotton lycra womens jeans - dk indigo,"Size:26,28,30,32,34,36","Rs
999",499,50% off,Westernwear-Women
509,Only,Tie dye and batik cotton round neck womens t-shirt - pink,"Size:Large,Medium,Small,X-Large,X-Small","Rs
1499",899,40% off,Westernwear-Women
510,Only,Short sleeves polyester womens long jumpsuits - maroon,"Size:34,38,40","Rs
4499",2249,50% off,Westernwear-Women
511,Zink london,Abstract viscose blend v neck womens a line dress - mustard,"Size:Large,Medium,Small,X-Large,X-Small","Rs
2399",1439,40% off,Westernwear-Women
512,Van heusen,Printed v-neck modal womens fit and flare dress - light blue,"Size:Large,Medium,Small,X-Large,X-Small","Rs
3499",1499,57% off,Westernwear-Women
513,Stop,Printed regular neck cotton womens formal shirt - natural,"Size:Large,Medium,Small,X-Large,X-Small,XX-Large","Rs
799",399,50% off,Westernwear-Women
514,Rare,Solid georgette round neck womens regular top - green,"Size:Large,Medium,Small","Rs
1199",539,55% off,Westernwear-Women
515,Forever new,Printed polyester v neck womens regular dress - print,"Size:8,10,12,14","Rs
7200",4680,35% off,Westernwear-Women
516,Van heusen,Printed modal round neck womens woven top - pink,"Size:Large,Medium,Small,X-Large,X-Small","Rs
1999",799,60% off,Westernwear-Women
517,Life,Embroidered cotton blend wide neck womens regular top - olive,"Size:Large,Medium,Small,X-Large,X-Small","Rs
1299",649,50% off,Westernwear-Women
518,Faballey,Solid crepe v neck womens regular dress - black,"Size:Large,Medium,Small,X-Large,X-Small","Rs
2200",1760,20% off,Westernwear-Women
519,Faballey,Embellished cotton square neck womens dress - pink,"Size:Large,Medium,Small,X-Large,X-Small","Rs
2600",2080,20% off,Westernwear-Women
520,Life,Printed jersey round neck womens t-shirt - sage,"Size:Large,Medium,Small,X-Large,X-Small","Rs
599",299,50% off,Westernwear-Women
521,Life,Solid cotton round neck womens a-line dress - orange,"Size:Large,Medium,Small,X-Large,X-Small","Rs
1499",749,50% off,Westernwear-Women
522,Madame,Solid cotton slim fit womens casual trousers - tan,"Size:28,30,32,34,36","Rs
2899",2029,30% off,Westernwear-Women
523,Rare,Three quarter sleeves regular fit womens casual dress - black,"Size:Large,Medium,Small","Rs
2299",1034,55% off,Westernwear-Women
524,Life,Solid round neck single jersey womens t-shirt - olive,"Size:Large,Medium,Small,X-Large,X-Small","Rs
599",299,50% off,Westernwear-Women
525,Life,Regular fit regular length denim womens shorts - mid stone,"Size:26,28,30,32,34,36","Rs
999",499,50% off,Westernwear-Women
526,Enamor,Cotton blend womens lounge pants - denimex,"Size:XL,Large,Medium,Small,XX-Large","Rs
949",664,30% off,Westernwear-Women
527,Fratini,Solid regular fit georgette womens maxi dress - blue,"Size:Large,Medium,Small,X-Large,XX-Large",Nan,1999,No Discount,Westernwear-Women
528,Vero moda,Solid polyester round neck womens top - blue,"Size:Large,Medium,Small,X-Large,X-Small","Rs
1899",1139,40% off,Westernwear-Women
529,Zink london,Stripes collar neck cotton womens casual shirt - off white,"Size:Large,Medium,Small,X-Large,X-Small,XX-Large","Rs
1499",749,50% off,Westernwear-Women
530,And,Solid cotton round neck womens straight top - black,"Size:6,8,10,12,14,16","Rs
1899",1519,20% off,Westernwear-Women
531,And,Floral polyester round neck womens straight top - multi,"Size:8,10,12,14,16,18","Rs
2099",1679,20% off,Westernwear-Women
532,Cover story,Solid cotton spandex round neck womens t-shirt - mint,"Size:Large,Medium,Small,X-Large,X-Small","Rs
990",693,30% off,Westernwear-Women
533,Infuse,Printed rayon round neck womens cowl dress - blue,"Size:Large,Medium,Small,X-Large,X-Small,XX-Large","Rs
2099",1049,50% off,Westernwear-Women
534,Zink london,Solid collar neck viscose blend womens casual shirt - blue,"Size:Large,Medium,Small,X-Large,X-Small,XX-Large","Rs
1599",959,40% off,Westernwear-Women
535,Fratini,Regular fit regular length nr roma womens treggings - navy,"Size:26,28,30,32,34,36","Rs
1299",649,50% off,Westernwear-Women
536,Infuse,Printed cotton blend round neck womens regular fit top - black,Size:X-Large,"Rs
699",349,50% off,Westernwear-Women
537,Forever new,Solid polyester collar neck womens shirt - blue,"Size:6,8,10,12,14",Nan,4000,No Discount,Westernwear-Women
538,Life,Solid cotton round neck womens regular top - white,"Size:Large,Medium,Small,X-Large,X-Small","Rs
1299",649,50% off,Westernwear-Women
539,Zink london,Solid polyester regular fit womens casual skirt - pink,"Size:Medium,Small,X-Small","Rs
1799",899,50% off,Westernwear-Women
540,Infuse,Striped collar neck cotton womens a-line dress - white,"Size:Large,Medium,Small,X-Large,XX-Large","Rs
1499",749,50% off,Westernwear-Women
541,Rare,Stripes polyester round neck womens regular top - red,"Size:Large,Medium,Small,X-Large","Rs
1199",539,55% off,Westernwear-Women
542,Zink london,Floral round neck rayon womens a-line dress - white,"Size:Small,X-Small","Rs
2599",1559,40% off,Westernwear-Women
543,And,Solid polyester v neck womens straight top - gold,"Size:8,10,12,14,16,18","Rs
2099",1679,20% off,Westernwear-Women
544,Kraus,Flared fit full length cotton blend womens jeans - blue,"Size:28,30,32,34,36","Rs
1995",1396,30% off,Westernwear-Women
545,Life,Printed viscose blend round neck womens regular fit top - lilac,"Size:Large,Medium,Small,X-Large,X-Small","Rs
599",299,50% off,Westernwear-Women
546,Forever new,Solid polyester v neck womens dress - navy,"Size:6,8,10,12","Rs
8000",5600,30% off,Westernwear-Women
547,Life,Regular fit regular length cotton lycra womens jeans - ice,"Size:26,28,30,32","Rs
999",499,50% off,Westernwear-Women
548,Altlife,Printed regular viscose blend womens active wear t-shirt - anthra melange,"Size:Large,Medium,Small,X-Large,X-Small,XX-Large","Rs
599",299,50% off,Westernwear-Women
549,Madame,Solid round neck cotton blend womens midi dress - apple green,"Size:Large,Medium,Small,X-Large,XX-Large","Rs
2699",1349,50% off,Westernwear-Women
550,And,Solid cotton round neck womens dress - maroon,"Size:8,10,12,14,16","Rs
2899",2609,10% off,Westernwear-Women
551,Rare,Floral polyester round neck womens regular top - mustard,"Size:Large,Medium,Small,X-Large","Rs
1199",599,50% off,Westernwear-Women
552,Magre,Solid polyester blend regular fit womens casual pants - green,"Size:Large,Medium,Small,X-Small","Rs
2390",1434,40% off,Westernwear-Women
553,Spykar,Regular fit regular length cotton womens jeans - mint,"Size:28,30,32,34,36","Rs
2499",1749,30% off,Westernwear-Women
554,Life,Checks cotton blend square neck womens regular top - orange,"Size:Large,Medium,Small,X-Large,X-Small","Rs
1299",649,50% off,Westernwear-Women
555,Only,Cotton round neck womens t-shirt - pink,"Size:Large,Medium,Small,X-Large,X-Small","Rs
1499",749,50% off,Westernwear-Women
556,Zink london,Printed polyester boat neck womens straight top - blue,"Size:Large,Medium,Small,X-Large,X-Small,XX-Large","Rs
1499",899,40% off,Westernwear-Women
557,Fratini,Printed v neck viscose womens regular dress - blue,"Size:Large,Medium,Small,X-Large","Rs
1499",749,50% off,Westernwear-Women
558,Madame,Solid cotton blend round neck womens shirts - apple green,"Size:Large,Medium,Small,X-Large,XX-Large","Rs
1899",1329,30% off,Westernwear-Women
559,Life,Printed collared neck viscose womens regular fit dress - white,"Size:Large,Medium,Small,X-Large,X-Small","Rs
1499",749,50% off,Westernwear-Women
560,Stop,Solid crepe regular neck womens regular dress - walnut,"Size:Large,Medium,Small,X-Large,X-Small,XX-Large",Nan,1499,No Discount,Westernwear-Women
561,Life,Printed polyester blend round neck womens t-shirt - black,"Size:Medium,Small,X-Small","Rs
699",349,50% off,Westernwear-Women
562,Madame,Floral chiffon v neck womens flared dress - black,"Size:Large,Medium,Small,X-Large","Rs
3299",2309,30% off,Westernwear-Women
563,Allen solly,Printed viscose round neck womens top - purple,"Size:Large,Medium,Small,X-Large,X-Small","Rs
1599",959,40% off,Westernwear-Women
564,Van heusen,Solid sleeveless polyester womens regular length jumpsuit - maroon,"Size:Large,Medium,Small,X-Large,X-Small","Rs
4299",2999,30% off,Westernwear-Women
565,Latin quarters,Printed viscose womens regular blouse - green,"Size:S,M,L,XL,XX-Large","Rs
1499",749,50% off,Westernwear-Women
566,And,Geometric v neck linen womens straight jumpsuits - white,"Size:8,10,12,14,16","Rs
3699",2959,20% off,Westernwear-Women
567,Van heusen,Printed round neck polyester womens top - black,"Size:Large,Medium,Small,X-Large,X-Small","Rs
3499",1499,57% off,Westernwear-Women
568,Life,Printed jersey round neck womens t-shirt - white,"Size:Large,Medium,Small,X-Large,X-Small","Rs
799",399,50% off,Westernwear-Women
569,Life,Solid viscose blend round neck womens t-shirt - off white,"Size:Large,Medium,Small,X-Large,X-Small","Rs
699",349,50% off,Westernwear-Women
570,Fratini,Printed collar rayon womens regular shirt - peach,"Size:Large,Medium,Small","Rs
799",399,50% off,Westernwear-Women
571,Only,Printed polyester round neck womens top - red,"Size:34,36,38,40,42","Rs
1999",1199,40% off,Westernwear-Women
572,Kraus,Clean look cotton wide fit womens jeans - light blue,"Size:28,30,32,34,36","Rs
1995",1396,30% off,Westernwear-Women
573,Fratini,Printed viscose blend round neck womens t-shirt - peach,"Size:Large,Medium,Small,X-Large,XX-Large",Nan,799,No Discount,Westernwear-Women
574,Levis,Solid cotton regular fit womens casual shorts - indigo,"Size:26,28,30,32",Nan,2899,No Discount,Westernwear-Women
575,Faballey,Embellished georgette halter neck womens regular dress - blue,"Size:Large,Medium,Small,X-Small","Rs
2900",2320,20% off,Westernwear-Women
576,Madame,Solid regular fit polyester womens co-ordinate set - ice blue,"Size:X-Large,XX-Large","Rs
3299",2309,30% off,Westernwear-Women
577,And,Printed round neck polyester womens straight top - multi,"Size:8,10,12,14,16,18","Rs
1599",1279,20% off,Westernwear-Women
578,Van heusen,Solid v-neck polyester blend womens sheath dress - grey,"Size:Large,Medium,Small,X-Large,X-Small","Rs
2999",1499,50% off,Westernwear-Women
579,Rare,Solid georgette v neck womens regular top - maroon,"Size:Large,Medium,Small,X-Large","Rs
1299",584,55% off,Westernwear-Women
580,Iti,Womens teal slit cape top - blue,"Size:Small,X-Small","Rs
1799",399,78% off,Westernwear-Women
581,Allen solly,Checks regular polyester womens formal wear pants - dark green,"Size:26,28,30,32,34","Rs
2299",1379,40% off,Westernwear-Women
582,Zink london,Stripes polyester collar neck womens short dress - grey,"Size:Large,Medium,Small,X-Large","Rs
2699",1619,40% off,Westernwear-Women
583,Altlife,Printed cotton round neck womens active wear t-shirt - ocean,"Size:Large,Medium,Small,X-Large,X-Small","Rs
399",199,50% off,Westernwear-Women
584,Life,Relaxed fit ankle length denim womens joggers - stonewash blue,"Size:26,28,30,32,34,36","Rs
1899",949,50% off,Westernwear-Women
585,Forever new,Printed polyester collar neck womens dress - print,"Size:8,10","Rs
7200",5400,25% off,Westernwear-Women
586,Zink london,Lace polyester round neck womens dress - green,"Size:Large,Medium,Small,X-Large","Rs
2799",1679,40% off,Westernwear-Women
587,Life,Solid cotton collar neck womens regular top - white,"Size:Large,Medium,Small,X-Large,X-Small","Rs
1299",649,50% off,Westernwear-Women
588,And,Solid polyester v neck womens flared gown - navy,Size:10,"Rs
3699",2959,20% off,Westernwear-Women
589,Insense,Half sleeves night wear womens t-shirt - navy,"Size:Medium,Small,X-Small","Rs
399",199,50% off,Westernwear-Women
590,Life,Regular fit regular length denim womens shorts - stone,"Size:26,28,30,32,34,36","Rs
999",499,50% off,Westernwear-Women
591,Cover story,Solid cotton round neck womens sweater - pink,"Size:Large,Medium,X-Large,X-Small","Rs
1990",1194,40% off,Westernwear-Women
592,Zink london,Lace polyester square neck womens top - pink,"Size:Large,Medium,Small,X-Large,X-Small,XX-Large","Rs
1999",1199,40% off,Westernwear-Women
593,Levis,Solid high loose fit 100% cotton womens casual shorts - indigo,"Size:26,28,30,32",Nan,2899,No Discount,Westernwear-Women
594,Life,Skinny fit regular length cotton lycra womens jeans - indigo,"Size:26,28,30,32,34,36","Rs
999",499,50% off,Westernwear-Women
595,Rare,Solid polyester choker neck womens a-line dress - black,"Size:Medium,Small","Rs
1599",719,55% off,Westernwear-Women
596,Zink london,Abstract short sleeves polyester womens playsuit - green,"Size:Large,Medium,Small,X-Large,X-Small,XX-Large","Rs
2199",1319,40% off,Westernwear-Women
597,Kraus,Solid rayon collar neck womens regular dress - dark blue,Size:Small,"Rs
1895",947,50% off,Westernwear-Women
598,Only,Printed polyester front open womens dress - red,"Size:34,36,38,40,42","Rs
2799",1959,30% off,Westernwear-Women
599,Vero moda,Textured round neck polyester womens top - green,"Size:Large,Medium,Small,X-Large,X-Small","Rs
1999",999,50% off,Westernwear-Women
600,Madame,Solid polyster shoulder strap womens regular top - pink,"Size:Large,Medium,Small,X-Large","Rs
799",399,50% off,Westernwear-Women
601,Pepe,Fit regular length denim womens jeans - light blue,"Size:26,28,30,32,34","Rs
2599",1559,40% off,Westernwear-Women
602,Infuse,Printed rayon round neck womens cowl dress - multi,"Size:Large,Medium,Small,X-Large,X-Small,XX-Large","Rs
2099",1049,50% off,Westernwear-Women
603,Zink london,Checks cotton choker neck womens straight top - multi,"Size:Small,X-Small","Rs
1399",839,40% off,Westernwear-Women
604,Zink london,Lace polyester round neck womens dress - off white,"Size:Large,Medium,Small,X-Large,X-Small,XX-Large","Rs
2499",1499,40% off,Westernwear-Women
605,Altlife,Printed cotton regular neck womens t-shirt - lime green,"Size:Large,Medium,Small,X-Large,X-Small,XX-Large","Rs
499",249,50% off,Westernwear-Women
606,Life,Solid round neck jersey womens t-shirt - black,"Size:Large,Medium,Small,X-Large,X-Small","Rs
999",499,50% off,Westernwear-Women
607,Only,Solid cotton square neck womens dress - yellow,"Size:Large,Medium,Small,X-Large,X-Small","Rs
3699",2589,30% off,Westernwear-Women
608,Fratini,Lace halter neck polyester womens regular dress - wine,"Size:Large,Medium,Small,X-Large,XX-Large","Rs
1699",849,50% off,Westernwear-Women
609,Fratini,Solid v-neck jersey womens t-shirt - black,"Size:Large,Medium,Small,X-Large,XX-Large","Rs
599",299,50% off,Westernwear-Women
610,Latin quarters,Solid round neck polyester womens regular fit dress - pink,"Size:S,M,L","Rs
2999",2099,30% off,Westernwear-Women
611,Stop,Solid regular neck cotton stretch womens formal shirt - white,"Size:Large,Medium,Small,X-Large,X-Small,XX-Large",Nan,999,No Discount,Westernwear-Women
612,Zink london,Floral polyester collar neck womens casual shirt - blue,"Size:Large,Medium,Small,X-Large,X-Small,XX-Large","Rs
1599",959,40% off,Westernwear-Women
613,Cover story,Solid regular fit polyester womens trousers - rust,"Size:26,28,30,32,34","Rs
2990",2093,30% off,Westernwear-Women
614,Allen solly,Solid polyester cotton round neck womens formal blazer - black,"Size:Large,Medium,Small,X-Large,X-Small,XX-Large","Rs
3999",2399,40% off,Westernwear-Women
615,Life,Printed viscose wide neck womens a-line dress - brown,"Size:Large,Medium,Small,X-Large,X-Small","Rs
1499",749,50% off,Westernwear-Women
616,Faballey,Printed georgette halter neck womens regular dress - pink,"Size:Large,Medium,Small,X-Small","Rs
2700",2160,20% off,Westernwear-Women
617,Altlife,Regular fit thigh length cotton womens active wear shorts - yellow,"Size:28,30,32,34,36","Rs
499",249,50% off,Westernwear-Women
618,Zink london,Embellished full sleeves polyester womens jumpsuit - black,"Size:Large,Medium,Small,X-Large,XX-Large","Rs
3299",1979,40% off,Westernwear-Women
619,Zink london,Printed cotton round neck womens t-shirt - blue,"Size:Large,Medium,Small,X-Large,X-Small","Rs
799",479,40% off,Westernwear-Women
620,Adidas,Stripes regular cotton womens sports wear pants - black,"Size:36,40,48","Rs
1499",1049,30% off,Westernwear-Women
621,Van heusen,Stripes regular fit polyester womens pants - navy,"Size:26,30,32","Rs
2299",999,57% off,Westernwear-Women
622,Zink london,Solid polyester collar neck womens short dress - navy,"Size:Medium,Small","Rs
2499",1499,40% off,Westernwear-Women
623,And,Floral round neck polyester womens regular top - white,"Size:8,10,12,14,16","Rs
2099",1679,20% off,Westernwear-Women
624,Infuse,Embroidered cotton round neck womens regular fit t-shirt - navy,"Size:Large,Medium,Small,X-Large,X-Small,XX-Large","Rs
499",199,60% off,Westernwear-Women
625,Van heusen,Solid cotton collar neck womens formal shirt - pink,"Size:Large,X-Small","Rs
1699",999,41% off,Westernwear-Women
626,Madame,Stripes polyester v neck womens dress - natural,"Size:Large,Medium,Small,X-Large,XX-Large","Rs
2899",2029,30% off,Westernwear-Women
627,Allen solly,Solid cotton round neck womens t-shirt - black,"Size:Large,Medium,Small,X-Large,X-Small,XX-Large","Rs
1299",1039,20% off,Westernwear-Women
628,Infuse,Graphic cotton round neck womens regular fit t-shirt - navy,"Size:Large,Medium,Small,X-Large,X-Small","Rs
499",199,60% off,Westernwear-Women
629,Zink london,Printed polyester womens fit and flare dress - natural,"Size:Large,Medium,Small,X-Large","Rs
3299",999,70% off,Westernwear-Women
630,Fratini,Solid band collar polyester womens woven top - pink,"Size:Large,Medium,X-Large,XX-Large","Rs
999",499,50% off,Westernwear-Women
631,Campus sutra,Solid crepe round neck womens dress - pink,"Size:Large,Medium,Small,X-Large",Nan,1999,No Discount,Westernwear-Women
632,Zink london,Solid polyester collar neck womens midi dress - blue,"Size:Large,Medium,Small,X-Large","Rs
2599",1559,40% off,Westernwear-Women
633,And,Floral square neck polyester womens regular dresses - white,"Size:8,10,12,14,16,18","Rs
3899",3119,20% off,Westernwear-Women
634,Fratini,Printed blended round neck womens a-line dress - multi,"Size:Large,Medium,Small,X-Large,XX-Large",Nan,2499,No Discount,Westernwear-Women
635,Fratini,Solid v neck blended womens dress - white,"Size:Large,Medium,Small,X-Large,XX-Large",Nan,1699,No Discount,Westernwear-Women
636,And,Solid viscose collar neck womens regular dress - black,"Size:8,10,12,14,16,18","Rs
2899",1884,35% off,Westernwear-Women
637,Life,Solid cotton round neck womens active wear t-shirt - pink,"Size:Large,Medium,Small,X-Large,X-Small,XX-Large","Rs
399",199,50% off,Westernwear-Women
638,Altlife,Solid skinny fit cotton blend womens active wear tights - blush,"Size:28,30,32,34,36","Rs
999",499,50% off,Westernwear-Women
639,Fratini,Printed polyester blend round neck womens t-shirt - yellow,"Size:Large,Medium,Small,X-Large,XX-Large",Nan,699,No Discount,Westernwear-Women
640,Zink london,Lace polyester round neck womens top - blue,"Size:Large,Medium,Small,X-Large,X-Small,XX-Large","Rs
1699",1019,40% off,Westernwear-Women
641,Juniper,Solid slim fit silk blend womens casual trousers - grey,"Size:Large,Medium,Small,X-Large,XX-Large","Rs
999",699,30% off,Westernwear-Women
642,Lovegen,Womens v neck assorted cold shoulder frayed dress - blue,Size:X-Small,"Rs
1999",399,80% off,Westernwear-Women
643,Adidas,Solid cotton blend round neck womens regular fit t-shirt - black,"Size:Large,Medium,Small,X-Large,X-Small","Rs
1199",599,50% off,Westernwear-Women
644,And,Solid polyester collar neck womens straight top - pink,"Size:8,10,12,14,16,18","Rs
1899",1519,20% off,Westernwear-Women
645,Zink london,Printed polyester round neck womens top - red,"Size:Large,Medium,Small,X-Large,X-Small,XX-Large","Rs
1699",1019,40% off,Westernwear-Women
646,Stop,Solid crepe regular neck womens regular dress - wine,"Size:Large,Medium,Small,X-Large,XX-Large","Rs
1499",749,50% off,Westernwear-Women
647,Infuse,Embroidered cotton round neck womens regular fit t-shirt - olive,"Size:Large,Medium,Small,X-Large,X-Small,XX-Large","Rs
499",199,60% off,Westernwear-Women
648,Zink london,Textured scoop neck polyester womens a-line dress - pink,"Size:Large,Medium,Small,X-Large","Rs
2999",1799,40% off,Westernwear-Women
649,Zink london,Printed sweetheart neck polyester womens a-line dress - blue,"Size:Large,Medium,Small,X-Large,XX-Large","Rs
2799",1399,50% off,Westernwear-Women
650,Kraus,Skinny ankle length cotton blend womens jeans - black,"Size:28,30,32,34,38","Rs
1795",1615,10% off,Westernwear-Women
651,Only,Aop polyester collar neck womens shirt dress - yellow,"Size:34,36,38,40,42","Rs
3499",2449,30% off,Westernwear-Women
652,Zink london,Solid polyester v-neck womens straight top - peach,"Size:Large,Medium,Small,X-Large,X-Small,XX-Large","Rs
1499",899,40% off,Westernwear-Women
653,And,Self design  viscose womens gown - pink,"Size:8,10,12,14,16,18","Rs
3899",3119,20% off,Westernwear-Women
654,Kraus,Skinny fit ankle length cotton womens jeans - blue,"Size:28,30,32,34,36","Rs
1895",947,50% off,Westernwear-Women
655,Madame,Mid wash denim straight fit womens jeans - blue,"Size:28,30,32,34,36","Rs
2999",1799,40% off,Westernwear-Women
656,Zink london,Printed cotton mandarin womens shirt - green,"Size:Large,Medium,Small,X-Large,X-Small,XX-Large","Rs
1499",899,40% off,Westernwear-Women
657,Allen solly,Printed viscose regular neck womens top - yellow,"Size:Large,Medium,Small,X-Large,X-Small,XX-Large","Rs
1299",779,40% off,Westernwear-Women
658,Kraus,Wide ankle length cotton womens jeans - dark blue,"Size:28,30,32,34,36","Rs
1795",1615,10% off,Westernwear-Women
659,Zink london,Solid polyester v neck womens dress - pink,"Size:Large,Medium,Small,X-Large,X-Small,XX-Large","Rs
2499",1499,40% off,Westernwear-Women
660,Vero moda,Printed polyester v neck womens top - black,"Size:Medium,Small,X-Small",Nan,2599,No Discount,Westernwear-Women
661,Forever new,Solid polyester halter neck womens top - khaki,"Size:6,8,10,12","Rs
3200",2400,25% off,Westernwear-Women
662,Spykar,Regular fit regular length cotton lycra womens jeans - light blue,"Size:26,28,30,32,34,36","Rs
2199",1539,30% off,Westernwear-Women
663,Life,Regular fit above knee cotton blend womens shorts - blue,"Size:26,28,30,32,34,36","Rs
899",449,50% off,Westernwear-Women
664,Juniper,Ethnic motifs mandarin neck cambric womens flared dresses with mask - pista green,"Size:Large,Medium,Small,X-Large,XX-Large","Rs
2499",999,60% off,Westernwear-Women
665,Life,Womens viscose collar checks shirts - red,"Size:Small,X-Small","Rs
999",499,50% off,Westernwear-Women
666,And,Solid round neck polyester womens flared dresses - navy,"Size:8,10,12,14,16,18","Rs
3099",2479,20% off,Westernwear-Women
667,Only,Solid polyester viscose round neck womens t-shirt - brown,"Size:Large,Medium,Small,X-Large,X-Small","Rs
1299",779,40% off,Westernwear-Women
668,Cover story,Solid regular polyester womens casual wear trousers - olive,"Size:26,28,30,32,34","Rs
2990",2093,30% off,Westernwear-Women
669,And,Solid round neck polyester womens straight top - pink,"Size:10,12","Rs
2099",1679,20% off,Westernwear-Women
670,Fratini,Solid v-neck jersey womens t-shirt - olive,"Size:Large,Medium,Small,X-Large,XX-Large","Rs
599",299,50% off,Westernwear-Women
671,Zink london,Solid polyester off shoulder womens dress - green,"Size:Large,Medium,Small,X-Large,X-Small,XX-Large","Rs
2799",1679,40% off,Westernwear-Women
672,Latin quarters,Printed polyester womens regular dress - blue,"Size:S,M,L,XL,XX-Large","Rs
2899",1449,50% off,Westernwear-Women
673,Fratini,Printed cotton round neck womens t-shirt - black,"Size:Large,Medium,Small,X-Large,XX-Large","Rs
699",349,50% off,Westernwear-Women
674,Zink london,Stripes round neck cotton womens a-line dress - multi,"Size:Large,Medium,Small,X-Large,X-Small,XX-Large","Rs
2399",1199,50% off,Westernwear-Women
675,Zink london,Printed cotton round neck womens regular fit t-shirt - white,"Size:Large,Small,X-Small,XX-Large","Rs
1299",399,69% off,Westernwear-Women
676,Life,Printed cotton blend wide neck womens a-line dress - white,"Size:Large,Medium,Small,X-Large,X-Small","Rs
1699",849,50% off,Westernwear-Women
677,Kraus,Baggy fit ankle length cotton womens jeans - light blue,"Size:28,30,32,34","Rs
2095",1466,30% off,Westernwear-Women
678,Life,Printed sleeveless rayon blend womens ankle length jumpsuit - pink,"Size:Large,Medium,Small,X-Large,X-Small","Rs
1699",849,50% off,Westernwear-Women
679,Life,Solid cotton blend wide neck womens a-line dress - mid stone,"Size:Large,Medium,Small,X-Large,X-Small","Rs
1699",849,50% off,Westernwear-Women
680,Fratini,Printed viscose blend round neck womens t-shirt - pink,"Size:Large,Medium,Small,X-Large,XX-Large",Nan,799,No Discount,Westernwear-Women
681,Life,Solid denim wide neck womens a-line dress - mid stone,"Size:Large,Medium,Small,X-Large,X-Small","Rs
1699",849,50% off,Westernwear-Women
682,Allen solly,Textured regular fit polyester womens formal wear trousers - ltgrey,"Size:30,32,36","Rs
1999",1199,40% off,Westernwear-Women
683,Kraus,Solid tencel comfort fit womens casual trousers - red mix,"Size:28,30,32,34,36","Rs
1595",797,50% off,Westernwear-Women
684,Van heusen,Printed polyester collar neck womens formal shirt - yellow,"Size:Large,Medium,Small,X-Large,X-Small","Rs
1699",999,41% off,Westernwear-Women
685,Allen solly,Printed polyester cotton round neck womens regular top - black,"Size:Large,Medium,X-Large","Rs
1699",1019,40% off,Westernwear-Women
686,Zink london,Stripes round neck cotton womens straight dress - multi,"Size:Large,Small,X-Small","Rs
2299",1379,40% off,Westernwear-Women
687,Sera,Womens black and white printed two-piece dress - black,"Size:Large,Medium,Small,X-Large","Rs
1894",947,50% off,Westernwear-Women
688,Spykar,Regular fit regular cotton lycra womens jeans - black,"Size:26,28,30,32,34,36","Rs
1899",1329,30% off,Westernwear-Women
689,Rare,Textured polyester mandarin womens peplum top - green,"Size:Large,Medium,Small,X-Large","Rs
1299",584,55% off,Westernwear-Women
690,And,Solid polyester round neck womens straight top - red,"Size:8,10,12,14,16,18","Rs
1699",1359,20% off,Westernwear-Women
691,Levis,Printed cotton round neck womens t-shirt - orange,"Size:Large,Medium,Small,X-Small",Nan,1399,No Discount,Westernwear-Women
692,Van heusen,Stripes cotton round neck womens casual shirt - light blue,"Size:Large,Medium,Small,X-Large,X-Small,XX-Large","Rs
1899",999,47% off,Westernwear-Women
693,Infuse,Printed polyester round neck womens regular fit woven top - white,"Size:Large,Medium,Small,X-Large,XX-Large","Rs
799",319,60% off,Westernwear-Women
694,Zink london,Solid polyester blend regular fit womens pants - navy,"Size:Large,Medium,Small,X-Large","Rs
1999",1199,40% off,Westernwear-Women
695,Stop,Solid cotton round neck womens regular top - navy,"Size:Large,Medium,Small,X-Large,XX-Large","Rs
1299",649,50% off,Westernwear-Women
696,Madame,Printed georgette boat neck womens regular top - peach,"Size:Large,Medium,X-Large,XX-Large","Rs
1899",1329,30% off,Westernwear-Women
697,Kraus,Skinny fit ankle length cotton blend womens jeans - grey,"Size:28,30,32,34,36,38","Rs
1795",1615,10% off,Westernwear-Women
698,Zink london,Solid v neck polyester womens a-line dress - pink,"Size:Large,Medium,Small,X-Large","Rs
2299",1379,40% off,Westernwear-Women
699,Zink london,Solid relaxed viscose blend womens casual wear joggers - green,"Size:Large,X-Large","Rs
2499",1499,40% off,Westernwear-Women
700,Altlife,Printed cotton regular neck womens regular dress - black,"Size:Large,Medium,Small,X-Large,X-Small,XX-Large","Rs
999",499,50% off,Westernwear-Women
701,Zink london,Floral round neck polyester womens a-line dress - white,"Size:Large,Medium,Small,X-Large","Rs
2799",1399,50% off,Westernwear-Women
702,Fratini,Printed viscose v-neck womens regular top - black mix,"Size:Large,Medium,Small,XX-Large","Rs
899",449,50% off,Westernwear-Women
703,Only,Solid cotton womens top - white,"Size:34,36,38,40,42","Rs
2499",1749,30% off,Westernwear-Women
704,Rare,Solid polyester choker neck womens regular top - orange,"Size:Large,Medium,Small,X-Large","Rs
1199",539,55% off,Westernwear-Women
705,Life,Printed round neck viscose womens regular top - sage,"Size:Large,Medium,Small,X-Large,X-Small","Rs
799",399,50% off,Westernwear-Women
706,Zink london,Solid viscose blend v neck womens dress - purple,"Size:Large,Medium,Small,X-Large,XX-Large","Rs
2699",1619,40% off,Westernwear-Women
707,Allen solly,Solid polyester v neck womens top - rust,"Size:Large,Medium,Small,X-Large","Rs
1299",779,40% off,Westernwear-Women
708,Infuse,Solid polyester round neck womens regular fit top - white,"Size:Large,Medium,X-Large","Rs
699",419,40% off,Westernwear-Women
709,Life,Solid denim collar neck womens denim jacket - olive,"Size:Large,Medium,Small,X-Large,X-Small","Rs
1899",949,50% off,Westernwear-Women
710,Infuse,Graphic cotton round neck womens regular fit t-shirt - black,"Size:Large,Medium,Small,X-Large,X-Small,XX-Large","Rs
799",239,70% off,Westernwear-Women
711,Allen solly,Solid polyester v neck womens shirt - pink,"Size:Large,Medium,Small,X-Large,X-Small,XX-Large","Rs
1699",1359,20% off,Westernwear-Women
712,Levis,Printed boat neck cotton womens casual t-shirt - navy,"Size:Large,Medium,Small,X-Small",Nan,1399,No Discount,Westernwear-Women
713,Rare,Stripes polyester v neck womens regular top - mustard,"Size:Large,Medium,Small","Rs
1399",559,60% off,Westernwear-Women
714,Faballey,Solid collar neck crepe womens straight fit maxi dress - blue,"Size:Small,X-Small","Rs
2400",1200,50% off,Westernwear-Women
715,Life,Printed viscose collar neck womens regular top - pink,"Size:Large,Medium,Small,X-Large,X-Small","Rs
1299",649,50% off,Westernwear-Women
716,Zink london,Checks polyester v neck womens dress - blue,"Size:Large,Medium,Small,X-Large,X-Small","Rs
2599",1559,40% off,Westernwear-Women
717,Rare,Solid v-neck polyester womens fit and flare dress - navy,"Size:Large,Medium,Small,X-Large","Rs
2399",1079,55% off,Westernwear-Women
718,Stop,Printed viscose regular neck womens top - natural,"Size:Large,Medium,Small,X-Large,X-Small,XX-Large","Rs
1299",649,50% off,Westernwear-Women
719,Allen solly,Solid polyester cotton mandarin womens formal wear shirt - yellow,"Size:Medium,Small","Rs
1699",1019,40% off,Westernwear-Women
720,Latin quarters,Dyed polyester womens regular knit top - blue,"Size:S,M,L,XL","Rs
1399",499,64% off,Westernwear-Women
721,Life,Regular fit regular length denim womens shorts - pink,"Size:26,28,30,32,34,36","Rs
999",499,50% off,Westernwear-Women
722,Van heusen,Checks regular fit polyester womens formal pants - mid blue,"Size:26,28,30,32,34","Rs
1999",1499,25% off,Westernwear-Women
723,Only,Mid wash cotton relaxed fit womens jeans - blue,"Size:25,26,27,28,29,30,31,32","Rs
3999",3199,20% off,Westernwear-Women
724,Insense,Embroidered regular neck cotton blend womens sweatshirt - powder blue,"Size:Large,Medium,Small,X-Small","Rs
999",499,50% off,Westernwear-Women
725,Dolce crudo,Womens best outfit ever turtle neck jacket - multi,"Size:Large,Medium,Small,X-Large,X-Small","Rs
2599",779,70% off,Westernwear-Women
726,Only,Solid cotton regular womens t-shirt - natural,"Size:Large,Medium,Small,X-Large,X-Small","Rs
1799",899,50% off,Westernwear-Women
727,Indya,Embroidered sleeveless georgette womens ankle length jumpsuit - pink,"Size:Large,Medium,Small,X-Large,X-Small,XX-Large","Rs
3200",1600,50% off,Westernwear-Women
728,And,Solid linen v neck womens regular top - blue,"Size:8,10,12,14,16","Rs
2099",1679,20% off,Westernwear-Women
729,Rare,Solid sleeveless polyester womens calf length jumpsuits - green,"Size:Large,Medium,X-Large","Rs
2099",944,55% off,Westernwear-Women
730,Fratini,Printed polyester round neck womens regular top - white,"Size:Large,Medium,Small,X-Large,XX-Large",Nan,1299,No Discount,Westernwear-Women
731,Only,Stripes cotton round neck womens t-shirt - green,"Size:Large,Medium,Small,X-Large,X-Small","Rs
1299",779,40% off,Westernwear-Women
732,Madame,Solid cotton high neck womens top - natural,"Size:Large,Medium,Small,X-Large,XX-Large","Rs
1799",1079,40% off,Westernwear-Women
733,Altlife,Solid cotton round neck womens active wear t-shirt - black,"Size:Large,Medium,Small,X-Large,X-Small,XX-Large","Rs
399",199,50% off,Westernwear-Women
734,Latin quarters,Printed v-neck polyester blend womens regular dress - ivory,"Size:S,M,L,X-Small","Rs
2499",1749,30% off,Westernwear-Women
735,Cover story,Printed v neck cotton womens dresses - black,"Size:Large,Medium,Small,X-Small","Rs
2590",1813,30% off,Westernwear-Women
736,Zink london,Polyester women regular dress - green,"Size:Large,X-Large,XX-Large","Rs
3999",1599,60% off,Westernwear-Women
737,Rare,Printed georgette off shoulder womens blouson top - rust,"Size:Large,Medium,Small,X-Large","Rs
999",499,50% off,Westernwear-Women
738,Life,Printed viscose round neck womens regular dress - off white,"Size:Large,Medium,Small,X-Large,X-Small","Rs
1899",949,50% off,Westernwear-Women
739,Only,Printed cotton round neck womens t-shirt - black,"Size:Large,Medium,Small,X-Small","Rs
1699",1019,40% off,Westernwear-Women
740,Stop,Printed cotton blend v-neck womens regular top - black,"Size:Large,Medium,Small,X-Large","Rs
999",499,50% off,Westernwear-Women
741,Only,Printed loose fit viscose nylon womens casual pants - natural,"Size:Large,Medium,Small,X-Large,X-Small","Rs
2499",1499,40% off,Westernwear-Women
742,Cover story,Printed polyester v neck womens dress - black,"Size:Large,Medium,Small,X-Large,X-Small",Nan,2990,No Discount,Westernwear-Women
743,Rare,Floral polyester v neck womens flared dress - black,"Size:Large,Medium,Small,X-Large","Rs
2099",839,60% off,Westernwear-Women
744,Vero moda,Printed cotton blend round neck womens t-shirt - blue,"Size:Large,Medium,Small,X-Large","Rs
999",499,50% off,Westernwear-Women
745,Van heusen,Printed polyester cotton v neck womens formal wear shirt - mid blue,"Size:Large,Medium,Small,X-Large,X-Small","Rs
1699",999,41% off,Westernwear-Women
746,Iti,Womens solid cape sleeves v neck fit and flare maxi dress - blue,Size:Small,Nan,2699,No Discount,Westernwear-Women
747,Life,Solid viscose blend round neck womens t-shirt - pink,"Size:Large,Medium,Small,X-Large,X-Small","Rs
699",349,50% off,Westernwear-Women
748,Life,Solid denim collar neck womens denim jacket - lilac,"Size:Large,Medium,Small,X-Large,X-Small","Rs
1899",949,50% off,Westernwear-Women
749,Only,Lace cotton womens t-shirt - green,"Size:Medium,Small,X-Large,X-Small","Rs
2299",1839,20% off,Westernwear-Women
750,Forever new,Floral polyester v neck womens dress - print,"Size:6,8,10,12,14","Rs
7000",4900,30% off,Westernwear-Women
751,Life,Solid cotton square neck womens regular fit top - white,"Size:Large,Medium,Small,X-Large,X-Small","Rs
1199",599,50% off,Westernwear-Women
752,Kraus,Skinny fit ankle length cotton blend womens jeans - blue,"Size:28,30,32,34,36,38","Rs
1895",947,50% off,Westernwear-Women
753,Altlife,Solid skinny fit womens active wear tights - black,"Size:28,30,32,34,36","Rs
999",499,50% off,Westernwear-Women
754,Cover story,Printed viscose sweetheart neck womens top - red,"Size:Large,Medium,Small,X-Large,X-Small","Rs
1590",1113,30% off,Westernwear-Women
755,Life,Embroidered blended square neck womens top - sage,"Size:Large,Medium,Small,X-Large,X-Small","Rs
1199",599,50% off,Westernwear-Women
756,Kraus,Light wash cotton straight fit womens jeans - blue,"Size:28,30,32,34,36","Rs
1895",1705,10% off,Westernwear-Women
757,Levis,Boyfriend fit regular length cotton womens jeans - indigo,"Size:Large,Medium,Small,X-Large,X-Small",Nan,3799,No Discount,Westernwear-Women
758,Only,Solid viscose mandarin womens blouson dress - yellow,"Size:34,36,38,40,42","Rs
3799",1899,50% off,Westernwear-Women
759,Infuse,Solid collar neck rayon womens casual wear shirt - peach,"Size:Medium,Small","Rs
999",499,50% off,Westernwear-Women
760,Van heusen,Solid polyester regular fit womens jacket - black,Size:Small,"Rs
4799",1499,69% off,Westernwear-Women
761,Latin quarters,Dyed round neck rayon womens regular dress - coral,"Size:S,M,L,X-Small","Rs
2299",799,65% off,Westernwear-Women
762,Life,Printed cotton blend collar neck womens bodycon dress - blue,"Size:Large,Medium,Small,X-Large,X-Small","Rs
1499",749,50% off,Westernwear-Women
763,Faballey,Printed georgette sweetheart neck womens regular top - peach,"Size:Large,X-Large","Rs
1400",1120,20% off,Westernwear-Women
764,Fratini,Printed collar neck viscose womens regular dress - blush,"Size:Large,Medium,Small,X-Large,XX-Large","Rs
1299",649,50% off,Westernwear-Women
765,And,Printed polyester v neck womens regular dress - gold,"Size:8,10,12,14,16,18","Rs
3899",3119,20% off,Westernwear-Women
766,Zink london,Floral square neck viscose womens a-line dress - off white,"Size:Large,Medium,Small,X-Large,XX-Large","Rs
2999",1799,40% off,Westernwear-Women
767,And,Floral linen square neck womens straight dress - multi,"Size:8,10,12,14,16,18","Rs
3099",2479,20% off,Westernwear-Women
768,Kraus,Solid comfort fit tencel womens casual wear trousers - air force,"Size:28,30,32,34","Rs
1595",1116,30% off,Westernwear-Women
769,Altlife,Solid cotton round neck womens active wear t-shirt - lilac,"Size:Large,Medium,Small,X-Large,X-Small,XX-Large","Rs
399",199,50% off,Westernwear-Women
770,Van heusen,Textured regular fit polyester womens pants - black,"Size:26,28,30,32,34","Rs
2199",999,55% off,Westernwear-Women
771,Van heusen,Solid polyester cotton round neck womens formal blazer - black,"Size:Large,Medium,Small,X-Large,X-Small","Rs
3999",1499,63% off,Westernwear-Women
772,Kraus,Mom fit ankle length cotton womens jeans - light blue,Size:30,"Rs
1895",1705,10% off,Westernwear-Women
773,Kraus,Mom fit ankle length cotton womens jeans - blue,"Size:28,30,32","Rs
1895",1705,10% off,Westernwear-Women
774,Altlife,Printed polyester blend regular neck womens t-shirt - black,"Size:Large,Medium,Small,X-Large,X-Small,XX-Large","Rs
599",299,50% off,Westernwear-Women
775,Zink london,Embellished short sleeves polyester womens jumpsuit - natural,"Size:Large,Medium,Small,X-Large,X-Small,XX-Large","Rs
3499",2099,40% off,Westernwear-Women
776,Levis,Graphic cotton round neck womens t-shirt - black,"Size:Large,Medium,Small,X-Small",Nan,1399,No Discount,Westernwear-Women
777,Kraus,Flare fit full length cotton blend womens jeans - black,"Size:28,30,32,34,36,38","Rs
1795",1615,10% off,Westernwear-Women
778,Sera,Regular fit above knee polyester womens casual shorts - burgundy,"Size:Large,Medium,Small,X-Large","Rs
1294",388,70% off,Westernwear-Women
779,Levis,Skinny fit regular length cotton blend womens jeans - indigo,"Size:27,28,30,32,34",Nan,2999,No Discount,Westernwear-Women
780,Life,Printed v-neck viscose rayon womens regular fit dress - mustard,"Size:Large,Medium,Small,X-Small","Rs
1699",849,50% off,Westernwear-Women
781,Life,Womens cotton lycra solid sport tights - black,"Size:28,30,32,34,36","Rs
999",499,50% off,Westernwear-Women
782,Only,Solid cotton regular fit womens pants - white,"Size:Large,Medium,Small,X-Large,X-Small","Rs
3499",2449,30% off,Westernwear-Women
783,Life,Printed collared neck rayon womens casual shirt - blue,"Size:Medium,X-Small","Rs
699",349,50% off,Westernwear-Women
784,Life,Regular fit regular length denim womens jeans - lilac,"Size:26,28,30,32","Rs
1899",949,50% off,Westernwear-Women
785,Vero moda,Solid square neck viscose womens top - white,"Size:Large,Medium,Small,X-Large,X-Small","Rs
1799",899,50% off,Westernwear-Women
786,Life,Solid round neck rayon womens woven top - white,"Size:Large,Medium,Small,X-Large,X-Small","Rs
1299",649,50% off,Westernwear-Women
787,Cover story,Regular fit knee length cotton poly spandex womens casual skirt - pink,"Size:26,28,30,32,34","Rs
1290",690,47% off,Westernwear-Women
788,Adidas,Solid slim fit cotton womens casual wear track pants - black,"Size:Medium,Small,X-Large,X-Small","Rs
1999",1399,30% off,Westernwear-Women
789,Levis,Solid round neck cotton womens casual t-shirt - black,"Size:Large,Medium,Small,X-Small",Nan,1899,No Discount,Westernwear-Women
790,Faballey,Embellished square neck polyester blend womens regular dresses - green,"Size:Large,Medium,X-Large","Rs
2100",1680,20% off,Westernwear-Women
791,Zink london,Printed cotton round neck womens t-shirt - white,"Size:Large,Medium,Small,X-Large","Rs
1299",399,69% off,Westernwear-Women
792,Life,Solid polyester round neck womens regular fit top - navy,"Size:Large,Medium,Small,X-Large,X-Small","Rs
1199",599,50% off,Westernwear-Women
793,Forever new,Printed polyester round neck womens dress - green,"Size:6,8,12","Rs
8400",5880,30% off,Westernwear-Women
794,And,Solid polyester regular fit womens pants - black,"Size:28,30,32,36,38","Rs
2199",1979,10% off,Westernwear-Women
795,Vero moda,Solid short sleeves viscose womens regular length jumpsuit - purple,"Size:Large,Medium,Small,X-Large,X-Small","Rs
3499",1749,50% off,Westernwear-Women
796,Allen solly,Checks polyester regular neck womens blazer - ltgrey,"Size:Large,Medium,Small,X-Large,X-Small,XX-Large","Rs
3499",2799,20% off,Westernwear-Women
797,Indya,Shraddha kapoor for indya oxblood chikankari angrakha maxi tunic - maroon,"Size:Large,Medium,Small,X-Small,XX-Large","Rs
4000",2000,50% off,Westernwear-Women
798,Stop,Solid viscose regular neck womens top - off white,"Size:Large,Medium,Small,X-Large,XX-Large","Rs
999",499,50% off,Westernwear-Women
799,Latin quarters,Dyed round neck linen womens regular dress - natural,"Size:S,M,L,X-Small","Rs
2499",799,68% off,Westernwear-Women
800,Sera,Printed round neck viscose womens fit and flare dress - black,Size:X-Large,"Rs
1494",747,50% off,Westernwear-Women
801,Stop,Solid polyester blend round neck womens regular top - black,"Size:Large,Medium,Small,X-Large","Rs
999",499,50% off,Westernwear-Women
802,Stop,Striped round neck polyester womens regular top - navy,"Size:Large,Medium,Small,XX-Large","Rs
999",499,50% off,Westernwear-Women
803,Fratini,Printed cotton blend round neck womens top - green,"Size:Large,Medium,Small,X-Large,XX-Large","Rs
999",499,50% off,Westernwear-Women
804,Fratini,Embellished viscose blend round neck womens t-shirt - pink,"Size:Large,Medium,Small,X-Large,XX-Large","Rs
999",499,50% off,Westernwear-Women
805,Cover story,Printed recycle polyester womens dress - pink,"Size:Large,Medium,Small,X-Large","Rs
2490",1494,40% off,Westernwear-Women
806,Faballey,Solid georgette key hole neck womens regular top - green,"Size:Large,Medium,Small,X-Large,X-Small","Rs
1600",1280,20% off,Westernwear-Women
807,Allen solly,Checks polyester regular fit womens trousers - mid blue,"Size:34,36","Rs
2299",1499,35% off,Westernwear-Women
808,Only,Tie dye and batik cotton round neck womens t-shirt - purple,"Size:Large,Medium,Small,X-Large,X-Small","Rs
1699",1019,40% off,Westernwear-Women
809,Zink london,Printed polyester off shoulder womens dress - natural,"Size:Large,Medium,Small,X-Large,X-Small,XX-Large","Rs
2499",1499,40% off,Westernwear-Women
810,Forever new,Floral viscose v neck womens dress - print,"Size:6,8,10,12,14","Rs
6200",4340,30% off,Westernwear-Women
811,Juniper,Womens off white rayon flex yoke embroidered asymmetric tunic - off white,"Size:Large,Medium,Small,X-Large","Rs
1999",999,50% off,Westernwear-Women
812,Only,Stripes polyester round neck womens t-shirt - light blue,"Size:Large,Medium,Small,X-Large,X-Small","Rs
1799",1079,40% off,Westernwear-Women
813,And,Solid polyester collar neck womens top - brown,"Size:10,12,14,16","Rs
1899",1234,35% off,Westernwear-Women
814,Rare,Printed sweetheart neck polyester womens fit and flare dress - blue,"Size:Large,Medium,X-Small","Rs
2499",999,60% off,Westernwear-Women
815,Cover story,Solid viscose round neck womens top - rust,"Size:Large,Medium,Small,X-Small","Rs
2290",1603,30% off,Westernwear-Women
816,Zink london,Textured cotton collared womens dress - coral,"Size:Large,Medium,Small,X-Large,X-Small,XX-Large","Rs
3499",2099,40% off,Westernwear-Women
817,Altlife,Solid polyester blend ankle length womens tights - wine,"Size:28,30,32,34,36","Rs
1299",649,50% off,Westernwear-Women
818,Madame,Solid cotton off shoulder womens maxi dress - mustard,"Size:Large,Medium,Small,X-Large,XX-Large","Rs
2899",1739,40% off,Westernwear-Women
819,Kraus,Flared fit full length cotton blend womens jeans - blue,"Size:28,30,32,34,36","Rs
1795",1256,30% off,Westernwear-Women
820,Fratini,Solid band collar polyester womens woven top - green,"Size:Large,Medium,Small,X-Large,XX-Large","Rs
999",499,50% off,Westernwear-Women
821,Zink london,Floral cotton sleeveless womens jumpsuit - white,"Size:Large,Medium,X-Large","Rs
2499",1249,50% off,Westernwear-Women
822,Only,Solid rayon nylon flared fit womens casual pants - black,"Size:Large,Medium,Small,X-Large,X-Small","Rs
2499",1999,20% off,Westernwear-Women
823,Kraus,Skinny fit full length cotton womens jeans - light blue,"Size:28,30,32,36","Rs
1895",947,50% off,Westernwear-Women
824,Rare,Half sleeves regular fit womens casual dress - black,Size:Large,"Rs
2199",879,60% off,Westernwear-Women
825,Only,Denim long sleeves cotton womens cropped jacket - natural,"Size:Large,Medium,Small,X-Large,X-Small","Rs
3999",3199,20% off,Westernwear-Women
826,Stop,Solid collar neck cotton blend womens formal wear shirt - black,"Size:Large,Medium,Small,X-Large,XX-Large","Rs
899",449,50% off,Westernwear-Women
827,Sera,Floral sweetheart neck polyester womens regular dress - red,"Size:Large,Medium,Small","Rs
1998",999,50% off,Westernwear-Women
828,Stop,Solid polyester tailored fit womens trousers - sand,"Size:28,30,32,34,36",Nan,1499,No Discount,Westernwear-Women
829,Life,Printed polyester blend round neck womens regular t-shirt - black,"Size:Large,Medium,Small,X-Large,X-Small","Rs
799",399,50% off,Westernwear-Women
830,Forever new,Floral linen square neck womens dress - print,"Size:6,8,10,14","Rs
7600",5700,25% off,Westernwear-Women
831,Adidas,Solid cotton round neck womens t-shirt - pink,"Size:Large,Medium,Small,X-Large,X-Small","Rs
1599",799,50% off,Westernwear-Women
832,Altlife,Solid polyester blend ankle length womens tights - old rose,"Size:28,30,32,34,36","Rs
1299",649,50% off,Westernwear-Women
833,Madame,Mid wash denim straight fit womens jeans - navy,"Size:26,28,30,32,34,36","Rs
2899",1739,40% off,Westernwear-Women
834,Rare,Solid polyester blend womens regular top - white,"Size:Large,Medium,Small,X-Large","Rs
1499",674,55% off,Westernwear-Women
835,Only,Stripes cotton womens t-shirt - white,"Size:Large,Medium,Small,X-Large,X-Small","Rs
2299",1379,40% off,Westernwear-Women
836,Zink london,Printed polyester round neck womens top - blue,"Size:Large,Medium,Small,X-Large","Rs
1399",839,40% off,Westernwear-Women
837,Fratini,Women solid woven top - red,"Size:Large,Small,X-Small","Rs
799",399,50% off,Westernwear-Women
838,Life,Printed viscose v neck womens regular top - black,"Size:Large,Medium,Small,X-Large,X-Small","Rs
999",499,50% off,Westernwear-Women
839,Levis,Relaxed fit regular length cotton womens jeans - indigo,"Size:26,28,32,34",Nan,3199,No Discount,Westernwear-Women
840,Zink london,Printed polyester round neck womens top - off white,"Size:Large,Medium,Small,X-Small","Rs
1499",899,40% off,Westernwear-Women
841,And,Regular fit polyester womens formal pants - natural,"Size:26,28,30,32,34",Nan,2499,No Discount,Westernwear-Women
842,Allen solly,Printed polyester cotton round neck womens regular top - navy,"Size:Large,Medium,Small,X-Large","Rs
1699",1019,40% off,Westernwear-Women
843,Rare,Stripes polyester boat neck womens regular top - red,"Size:Large,X-Large","Rs
1299",584,55% off,Westernwear-Women
844,Adidas,Printed polyester crew neck womens t-shirt - black,"Size:Medium,Small,X-Large,X-Small","Rs
1499",1049,30% off,Westernwear-Women
845,Life,Printed cotton slub round neck womens regular top - blue,"Size:Large,Medium,Small,X-Large,X-Small","Rs
699",349,50% off,Westernwear-Women
846,Life,Solid tencel round neck womens regular top - blue,"Size:Large,Medium,Small,X-Large,X-Small","Rs
1199",599,50% off,Westernwear-Women
847,Van heusen,Solid regular fit polyester womens formal pants - navy,"Size:26,28,32","Rs
2199",1499,32% off,Westernwear-Women
848,Allen solly,Solid v-neck polyester womens fit and flare dress - grey,"Size:Large,Medium,Small,X-Large,XX-Large","Rs
2799",1679,40% off,Westernwear-Women
849,Fratini,Solid cotton blend square neck womens regular top - chocolate,"Size:Large,Medium,Small,X-Large,XX-Large",Nan,999,No Discount,Westernwear-Women
850,Latin quarters,Printed polyester womens regular dress - ivory,"Size:S,M,L,XL,XX-Large",Nan,2899,No Discount,Westernwear-Women
851,Forever new,Solid regular fit polyester womens trousers - blush,"Size:6,8,14,16","Rs
4200",2730,35% off,Westernwear-Women
852,Life,Printed viscose collar neck womens regular top - off white,"Size:Large,Medium,Small,X-Large,X-Small","Rs
1199",599,50% off,Westernwear-Women
853,Only,Placement print cotton organic round neck womens t-shirt - pink,"Size:Large,Medium,Small,X-Large,X-Small","Rs
1299",779,40% off,Westernwear-Women
854,Life,Regular fit regular length cotton lycra womens jeans - midstone,"Size:26,28,30,32,34","Rs
999",499,50% off,Westernwear-Women
855,Van heusen,Solid polyester blend regular fit womens trousers - red,"Size:26,28,30,32","Rs
1499",799,47% off,Westernwear-Women
856,Kraus,Wide fit ankle length cotton womens jeans - light blue,"Size:28,30,32,34","Rs
1595",1116,30% off,Westernwear-Women
857,Stop,Printed regular neck cotton womens formal shirt - powder blue,"Size:Large,Medium,Small,X-Large,X-Small,XX-Large",Nan,899,No Discount,Westernwear-Women
858,Reebok,Solid regular fit polyester womens active wear tights - black,"Size:Large,Medium,Small,X-Large,X-Small","Rs
1999",999,50% off,Westernwear-Women
859,Van heusen,Solid polyester square neck womens casual jacket - pink,"Size:Large,Medium,Small,X-Large,X-Small","Rs
4499",1499,67% off,Westernwear-Women
860,And,Jacquard polyester round neck womens work wear jacket - black mix,"Size:8,10,14","Rs
1999",999,50% off,Westernwear-Women
861,Adidas,Regular fit polyester womens active wear tights - black,"Size:Large,Medium,Small,X-Large,X-Small","Rs
2799",1399,50% off,Westernwear-Women
862,And,Floral linen square neck womens straight top - pink,"Size:8,10,12,14,16,18","Rs
2299",1839,20% off,Westernwear-Women
863,Latin quarters,Dyed collar neck rayon womens regular dress - black,"Size:S,L","Rs
2299",799,65% off,Westernwear-Women
864,Fratini,Printed collar neck viscose womens regular dress - navy,"Size:Large,Medium,Small","Rs
1499",749,50% off,Westernwear-Women
865,Levis,Skinny fit regular length cotton womens jeans - indigo,"Size:26,28,30,32,34",Nan,3399,No Discount,Westernwear-Women
866,Zink london,Solid v neck viscose blend womens a-line dress - pink,"Size:Medium,Small,X-Large,X-Small","Rs
2499",1499,40% off,Westernwear-Women
867,Van heusen,Womens solid formal shirt - white,"Size:Large,Medium,Small,X-Large,X-Small","Rs
1499",999,33% off,Westernwear-Women
868,Life,Solid v-neck viscose womens regular top - blue,"Size:Large,Medium,Small,X-Large,X-Small","Rs
1199",599,50% off,Westernwear-Women
869,Kraus,Skinny fit full length cotton womens jeans - blue,"Size:28,30,32,34,36","Rs
1895",947,50% off,Westernwear-Women
870,Madame,Solid sleeveless poly blend womens full length jumpsuit - indigo,"Size:Large,Medium,Small","Rs
3299",1979,40% off,Westernwear-Women
871,Infuse,Printed polyester round neck womens regular fit woven top - off white,"Size:Large,Medium,Small,X-Large,XX-Large","Rs
799",319,60% off,Westernwear-Women
872,Allen solly,Printed polyester cotton round neck womens regular top - navy,"Size:Medium,Small","Rs
1699",1019,40% off,Westernwear-Women
873,Zink london,Stripes polyester round neck womens midi dress - rust,"Size:Large,Medium,Small,X-Large,X-Small,XX-Large","Rs
2499",1499,40% off,Westernwear-Women
874,And,Printed viscose round neck womens top - blue mix light,"Size:8,10,12,14,16,18","Rs
2899",1449,50% off,Westernwear-Women
875,Altlife,Printed cotton round neck womens active wear t-shirt - berry,"Size:Large,Medium,Small,X-Large,X-Small,XX-Large","Rs
399",199,50% off,Westernwear-Women
876,Emblaze,Solid sweetheart neck viscose womens regular dress - red,"Size:Large,Medium,Small,X-Large,X-Small,XX-Large",Nan,5500,No Discount,Westernwear-Women
877,Life,Solid blended v neck womens top - sage,"Size:Large,Medium,Small,X-Large,X-Small","Rs
1299",649,50% off,Westernwear-Women
878,Infuse,Printed rayon collar neck womens regular fit dress - red,"Size:Large,Medium,Small,X-Large,XX-Large","Rs
1299",519,60% off,Westernwear-Women
879,Zink london,Solid polyester womens straight fit top - green,"Size:Large,Medium,X-Large,X-Small,XX-Large","Rs
1599",499,69% off,Westernwear-Women
880,Zink london,Floral polyester round neck womens straight top - off white,"Size:Large,Medium,Small,X-Large,X-Small,XX-Large","Rs
1399",699,50% off,Westernwear-Women
881,Insense,Printed regular neck polyester womens pullover - charcoal,"Size:M/L,XL/XXL,XS/S","Rs
999",499,50% off,Westernwear-Women
882,Zink london,Textured polyester round neck womens straight top - maroon,Size:Small,"Rs
1599",959,40% off,Westernwear-Women
883,Levis,Solid collared neck cotton elastane womens casual jacket - indigo,"Size:Large,Medium,Small,X-Small",Nan,3599,No Discount,Westernwear-Women
884,Fratini,Printed collar neck viscose womens regular dress - wine,"Size:Large,Medium,Small","Rs
1499",749,50% off,Westernwear-Women
885,Life,Printed square neck viscose womens regular dress - red,"Size:Large,Medium,Small,X-Large,X-Small","Rs
1499",749,50% off,Westernwear-Women
886,Zink london,Printed rayon round neck womens peplum top - black,"Size:Large,Medium,Small,X-Large,X-Small,XX-Large","Rs
1599",499,69% off,Westernwear-Women
887,Madame,Checks polyester lapel collar womens shirt - dusty pink,"Size:Large,Medium,Small,X-Large","Rs
1799",1259,30% off,Westernwear-Women
888,Fratini,Printed regular fit chiffon womens maxi dress - pink,"Size:Large,Medium,Small,X-Large,XX-Large",Nan,2199,No Discount,Westernwear-Women
889,Stop,Solid collar neck cotton blend womens regular top - white,"Size:Large,X-Large","Rs
999",499,50% off,Westernwear-Women
890,Insense,Half sleeves night wear womens t-shirt - blush,"Size:Large,Medium,Small,X-Small","Rs
399",199,50% off,Westernwear-Women
891,Life,Solid denim womens regular length dungarees - black,"Size:Large,Medium,Small,X-Large,X-Small","Rs
2299",1149,50% off,Westernwear-Women
892,Faballey,Floral square neck georgette womens maxi dress - olive,"Size:Large,Medium,Small,X-Large,X-Small","Rs
2700",2160,20% off,Westernwear-Women
893,Madame,Floral polyester v neck womens regular top - black,"Size:Large,Medium,Small,X-Large,XX-Large,XXX-Large","Rs
1999",1399,30% off,Westernwear-Women
894,Faballey,Embellished halter neck georgette womens maxi dress - purple,"Size:Large,Medium,Small,X-Large,X-Small","Rs
2950",2360,20% off,Westernwear-Women
895,Rare,Printed v-neck polyester womens fit and flare dress - black,"Size:Large,Medium,Small","Rs
2399",959,60% off,Westernwear-Women
896,Infuse,Printed round neck rayon womens regular fit a-line dress - black,"Size:Large,Medium,Small,X-Large,XX-Large","Rs
1299",519,60% off,Westernwear-Women
897,Life,Solid round neck single jersey womens t-shirt - mustard,"Size:Large,Medium,Small,X-Large,X-Small","Rs
599",299,50% off,Westernwear-Women
898,Juniper,Printed collar neck crepe womens fushion wear jacket - mustard,"Size:Large,Medium,Small,X-Large,X-Small","Rs
1899",569,70% off,Westernwear-Women
899,And,Solid polyester round neck womens flared dress - powder blue,"Size:8,10,12,14,16,18","Rs
3099",2479,20% off,Westernwear-Women
900,Kraus,Flare fit full length cotton blend womens jeans - blue,"Size:28,30,32,34,36","Rs
1895",1326,30% off,Westernwear-Women
901,Stop,Printed viscose round neck womens regular top - rust,"Size:Large,Medium,Small,X-Large,XX-Large","Rs
999",499,50% off,Westernwear-Women
902,Altlife,Printed cotton round neck womens active wear t-shirt - fuschia,"Size:Large,Medium,Small,X-Large,X-Small,XX-Large","Rs
399",199,50% off,Westernwear-Women
903,Iti,Womens solid flutter sleeves boat neck fit and flare maxi dress - red,"Size:Large,Medium,Small,X-Large,X-Small",Nan,2999,No Discount,Westernwear-Women
904,Madame,Solid cotton mandarin womens top - aqua,"Size:Large,Medium,Small,X-Large","Rs
2399",1679,30% off,Westernwear-Women
905,Allen solly,Printed polyester v-neck womens top - red,"Size:Large,Medium,Small,X-Small,XX-Large","Rs
1499",899,40% off,Westernwear-Women
906,Life,Printed cotton blend hood womens sweatshirt - pink,"Size:Large,Medium,Small,X-Large,X-Small","Rs
1299",649,50% off,Westernwear-Women
907,And,Solid polyester round neck womens straight top - sage,"Size:8,10,12,14,16,18","Rs
1899",1519,20% off,Westernwear-Women
908,Rare,Solid polyester v neck womens a-line dress - navy,"Size:Large,Medium,X-Large","Rs
1899",854,55% off,Westernwear-Women
909,Life,Solid cotton wide neck womens regular top - white,"Size:Large,Medium,Small,X-Large,X-Small","Rs
1199",599,50% off,Westernwear-Women
910,Madame,Printed cotton blend square neck womens regular top - off white,"Size:Large,Small,X-Large,XX-Large","Rs
1799",1079,40% off,Westernwear-Women
911,Rare,Printed v-neck polyester womens fit and flare dress - yellow,"Size:Large,Medium,Small,X-Large","Rs
2399",1079,55% off,Westernwear-Women
912,Vero moda,Textured round neck cotton womens  dresses - white,"Size:Large,Medium,Small,X-Large,X-Small","Rs
3999",2399,40% off,Westernwear-Women
913,Forever new,Polka dots round neck viscose womens regular top - print,Size:6,"Rs
3200",1600,50% off,Westernwear-Women
914,Altlife,Printed cotton regular neck womens t-shirt - white,"Size:Large,Medium,Small,X-Large,X-Small,XX-Large","Rs
599",299,50% off,Westernwear-Women
915,Altlife,Printed cotton round neck womens active wear t-shirt - anthra,"Size:Large,Medium,Small,X-Large,X-Small","Rs
399",199,50% off,Westernwear-Women
916,Cover story,Printed round neck poly mesh womens regular dress - pink,"Size:Small,X-Small","Rs
3790",2274,40% off,Westernwear-Women
917,Vero moda,Stripes viscose blend shirt collar womens casual shirt - pink,"Size:Large,Medium,Small,X-Large,X-Small","Rs
2299",1149,50% off,Westernwear-Women
918,Infuse,Printed polyester round neck womens regular fit woven top - beige,"Size:Large,Medium,Small,X-Large,XX-Large","Rs
799",319,60% off,Westernwear-Women
919,Life,Checks cotton blend square neck womens regular top - blue,"Size:Large,Medium,Small,X-Large,X-Small","Rs
1299",649,50% off,Westernwear-Women
920,Infuse,Printed cotton round neck womens regular fit t-shirt - yellow,"Size:Large,Medium,Small,X-Large,X-Small,XX-Large","Rs
799",239,70% off,Westernwear-Women
921,Zink london,Abstract viscose blend v neck womens top - mustard,"Size:Large,Medium,Small,X-Large,X-Small,XX-Large","Rs
1699",1019,40% off,Westernwear-Women
922,Faballey,Polka dots sleeveless georgette womens regular length jumpsuit - pink,"Size:Large,Medium,Small","Rs
2400",1920,20% off,Westernwear-Women
923,Spykar,Polyester cotton regular fit womens jeans - light blue,"Size:26,28,30,32,34,36","Rs
2299",1609,30% off,Westernwear-Women
924,Faballey,Solid georgette off shoulder womens regular dress - green,"Size:Small,X-Small","Rs
2800",2240,20% off,Westernwear-Women
925,Fratini,Embroidered cotton round neck womens t-shirt - lilac,"Size:Large,Medium,Small,X-Large,XX-Large",Nan,599,No Discount,Westernwear-Women
926,Life,Skinny fit ankle length cotton lycra womens jeans - black,"Size:26,28,30,32,36","Rs
999",499,50% off,Westernwear-Women
927,Stop,Printed collar neck cotton womens formal wear shirt - navy,"Size:Large,Medium,Small,X-Large,XX-Large","Rs
799",399,50% off,Westernwear-Women
928,And,Solid polyester round neck womens straight top - cream,"Size:8,10,12,14,16,18","Rs
1899",1234,35% off,Westernwear-Women
929,Kraus,Skinny fit ankle length cotton blend womens jeans - light blue,"Size:28,30,32,34","Rs
1895",1326,30% off,Westernwear-Women
930,Madame,Solid polyester square neck womens top - aqua,"Size:Large,Medium,X-Large,XX-Large","Rs
1699",1189,30% off,Westernwear-Women
931,Zink london,Printed polyester round neck womens top - green,"Size:Large,Medium,Small,X-Large,X-Small,XX-Large","Rs
1499",899,40% off,Westernwear-Women
932,Only,Tie dye and batik relaxed fit cotton womens casual wear pants - purple,"Size:Large,Medium,Small,X-Large,X-Small","Rs
2699",1619,40% off,Westernwear-Women
933,Spykar,Cotton lycra regular fit womens jeans - dark blue,"Size:26,28,30,32,34,36","Rs
2299",1609,30% off,Westernwear-Women
934,Vero moda,Textured cotton blended round neck womens t-shirt - black,"Size:Large,Medium,Small,X-Large,X-Small","Rs
999",699,30% off,Westernwear-Women
935,And,Floral linen v neck womens flared dress - pink,"Size:8,10,12,14,16,18","Rs
3499",2799,20% off,Westernwear-Women
936,Stop,Solid nr roma regular neck womens regular dress - dusty pink,"Size:Large,Medium,Small,X-Large,X-Small,XX-Large",Nan,1999,No Discount,Westernwear-Women
937,Infuse,Skinny fit ankle length cotton lycra womens jeans - mid stone,"Size:26,28,30,32,34,36","Rs
1499",599,60% off,Westernwear-Women
938,Faballey,Printed lace round neck womens regular dress - purple,Size:Small,"Rs
2600",2080,20% off,Westernwear-Women
939,Life,Fit ankle length denim womens jeans - mid stone,"Size:26,28,30,32,34,36","Rs
1699",849,50% off,Westernwear-Women
940,Zink london,Solid rayon one shoulder womens top - black,"Size:Large,Medium,Small,X-Large","Rs
1499",899,40% off,Westernwear-Women
941,Rare,Solid polyester round neck womens a-line dress - navy,"Size:Medium,Small","Rs
1799",809,55% off,Westernwear-Women
942,Magre,Solid polyester blend regular fit womens casual pants - natural,"Size:Large,Medium,Small","Rs
2390",1434,40% off,Westernwear-Women
943,Kraus,Clean look cotton relaxed fit womens jeans - blue,"Size:28,30,32,34","Rs
1695",1525,10% off,Westernwear-Women
944,Zink london,Embroidered cotton round neck womens top - off white,"Size:Large,Medium,Small,X-Large,X-Small,XX-Large","Rs
2199",1319,40% off,Westernwear-Women
945,Forever new,Solid polyester cowl neck womens regular dress - rose,Size:12,"Rs
8000",4800,40% off,Westernwear-Women
946,Cover story,Solid regular fit poly cotton womens trousers - blue,"Size:26,28,30,32,34","Rs
1990",1194,40% off,Westernwear-Women
947,Life,Embroidered cotton round neck womens regular t-shirt - navy,"Size:Large,Medium,Small,X-Large,X-Small","Rs
499",249,50% off,Westernwear-Women
948,Zink london,Polyester women tiered dress - red,"Size:Small,XX-Large","Rs
4499",1799,60% off,Westernwear-Women
949,Iti,Solid georgette round neck womens top - red,Size:X-Small,"Rs
1799",399,78% off,Westernwear-Women
950,Faballey,Solid crepe v neck womens regular dress - green,"Size:Medium,Small,X-Small","Rs
2400",1920,20% off,Westernwear-Women
951,And,Foil polyester square neck womens top - aqua,"Size:14,16,18","Rs
1799",1619,10% off,Westernwear-Women
952,Latin quarters,Dyed v-neck rayon womens regular dress - green,"Size:S,L","Rs
1999",799,60% off,Westernwear-Women
953,Fratini,Embellished cotton round neck womens t-shirt - white,"Size:Large,Medium,Small,X-Large,XX-Large",Nan,899,No Discount,Westernwear-Women
954,Spykar,Cotton slim fit womens jeans - white,"Size:26,28,30,32,34","Rs
2299",1609,30% off,Westernwear-Women
955,Only,Printed cotton round neck womens t-shirt - green,"Size:Large,Medium,Small,X-Small","Rs
1999",1399,30% off,Westernwear-Women
956,Rare,Solid polyester round neck womens a-line dress - blue,"Size:Medium,Small","Rs
2399",1079,55% off,Westernwear-Women
957,Kraus,Checks collar neck rayon womens casual shirt - black,Size:Small,"Rs
1299",649,50% off,Westernwear-Women
958,Only,All over print cotton round neck womens t-shirt - blue,"Size:Large,Medium,Small,X-Large,X-Small","Rs
1499",749,50% off,Westernwear-Women
959,Vero moda,Stripes v neck cotton womens casual wear blazers - blue,"Size:Large,Medium,Small,X-Large,X-Small","Rs
3299",2309,30% off,Westernwear-Women
960,Zink london,Checks mandarin cotton womens casual shirt - white,"Size:Small,X-Small","Rs
1599",959,40% off,Westernwear-Women
961,Latin quarters,Printed v-neck polyester womens regular dress - blue,"Size:S,XX-Large",Nan,2699,No Discount,Westernwear-Women
962,Zink london,Solid cotton v neck womens top - green,"Size:Large,Medium,Small,X-Large,X-Small","Rs
1599",959,40% off,Westernwear-Women
963,Vero moda,Solid cotton round neck womens casual jacket - black,"Size:Large,Medium,Small,X-Large,X-Small","Rs
2999",2099,30% off,Westernwear-Women
964,Rare,Printed polyester round neck womens regular fit top - navy,"Size:Large,Medium,Small,X-Large","Rs
1499",599,60% off,Westernwear-Women
965,Only,Self design cotton collar neck womens top - green,"Size:Large,Medium,Small,X-Large,X-Small","Rs
1799",1259,30% off,Westernwear-Women
966,Faballey,Textured georgette round neck womens regular dress - black,"Size:Large,Medium,Small,X-Large,X-Small","Rs
2400",1920,20% off,Westernwear-Women
967,Forever new,Checks polyester square neck womens top - print,"Size:4,6,8,10,12","Rs
4000",2600,35% off,Westernwear-Women
968,Zink london,Solid square neck polyester womens dresses - pink,"Size:Large,Medium,X-Large","Rs
2299",1149,50% off,Westernwear-Women
969,Zink london,Floral viscose round neck womens straight top - off white,"Size:Large,Medium,Small,X-Large,X-Small","Rs
1499",899,40% off,Westernwear-Women
970,Life,Embroidered v-neck viscose womens regular top - off white,"Size:Large,Medium,Small,X-Large,X-Small","Rs
1299",649,50% off,Westernwear-Women
971,Allen solly,Solid polyester regular neck womens blazer - black,"Size:Large,Medium,Small,X-Large,X-Small,XX-Large","Rs
3799",2799,26% off,Westernwear-Women
972,Life,Printed viscose wide neck womens regular top - navy,"Size:Large,Medium,Small,X-Small","Rs
699",349,50% off,Westernwear-Women
973,Life,Printed cotton blend round neck womens top - olive,"Size:Large,Medium,Small,X-Large,X-Small","Rs
799",399,50% off,Westernwear-Women
974,Latin quarters,Solid rayon v neck womens regular dress - green,"Size:S,M,L","Rs
1999",1399,30% off,Westernwear-Women
975,Madame,Solid cotton round neck womens top - peach,"Size:Large,Medium,Small,X-Large,XX-Large","Rs
2199",1319,40% off,Westernwear-Women
976,Only,Light wash cotton straight fit womens jeans - blue,"Size:25,26,27,28,29,30,31,32,33,34","Rs
3699",2589,30% off,Westernwear-Women
977,Rare,Floral polyester round neck womens regular top - yellow,"Size:Large,Medium,Small","Rs
1199",539,55% off,Westernwear-Women
978,Life,Printed cotton blend collar neck womens top - blue,"Size:Large,Medium,Small,X-Large,X-Small","Rs
899",449,50% off,Westernwear-Women
979,Kraus,Wide ankle length cotton womens jeans - blue,"Size:28,30,32,34,36","Rs
1795",1256,30% off,Westernwear-Women
980,Latin quarters,Solid polyester womens regular dress - black,"Size:S,M,L,XL","Rs
2999",2099,30% off,Westernwear-Women
981,Vero moda,Solid collared cotton womens  dresses - blue,"Size:Large,Medium,Small,X-Large,X-Small","Rs
2999",2099,30% off,Westernwear-Women
982,Fratini,Regular fit above knee tencel womens casual shorts - mid stone,"Size:26,28,30,32,34,36","Rs
1299",649,50% off,Westernwear-Women
983,Rare,Floral polyester square neck womens regular top - black,"Size:Large,Medium,Small","Rs
1399",559,60% off,Westernwear-Women
984,Madame,Printed cotton blend womens regular top - peach,"Size:Large,Medium,Small,X-Large,XX-Large","Rs
1699",1019,40% off,Westernwear-Women
985,Infuse,Embroidered cotton round neck womens regular fit t-shirt - peach,"Size:Large,Medium,Small,X-Large,X-Small,XX-Large","Rs
799",239,70% off,Westernwear-Women
986,Zink london,Womens stripes square neck a-line midi dress - honey,"Size:Large,Medium","Rs
2999",599,80% off,Westernwear-Women
987,Cover story,Solid cotton spandex round neck womens t-shirt - lavender,"Size:Large,Medium,Small,X-Large,X-Small","Rs
990",693,30% off,Westernwear-Women
988,Fratini,Sanya malhotra solid viscose linen boat neck womens jumpsuit - olive,"Size:Large,Medium,Small,X-Large,XX-Large",Nan,1899,No Discount,Westernwear-Women
989,Fratini,Printed polyester blend round neck womens regular top - grey,"Size:Large,Medium,Small,X-Large,XX-Large",Nan,1299,No Discount,Westernwear-Women
990,Life,Solid round neck rayon womens woven top - navy,"Size:Large,Medium,Small,X-Large,X-Small","Rs
1299",649,50% off,Westernwear-Women
991,Van heusen,Textured polyester round neck womens dress - black,"Size:Large,Medium,Small,X-Large,X-Small","Rs
2999",1499,50% off,Westernwear-Women
992,Enamor,Cotton blend womens lounge pants - brick,"Size:XL,Large,Medium,Small,XX-Large","Rs
949",664,30% off,Westernwear-Women
993,Fratini,Solid band collar polyester womens woven top - blue,"Size:Large,Medium,X-Large,XX-Large","Rs
999",499,50% off,Westernwear-Women
994,Insense,Solid regular neck polyester blend womens pullover - black,"Size:Large,Medium,Small,X-Large,X-Small","Rs
899",449,50% off,Westernwear-Women
995,Zink london,Printed round neck polyester womens dresses - blue,"Size:Large,Medium,Small","Rs
2399",699,71% off,Westernwear-Women
996,Only,Printed cotton round neck womens t-shirt - olive,"Size:Large,Medium,Small,X-Large,X-Small","Rs
1299",649,50% off,Westernwear-Women
997,Life,Solid cotton collar neck womens regular top - powder blue,"Size:Large,Medium,Small,X-Large,X-Small","Rs
1299",649,50% off,Westernwear-Women
998,Stop,Solid regular fit viscose blend womens formal leggings - black,"Size:28,32,34,36","Rs
999",499,50% off,Westernwear-Women
999,Global desi,Womens regular fit geometric top - sage,"Size:XL,Large,Small,X-Small,XX-Large","Rs
1699",509,70% off,Westernwear-Women
1000,Life,Printed regular fit tencel womens joggers - olive,"Size:26,28,30,32,34","Rs
1499",749,50% off,Westernwear-Women
1001,Altlife,Solid skinny fit cotton blend womens active wear tights - black,"Size:28,30,32,34,36","Rs
999",499,50% off,Westernwear-Women
1002,Cover story,Solid viscose round neck womens dress - green,"Size:Large,Medium,Small,X-Large,X-Small","Rs
2890",2023,30% off,Westernwear-Women
1003,Fratini,Solid cotton round neck womens t-shirt - pink,"Size:Large,Medium,Small,X-Large,XX-Large","Rs
799",399,50% off,Westernwear-Women
1004,Fratini,Printed polyester round neck womens regular woven top - lilac,"Size:Large,Medium,Small,X-Large,XX-Large","Rs
1299",649,50% off,Westernwear-Women
1005,Only,Viscose womens regular top - green,"Size:34,36,38,40","Rs
2299",1379,40% off,Westernwear-Women
1006,Vero moda,Textured round neck polyester womens top - black,"Size:Large,Medium,Small,X-Large,X-Small","Rs
1999",999,50% off,Westernwear-Women
1007,Life,Solid collar neck denim womens casual wear jacket - pink,"Size:Large,Medium,Small,X-Large,X-Small","Rs
1699",849,50% off,Westernwear-Women
1008,Zink london,Abstract viscose round neck womens maxi dress - cream,"Size:Large,Medium,Small,X-Large,XX-Large","Rs
2999",1799,40% off,Westernwear-Women
1009,And,Solid polyester square neck womens flared gown - red,"Size:6,8,10,12,14,16",Nan,3099,No Discount,Westernwear-Women
1010,Infuse,Solid cotton round neck womens regular fit t-shirt - grey melange,"Size:Large,Medium,Small,X-Small","Rs
399",199,50% off,Westernwear-Women
1011,Van heusen,Solid cotton regular fit womens trousers - black,"Size:28,30,32,34","Rs
1699",999,41% off,Westernwear-Women
1012,Infuse,Printed cotton round neck womens regular fit top - multi,"Size:Large,Medium,X-Large","Rs
699",279,60% off,Westernwear-Women
1013,Latin quarters,Solid shirt collar cotton womens regular fit dress - blue,"Size:S,X-Small","Rs
2499",1249,50% off,Westernwear-Women
1014,Madame,Graphic polyester round neck womens t-shirt - pink,"Size:Large,Medium,Small,X-Large","Rs
999",599,40% off,Westernwear-Women
1015,Sera,Solid round neck cotton womens bodycon dress - black,"Size:Medium,Small,X-Large","Rs
1694",762,55% off,Westernwear-Women
1016,Life,Printed cotton round neck womens active wear t-shirt - blush,"Size:Large,Medium,Small,X-Large,X-Small,XX-Large","Rs
399",199,50% off,Westernwear-Women
1017,Zink london,Printed round neck polyester womens a-line dress - navy,"Size:Medium,Small","Rs
2799",1679,40% off,Westernwear-Women
1018,Kraus,Flared full length cotton blend womens jeans - white,"Size:28,30,32,34,36","Rs
1895",1705,10% off,Westernwear-Women
1019,Jealous 21,Solid tencel collar neck womens casual shirt - red,"Size:Large,Medium,Small,X-Large",Nan,1899,No Discount,Westernwear-Women
1020,Pepe,Fit regular length denim womens jeans - mid blue,"Size:26,28,30,32,34","Rs
2399",1439,40% off,Westernwear-Women
1021,Forever new,Solid full sleeves polyester womens full length jumpsuit - red,"Size:6,8,10",Nan,7800,No Discount,Westernwear-Women
1022,Stop,Printed collared neck polyester womens formal shirt - peach,"Size:Large,Medium,Small,X-Large","Rs
999",499,50% off,Westernwear-Women
1023,And,Floral round neck polyester womens straight jumpsuits - multi,"Size:8,10,12,14,16",Nan,3499,No Discount,Westernwear-Women
1024,Rare,Solid polyester round neck womens a-line dress - navy,"Size:Large,Medium,Small,X-Large","Rs
1899",854,55% off,Westernwear-Women
1025,Fratini,Regular fit regular length nr roma womens treggings - anthra melange,"Size:26,28,30,32,34,36","Rs
1299",649,50% off,Westernwear-Women
1026,Zink london,Striped square neck rayon womens shift dress - maroon,"Size:Large,Medium,X-Large","Rs
2399",959,60% off,Westernwear-Women
1027,Latin quarters,Solid polyester womens regular dress - black,"Size:S,M,L,XL,X-Small","Rs
2799",1399,50% off,Westernwear-Women
1028,Life,Solid viscose round neck womens regular dress - olive,"Size:Large,Medium,Small,X-Large,X-Small","Rs
1499",749,50% off,Westernwear-Women
1029,Rare,Floral polyester off shoulder womens flared dress - yellow,"Size:Large,Medium,Small,X-Large","Rs
1799",719,60% off,Westernwear-Women
1030,Cover story,Solid poly spandex womens regular dress - grey,"Size:Large,Medium,X-Large","Rs
5490",3294,40% off,Westernwear-Women
1031,Life,Printed cotton blend collar neck womens bodycon dress - red,"Size:Large,Medium,Small,X-Large,X-Small","Rs
1299",649,50% off,Westernwear-Women
1032,Only,All over print polyester v neck womens top - black,"Size:34,36,38,40,42","Rs
2499",1749,30% off,Westernwear-Women
1033,Zink london,Striped cotton round neck womens regular fit t-shirt - multi,"Size:Large,Medium,X-Small,XX-Large","Rs
1299",399,69% off,Westernwear-Women
1034,Dolce crudo,Womens collected fiction denim pant - blue,"Size:26,28,32","Rs
2499",999,60% off,Westernwear-Women
1035,And,Solid polyester v neck womens regular gown - red,"Size:8,12,14,16,18","Rs
2899",2319,20% off,Westernwear-Women
1036,Cover story,Solid regular polyester womens casual wear trousers - black,"Size:26,28,30,32,34",Nan,2590,No Discount,Westernwear-Women
1037,Vero moda,Printed sweetheart neck cotton womens  dresses - red,"Size:Large,Medium,Small,X-Large,X-Small","Rs
3299",1979,40% off,Westernwear-Women
1038,Allen solly,Solid cotton v neck womens shirt - dark green,"Size:Large,Medium,Small,X-Large,X-Small,XX-Large","Rs
2299",1839,20% off,Westernwear-Women
1039,And,Floral polyester v neck womens regular dress - teal,"Size:8,10,12,16,18","Rs
2499",1249,50% off,Westernwear-Women
1040,Kraus,Solid collar neck lyocell womens midi dress - black,"Size:Large,Medium,Small","Rs
1895",1326,30% off,Westernwear-Women
1041,Vero moda,Printed viscose shirt collar womens top - cloud,"Size:Large,Medium,Small,X-Large,X-Small","Rs
1999",1599,20% off,Westernwear-Women
1042,Latin quarters,Dyed round neck rayon womens regular blouse - white,"Size:S,L","Rs
1399",499,64% off,Westernwear-Women
1043,Zink london,Womens regular fit boat neck structured top - cream,Size:Large,"Rs
899",499,44% off,Westernwear-Women
1044,Altlife,Printed cotton round neck womens active wear t-shirt - mustard,"Size:Large,Medium,Small,X-Large,X-Small,XX-Large","Rs
399",199,50% off,Westernwear-Women
1045,Fratini,Printed collar neck viscose womens regular dress - blue,"Size:Large,Medium,Small,XX-Large","Rs
1499",749,50% off,Westernwear-Women
1046,And,Floral round neck polyester womens midi dress - powder blue,"Size:8,10,12,14,16,18",Nan,3099,No Discount,Westernwear-Women
1047,Infuse,Stripe cotton round neck womens regular fit t-shirt - pink,Size:Small,"Rs
499",199,60% off,Westernwear-Women
1048,Latin quarters,Printed v- neck polyester womens regular dress - yellow,Size:L,"Rs
2499",799,68% off,Westernwear-Women
1049,Latin quarters,Printed viscose womens regular blouse - yellow,"Size:S,M,L,XL,XX-Large","Rs
1499",749,50% off,Westernwear-Women
1050,Levis,Slim fit regular length cotton womens jeans - black,"Size:28,30,32,34",Nan,3399,No Discount,Westernwear-Women
1051,Stop,Stripes viscose blend regular neck womens top - olive,"Size:Large,Medium,Small,X-Large,X-Small,XX-Large","Rs
999",499,50% off,Westernwear-Women
1052,Kraus,Wide fit ankle length cotton womens jeans - aqua,"Size:28,30,32,34,36","Rs
1695",1525,10% off,Westernwear-Women
1053,Madame,Solid cotton blend round neck womens tops - green,"Size:Large,Medium,Small,X-Large,XX-Large","Rs
1599",959,40% off,Westernwear-Women
1054,Life,Solid blended v neck womens top - pink,"Size:Large,Medium,Small,X-Large,X-Small","Rs
1299",649,50% off,Westernwear-Women
1055,Infuse,Graphic cotton round neck womens regular fit t-shirt - brick,"Size:Large,Medium,Small,X-Large,X-Small,XX-Large","Rs
799",239,70% off,Westernwear-Women
1056,Madame,Solid cotton blend round neck womens tops - black,"Size:Large,Medium,Small,X-Large,XX-Large","Rs
1899",1329,30% off,Westernwear-Women
1057,Kraus,Mom fit ankle length cotton womens jeans - white,"Size:28,30,32","Rs
1795",1256,30% off,Westernwear-Women
1058,Fratini,Solid viscose v-neck womens regular top - yellow,"Size:Large,Medium,Small,X-Large,XX-Large",Nan,999,No Discount,Westernwear-Women
1059,Allen solly,Solid regular fit polyester womens formal wear trousers - black,"Size:26,28,30,32,34,36","Rs
2299",1379,40% off,Westernwear-Women
1060,Vero moda,Solid polyester round neck womens  shirts - pink,"Size:Large,Medium,Small,X-Large,X-Small","Rs
2499",1999,20% off,Westernwear-Women
1061,Rare,Solid polyester round neck womens flared dress - navy,"Size:Large,Medium,X-Large","Rs
1399",699,50% off,Westernwear-Women
1062,Stop,Printed regular neck cotton womens formal shirt - white,"Size:Large,Medium,Small,X-Large,X-Small,XX-Large",Nan,899,No Discount,Westernwear-Women
1063,Sera,Womens printed fit & flare dress - blue,"Size:Medium,Small,X-Large","Rs
1294",647,50% off,Westernwear-Women
1064,Jockey,Womens solid shorts - black,"Size:Large,Medium,Small",Nan,259,No Discount,Westernwear-Women
1065,Altlife,Solid cotton full length womens joggers - wine,"Size:28,30,32,34,36","Rs
999",499,50% off,Westernwear-Women
1066,Vero moda,Solid shirt collar cotton womens casual shirt - purple,"Size:Large,Medium,Small,X-Large,X-Small","Rs
2299",1839,20% off,Westernwear-Women
1067,Kraus,Solid cotton round neck womens crop top - white,"Size:Large,Medium,Small,X-Small","Rs
1299",909,30% off,Westernwear-Women
1068,And,Solid cotton round neck womens regular dress - black,"Size:6,8,10,12,14,16","Rs
2499",1999,20% off,Westernwear-Women
1069,Only,Sequins polyester womens dress - white,"Size:34,36,38,40,42","Rs
4499",2249,50% off,Westernwear-Women
1070,And,Solid acrylic boat neck womens straight top - pink,"Size:8,10,12,14,16,18","Rs
3099",1549,50% off,Westernwear-Women
1071,Zink london,Stripes collar neck polyester womens a-line dress - maroon,"Size:Large,Medium,Small","Rs
2699",1619,40% off,Westernwear-Women
1072,Infuse,Printed rayon collar neck womens regular fit dress - navy,"Size:Large,Medium,Small,X-Large,XX-Large","Rs
1299",519,60% off,Westernwear-Women
1073,Pepe,Graphic cotton crew neck womens t-shirt - navy,"Size:Large,Medium,Small,X-Large","Rs
1699",1019,40% off,Westernwear-Women
1074,Cover story,Solid blended v neck womens t-shirt - grey,"Size:Large,Medium,Small,X-Large,X-Small",Nan,1490,No Discount,Westernwear-Women
1075,Allen solly,Solid polyester v neck womens shirt - grey,"Size:Large,Medium,Small,X-Large,X-Small,XX-Large","Rs
2299",1839,20% off,Westernwear-Women
1076,Zink london,Floral rayon v neck womens dress - white,"Size:Large,Medium,Small,X-Large","Rs
2399",1199,50% off,Westernwear-Women
1077,Life,Printed v-neck viscose womens regular top - wine,"Size:Medium,Small,X-Large,X-Small","Rs
1199",599,50% off,Westernwear-Women
1078,Only,Stripes cotton round neck womens sweater - white,"Size:Large,Medium,Small,X-Large,X-Small","Rs
2299",1379,40% off,Westernwear-Women
1079,Zink london,Printed polyester v neck womens shrug - green,"Size:Large,Medium,Small,X-Large,X-Small","Rs
1499",899,40% off,Westernwear-Women
1080,Rare,Floral georgette off shoulder womens flared dress - green,"Size:Large,Medium,Small,X-Large","Rs
1899",854,55% off,Westernwear-Women
1081,Van heusen,Solid polyester regular fit womens pants - black,"Size:26,30,32","Rs
2199",1499,32% off,Westernwear-Women
1082,Life,Solid viscose blend round neck womens t-shirt - yellow,"Size:Large,Medium,Small,X-Large,X-Small","Rs
699",349,50% off,Westernwear-Women
1083,Faballey,Printed cotton square neck womens top - purple,"Size:Large,Medium,Small,X-Large,X-Small","Rs
1500",1200,20% off,Westernwear-Women
1084,Infuse,Solid cotton blend square neck womens regular fit top - pink,"Size:Large,Medium,Small,X-Large,X-Small","Rs
699",279,60% off,Westernwear-Women
1085,Rare,Solid boat neck polyester womens fit and flare dress - yellow,"Size:Large,Medium,Small,X-Large","Rs
1990",895,55% off,Westernwear-Women
1086,Only,Aop polyester v neck womens top - white,"Size:34,36,38,40,42","Rs
2299",1379,40% off,Westernwear-Women
1087,Latin quarters,Solid polyester womens regular dress - wine,"Size:S,M,L,XL",Nan,3399,No Discount,Westernwear-Women
1088,Vero moda,Solid polyester normal fit womens casual pants - purple,"Size:Large,Medium,Small,X-Small","Rs
3499",1749,50% off,Westernwear-Women
1089,Altlife,Regular fit thigh length cotton womens active wear shorts - blush,"Size:28,30,32,34,36","Rs
499",249,50% off,Westernwear-Women
1090,Juniper,Womens off-white rayon slub floral print ethnic jumpsuit - off white,"Size:Large,Medium,Small,X-Large,XX-Large","Rs
2599",1039,60% off,Westernwear-Women
1091,Zink london,Solid cotton collar neck womens co-ordinate set - coral,"Size:Large,Medium,Small,X-Large","Rs
2999",1799,40% off,Westernwear-Women
1092,Vero moda,Textured v neck polyester womens  dresses - yellow,"Size:Large,Medium,Small,X-Large,X-Small","Rs
2999",1799,40% off,Westernwear-Women
1093,Zink london,Printed cotton round neck womens regular fit t-shirt - red,"Size:Large,Medium,Small,X-Small,XX-Large","Rs
1299",399,69% off,Westernwear-Women
1094,Juniper,Embroidered round neck rayon womens tiered dress - baby pink,"Size:4X-Large,5X-Large,X-Large","Rs
3299",989,70% off,Westernwear-Women
1095,Enamor,Cotton blend womens lounge pants - charcoal,"Size:XL,Large,Medium,Small,XX-Large","Rs
949",664,30% off,Westernwear-Women
1096,Altlife,Solid cotton stretch full length womens joggers - wine,"Size:28,30,32,34,36","Rs
1299",649,50% off,Westernwear-Women
1097,Zink london,Solid round neck polyester womens regular top - pink,"Size:Large,Medium,X-Large","Rs
1399",839,40% off,Westernwear-Women
1098,Cover story,Solid round neck poly spandex womens dresses - wine,Size:X-Small,"Rs
3490",2443,30% off,Westernwear-Women
1099,And,Solid polyester collar neck womens straight top - blue,"Size:8,10,12,14,16,18","Rs
2099",1679,20% off,Westernwear-Women
1100,Infuse,Graphic cotton round neck womens regular fit t-shirt - biscuit,"Size:Large,Medium,Small,X-Large,X-Small","Rs
499",199,60% off,Westernwear-Women
1101,Fratini,Regular fit regular length nr roma womens treggings - navy,"Size:26,28,30,32,34,36","Rs
999",499,50% off,Westernwear-Women
1102,Rare,Solid georgette mandarin womens regular top - pink,Size:Small,"Rs
1199",539,55% off,Westernwear-Women
1103,Life,Printed viscose v-neck womens regular dress - yellow,"Size:Large,Medium,Small,X-Large,X-Small","Rs
1699",849,50% off,Westernwear-Women
1104,Life,Printed round neck viscose womens regular dress - sage,"Size:Large,Medium,Small,X-Large,X-Small","Rs
1499",749,50% off,Westernwear-Women
1105,Faballey,Printed georgette key hole neck womens regular top - orange,"Size:Large,Medium,Small,X-Large,X-Small","Rs
1600",1280,20% off,Westernwear-Women
1106,Latin quarters,Printed rayon v neck womens blouse - lilac,"Size:S,M,L,XL,XX-Large","Rs
1499",499,67% off,Westernwear-Women
1107,Zink london,Regular fit mid thigh cotton womens casual shorts - multi,"Size:Medium,Small,X-Small","Rs
1599",399,75% off,Westernwear-Women
1108,Cover story,Solid rayon nylon spandex sweetheart neck womens dress - blue,"Size:Large,Medium,Small,X-Large,X-Small","Rs
2890",2023,30% off,Westernwear-Women
1109,Life,Printed blended v neck womens a-line dress - red,"Size:Large,Medium,Small,X-Large,X-Small","Rs
1699",849,50% off,Westernwear-Women
1110,Stop,Solid regular neck tencel womens formal shirt - white,"Size:Large,Medium,Small,X-Large,X-Small,XX-Large",Nan,799,No Discount,Westernwear-Women
1111,Only,Checks short sleeves cotton womens knee length jumpsuits - white,"Size:34,36,38,40,42","Rs
3299",1979,40% off,Westernwear-Women
1112,Fratini,Solid regular fit lace womens midi dress - black,"Size:Large,Medium,Small,X-Large,XX-Large",Nan,1999,No Discount,Westernwear-Women
1113,Stop,Solid nr roma regular neck womens regular dress - natural,"Size:Large,Medium,Small,X-Large,X-Small,XX-Large","Rs
1999",999,50% off,Westernwear-Women
1114,Fratini,Printed cotton round neck womens regular t-shirt - grey melange,"Size:Large,Medium,Small,X-Large,XX-Large","Rs
699",349,50% off,Westernwear-Women
1115,Life,Regular fit mid thigh tencel womens casual shorts - olive,"Size:26,28,30,32,34","Rs
999",499,50% off,Westernwear-Women
1116,Life,Printed blended v neck womens top - off white,"Size:Large,Medium,Small,X-Large,X-Small","Rs
1299",649,50% off,Westernwear-Women
1117,Magre,Solid sleeveless polyester blend womens regular length jumpsuit - black,"Size:Large,Medium,Small","Rs
2599",1559,40% off,Westernwear-Women
1118,Infuse,Solid collared neck tencel womens regular fit shirt dress - mid blue,"Size:Large,Small,X-Small","Rs
1299",779,40% off,Westernwear-Women
1119,Stop,Solid cotton round neck womens regular t-shirt - black,"Size:Large,Medium,Small,X-Large,XX-Large","Rs
699",349,50% off,Westernwear-Women
1120,Altlife,Colour block cotton regular neck womens t-shirt - white,"Size:Large,Medium,Small,X-Large,X-Small,XX-Large","Rs
499",249,50% off,Westernwear-Women
1121,Fratini,Regular fit regular length polyester womens trousers - natural,"Size:26,28,30,32,34,36",Nan,1299,No Discount,Westernwear-Women
1122,Zink london,Stripes cotton collar neck womens straight top - off white,"Size:Large,Small,X-Large,X-Small","Rs
1399",839,40% off,Westernwear-Women
1123,Life,Printed round neck cotton womens top - navy,"Size:Large,Medium,Small,X-Large,X-Small","Rs
599",299,50% off,Westernwear-Women
1124,Allen solly,Solid round neck viscose womens fit and flare knit dress - pink,"Size:Large,Medium","Rs
2299",1499,35% off,Westernwear-Women
1125,Levis,Skinny fit regular length cotton womens jeans - dk indigo,"Size:28,30,32,34",Nan,3699,No Discount,Westernwear-Women
1126,Stop,Stripes v neck polyester womens regular dress - black,"Size:Large,Medium,Small,X-Large,XX-Large","Rs
1899",949,50% off,Westernwear-Women
1127,Life,Printed polyester blend round neck womens regular fit dress - tan,"Size:Large,Medium,Small,X-Large,X-Small","Rs
1299",649,50% off,Westernwear-Women
1128,Zink london,Printed polyester v neck womens dress - natural,"Size:Large,Medium,Small,X-Large,X-Small,XX-Large","Rs
2799",1679,40% off,Westernwear-Women
1129,Stop,Textured satin regular neck womens top - dusty pink,"Size:Large,Medium,Small,X-Large,X-Small,XX-Large",Nan,1299,No Discount,Westernwear-Women
1130,Van heusen,Checks polyester regular fit womens jacket - chocolate,"Size:Large,Medium,Small,X-Large,X-Small","Rs
3999",1499,63% off,Westernwear-Women
1131,And,Floral polyester square neck womens straight dress - sage,"Size:8,10,12,14,16","Rs
3099",2479,20% off,Westernwear-Women
1132,Infuse,Regular fit full length cotton womens loungewear pyjamas - black,"Size:28,30","Rs
599",299,50% off,Westernwear-Women
1133,Van heusen,Printed round neck polyester womens top - red,"Size:Large,Medium,Small,X-Large,X-Small","Rs
1699",999,41% off,Westernwear-Women
1134,Life,Printed round neck cotton womens top - anthra melange,"Size:Large,Medium,Small,X-Large,X-Small","Rs
699",349,50% off,Westernwear-Women
1135,Allen solly,Checks polyester regular fit womens blazer - navy,"Size:Large,Medium,Small,X-Large","Rs
3499",2799,20% off,Westernwear-Women
1136,Zink london,Solid cotton blend stretched womens high rise jeans - blue,"Size:Large,Medium,Small,X-Large","Rs
2699",1619,40% off,Westernwear-Women
1137,Only,Placement print cotton round neck womens t-shirt - pink,"Size:Large,Medium,Small,X-Large,X-Small","Rs
1499",899,40% off,Westernwear-Women
1138,Zink london,Polyester women regular dress - red,"Size:Large,Medium,Small,X-Large,X-Small,XX-Large","Rs
3499",1399,60% off,Westernwear-Women
1139,Zink london,Stripes polyester collar neck womens casual shirt - green,"Size:Large,Small","Rs
1499",899,40% off,Westernwear-Women
1140,Infuse,Floral rayon v neck womens strappy dress - navy,"Size:Large,Medium,Small,X-Large,X-Small,XX-Large","Rs
1499",749,50% off,Westernwear-Women
1141,Zink london,Regular fit calf length polyester womens party wear skirt - pink,"Size:Large,Medium,Small,X-Large,X-Small","Rs
1799",1079,40% off,Westernwear-Women
1142,Stop,Printed collar neck cotton womens formal wear shirt - pink,"Size:Large,Medium,Small,X-Large,XX-Large","Rs
799",399,50% off,Westernwear-Women
1143,Infuse,Regular fit full length cotton womens loungewear pyjamas - navy,Size:28,"Rs
599",299,50% off,Westernwear-Women
1144,Life,Solid cotton round neck womens a-line dress - cobalt,"Size:Large,Medium,Small,X-Large,X-Small","Rs
1499",749,50% off,Westernwear-Women
1145,Only,Flared fit cropped rayon blend womens jeans - black,"Size:Large,Medium,Small,X-Large,X-Small","Rs
2699",1889,30% off,Westernwear-Women
1146,Pepe,Statement cotton single jersey crew neck womens t-shirt - white,"Size:Large,Medium,Small,X-Large","Rs
1199",719,40% off,Westernwear-Women
1147,Cover story,Solid square neck polyester womens regular dress - navy,"Size:Large,Medium,X-Large,X-Small","Rs
3490",1745,50% off,Westernwear-Women
1148,Zink london,Printed polyester womens fit and flare dress - black,"Size:Medium,Small","Rs
2899",1159,60% off,Westernwear-Women
1149,Allen solly,Prints round neck viscose womens regular dress - multi,"Size:Medium,Small,X-Small","Rs
2499",1499,40% off,Westernwear-Women
1150,Altlife,Regular fit thigh length cotton womens active wear shorts - lime green,"Size:28,30,32,34,36","Rs
499",249,50% off,Westernwear-Women
1151,Madame,Printed polyester blend round neck womens regular top - green,"Size:Large,Medium,Small,X-Large,XX-Large","Rs
1499",1049,30% off,Westernwear-Women
1152,Fratini,Printed collar neck viscose womens regular dress - yellow,"Size:Large,Medium,Small,X-Large,XX-Large","Rs
1299",649,50% off,Westernwear-Women
1153,Cover story,Solid cotton spandex round neck womens t-shirt - blue,"Size:Large,X-Large","Rs
990",693,30% off,Westernwear-Women
1154,Zink london,Printed polyester womens fit and flare dress - navy,Size:X-Large,"Rs
2999",1199,60% off,Westernwear-Women
1155,Infuse,Embroidered cotton round neck womens regular fit t-shirt - sea blue,"Size:Large,Medium,Small,X-Large,X-Small,XX-Large","Rs
499",199,60% off,Westernwear-Women
1156,Fratini,Printed cotton round neck womens regular fit t-shirt - off white,"Size:Large,Medium,Small,X-Large,XX-Large","Rs
599",299,50% off,Westernwear-Women
1157,Altlife,Printed polyester blend regular neck womens t-shirt - grey,"Size:Large,Medium,Small,X-Large,X-Small,XX-Large","Rs
599",299,50% off,Westernwear-Women
1158,Van heusen,Solid polyester regular fit womens pants - navy,"Size:26,28,30,32,34,36",Nan,2199,No Discount,Westernwear-Women
1159,Zink london,Lace v neck polyester womens midi dress - white,"Size:Large,Medium,Small,X-Large","Rs
2699",2159,20% off,Westernwear-Women
1160,Life,Striped cotton round neck womens t-shirt - black mix,"Size:Large,Medium,Small,X-Large,X-Small","Rs
699",349,50% off,Westernwear-Women
1161,Only,Self design cotton front open womens top - white,"Size:34,36,38,40,42","Rs
2699",1619,40% off,Westernwear-Women
1162,Zink london,Solid viscose blend v neck womens jacket - purple,"Size:Large,Medium,Small,X-Large","Rs
1899",1139,40% off,Westernwear-Women
1163,Zink london,Geometric polyester round neck womens dress - off white,"Size:Large,Medium,Small,X-Large,X-Small,XX-Large","Rs
2699",1619,40% off,Westernwear-Women
1164,Life,Printed jersey round neck womens t-shirt - red,"Size:Large,Medium,Small,X-Large,X-Small","Rs
599",299,50% off,Westernwear-Women
1165,Faballey,Floral polyester v neck womens tops - red,"Size:Large,Medium,Small","Rs
1600",1280,20% off,Westernwear-Women
1166,And,Floral polyester v neck womens flared dress - yellow,"Size:10,18","Rs
3099",2479,20% off,Westernwear-Women
1167,Life,Printed viscose v-neck womens regular top - yellow,"Size:Large,Medium,Small,X-Large,X-Small","Rs
1199",599,50% off,Westernwear-Women
1168,Rare,Printed collarless polyester womens casual shirt - black,"Size:Large,Medium,Small,X-Large","Rs
1590",636,60% off,Westernwear-Women
1169,Stop,Solid regular neck cotton stretch womens formal shirt - olive,"Size:Large,Medium,Small,X-Large,X-Small,XX-Large",Nan,999,No Discount,Westernwear-Women
1170,Only,Cotton cropped womens t-shirt - pink,"Size:Large,Medium,Small,X-Small","Rs
699",559,20% off,Westernwear-Women
1171,Magre,Solid polyester blend regular fit womens casual pants - blue,"Size:Large,Medium,Small","Rs
2199",1319,40% off,Westernwear-Women
1172,Life,A-line fit mid thigh cotton lycra womens denim skirt - indigo,"Size:26,28,30,32,34","Rs
999",499,50% off,Westernwear-Women
1173,Allen solly,Solid polyester cotton round neck womens formal jacket - navy,"Size:Large,Medium,Small,X-Large,X-Small,XX-Large","Rs
3799",2279,40% off,Westernwear-Women
1174,Forever new,Solid viscose sweetheart neck womens top - porcelain,"Size:Large,Medium,Small,X-Small",Nan,2600,No Discount,Westernwear-Women
1175,Only,Solid half sleeves polyester womens maxi length jumpsuit - pink,"Size:34,36,38,40,42","Rs
3999",3199,20% off,Westernwear-Women
1176,Zink london,Geometric rayon round neck womens straight top - white,"Size:Large,Medium,Small,X-Small,XX-Large","Rs
1499",899,40% off,Westernwear-Women
1177,And,Solid v-neck polyester womens regular dress - rose,Size:8,"Rs
2499",1999,20% off,Westernwear-Women
1178,Latin quarters,Solid polyester womens regular dress - navy,"Size:S,M,L,XL,XX-Large",Nan,2999,No Discount,Westernwear-Women
1179,Faballey,Solid crepe v neck womens regular dress - black,"Size:Large,Medium,Small,X-Small","Rs
2200",1760,20% off,Westernwear-Women
1180,Only,Placement print cotton crew neck womens t-shirt - green,"Size:Large,Medium,Small,X-Large,X-Small","Rs
999",599,40% off,Westernwear-Women
1181,Altlife,Printed cotton stretch regular neck womens sweatshirt - black,"Size:Large,Medium,Small,X-Large,X-Small","Rs
1299",649,50% off,Westernwear-Women
1182,Lovegen,Womens mandarin neck checked shirt dress - checks,"Size:Small,X-Small","Rs
1999",399,80% off,Westernwear-Women
1183,And,Floral linen square neck womens straight top - pink mix,"Size:6,8,12,14,16","Rs
1399",1119,20% off,Westernwear-Women
1184,Madame,Polka dots polyester blend round neck womens dress - pink,"Size:Large,X-Large","Rs
2699",1619,40% off,Westernwear-Women
1185,Zink london,Printed square neck polyester womens a-line dress - white,"Size:Large,Medium,Small,X-Large,X-Small,XX-Large","Rs
2299",1379,40% off,Westernwear-Women
1186,Insense,Solid polyester loose fit womens track pants - navy,"Size:Large,Medium,Small","Rs
999",499,50% off,Westernwear-Women
1187,And,Solid polyester round neck womens regular dress - red,"Size:8,10,12","Rs
3099",1549,50% off,Westernwear-Women
1188,Stop,Solid polyester tailored fit womens trousers - grey,"Size:28,30,32,34,36",Nan,1499,No Discount,Westernwear-Women
1189,Pepe,Cotton blend skinny fit womens jeans - black,"Size:26,28,30,32,34","Rs
1999",1199,40% off,Westernwear-Women
1190,Kraus,Skinny fit crop length cotton blend womens jeans - blue,"Size:28,30,32,34,36,38","Rs
1895",947,50% off,Westernwear-Women
1191,Rare,Regular fit calf length crepe womens casual skirt - maroon,"Size:Large,Medium,Small","Rs
1699",679,60% off,Westernwear-Women
1192,Forever new,Printed viscose round neck womens dress - print,"Size:6,8,10,14,16","Rs
6200",4340,30% off,Westernwear-Women
1193,Zink london,Geometric polyester v neck womens shrug - off white,"Size:Large,Medium,Small,X-Large","Rs
2299",1379,40% off,Westernwear-Women
1194,Madame,Solid cotton blend round neck womens top - lemon,"Size:Large,Medium,Small,X-Large,XX-Large","Rs
999",599,40% off,Westernwear-Women
1195,Zink london,Solid regular fit viscose blend womens trousers - green,"Size:Large,Medium,Small","Rs
1899",1139,40% off,Westernwear-Women
1196,Insense,Printed regular fit cotton womens pyjama set - sky blue,"Size:Large,Medium,Small,X-Large","Rs
999",499,50% off,Westernwear-Women
1197,Life,Printed round neck viscose womens regular dress - off white,"Size:Large,Medium,Small,X-Large,X-Small","Rs
1499",749,50% off,Westernwear-Women
1198,Vero moda,Printed cotton v neck womens top - white,"Size:Large,Medium,Small,X-Large,X-Small","Rs
2599",2079,20% off,Westernwear-Women
1199,Rare,Floral crepe mandarin womens a-line top - off white,"Size:Large,Medium,Small,X-Large","Rs
999",499,50% off,Westernwear-Women
1200,Altlife,Printed polyester blend regular neck womens t-shirt - old rose,"Size:Large,Medium,Small,X-Large,X-Small,XX-Large","Rs
599",299,50% off,Westernwear-Women
1201,Indya,Floral half sleeves georgette womens ankle length jumpsuit - blue,"Size:Large,Medium,Small,X-Large,X-Small,XX-Large","Rs
2800",1400,50% off,Westernwear-Women
1202,Zink london,Floral polyester v neck womens dress - blue,"Size:Large,Medium,Small,X-Large,X-Small,XX-Large","Rs
2799",1679,40% off,Westernwear-Women
1203,Allen solly,Checks polyester regular fit womens casual pants - ltgrey,"Size:34,36","Rs
2299",1499,35% off,Westernwear-Women
1204,Kraus,Skinny ankle length cotton blend womens jeans - navy,"Size:28,30,32,34,36,38","Rs
1995",1396,30% off,Westernwear-Women
1205,And,Solid full sleeves acrylic womens regular jacket - black,Size:18,"Rs
4899",2449,50% off,Westernwear-Women
1206,Faballey,Printed georgette v neck womens regular dress - blue,"Size:Large,Medium,Small,X-Large,X-Small","Rs
2700",2160,20% off,Westernwear-Women
1207,Only,Placement print cotton crew neck womens t-shirt - pink,"Size:Large,Medium,Small,X-Large,X-Small","Rs
999",599,40% off,Westernwear-Women
1208,Only,Printed cotton round neck womens t-shirt - black,"Size:Large,Medium,Small,X-Large,X-Small","Rs
2299",1149,50% off,Westernwear-Women
1209,Life,Printed polyester blend ankle length womens active wear tights - black,"Size:28,30,32,34,36","Rs
999",499,50% off,Westernwear-Women
1210,Infuse,Solid cotton round neck womens regular fit top - lilac,"Size:Large,Medium,Small,X-Large","Rs
499",249,50% off,Westernwear-Women
1211,Zink z,Printed polyester v neck womens dress - pink,"Size:Large,Medium,Small,X-Large,X-Small",Nan,1999,No Discount,Westernwear-Women
1212,Only,Solid polyester v neck womens top - pink,"Size:34,36,38,40,42","Rs
2999",2399,20% off,Westernwear-Women
1213,Iti,Womens maroon pleated ruffle maxi - red,"Size:Medium,Small,X-Small",Nan,3499,No Discount,Westernwear-Women
1214,Stop,Solid smoking neck polyester womens regular dress - black,"Size:Large,Medium,Small,X-Large,XX-Large","Rs
1899",949,50% off,Westernwear-Women
1215,And,Floral linen square neck womens straight top - pink mix,"Size:8,10","Rs
2099",1679,20% off,Westernwear-Women
1216,And,Solid cotton round neck womens regular dress - green,"Size:8,10","Rs
2899",2609,10% off,Westernwear-Women
1217,Kraus,Skinny fit ankle length cotton womens jeans - blue,"Size:28,30,32,34,36,38","Rs
1995",1396,30% off,Westernwear-Women
1218,Only,Solid viscose womens cropped top - green,"Size:Large,Medium,Small,X-Large,X-Small","Rs
1799",1079,40% off,Westernwear-Women
1219,Kraus,Solid relaxed fit lyocell womens casual pants - dark blue,"Size:28,30,32,34","Rs
1695",1525,10% off,Westernwear-Women
1220,Only,Solid rayon round neck womens top - blue,"Size:34,36,38,40,42","Rs
2799",1679,40% off,Westernwear-Women
1221,And,Floral polyester v neck womens straight dress - powder blue,"Size:8,10,12,14,16,18","Rs
3099",2479,20% off,Westernwear-Women
1222,Allen solly,Textured polyester regular neck womens blazer - grey,"Size:Large,Medium,Small,X-Large,X-Small,XX-Large","Rs
3799",2799,26% off,Westernwear-Women
1223,Latin quarters,Solid polyester womens regular blouse - maroon,"Size:S,M,L,XL","Rs
1599",799,50% off,Westernwear-Women
1224,Levis,Stripes cotton round neck womens t-shirt - white,"Size:Large,Medium,Small,X-Small",Nan,1399,No Discount,Westernwear-Women
1225,Van heusen,Stripes linen cotton regular fit womens trousers - light blue,"Size:26,28,30,32","Rs
2299",999,57% off,Westernwear-Women
1226,Only,Polyester round neck womens top - green,"Size:34,36,38,40,42","Rs
1799",899,50% off,Westernwear-Women
1227,Altlife,Printed cotton regular neck womens top and shorts - anthra melange,"Size:Large,Medium,Small,X-Large,XX-Large","Rs
1299",649,50% off,Westernwear-Women
1228,Fratini,Printed square neck viscose womens regular fit dress - light blue,"Size:Large,X-Large,XX-Large","Rs
1499",749,50% off,Westernwear-Women
1229,Zink london,Printed polyester womens fit and flare dress - white,"Size:Medium,Small,X-Large,X-Small,XX-Large","Rs
2999",1199,60% off,Westernwear-Women
1230,Madame,Stripes cotton blend v-neck womens regular top - white,"Size:Large,Small,X-Large,XX-Large","Rs
1599",1119,30% off,Westernwear-Women
1231,Adidas,Solid polyester round neck womens t-shirt - black,"Size:Large,Medium,Small,X-Large,X-Small","Rs
1599",799,50% off,Westernwear-Women
1232,Forever new,Printed polyester v neck womens top - print,"Size:4,6,8,10,12","Rs
4400",3520,20% off,Westernwear-Women
1233,Magre,Solid sleeveless polyester blend womens regular length jumpsuit - green,"Size:Large,Medium,Small,X-Small","Rs
3190",1914,40% off,Westernwear-Women
1234,Levis,Solid cotton womens casual shirt - white,"Size:Large,Medium,Small,X-Small",Nan,2899,No Discount,Westernwear-Women
1235,Fratini,Printed square neck viscose womens woven top - blue,"Size:Large,Small,X-Large,XX-Large","Rs
1299",649,50% off,Westernwear-Women
1236,Only,Solid polyester regular fit womens pants - black,"Size:Large,Medium,Small,X-Large,X-Small","Rs
2999",2099,30% off,Westernwear-Women
1237,Faballey,Solid sleeveless crepe womens regular length jumpsuits - green,"Size:Large,Medium,Small,X-Large,X-Small","Rs
2300",1840,20% off,Westernwear-Women
1238,Life,Regular fit regular length cotton lycra womens jeans - mid stone,"Size:26,28,30,32,34,36","Rs
1899",949,50% off,Westernwear-Women
1239,Rare,Half sleeves regular fit womens casual dress - off white,"Size:Large,Medium,Small,X-Large","Rs
2199",879,60% off,Westernwear-Women
1240,Life,Solid cotton round neck womens active wear t-shirt - ocean,"Size:Large,Medium,Small,X-Large,X-Small,XX-Large","Rs
399",199,50% off,Westernwear-Women
1241,Life,Embroidered cotton round neck womens regular t-shirt - ice blue,"Size:Large,Medium,Small,X-Large,X-Small","Rs
499",249,50% off,Westernwear-Women
1242,Zink london,Solid viscose collar neck womens casual shirt - blue,"Size:Large,Medium,Small,X-Large,X-Small,XX-Large","Rs
1699",1019,40% off,Westernwear-Women
1243,Only,Embroidery cotton womens regular top - green,"Size:34,36,38,40,42","Rs
2799",1959,30% off,Westernwear-Women
1244,Insense,Solid cotton round neck womens regular fit top - blush,"Size:Small,X-Small","Rs
399",199,50% off,Westernwear-Women
1245,Jealous 21,Skinny fit ankle length denim womens jeans - indigo,"Size:26,28,30,32,34,36",Nan,2399,No Discount,Westernwear-Women
1246,Only,Placement print cotton round neck womens t-shirt - pink,"Size:Large,Medium,Small,X-Large,X-Small","Rs
1799",1079,40% off,Westernwear-Women
1247,Insense,Printed cotton round neck womens top & pyjama set - navy,"Size:Large,Medium,Small,X-Large,XX-Large","Rs
999",499,50% off,Westernwear-Women
1248,Cover story,Solid poly spandex v neck womens dress - wine,"Size:Large,Medium,Small,X-Large,X-Small","Rs
2590",1813,30% off,Westernwear-Women
1249,Stop,Solid v-neck cotton blend womens regular top - off white,"Size:Large,Medium,Small,X-Large,XX-Large","Rs
1199",599,50% off,Westernwear-Women
1250,Crimsoune club,Printed round neck lyocell womens dresses - red,"Size:Large,Medium,Small,X-Large","Rs
2299",1609,30% off,Westernwear-Women
1251,Stop,Solid satin regular neck womens regular dress - ivory,"Size:Large,Medium,Small,X-Large,X-Small,XX-Large","Rs
1999",999,50% off,Westernwear-Women
1252,Life,Stripes collared neck rayon womens casual shirt - navy,"Size:Large,Medium,Small,X-Large,X-Small","Rs
699",349,50% off,Westernwear-Women
1253,Latin quarters,Dyed collar neck polyester womens regular dress - teal,Size:S,"Rs
2499",1249,50% off,Westernwear-Women
1254,Zink london,Stripes off shoulder polyester womens shift dress - 106_multi,"Size:Large,Medium","Rs
2699",599,78% off,Westernwear-Women
1255,Zink london,Structured round neck polyester womens dresses - red,"Size:Small,XX-Large","Rs
2499",999,60% off,Westernwear-Women
1256,Fratini,Embroidered cotton blend round neck womens t-shirt - blush,"Size:Large,Medium,Small,X-Large,XX-Large",Nan,799,No Discount,Westernwear-Women
1257,Life,Printed viscose wide neck womens regular top - mustard,"Size:Large,Medium,Small,X-Large,X-Small","Rs
699",349,50% off,Westernwear-Women
1258,Levis,Wide cotton womens jeans - mid blue,Size:34,Nan,3299,No Discount,Westernwear-Women
1259,Faballey,Embroidered cotton square neck womens top - peach,"Size:Large,Medium,Small,X-Large,X-Small","Rs
1600",1280,20% off,Westernwear-Women
1260,Fratini,Solid viscose blend round neck womens t-shirt - ecru,"Size:Large,Medium,Small,X-Large,XX-Large","Rs
699",349,50% off,Westernwear-Women
1261,Fratini,Printed polyester wide neck womens regular top - white,"Size:Large,Medium,Small,X-Large,XX-Large","Rs
1299",649,50% off,Westernwear-Women
1262,Only,Mid wash cotton straight fit womens jeans - black,"Size:25,26,27,28,29,30,31,32,33,34","Rs
3499",2799,20% off,Westernwear-Women
1263,Zink london,Printed polyester scoop neck womens straight fit top - pink,"Size:Large,Small,X-Large,X-Small","Rs
1599",499,69% off,Westernwear-Women
1264,Juniper,Floral v-neck womens flared anarkali dresses & dupatta set - yellow,Size:XX-Large,"Rs
4899",1469,70% off,Westernwear-Women
1265,Fratini,Solid collar polyester womens regular fit dress - berry,Size:Small,"Rs
1699",849,50% off,Westernwear-Women
1266,Insense,Printed cotton round neck womens t-shirt - peach,"Size:Small,X-Small","Rs
399",199,50% off,Westernwear-Women
1267,Infuse,Printed cotton full length womens loungewear pyjama - navy,"Size:28,30,32,34","Rs
799",319,60% off,Westernwear-Women
1268,Zink london,Printed polyester round neck womens top - white,"Size:Large,Medium,Small,X-Large,X-Small,XX-Large","Rs
1399",839,40% off,Westernwear-Women
1269,Kraus,Solid comfort fit tencel womens casual wear trousers - black,"Size:28,30,32,34,36","Rs
1695",1525,10% off,Westernwear-Women
1270,Only,Mid wash cotton relaxed fit womens jeans - blue,"Size:34,36,38,40,42","Rs
3699",2589,30% off,Westernwear-Women
1271,Faballey,Printed georgette key hole neck womens regular top - yellow,"Size:Large,Small,X-Large","Rs
1600",1280,20% off,Westernwear-Women
1272,Life,Printed band collar polyester womens regular fit dress - lilac,"Size:Large,Medium,Small,X-Large,X-Small","Rs
1499",749,50% off,Westernwear-Women
1273,Altlife,Printed cotton blend ankle length womens active wear tights - black,"Size:28,30,32,34,36","Rs
999",499,50% off,Westernwear-Women
1274,Zink london,Polka dot viscose halter neck womens dress - natural,"Size:Large,Medium,Small,X-Large,XX-Large","Rs
2899",1739,40% off,Westernwear-Women
1275,Rare,Solid polyester shirt collar womens regular fit top - black,"Size:Large,Medium,Small","Rs
1599",559,65% off,Westernwear-Women
1276,Kraus,Straight fit ankle length cotton womens jeans - white,"Size:28,30,32","Rs
1795",1256,30% off,Westernwear-Women
1277,Forever new,Solid round neck polyester womens midi dress - red,"Size:6,8,10,12,14",Nan,8000,No Discount,Westernwear-Women
1278,Magre,Solid polyester blend regular fit womens casual pants - black,"Size:Large,Medium,Small,X-Small","Rs
2390",1434,40% off,Westernwear-Women
1279,Levis,Skinny fit regular length cotton polyester blend womens jeans - indigo,"Size:26,27,28,30,32,34",Nan,2999,No Discount,Westernwear-Women
1280,Forever new,Solid full sleeves cotton womens regular jacket - blue,"Size:6,8,10,12,14,16",Nan,5000,No Discount,Westernwear-Women
1281,Life,Striped cotton blend wide neck womens regular top - blue,"Size:Large,Medium,Small,X-Large,X-Small","Rs
799",399,50% off,Westernwear-Women
1282,Fratini,Printed round neck polyester womens regular dress - black,"Size:Medium,Small","Rs
1699",849,50% off,Westernwear-Women
1283,Stop,Regular fit regular length viscose blend womens treggings - black,"Size:28,30,32,34","Rs
999",499,50% off,Westernwear-Women
1284,Kraus,Super skinny fit ankle length cotton blend womens jeans - blue,"Size:28,30,32,34,36,38","Rs
1895",947,50% off,Westernwear-Women
1285,Latin quarters,Dyed round neck polyester womens regular knit top - green,"Size:S,M,L,XL,X-Small","Rs
1599",799,50% off,Westernwear-Women
1286,Fratini,Embellished v neck polyester womens regular dress - blush,"Size:Large,Small","Rs
1999",999,50% off,Westernwear-Women
1287,Rare,Solid georgette v neck womens regular top - navy,"Size:Medium,Small,X-Large","Rs
1199",539,55% off,Westernwear-Women
1288,Madame,Regular fit ankle length denim womens jeans - indigo,"Size:26,28,30,32,34","Rs
2699",1889,30% off,Westernwear-Women
1289,Only,Self design polyester round neck womens top - grey,"Size:34,36,38,40,42","Rs
2499",1499,40% off,Westernwear-Women
1290,And,Solid polyester collar neck womens top - natural,"Size:8,10,12,14,16,18","Rs
1799",899,50% off,Westernwear-Women
1291,Madame,Solid polyester round neck womens shirt - maroon,"Size:Large,Medium,Small,X-Large,XX-Large",Nan,1299,No Discount,Westernwear-Women
1292,Kraus,Skinny fit ankle length cotton blend womens jeans - grey,"Size:28,30,32,34,36,38","Rs
1695",1186,30% off,Westernwear-Women
1293,Infuse,Printed rayon full length womens loungewear pyjama - black,"Size:28,30,32","Rs
799",319,60% off,Westernwear-Women
1294,Vero moda,Printed polyester v neck womens dress - black,"Size:Large,Medium,Small,X-Large,X-Small",Nan,3499,No Discount,Westernwear-Women
1295,Latin quarters,Printed square neck polyester womens regular dress - maroon,"Size:S,M,L,X-Small","Rs
2499",1249,50% off,Westernwear-Women
1296,Zink london,Floral polyester v-neck womens flared dress - blue,"Size:Large,Medium,Small","Rs
2199",1099,50% off,Westernwear-Women
1297,Zink london,Floral polyester round neck womens top - pink,"Size:Large,Medium,Small,X-Large,X-Small,XX-Large","Rs
1499",899,40% off,Westernwear-Women
1298,Life,Checks collar neck rayon womens regular dress - navy,"Size:Medium,Small,X-Large,X-Small","Rs
1299",649,50% off,Westernwear-Women
1299,Zink london,Solid polyester scoop neck womens a line top - yellow,"Size:Large,Medium,Small,X-Large,X-Small","Rs
1599",799,50% off,Westernwear-Women
1300,Zink london,Solid polyester round neck womens a-line top - pink,"Size:Large,Medium,Small,X-Large,X-Small,XX-Large","Rs
1399",839,40% off,Westernwear-Women
1301,Zink london,Printed polyester v neck womens dress - white,"Size:Large,Medium","Rs
2699",1619,40% off,Westernwear-Women
1302,Rare,Floral polyester v neck womens flared dress - black,"Size:Large,Medium,Small,X-Large","Rs
2599",1039,60% off,Westernwear-Women
1303,Only,Self design cotton mandarin womens top - pink,"Size:34,36,38,40,42","Rs
2299",1379,40% off,Westernwear-Women
1304,Life,Printed cotton round neck womens regular fit dress - navy,"Size:Large,Medium,Small,X-Large,X-Small","Rs
999",499,50% off,Westernwear-Women
1305,Zink london,Regular fit mini length rayon womens casual skirt - white,"Size:Large,Medium,Small,X-Small","Rs
1899",399,79% off,Westernwear-Women
1306,Allen solly,Textured cotton regular fit womens casual pants - pink,"Size:26,28,30,32,34,36","Rs
2299",1499,35% off,Westernwear-Women
1307,Stop,Printed collar neck cotton womens formal wear shirt - light blue,"Size:Large,Medium,Small,X-Large,XX-Large","Rs
799",399,50% off,Westernwear-Women
1308,Forever new,Printed sweetheart neck viscose womens dresses - print,"Size:6,8,10,12,14","Rs
6800",4080,40% off,Westernwear-Women
1309,Fratini,Regular fit above knee tencel womens casual shorts - stone,"Size:26,28,30,32,34,36","Rs
1299",649,50% off,Westernwear-Women
1310,Latin quarters,Solid polyester womens regular blouse - black,"Size:S,M,L,XL,X-Small","Rs
1699",849,50% off,Westernwear-Women
1311,Van heusen,Printed viscose round neck womens top - mid blue,"Size:Large,Medium,Small,X-Large,X-Small","Rs
1999",999,50% off,Westernwear-Women
1312,Latin quarters,Dyed v-neck polyester womens regular dress - peach,"Size:S,M,L,X-Small","Rs
2899",1449,50% off,Westernwear-Women
1313,Juniper,Printed regular sleeves rayon womens full length jumpsuit - pink,"Size:Large,Medium,Small,X-Large","Rs
2499",1499,40% off,Westernwear-Women
1314,Forever new,Regular calf length polyester womens casual wear skirts - print,"Size:12,14","Rs
4400",2860,35% off,Westernwear-Women
1315,Levis,Skinny fit regular length cotton womens jeans - black,"Size:28,30,32,34",Nan,4299,No Discount,Westernwear-Women
1316,Madame,Solid denim fabric womens regular dress - ice blue,"Size:26,28,30,32,34","Rs
2899",2029,30% off,Westernwear-Women
1317,Latin quarters,Solid polyester womens regular dress - brown,"Size:S,M,L,X-Small","Rs
2499",1749,30% off,Westernwear-Women
1318,Zink london,Solid polyester sleeveless womens jumpsuit - blue,"Size:Large,Medium,Small,X-Large,X-Small","Rs
2299",1379,40% off,Westernwear-Women
1319,Kraus,Clean look cotton slim fit womens jeans - blue,"Size:28,30,32,34","Rs
1595",1435,10% off,Westernwear-Women
1320,Fratini,Women solid woven top - navy,"Size:Large,Medium,Small,X-Small,XX-Large","Rs
799",399,50% off,Westernwear-Women
1321,Latin quarters,Solid rayon round neck womens regular blouse - pink,"Size:S,L,XL","Rs
1399",979,30% off,Westernwear-Women
1322,Haute curry,Printed round neck rayon womens flared dress - blue,"Size:Large,Medium,Small,X-Large,X-Small,XX-Large","Rs
1499",749,50% off,Westernwear-Women
1323,And,Floral polyester round neck womens regular top - multi,"Size:8,10,12,14,16,18","Rs
2499",1999,20% off,Westernwear-Women
1324,Life,Checks collar rayon womens casual shirt - deep navy,"Size:Large,Medium,Small,X-Large,X-Small","Rs
899",449,50% off,Westernwear-Women
1325,Madame,Printed polyester off shoulder womens dress - peach,"Size:Medium,Small","Rs
3699",2589,30% off,Westernwear-Women
1326,Infuse,Printed cotton blend round neck womens regular fit top - dusty pink,"Size:Large,Medium,Small,X-Large,X-Small","Rs
699",349,50% off,Westernwear-Women
1327,And,Floral polyester square neck womens straight dress - cream,"Size:8,10,12,14,16","Rs
2699",2159,20% off,Westernwear-Women
1328,Enamor,Cotton womens relax bermuda - denimex,"Size:XL,Large,Medium,Small","Rs
699",489,30% off,Westernwear-Women
1329,Altlife,Solid cotton full length womens joggers - sage,"Size:28,30,32,34,36","Rs
999",499,50% off,Westernwear-Women
1330,Faballey,Embellished halter neck polyester blend womens mini dress - blue,"Size:Large,Medium,Small,X-Large,X-Small","Rs
2400",1920,20% off,Westernwear-Women
1331,Zink london,Solid polyester v neck womens dress - red,"Size:Large,Medium,X-Large,XX-Large","Rs
2999",1799,40% off,Westernwear-Women
1332,Life,Solid cotton square neck womens regular fit top - mustard,"Size:Large,Medium,Small,X-Large,X-Small","Rs
1199",599,50% off,Westernwear-Women
1333,Life,Skinny fit ankle length cotton lycra womens jeans - denim indigo dark,"Size:26,28,30,32,36","Rs
999",499,50% off,Westernwear-Women
1334,Fratini,Sanya malhotra printed blended round neck womens regular dress - off white,"Size:Large,Medium,Small,X-Large,XX-Large",Nan,1499,No Discount,Westernwear-Women
1335,And,Solid square neck polyester womens midi dress - red,"Size:8,10,12,14,16,18",Nan,2899,No Discount,Westernwear-Women
1336,Life,Solid square neck cotton lycra womens regular fit dress - mid stone,"Size:Medium,Small,X-Small","Rs
1499",749,50% off,Westernwear-Women
1337,Zink london,Printed cotton round neck womens regular fit t-shirt - orange,"Size:Large,Medium,Small,X-Large,X-Small,XX-Large","Rs
1299",399,69% off,Westernwear-Women
1338,Rare,Floral georgette off shoulder womens flared dress - blue,"Size:Large,Medium,Small","Rs
1899",759,60% off,Westernwear-Women
1339,Life,Solid jogger fit cotton womens active wear joggers - olive,"Size:28,30,32,34,36","Rs
899",449,50% off,Westernwear-Women
1340,Allen solly,Solid polyester cotton round neck womens formal blazer - dark green,"Size:Large,Medium,Small,X-Large,X-Small,XX-Large","Rs
3999",2399,40% off,Westernwear-Women
1341,Van heusen,Solid collared neck polyester womens workwear shirt - peach,"Size:Large,Medium,Small,X-Large,X-Small,XX-Large","Rs
1699",999,41% off,Westernwear-Women
1342,Stop,Solid polyester skinny fit womens trousers - blue,"Size:26,28,30,32,34,36",Nan,1499,No Discount,Westernwear-Women
1343,Life,Solid round neck cotton lycra womens top - off white,"Size:Large,Medium,Small,X-Large,X-Small","Rs
599",299,50% off,Westernwear-Women
1344,Latin quarters,Dyed round neck polyester womens regular blouse - blue,"Size:S,M,L,XL","Rs
1799",1259,30% off,Westernwear-Women
1345,Stop,Solid cotton round neck womens regular top - white,"Size:Large,Medium,Small,X-Large,XX-Large","Rs
1299",649,50% off,Westernwear-Women
1346,Infuse,Printed rayon v neck womens strappy midi dress - red,"Size:Large,Medium,Small,X-Large,X-Small,XX-Large","Rs
1599",799,50% off,Westernwear-Women
1347,Altlife,Solid polyester blend ankle length womens active wear joggers - blush,"Size:28,30,32,34,36","Rs
1299",649,50% off,Westernwear-Women
1348,Only,Stripes cotton small collar womens casual wear shirt - pink,"Size:34,36,38,40,42","Rs
2499",1499,40% off,Westernwear-Women
1349,Only,Self design cotton round neck womens sweatshirt - pink,"Size:Large,Medium,Small,X-Large,X-Small","Rs
2799",1399,50% off,Westernwear-Women
1350,Zink london,Solid square neck polyester womens a-line dress - red,"Size:Medium,X-Large,X-Small","Rs
2399",959,60% off,Westernwear-Women
1351,Cover story,Printed viscose spandex square neck womens t-shirt - white,"Size:X-Large,X-Small","Rs
1290",690,47% off,Westernwear-Women
1352,Zink london,Printed rayon square neck womens straight fit top - white,"Size:Large,Medium,Small,X-Large,X-Small,XX-Large","Rs
1599",639,60% off,Westernwear-Women
1353,And,Solid viscose round neck womens regular top - yellow,"Size:8,10,12,14,16,18","Rs
1899",1519,20% off,Westernwear-Women
1354,Zink london,Floral polyester off shoulder womens top - black,"Size:Large,Medium,Small","Rs
1499",749,50% off,Westernwear-Women
1355,Altlife,Solid cotton stretch full length womens joggers - dusty pink,"Size:28,30,32,34,36","Rs
1299",649,50% off,Westernwear-Women
1356,Reebok,Solid slim fit polyester womens athleisure track pants - pink,"Size:Large,Medium,Small,X-Small","Rs
1599",799,50% off,Westernwear-Women
1357,And,Womens regular fit striped top - light blue,"Size:8,12","Rs
1999",799,60% off,Westernwear-Women
1358,Kraus,Solid viscose wide fit womens casual pants - black,"Size:28,30,32,34,36,38","Rs
1895",1705,10% off,Westernwear-Women
1359,Life,Womens cotton lycra solid capri tights - navy,Size:32,"Rs
799",399,50% off,Westernwear-Women
1360,Kraus,Clean look cotton blend skinny fit womens jeggings - olive,"Size:28,30,32,34,36","Rs
1495",1046,30% off,Westernwear-Women
1361,Fratini,Solid polyester high neck womens regular top - pink,"Size:Large,Medium,Small,X-Large,XX-Large","Rs
999",499,50% off,Westernwear-Women
1362,Van heusen,Solid polyester round neck womens jacket - yellow,Size:X-Large,"Rs
3799",1499,61% off,Westernwear-Women
1363,Madame,Solid cotton tapered fit womens trousers - black,"Size:28,30,32,34",Nan,2199,No Discount,Westernwear-Women
1364,Zink london,Solid cotton blend regular fit womens pants - blue,"Size:Large,Medium,Small,X-Large","Rs
2699",1619,40% off,Westernwear-Women
1365,Fratini,Printed viscose high neck womens regular top - off white,"Size:Small,X-Large","Rs
1199",599,50% off,Westernwear-Women
1366,Rare,Striped polyester round neck womens regular fit top - blue,"Size:Large,Small,X-Large","Rs
1599",639,60% off,Westernwear-Women
1367,Indya,Printed georgette regular fit womens regular length jumpsuit - coral,"Size:Small,X-Small","Rs
2950",1475,50% off,Westernwear-Women
1368,Fratini,Printed cotton blend v neck womens top - pink,"Size:Large,Medium,Small,X-Large,XX-Large",Nan,1299,No Discount,Westernwear-Women
1369,Levis,Printed cotton collar neck womens casual shirt - mineral,"Size:Large,Medium,Small,X-Small",Nan,1599,No Discount,Westernwear-Women
1370,Pepe,Graphic print crew neck cotton womens t-shirt - rose,"Size:Large,Medium,Small,X-Large","Rs
999",599,40% off,Westernwear-Women
1371,Levis,Mid wash cotton tapered fit womens jeans - indigo,"Size:26,28,30,32,34",Nan,3999,No Discount,Westernwear-Women
1372,Stop,Solid regular fit viscose blend womens formal leggings - wine,"Size:28,30,32,34,36","Rs
999",499,50% off,Westernwear-Women
1373,Zink london,Solid sleeveless polyester womens jumpsuit - blue,"Size:Large,Medium,Small,X-Large","Rs
2199",1319,40% off,Westernwear-Women
1374,Van heusen,Solid polyester collar neck womens formal jacket - pink,"Size:Large,Medium,Small,X-Large,X-Small",Nan,5799,No Discount,Westernwear-Women
1375,Zink london,Solid polyester v neck womens straight top - red,"Size:Large,Medium,Small,X-Small,XX-Large","Rs
1499",899,40% off,Westernwear-Women
1376,Madame,Solid cotton high neck womens top - pale peach,"Size:Large,Medium,Small,X-Large,XX-Large","Rs
1999",1399,30% off,Westernwear-Women
1377,Fratini,Printed regular fit georgette womens midi dress - peach,"Size:Large,Medium,Small,X-Large,X-Small",Nan,1599,No Discount,Westernwear-Women
1378,Dolce crudo,Womens regular fit too much high waist denim pant light blue - light blue,"Size:26,32","Rs
2499",999,60% off,Westernwear-Women
1379,Iti,Womens purple cape top - purple,"Size:Large,Medium,Small,X-Large,X-Small","Rs
1699",899,47% off,Westernwear-Women
1380,Forever new,Solid polyester square neck womens top - blush,"Size:Medium,Small,X-Small",Nan,4200,No Discount,Westernwear-Women
1381,Zink london,Regular fit regular polyester womens casual skirt - pink,"Size:Large,Medium,Small,X-Large","Rs
1899",1139,40% off,Westernwear-Women
1382,Allen solly,Solid cotton v neck womens top - yellow,"Size:Large,Medium,Small,X-Large,X-Small,XX-Large","Rs
1699",1019,40% off,Westernwear-Women
1383,And,Solid viscose round neck womens straight top - lilac,"Size:8,10,12,14,16,18","Rs
2099",1679,20% off,Westernwear-Women
1384,Madame,Mid wash denim straight fit womens jeans - black,"Size:28,30,32,34","Rs
2999",2099,30% off,Westernwear-Women
1385,Zink london,Printed v neck polyester womens a-line dress - off white,"Size:Large,Medium,Small,X-Large,XX-Large","Rs
2899",1739,40% off,Westernwear-Women
1386,Madame,Solid cotton blend round neck womens top - purple,"Size:Large,Medium,Small,X-Large","Rs
799",559,30% off,Westernwear-Women
1387,Faballey,Solid sleeveless georgette womens regular length jumpsuit - pink,"Size:Large,Medium,Small,X-Large,X-Small","Rs
2500",2000,20% off,Westernwear-Women
1388,Levis,Relaxed fit regular length cotton womens jeans - blue,"Size:Large,Medium,Small,X-Large,X-Small",Nan,2899,No Discount,Westernwear-Women
1389,Iti,Womens green slit sleeves maxi - green,"Size:Large,Small,X-Small",Nan,2999,No Discount,Westernwear-Women
1390,Kraus,Skinny fit ankle length cotton blend womens jeans - black,"Size:28,30,32,34,36,38","Rs
1895",947,50% off,Westernwear-Women
1391,Madame,Solid cotton round neck womens regular top - black,"Size:Large,Medium,Small,X-Large","Rs
999",499,50% off,Westernwear-Women
1392,Altlife,Solid cotton regular neck womens t-shirt - black,"Size:Large,Medium,Small,X-Large,X-Small,XX-Large","Rs
499",249,50% off,Westernwear-Women
1393,Altlife,Solid polyester blend womens active wear bralette - misty lilac,"Size:Large,Medium,Small,X-Large,X-Small","Rs
899",449,50% off,Westernwear-Women
1394,And,Solid cotton round neck womens dress - black,"Size:10,12,14,16",Nan,2499,No Discount,Westernwear-Women
1395,Insense,Printed cotton round neck womens regular fit top - pink,"Size:Small,X-Small","Rs
499",249,50% off,Westernwear-Women
1396,Life,Printed cotton round neck womens regular fit top - olive,"Size:Medium,Small,X-Small","Rs
499",249,50% off,Westernwear-Women
1397,Faballey,Embroidered short sleeves crepe womens regular jumpsuit - pink,"Size:Medium,Small,X-Large,X-Small","Rs
2500",2000,20% off,Westernwear-Women
1398,Zink london,Solid v neck polyester womens midi dress - pink,"Size:Large,Medium,Small,X-Large","Rs
2299",1839,20% off,Westernwear-Women
1399,Fratini,Solid polyester round neck womens regular top - pink,"Size:Large,Medium,Small,X-Large,XX-Large","Rs
999",499,50% off,Westernwear-Women
1400,Fratini,Printed viscose blend round neck womens t-shirt - grey,"Size:Large,Medium,Small,X-Large,XX-Large",Nan,799,No Discount,Westernwear-Women
1401,Kraus,Clean look cotton wide fit womens jeans - blue,"Size:28,30,32,34,36","Rs
1895",1705,10% off,Westernwear-Women
1402,Dolce crudo,Womens fit and flare knowing the world cut out jumpsuit black - black,"Size:Large,Small,X-Large,X-Small","Rs
2499",999,60% off,Westernwear-Women
1403,Zink london,Solid cotton off shoulder womens dress - green,"Size:Large,Medium,Small,X-Large,X-Small,XX-Large","Rs
3499",2099,40% off,Westernwear-Women
1404,Vero moda,Printed off shoulder cotton womens  dresses - pink,"Size:Large,Medium,Small,X-Large,X-Small","Rs
3799",2659,30% off,Westernwear-Women
1405,Insense,Printed polyester loose fit womens track pants - charcoal,"Size:Large,Medium","Rs
999",499,50% off,Westernwear-Women
1406,Zink london,Striped v-neck rayon womens fit and flare dress - white,"Size:Large,Small,X-Small","Rs
2699",799,70% off,Westernwear-Women
1407,Lovegen,Womens v neck printed drop waist dress - black mix,Size:X-Small,"Rs
1799",359,80% off,Westernwear-Women
1408,Altlife,Solid polyester regular neck womens t-shirt - black,"Size:Large,Medium,Small,X-Large,X-Small,XX-Large","Rs
699",349,50% off,Westernwear-Women
1409,Infuse,Printed v-neck polyester womens regular fit a-line dress - rust,"Size:Large,Medium,Small,X-Large,X-Small","Rs
1299",519,60% off,Westernwear-Women
1410,Rare,Printed collarless polyester womens casual shirt - maroon,"Size:Large,Medium,Small,X-Large","Rs
1590",636,60% off,Westernwear-Women
1411,Magre,Solid sleeveless polyester blend womens regular length jumpsuit - black,Size:Large,"Rs
2599",1039,60% off,Westernwear-Women
1412,And,Solid polyester round neck womens flared dress - yellow,"Size:8,10,12,14,16,18","Rs
2499",1999,20% off,Westernwear-Women
1413,Van heusen,Solid polyester stylized womens woven top - navy,"Size:Large,Medium,Small,X-Large,X-Small","Rs
1699",999,41% off,Westernwear-Women
1414,Allen solly,Solid polyester cotton round neck womens formal wear shirt - white,"Size:Large,Medium,Small,X-Large","Rs
1499",899,40% off,Westernwear-Women
1415,And,Polka dots viscose round neck womens flared top - pink,"Size:6,8,10,12,14,16","Rs
1699",1359,20% off,Westernwear-Women
1416,Zink london,Printed cotton round neck womens t-shirt - red,"Size:Large,Medium,Small,X-Large,X-Small","Rs
799",479,40% off,Westernwear-Women
1417,Allen solly,Solid viscose turtle neck womens t-shirt - purple,"Size:Large,Medium,Small,X-Large,X-Small,XX-Large","Rs
1599",959,40% off,Westernwear-Women
1418,Only,Solid polyester womens top - yellow,"Size:34,36,38,40,42","Rs
1999",999,50% off,Westernwear-Women
1419,Latin quarters,Dyed round neck polyester womens regular dress - black,Size:L,"Rs
2999",1499,50% off,Westernwear-Women
1420,Vero moda,Solid rayon nylon regular fit womens casual pants - black,"Size:Large,Medium,Small,X-Large,X-Small","Rs
1999",1599,20% off,Westernwear-Women
1421,Life,Printed polyester round neck womens active wear t-shirt - grey,"Size:Large,Medium,Small,X-Large,X-Small,XX-Large","Rs
499",249,50% off,Westernwear-Women
1422,Zink london,Floral viscose mandarin womens top - cream,"Size:Large,Medium,Small,X-Large,X-Small,XX-Large","Rs
1599",959,40% off,Westernwear-Women
1423,Sera,Regular fit mini length polyester womens casual skirt - brown,"Size:Large,Medium,Small","Rs
1294",388,70% off,Westernwear-Women
1424,Kraus,Mom ankle length cotton womens jeans - light blue,"Size:28,30,32,36","Rs
1895",1705,10% off,Westernwear-Women
1425,Latin quarters,Printed polyester womens regular fit dresses - plum,"Size:S,M,L,XL,XX-Large","Rs
2699",1889,30% off,Westernwear-Women
1426,Only,Embroidered 3/4th sleeves cotton womens midi length jumpsuit - natural,"Size:34,36,38,40,42","Rs
3999",3199,20% off,Westernwear-Women
1427,Dolce crudo,Womens regular fit brave new world skinny jeans black - black,"Size:26,28,30,32,34","Rs
2399",959,60% off,Westernwear-Women
1428,Zink london,Printed polyester regular fit womens trousers - brown,"Size:Medium,Small,X-Large","Rs
1799",719,60% off,Westernwear-Women
1429,Lovegen,Boyfriend ankle length cotton womens jeans - light blue,Size:34,"Rs
1999",599,70% off,Westernwear-Women
1430,Latin quarters,Printed polyester womens regular dress - blue,"Size:S,M,L,XL,X-Small","Rs
2599",1299,50% off,Westernwear-Women
1431,And,Striped round neck womens woven top - blue,"Size:8,10,12,14,16,18","Rs
1999",999,50% off,Westernwear-Women
1432,Kraus,Solid tencel collar neck womens regular dress - wine,"Size:Large,Medium,Small","Rs
1895",1326,30% off,Westernwear-Women
1433,Proline,Polyester off shoulder womens tank - blue,"Size:Large,Medium,Small,X-Large","Rs
599",299,50% off,Westernwear-Women
1434,Zink london,Solid viscose blend v neck womens peplum top - peach,"Size:Large,Medium,Small,X-Large,X-Small,XX-Large","Rs
1599",799,50% off,Westernwear-Women
1435,Life,Printed collar viscose womens casual shirt - navy,"Size:Medium,Small,X-Small","Rs
699",349,50% off,Westernwear-Women
1436,Latin quarters,Dyed collar neck rayon womens regular dress - black,Size:S,"Rs
2299",799,65% off,Westernwear-Women
1437,Fratini,Sanya malhotra stripes cotton blend v-neck womens regular top - ecru,"Size:Large,Medium,Small,X-Large,XX-Large",Nan,999,No Discount,Westernwear-Women
1438,Stop,Printed cotton v neck stop regular tops - wine,"Size:Large,Medium,Small,X-Large,XX-Large",Nan,799,No Discount,Westernwear-Women
1439,Allen solly,Solid polyester v neck womens shirt - off white,"Size:Large,Medium,Small,X-Large,X-Small,XX-Large","Rs
2299",1839,20% off,Westernwear-Women
1440,Life,Schifli cotton wide neck womens regular top - wine,"Size:Large,Medium,Small,X-Large,X-Small","Rs
1199",599,50% off,Westernwear-Women
1441,Zink london,Solid cotton collared womens top - sage,"Size:Large,Medium,Small,X-Large,X-Small,XX-Large","Rs
1999",1199,40% off,Westernwear-Women
1442,Madame,Solid cotton blend round neck womens top - pink,"Size:Large,Medium,Small,X-Large,XX-Large","Rs
999",599,40% off,Westernwear-Women
1443,Cover story,Solid poly blend collar neck womens top - purple,"Size:Large,Medium,Small,X-Large,X-Small",Nan,1490,No Discount,Westernwear-Women
1444,Only,Mid wash cotton anti fit fit womens jeans - blue,"Size:25,26,27,28,29,30,31,33","Rs
3999",3199,20% off,Westernwear-Women
1445,Zink london,Printed round neck polyester womens a-line dress - navy,"Size:Large,Medium,Small,X-Large,X-Small,XX-Large","Rs
2699",1349,50% off,Westernwear-Women
1446,Stop,Solid polyester relaxed fit womens shirt dress - navy,"Size:Large,Medium,Small,X-Large,X-Small,XX-Large",Nan,1499,No Discount,Westernwear-Women
1447,Pepe,Color block viscose round neck womens t-shirt - multi,"Size:Large,Medium,X-Large","Rs
2499",1499,40% off,Westernwear-Women
1448,Life,Solid cotton round neck womens regular fit t-shirt - white,"Size:Large,Medium,Small,X-Large,X-Small","Rs
699",349,50% off,Westernwear-Women
1449,Allen solly,Printed square neck polyester womens fit and flare dress - black,"Size:Large,Medium,Small,X-Large","Rs
2899",1159,60% off,Westernwear-Women
1450,Zink london,Checks cotton v neck womens top - blue,"Size:Large,Medium,Small,X-Large","Rs
1599",799,50% off,Westernwear-Women
1451,Life,Printed jersey round neck womens t-shirt - white,"Size:Large,Medium,Small,X-Large,X-Small","Rs
599",299,50% off,Westernwear-Women
1452,Latin quarters,Dyed collar neck rayon womens regular blouse - brown,"Size:M,X-Small","Rs
1299",649,50% off,Westernwear-Women
1453,Altlife,Solid cotton regular neck womens t-shirt - black,"Size:Large,Medium,Small,X-Large,X-Small,XX-Large","Rs
599",299,50% off,Westernwear-Women
1454,Life,Printed v-neck viscose womens regular top - off white,"Size:Large,Medium,X-Large,X-Small","Rs
999",499,50% off,Westernwear-Women
1455,Fratini,Solid round neck linen womens casual shirt - powder blue,"Size:Large,Medium,Small,X-Large,XX-Large","Rs
1299",649,50% off,Westernwear-Women
1456,Zink london,Checks mandarin neck cotton womens shift dress - blue,"Size:Large,Medium,Small,X-Small","Rs
2899",899,69% off,Westernwear-Women
1457,Infuse,Printed round neck rayon womens regular fit a-line dress - rust,"Size:Large,Medium,Small,X-Large,XX-Large","Rs
1299",519,60% off,Westernwear-Women
1458,Only,Loose fit regular cotton womens jeans - blue,"Size:25,26,27,28,29,30,31,32,33,34","Rs
3699",2589,30% off,Westernwear-Women
1459,Madame,Floral cotton high neck womens top - natural,"Size:Large,Medium,Small,X-Large,XX-Large","Rs
1799",899,50% off,Westernwear-Women
1460,Infuse,Solid collared neck cotton blend womens regular fit a-line dress - olive,"Size:Large,Medium,Small,X-Large,XX-Large","Rs
3199",959,70% off,Westernwear-Women
1461,Fratini,Womens rayon printed tops - mustard,"Size:Medium,Small","Rs
799",399,50% off,Westernwear-Women
1462,Kraus,Clean look cotton blend skinny fit womens jeans - grey,"Size:28,36,38","Rs
1695",847,50% off,Westernwear-Women
1463,Only,Solid skinny fit viscose womens casual wear pants - black,"Size:Large,Medium,Small,X-Large,X-Small","Rs
2299",1839,20% off,Westernwear-Women
1464,Lovegen,Solid shoulder straps cotton womens ankle length dungarees - mid blue,"Size:Large,Medium","Rs
2599",779,70% off,Westernwear-Women
1465,Only,Placement print cotton crew neck womens t-shirt - yellow,"Size:Large,Medium,Small,X-Large,X-Small","Rs
999",599,40% off,Westernwear-Women
1466,Zink london,Solid polyester round neck womens dress - white,"Size:Large,Medium,Small,X-Large,X-Small,XX-Large","Rs
2499",1499,40% off,Westernwear-Women
1467,Life,Printed rayon round neck womens regular fit top - navy,"Size:Large,Medium,Small,X-Large,X-Small","Rs
699",349,50% off,Westernwear-Women
1468,Latin quarters,Printed polyester sweetheart neck womens regular dress - pink,"Size:S,M,L,XL,XX-Large",Nan,2899,No Discount,Westernwear-Women
1469,Zink london,Womens tie up neck floral print top - multi,"Size:Large,Small,X-Small","Rs
1599",499,69% off,Westernwear-Women
1470,Insense,Solid regular neck polyester womens pullover - wine,"Size:M/L,XL/XXL,XS/S","Rs
999",499,50% off,Westernwear-Women
1471,Levis,Solid round neck cotton womens casual t-shirt - green,"Size:Large,Medium,Small,X-Small",Nan,2999,No Discount,Westernwear-Women
1472,Allen solly,Solid cotton v neck womens shirt - yellow,"Size:Large,Medium,Small,X-Large,X-Small,XX-Large","Rs
2299",1839,20% off,Westernwear-Women
1473,Allen solly,Regular fit regular rayon womens leggings - black,"Size:26,28,30,32","Rs
1599",959,40% off,Westernwear-Women
1474,Life,Printed viscose wide neck womens regular top - red,"Size:Large,Medium,Small,X-Small","Rs
699",349,50% off,Westernwear-Women
1475,Fratini,Printed cotton round neck womens regular fit t-shirt - black,"Size:Large,Medium,Small,X-Large,XX-Large","Rs
599",299,50% off,Westernwear-Women
1476,Life,Solid cotton wide neck womens regular top - pink,"Size:Large,Medium,Small,X-Large,X-Small","Rs
1199",599,50% off,Westernwear-Women
1477,Zink london,Printed cotton round neck womens regular fit t-shirt - white,"Size:Large,Medium,Small,X-Large,X-Small,XX-Large","Rs
1299",399,69% off,Westernwear-Women
1478,Altlife,Printed cotton blend regular neck womens t-shirt - green,"Size:Large,Medium,Small,X-Large,X-Small,XX-Large","Rs
499",249,50% off,Westernwear-Women
1479,Infuse,Printed round neck cotton womens regular fit nighty - pink,"Size:Large,Medium,Small,X-Large,X-Small","Rs
899",359,60% off,Westernwear-Women
1480,And,Floral v-neck polyester womens flared dress - multi,"Size:8,10,12,14,16","Rs
3499",2799,20% off,Westernwear-Women
1481,Zink london,Floral polyester round neck womens blouson top - white,"Size:Large,Medium,Small,X-Large,X-Small","Rs
1299",779,40% off,Westernwear-Women
1482,Zink london,Floral scoop neck polyester womens a-line dress - orange,"Size:Large,Medium,Small,X-Large","Rs
2699",1619,40% off,Westernwear-Women
1483,Only,Stripes cotton square neck womens top - white,"Size:Large,Medium,Small,X-Small","Rs
1799",899,50% off,Westernwear-Women
1484,Vero moda,Solid sleeveless lyocell womens jumpsuits - green,"Size:Large,Medium,Small,X-Large,X-Small","Rs
3799",1899,50% off,Westernwear-Women
1485,Altlife,Printed cotton regular neck womens t-shirt - orange,"Size:Large,Medium,Small,X-Large,X-Small,XX-Large","Rs
499",249,50% off,Westernwear-Women
1486,And,Womens regular fit checked top - blue,"Size:8,10,12,14,16,18","Rs
1699",679,60% off,Westernwear-Women
1487,Madame,Printed polyester round neck womens shirt - white,"Size:Large,Medium,Small,X-Large,XX-Large","Rs
1899",1329,30% off,Westernwear-Women
1488,And,Solid linen collar neck womens straight top - orange,"Size:8,10,12,14,16,18","Rs
2099",1679,20% off,Westernwear-Women
1489,Life,Printed polyester blend round neck womens regular fit dress - green,"Size:Large,Medium,Small,X-Large,X-Small","Rs
1299",649,50% off,Westernwear-Women
1490,Madame,Stripes cotton v neck womens top - peach,"Size:Large,Medium,Small,X-Large,XX-Large","Rs
1699",1189,30% off,Westernwear-Women
1491,And,Floral polyester round neck womens straight top - yellow,"Size:8,18","Rs
2099",1679,20% off,Westernwear-Women
1492,Latin quarters,Dyed v-neck polyester womens regular dress - black,"Size:S,X-Small","Rs
2699",1349,50% off,Westernwear-Women
1493,Zink london,Floral cotton square neck womens top - navy,Size:Large,"Rs
1499",1049,30% off,Westernwear-Women
1494,Fratini,Printed viscose collar neck womens casual shirt - blue,"Size:Large,Medium,Small,X-Large,XX-Large",Nan,1199,No Discount,Westernwear-Women
1495,Fratini,Printed viscose square neck womens regular woven top - off white,"Size:Large,Medium,Small,X-Large,XX-Large",Nan,1199,No Discount,Westernwear-Women
1496,And,Solid linen round neck womens straight dress - red,"Size:8,10,12,14,16","Rs
3499",2799,20% off,Westernwear-Women
1497,Life,Solid cotton round neck womens regular t-shirt - grey melange,"Size:Large,Medium,Small,X-Large,X-Small","Rs
599",299,50% off,Westernwear-Women
1498,Forever new,Stripes viscose collar neck womens regular top - linen,"Size:6,8,10,12,14,16","Rs
3600",2520,30% off,Westernwear-Women
1499,And,Flared fit cotton womens casual pants - white,"Size:26,28,30,32,34,36",Nan,2799,No Discount,Westernwear-Women
1500,Forever new,Solid polyester mandarin womens top - porcelain,"Size:6,8,14","Rs
4000",3000,25% off,Westernwear-Women
1501,Jealous 21,Super skinny fit ankle length denim womens jeans - black,"Size:26,28,30,32,34",Nan,1999,No Discount,Westernwear-Women
1502,Infuse,Skinny fit ankle length cotton lycra womens jeans - white,"Size:26,28,30,32,34,36","Rs
1499",599,60% off,Westernwear-Women
1503,Zink london,Solid collar neck rayon blend womens casual shirt - grey,Size:Small,"Rs
1599",959,40% off,Westernwear-Women
1504,Life,Solid collar neck denim womens casual wear jacket - ice,"Size:Large,Medium,Small,X-Large,X-Small","Rs
1699",849,50% off,Westernwear-Women
1505,Kraus,Clean look cotton wide fit womens jeans - blue,"Size:28,30,32,34,36","Rs
2095",1885,10% off,Westernwear-Women
1506,Only,Checks half sleeves cotton womens midi length jumpsuit - white,"Size:34,36,38,40,42","Rs
3699",2219,40% off,Westernwear-Women
1507,Stop,Solid polyester skinny fit womens trousers - blush,"Size:26,28,30,32,34,36",Nan,1499,No Discount,Westernwear-Women
1508,Only,Cotton round neck womens t-shirt - natural,"Size:Large,Medium,Small,X-Large,X-Small","Rs
1499",749,50% off,Westernwear-Women
1509,Life,Solid polyester blend v-neck womens t-shirt - sage,"Size:Large,Medium,Small,X-Large,X-Small","Rs
999",499,50% off,Westernwear-Women
1510,Cover story,Solid poly spandex womens top - wine,"Size:Large,Medium,Small,X-Large,X-Small","Rs
890",534,40% off,Westernwear-Women
1511,Iti,Womens scuba flowy embellished maxi - blue,"Size:Large,Medium,Small,X-Small",Nan,2999,No Discount,Westernwear-Women
1512,Van heusen,Textured regular fit polyester viscose womens pants - navy,"Size:28,30,32,34","Rs
2499",999,60% off,Westernwear-Women
1513,Faballey,Floral collared neck georgette womens a-line dress - green,"Size:Large,Medium,Small,X-Large,X-Small","Rs
2200",1760,20% off,Westernwear-Women
1514,Faballey,Solid sleeveless crepe womens regular length jumpsuit - maroon,"Size:Large,Medium,Small,X-Large,X-Small","Rs
2400",1920,20% off,Westernwear-Women
1515,Zink london,Floral polyester v neck womens top - cream,"Size:Large,Medium,Small,X-Large,X-Small","Rs
1499",899,40% off,Westernwear-Women
1516,Insense,Half sleeves night wear womens t-shirt - pale yellow,"Size:Medium,Small,X-Small","Rs
399",199,50% off,Westernwear-Women
1517,Zink london,Checks scoop neck cotton womens a-line dress - multi,"Size:Large,Medium,Small,X-Large,XX-Large","Rs
2999",1499,50% off,Westernwear-Women
1518,Van heusen,Womens full sleeved solid shirt - light blue,"Size:Large,Medium,Small,X-Large,X-Small,XX-Large","Rs
1699",999,41% off,Westernwear-Women
1519,Rare,Stripes regular fit polyester womens casual wear trousers - maroon,"Size:Large,Medium,Small,X-Large","Rs
1499",599,60% off,Westernwear-Women
1520,Global desi,Womens self pattern tunic - mustard,"Size:XL,Large,Medium,Small,X-Small,XX-Large","Rs
2199",659,70% off,Westernwear-Women
1521,Rare,Printed polyester sweetheart neck womens peplum top - white,"Size:Large,Medium,Small,X-Large","Rs
1399",629,55% off,Westernwear-Women
1522,Faballey,Solid round neck georgette womens shift dress - purple,"Size:Small,X-Small","Rs
1900",950,50% off,Westernwear-Women
1523,Zink london,Solid polyester off shoulder womens top - blue,"Size:Large,Medium,Small,X-Large,X-Small,XX-Large","Rs
1599",959,40% off,Westernwear-Women
1524,Faballey,Embellished georgette round neck womens regular dress - blue,"Size:Large,Medium,Small,X-Large,X-Small","Rs
2600",2080,20% off,Westernwear-Women
1525,Vero moda,Solid polyester round neck womens  shirts - navy,"Size:Large,Medium,Small,X-Large,X-Small","Rs
2499",1999,20% off,Westernwear-Women
1526,Kraus,Light wash cotton blend regular fit womens jeans - blue,"Size:28,30,32,34,36,38","Rs
1995",1795,10% off,Westernwear-Women
1527,Vero moda,Textured cotton v-neck womens top - white,"Size:Large,Medium,Small,X-Large,X-Small","Rs
2599",1819,30% off,Westernwear-Women
1528,And,Solid polyester v neck womens straight top - pink mix,"Size:8,10,12,14,16,18","Rs
2499",1249,50% off,Westernwear-Women
1529,Zink london,Solid regular fit rayon blend womens casual trousers - orange,Size:Large,"Rs
1899",599,68% off,Westernwear-Women
1530,Only,Aop polyester crew neck womens t-shirt - green,"Size:Large,Medium,Small,X-Large,X-Small","Rs
1499",899,40% off,Westernwear-Women
1531,And,Solid viscose collar neck womens straight top - yellow,"Size:8,10,12,14,16,18","Rs
2299",1839,20% off,Westernwear-Women
1532,Forever new,Polka dots halter neck polyester womens maxi dress - grey,"Size:6,8,10,12,14",Nan,8400,No Discount,Westernwear-Women
1533,Kraus,Stripes rayon collar neck womens casual shirt - peach,"Size:Large,Medium,Small,X-Large","Rs
1299",1169,10% off,Westernwear-Women
1534,Levis,Skinny fit regular cotton blend womens jeans - dk indigo,"Size:26,27,28,30,32",Nan,2799,No Discount,Westernwear-Women
1535,Life,Regular fit mid length twill womens casual shorts - coral,"Size:26,28,30,32,34","Rs
799",399,50% off,Westernwear-Women
1536,Altlife,Printed cotton round neck womens active wear t-shirt - plum,"Size:Large,Medium,Small,X-Large,X-Small,XX-Large","Rs
399",199,50% off,Westernwear-Women
1537,Life,Printed cotton round neck womens regular t-shirt - grey melange,"Size:Large,Medium,Small,X-Large,X-Small,XX-Large","Rs
399",199,50% off,Westernwear-Women
1538,Only,Aop short sleeves viscose womens ankle length jumpsuits - blue,"Size:34,36,38,40,42","Rs
3699",2589,30% off,Westernwear-Women
1539,Sera,Printed round neck cotton womens fit and flare dress - red,"Size:Medium,Small,X-Large","Rs
1894",947,50% off,Westernwear-Women
1540,Vero moda,Printed viscose v neck womens dress - black,"Size:Large,Medium,Small,X-Large,X-Small",Nan,3999,No Discount,Westernwear-Women
1541,Stop,Solid polyester tailored fit womens trousers - natural,"Size:28,30,32,34,36",Nan,1499,No Discount,Westernwear-Women
1542,Zink london,Printed cotton round neck womens t-shirt - purple,"Size:Large,Medium,Small,X-Large,X-Small","Rs
899",539,40% off,Westernwear-Women
1543,Levis,Skinny fit regular length cotton polyester womens jeans - indigo,"Size:26,28,30,32",Nan,1999,No Discount,Westernwear-Women
1544,Fratini,Solid polyester round neck womens regular top - peach,"Size:Large,Medium,Small,X-Large,XX-Large","Rs
1199",599,50% off,Westernwear-Women
1545,Latin quarters,Printed v- neck polyester womens regular dress - ivory,Size:M,"Rs
2499",799,68% off,Westernwear-Women
1546,Infuse,Printed polyester round neck womens regular fit woven top - black & white,"Size:Large,Medium,Small,X-Large,XX-Large","Rs
799",319,60% off,Westernwear-Women
1547,Allen solly,Prints round neck viscose womens regular dress - ltgrey,"Size:Large,Medium,Small,X-Small","Rs
2499",1499,40% off,Westernwear-Women
1548,Zink london,Solid polyester v neck womens dress - purple,"Size:Large,Medium,Small,X-Large,X-Small,XX-Large","Rs
3299",1979,40% off,Westernwear-Women
1549,Altlife,Printed cotton regular neck womens top and shorts - royal blue,"Size:Large,Medium,Small,X-Large,XX-Large","Rs
1299",649,50% off,Westernwear-Women
1550,Only,Placement print cotton crew neck womens t-shirt - yellow,"Size:Large,Medium,Small,X-Large,X-Small","Rs
1999",1199,40% off,Westernwear-Women
1551,Life,Checks collar neck rayon womens regular dress - berry,"Size:Medium,Small,X-Large,X-Small","Rs
1299",649,50% off,Westernwear-Women
1552,Rare,Three quarter sleeves regular fit womens casual top - pink,"Size:Large,Medium,X-Large","Rs
1599",639,60% off,Westernwear-Women
1553,And,Solid viscose round neck womens straight top - emerald,Size:16,"Rs
1999",999,50% off,Westernwear-Women
1554,And,Solid full sleeves polyester womens regular jacket - black,"Size:8,12,16,18","Rs
4299",2149,50% off,Westernwear-Women
1555,Van heusen,Solid polyester v neck womens shirt - green,"Size:Large,Medium,Small,X-Large,X-Small",Nan,1999,No Discount,Westernwear-Women
1556,Fratini,Solid cotton blend square neck womens a-line dress - natural,"Size:Large,Medium,Small,X-Large,XX-Large",Nan,1699,No Discount,Westernwear-Women
1557,Emblaze,Solid sequence one shoulder womens straight top - green,"Size:Large,Medium,Small,X-Large,X-Small,XX-Large",Nan,3800,No Discount,Westernwear-Women
1558,Only,Printed cotton round neck womens t-shirt - black,"Size:Large,Medium,Small,X-Large,X-Small","Rs
1799",1079,40% off,Westernwear-Women
1559,Faballey,Floral round neck lace womens midi dress - pink,"Size:Large,Medium,Small,X-Large,X-Small","Rs
2600",2080,20% off,Westernwear-Women
1560,Van heusen,Solid stylized polyester blend womens fit and flare dress - navy,"Size:Large,Medium,Small,X-Small","Rs
3299",2499,24% off,Westernwear-Women
1561,Only,Textured cotton round neck womens dress - green,"Size:34,36,38,40,42","Rs
4299",2579,40% off,Westernwear-Women
1562,Vero moda,Cotton regular fit womens jeans - blue,"Size:26,28,29,30,31,32,33,34","Rs
3499",2099,40% off,Westernwear-Women
1563,Infuse,Tie and dye halter neck rayon womens regular fit dress - white,"Size:Large,Medium,Small,X-Large,X-Small","Rs
1999",999,50% off,Westernwear-Women
1564,Fratini,Solid skinny fit cotton blend womens casual pants - black,"Size:26,28,32,36","Rs
1299",649,50% off,Westernwear-Women
1565,Stop,Solid viscose blend turtle neck womens regular fit top - black,"Size:Large,Medium,Small,X-Large,XX-Large","Rs
799",399,50% off,Westernwear-Women
1566,Infuse,Stripe cotton round neck womens regular fit t-shirt - yellow,Size:Small,"Rs
499",199,60% off,Westernwear-Women
1567,Kraus,Solid tencel comfort fit womens casual trousers - green,"Size:28,30,34,36","Rs
1595",1116,30% off,Westernwear-Women
1568,Life,Flared full length cotton lycra womens jeans - black,"Size:26,28,30,34,36","Rs
1699",849,50% off,Westernwear-Women
1569,Vero moda,Solid polyester relaxed fit womens casual pants - black,"Size:Large,Medium,Small,X-Large,X-Small",Nan,3799,No Discount,Westernwear-Women
1570,Infuse,Solid cotton round neck womens regular fit top - sage,"Size:Large,Medium,Small,X-Large","Rs
499",249,50% off,Westernwear-Women
1571,Van heusen,Solid polyester collar neck womens jacket - mid blue,"Size:Large,Medium,Small,X-Large,X-Small","Rs
5999",1999,67% off,Westernwear-Women
1572,Faballey,Floral crepe collar neck womens dress - blue,"Size:Large,Medium,Small,X-Large,X-Small","Rs
1950",1560,20% off,Westernwear-Women
1573,Adidas,Printed regular fit blended womens active wear tights - navy,"Size:Small,X-Small","Rs
1999",999,50% off,Westernwear-Women
1574,Calvin klein underwear,Printed polyester womens regular dress - blue,"Size:S,L,XL","Rs
2799",1959,30% off,Westernwear-Women
1575,Stop,Solid polyester regular fit womens regular top - red,"Size:Large,Medium,Small,X-Large,X-Small,XX-Large",Nan,999,No Discount,Westernwear-Women
1576,And,Floral polyester boat neck womens flared dress - white,"Size:8,10,12,14,16,18","Rs
2699",2159,20% off,Westernwear-Women
1577,Only,Printed polyester v neck womens dress - white,"Size:Large,Medium,Small,X-Large,X-Small","Rs
3499",2449,30% off,Westernwear-Women
1578,Lovegen,Womens mandarin neck checked casual shirt - blue,Size:Small,"Rs
1799",359,80% off,Westernwear-Women
1579,Faballey,Embroidered georgette v neck womens regular dress - green,"Size:Large,Medium,Small,X-Large,X-Small","Rs
2200",1760,20% off,Westernwear-Women
1580,Stop,Solid regular fit viscose blend womens formal leggings - white,"Size:28,30,32,34,36","Rs
999",499,50% off,Westernwear-Women
1581,Infuse,Regular fit thigh length cotton terry womens athleisure shorts - black,"Size:28,30,32,34,36","Rs
599",239,60% off,Westernwear-Women
1582,Latin quarters,Printed peter pan collar polyester womens casual shirt - grey,Size:S,"Rs
1399",499,64% off,Westernwear-Women
1583,Zink london,Regular fit ankle length polyester womens casual skirt - white,"Size:Large,Medium,Small,X-Large,X-Small","Rs
1799",1079,40% off,Westernwear-Women
1584,Life,Printed square neck viscose womens regular fit dress - navy,"Size:Large,Medium,Small,X-Large,X-Small","Rs
1499",749,50% off,Westernwear-Women
1585,Haute curry,Printed rayon round neck womens regular dress - blue,"Size:Large,Medium,Small,X-Large,X-Small,XX-Large","Rs
1499",749,50% off,Westernwear-Women
1586,Madame,Solid polyester round neck womens regular fit top - black,"Size:Large,Medium,Small,X-Large","Rs
1699",849,50% off,Westernwear-Women
1587,Infuse,Regular fit thigh length cotton womens loungewear shorts - black,"Size:28,30,32,34,36","Rs
499",199,60% off,Westernwear-Women
1588,Lovegen,Womens strappy neck solid top - yellow,Size:X-Large,"Rs
1599",319,80% off,Westernwear-Women
1589,Latin quarters,Dyed v-neck polyester womens regular dress - green,Size:S,"Rs
2599",799,69% off,Westernwear-Women
1590,Reebok,Regular fit regular length polyester blend womens leggings - black,"Size:Large,Medium,Small,X-Large,X-Small","Rs
1599",799,50% off,Westernwear-Women
1591,Life,Checks viscose wide neck womens a-line dress - powder blue,"Size:Large,Medium,Small,X-Large,X-Small","Rs
1499",749,50% off,Westernwear-Women
1592,Life,Solid square neck tencel womens regular fit dress - mid blue,"Size:Large,Medium,Small,X-Large,X-Small","Rs
1699",849,50% off,Westernwear-Women
1593,Fratini,Solid regular fit tencel womens casual pants - indigo,"Size:26,28,30,32,34,36","Rs
1499",749,50% off,Westernwear-Women
1594,Zink london,Printed polyester halter neck womens dress - green,"Size:Large,Medium,Small,X-Large,X-Small","Rs
2299",1379,40% off,Westernwear-Women
1595,Allen solly,Womens notched lapel solid blazer - black,"Size:Large,Medium,Small,X-Large,X-Small,XX-Large,XXX-Large","Rs
3799",3039,20% off,Westernwear-Women
1596,Zink london,Printed polyester high neck womens top - navy,"Size:X-Small,XX-Large","Rs
1899",1139,40% off,Westernwear-Women
1597,Madame,Stripes skinny fit woven polyster womens casual wear trouser - peach,"Size:28,34","Rs
2699",1619,40% off,Westernwear-Women
1598,Zink london,Printed polyester blend boat neck women's dress - natural,Size:XX-Large,"Rs
2999",1199,60% off,Westernwear-Women
1599,Levis,Light wash cotton skinny fit womens jeans - indigo,"Size:26,28,30,32,34",Nan,3799,No Discount,Westernwear-Women
1600,Vero moda,Solid polyester round neck womens  shirts - green,"Size:Large,Medium,Small,X-Large,X-Small","Rs
2499",1999,20% off,Westernwear-Women
1601,Only,Erik fit ankle length cotton womens jeans - blue,"Size:34,36,38,40,42","Rs
3499",2799,20% off,Westernwear-Women
1602,And,Floral polyester square neck womens flared gown - multi,"Size:8,10,12,14,16,18","Rs
4099",3279,20% off,Westernwear-Women
1603,Only,Solid cotton square neck womens casual shirt - green,"Size:34,36,38,40,42","Rs
2299",1609,30% off,Westernwear-Women
1604,Kraus,Mom fit ankle length cotton womens jeans - dark blue,"Size:28,30,32,34,36","Rs
1895",1705,10% off,Westernwear-Women
1605,Fratini,Printed satin regular fit womens top - multi,"Size:Large,Medium,Small,X-Large,XX-Large",Nan,1599,No Discount,Westernwear-Women
1606,Van heusen,Checks regular fit polyester womens formal pants - mid blue,"Size:26,28,30,32,34",Nan,1999,No Discount,Westernwear-Women
1607,Zink london,Womens regular fit v neck printed mini dress - yellow,"Size:Large,Medium,Small,X-Large","Rs
2299",699,70% off,Westernwear-Women
1608,Van heusen,Solid viscose v-neck womens woven top - mid blue,"Size:Large,Medium,Small,X-Large,X-Small",Nan,1499,No Discount,Westernwear-Women
1609,Pepe,Stripes modal round neck women t-shirt - black,Size:Small,"Rs
1999",1199,40% off,Westernwear-Women
1610,Only,Straight fit cropped cotton womens jeans - natural,"Size:34,36,38,40,42","Rs
3699",2959,20% off,Westernwear-Women
1611,Infuse,Solid v-neck polyester womens regular fit a-line dress - red,"Size:Large,Medium,Small,X-Large,XX-Large","Rs
2799",839,70% off,Westernwear-Women
1612,Vero moda,Printed modal round neck womens  t-shirts - white,"Size:Large,Medium,Small,X-Large,X-Small","Rs
1299",909,30% off,Westernwear-Women
1613,Altlife,Printed cotton regular neck womens top and shorts - black,"Size:Large,Medium,Small,X-Large,XX-Large","Rs
1299",649,50% off,Westernwear-Women
1614,Zink london,Floral polyester collar neck womens dress - pink,"Size:Large,Medium,Small,X-Large,XX-Large","Rs
3299",1979,40% off,Westernwear-Women
1615,Altlife,Solid polyester blend womens active wear bralette - black,"Size:Large,Medium,Small,X-Large,X-Small","Rs
899",449,50% off,Westernwear-Women
1616,Fratini,Printed viscose blend v-neck womens regular dress - off white,"Size:Large,Medium,Small,X-Large,XX-Large",Nan,2299,No Discount,Westernwear-Women
1617,Faballey,Floral lace round neck womens top - white,"Size:Large,Medium,Small,X-Large,X-Small","Rs
1600",1280,20% off,Westernwear-Women
1618,Life,Printed cotton blend round neck womens active wear t-shirt - grey melange,"Size:Large,Medium,Small,X-Large,X-Small,XX-Large","Rs
399",199,50% off,Westernwear-Women
1619,Vero moda,Stripes cotton square neck womens dress - white,"Size:Large,Medium,Small,X-Large,X-Small","Rs
2799",1679,40% off,Westernwear-Women
1620,Magre,Solid polyester blend regular fit womens casual pants - natural,Size:Medium,"Rs
2190",1314,40% off,Westernwear-Women
1621,Altlife,Printed viscose blend regular neck womens t-shirt - lime green,"Size:Large,Medium,Small,X-Large,X-Small,XX-Large","Rs
599",299,50% off,Westernwear-Women
1622,Spykar,Solid cotton blend mandarin womens casual wear shirt - black,"Size:Large,Medium,Small,X-Large","Rs
1899",1329,30% off,Westernwear-Women
1623,Zink london,Stripes polyester mandarin collar womens straight fit top - multi,"Size:Large,Medium,X-Large","Rs
1399",399,71% off,Westernwear-Women
1624,Only,Placement print cotton round neck womens t-shirt - black,"Size:Large,Medium,Small,X-Small","Rs
1799",1259,30% off,Westernwear-Women
1625,Zink london,Solid cotton tie up neck womens straight top - green,"Size:Large,Medium,Small,X-Large,X-Small,XX-Large","Rs
1499",899,40% off,Westernwear-Women
1626,Madame,Solid polyester round neck womens t-shirt - green,"Size:Medium,Small","Rs
999",699,30% off,Westernwear-Women
1627,Latin quarters,Solid boat neck nylon womens regular dress - black,"Size:S,M,L,XL,X-Small",Nan,2499,No Discount,Westernwear-Women
1628,Life,Checks collar rayon womens casual shirt - red,"Size:Large,Medium,Small,X-Large,X-Small","Rs
899",449,50% off,Westernwear-Women
1629,Zink london,Polyester women fit and flare dress - maroon,"Size:Large,Medium,Small,X-Small","Rs
2399",699,71% off,Westernwear-Women
1630,Forever new,Printed off shoulder polyester womens dresses - print,Size:8,"Rs
8600",4300,50% off,Westernwear-Women
1631,Forever new,Solid lyocell collar neck womens top - pink,"Size:6,8,10,12","Rs
3400",2550,25% off,Westernwear-Women
1632,Adidas,Printed regular fit polyester womens sports t-shirt - white,"Size:Large,Medium,Small,X-Large,X-Small","Rs
1599",799,50% off,Westernwear-Women
1633,Van heusen,Solid polyester round neck womens top - off white,"Size:Large,Medium,Small,X-Large,X-Small","Rs
1699",999,41% off,Westernwear-Women
1634,Fratini,Solid round neck linen womens casual shirt - white,"Size:Large,Medium,Small,X-Large,XX-Large","Rs
1299",649,50% off,Westernwear-Women
1635,Only,Checks straight fit polyester womens casual pants - natural,"Size:34,36,38,40","Rs
3699",1849,50% off,Westernwear-Women
1636,Madame,Solid cotton blend round neck womens tops - green,"Size:Large,Medium,Small,X-Large,XX-Large","Rs
1899",1329,30% off,Westernwear-Women
1637,Zink london,Solid shirt collar polyester women casual jackets - pink,"Size:Medium,Small","Rs
3999",1599,60% off,Westernwear-Women
1638,Forever new,Printed polyester v neck womens regular dress - print,"Size:6,8","Rs
7800",4680,40% off,Westernwear-Women
1639,Altlife,Printed cotton regular neck womens t-shirt - olive,"Size:Large,Medium,Small,X-Large,X-Small,XX-Large","Rs
499",249,50% off,Westernwear-Women
1640,Faballey,Embellished half sleeves crepe womens regular length jumpsuits - black,"Size:Large,Medium,Small,X-Large,X-Small","Rs
2400",1920,20% off,Westernwear-Women
1641,Levis,Tapered fit regular cotton womens jeans - dk indigo,"Size:26,28,30,32,34",Nan,3699,No Discount,Westernwear-Women
1642,Zink london,Womens printed mock neck a-line skater dress - orange,Size:X-Large,"Rs
2399",699,71% off,Westernwear-Women
1643,And,Floral viscose square neck womens flared dress - purple,"Size:8,10,12,14,16,18","Rs
2999",1949,35% off,Westernwear-Women
1644,Only,Embroidered 100% cotton v neck womens top - yellow,"Size:34,36,38,40,42","Rs
2799",1679,40% off,Westernwear-Women
1645,Latin quarters,Yarn dyed rayon collar neck womens blouse - blue,"Size:S,M,L,XL,X-Small","Rs
1499",499,67% off,Westernwear-Women
1646,Stop,Printed viscose regular neck womens top - natural,"Size:Large,Medium,Small,X-Large,X-Small,XX-Large","Rs
799",399,50% off,Westernwear-Women
1647,Stop,Solid polyester round neck stop regular tops - butter,"Size:Large,Medium,Small,X-Large,X-Small,XX-Large","Rs
899",449,50% off,Westernwear-Women
1648,Madame,Solid cotton round neck womens t-shirt - mustard,"Size:Large,Medium,Small,X-Large","Rs
899",539,40% off,Westernwear-Women
1649,Zink london,Womens regular fit round neck printed top - yellow,"Size:Large,Medium,Small,X-Large","Rs
1599",499,69% off,Westernwear-Women
1650,Life,Solid collar neck denim womens casual wear jacket - sage,"Size:Large,Medium,Small,X-Large,X-Small","Rs
1699",849,50% off,Westernwear-Women
1651,Kraus,Skinny fit ankle length cotton womens jeans - blue,"Size:28,30,32,34,36,38","Rs
1895",947,50% off,Westernwear-Women
1652,Rare,Solid polyester round neck womens flared dress - black,"Size:Large,Medium,Small,X-Large","Rs
1899",854,55% off,Westernwear-Women
1653,Magre,Solid sleeveless polyester blend womens regular length jumpsuit - black,"Size:Medium,Small,X-Small","Rs
2990",1345,55% off,Westernwear-Women
1654,Infuse,Printed rayon full length womens loungewear pyjama - navy,"Size:28,30,32","Rs
799",319,60% off,Westernwear-Women
1655,Fratini,Printed collar neck polyester womens regular dress - black,"Size:Large,Medium,Small,X-Large,XX-Large","Rs
1499",749,50% off,Westernwear-Women
1656,Infuse,Printed rayon v neck womens strappy midi dress - white,"Size:Large,Medium,Small,X-Large,X-Small,XX-Large","Rs
1599",799,50% off,Westernwear-Women
1657,Latin quarters,Printed polyester v neck womens regular top - blue,"Size:S,M,L,XL,XX-Large","Rs
1599",1119,30% off,Westernwear-Women
1658,Rare,Solid polyester round neck womens a-line dress - blue,"Size:Large,Medium,Small,X-Large","Rs
1899",854,55% off,Westernwear-Women
1659,Jealous 21,Regular fit above knee denim womens casual shorts - light blue,"Size:26,28,30,32,34",Nan,1699,No Discount,Westernwear-Women
1660,Levis,Dark wash cotton tapered fit womens jeans - indigo,"Size:26,28,30,32,34",Nan,3799,No Discount,Westernwear-Women
1661,Latin quarters,Dyed polyester round neck womens casual shrug - grey,"Size:S,M,L,XL","Rs
1599",1119,30% off,Westernwear-Women
1662,Allen solly,Printed polyester v neck womens dress - navy,"Size:Large,Medium,Small,X-Large,X-Small,XX-Large","Rs
2499",1999,20% off,Westernwear-Women
1663,Only,Solid cotton regular fit womens pants - green,"Size:Large,Medium,Small,X-Large,X-Small","Rs
3499",2449,30% off,Westernwear-Women
1664,Van heusen,Solid polyester blend regular fit womens trousers - black,Size:26,"Rs
1899",999,47% off,Westernwear-Women
1665,Stop,Solid regular neck cotton stretch womens formal shirt - midnight blue,"Size:Large,Medium,Small,X-Large,X-Small,XX-Large",Nan,999,No Discount,Westernwear-Women
1666,Life,Printed cotton round neck womens regular fit top - mustard,"Size:Medium,Small,X-Small","Rs
499",249,50% off,Westernwear-Women
1667,Madame,Solid cotton collar neck womens maxi dress - rust,"Size:Large,Medium,Small,X-Large,XX-Large","Rs
2699",1349,50% off,Westernwear-Women
1668,Madame,Solid straight fit denim fabric womens casual wear trouser - indigo,"Size:28,30,32,34,36","Rs
2899",1449,50% off,Westernwear-Women
1669,Latin quarters,Solid polyester womens regular blouse - green,"Size:S,M,L,XL,X-Small","Rs
1499",749,50% off,Westernwear-Women
1670,Vero moda,Solid cotton blend round neck womens t-shirt - pink,"Size:Large,Medium,Small,X-Large,X-Small","Rs
999",499,50% off,Westernwear-Women
1671,And,Solid v-neck viscose womens workwear dress - blue mix light,"Size:8,10,12,14,16,18","Rs
2799",1399,50% off,Westernwear-Women
1672,Latin quarters,Printed polyester womens regular dress - black,"Size:S,M,L,XX-Large","Rs
2799",1959,30% off,Westernwear-Women
1673,Indya,Shraddha kapoor for indya embroidered strappy crop top - green,"Size:Large,Medium,Small,X-Large,X-Small","Rs
1500",1200,20% off,Westernwear-Women
1674,Stop,Solid nr roma skinny fit womens treggings - black,"Size:26,28,30,32,34,36",Nan,1299,No Discount,Westernwear-Women
1675,Latin quarters,Solid polyester womens regular blouse - natural,"Size:S,M,L,XL,XX-Large","Rs
1599",1119,30% off,Westernwear-Women
1676,Forever new,Solid polyester v neck womens dress - pink,"Size:6,8,10,12,14","Rs
8000",6000,25% off,Westernwear-Women
1677,Faballey,Floral sleeveless satin womens regular length jumpsuit - blue,"Size:Large,Medium,Small,X-Large,X-Small","Rs
2400",1920,20% off,Westernwear-Women
1678,Altlife,Printed viscose blend regular neck womens t-shirt - blush,"Size:Large,Medium,Small,X-Large,X-Small,XX-Large","Rs
599",299,50% off,Westernwear-Women
1679,And,Solid linen v- neck women wrap top - blue mix light,"Size:8,10,12,14,16","Rs
1699",849,50% off,Westernwear-Women
1680,Stop,Solid polyester relaxed fit womens shirt dress - brown,"Size:Large,Medium,Small,X-Large,X-Small,XX-Large",Nan,1499,No Discount,Westernwear-Women
1681,Life,Solid polyester blend round neck womens regular t-shirt - mustard,"Size:Large,Medium,Small,X-Large,X-Small","Rs
999",499,50% off,Westernwear-Women
1682,Life,Printed cotton blend wide neck womens regular top - white,"Size:Large,Medium,Small,X-Large,X-Small","Rs
999",499,50% off,Westernwear-Women
1683,Only,Cotton relaxed fit womens jeans - blue,"Size:34,36,38,40,42","Rs
3699",2959,20% off,Westernwear-Women
1684,And,Solid polyester collar neck womens regular gown - teal,"Size:6,8,10,12,14,16","Rs
4099",3279,20% off,Westernwear-Women
1685,Van heusen,Printed round neck polyester womens top - natural,"Size:Large,Medium,Small,X-Large,X-Small","Rs
3499",1499,57% off,Westernwear-Women
1686,And,Solid polyester collar neck womens straight dress - multi,"Size:8,10,14","Rs
2899",1449,50% off,Westernwear-Women
1687,Forever new,Solid scoop neck linen womens regular dress - pink,"Size:6,8,10,12,14","Rs
6800",4420,35% off,Westernwear-Women
1688,Madame,Stripes polyester round neck womens shirt - green,"Size:Large,Medium,XX-Large","Rs
1899",1139,40% off,Westernwear-Women
1689,Altlife,Solid skinny fit cotton blend womens active wear tights - black,"Size:28,30,32,34,36","Rs
1299",649,50% off,Westernwear-Women
1690,Zink london,Printed polyester round neck womens straight fit top - yellow,"Size:Large,Medium,Small,X-Small,XX-Large","Rs
1799",599,67% off,Westernwear-Women
1691,Infuse,Printed cotton round neck womens regular fit t-shirt - mint,"Size:Large,Medium,Small,X-Large,X-Small,XX-Large","Rs
499",199,60% off,Westernwear-Women
1692,Juniper,Embroidered round neck rayon womens tiered dress - indigo,"Size:4X-Large,5X-Large,X-Large,XXX-Large","Rs
3299",989,70% off,Westernwear-Women
1693,Adidas,Printed crew neck cotton womens t-shirt - black,"Size:Medium,Small,X-Large,X-Small","Rs
1799",1259,30% off,Westernwear-Women
1694,And,Solid polyester boat neck womens regular top - red,"Size:8,10","Rs
1699",1359,20% off,Westernwear-Women
1695,Vero moda,Textured cotton round neck womens  t-shirts - purple,"Size:Large,Medium,Small,X-Large,X-Small","Rs
1899",1329,30% off,Westernwear-Women
1696,Dolce crudo,Womens tennybopper slim high rise jeans - light blue,"Size:26,28,30,34","Rs
2299",1149,50% off,Westernwear-Women
1697,Only,Solid cotton round neck womens t-shirt - black,"Size:Large,Medium,Small,X-Large,X-Small","Rs
1499",1049,30% off,Westernwear-Women
1698,Sera,Floral v neck polyester womens top - purple,"Size:Medium,Small,X-Large","Rs
1298",584,55% off,Westernwear-Women
1699,Life,Stripes cotton round neck womens regular t-shirt - turquoise,"Size:Large,Medium,Small,X-Large,X-Small,XX-Large","Rs
499",249,50% off,Westernwear-Women
1700,Zink london,Printed cotton round neck womens regular fit t-shirt - green,"Size:Large,Medium,Small,X-Large,X-Small,XX-Large","Rs
1299",399,69% off,Westernwear-Women
1701,And,Floral polyester v neck womens regular dress - navy,Size:8,"Rs
3499",2799,20% off,Westernwear-Women
1702,Levis,Graphic cotton round neck womens t-shirt - white,"Size:Large,Medium,Small,X-Small",Nan,1399,No Discount,Westernwear-Women
1703,Vero moda,Printed viscose round neck womens dress - green,"Size:Large,Medium,Small,X-Large,X-Small",Nan,3499,No Discount,Westernwear-Women
1704,Cover story,Printed poly blend v neck womens top - orange,"Size:Large,Medium,Small,X-Large,X-Small","Rs
1790",1253,30% off,Westernwear-Women
1705,Life,Embroidered cotton round neck womens regular fit t-shirt - coral,"Size:Large,Medium,Small,X-Large,X-Small","Rs
599",299,50% off,Westernwear-Women
1706,Life,Women cotton regular sleepwear - multi,"Size:Large,Medium,Small,X-Large,X-Small","Rs
1199",599,50% off,Westernwear-Women
1707,Life,Solid round neck cotton lycra womens top - olive,"Size:Large,Medium,Small,X-Large,X-Small","Rs
599",299,50% off,Westernwear-Women
1708,Zink london,Solid cotton v neck womens dress - green,"Size:Large,Medium,Small,X-Large,X-Small,XX-Large","Rs
2399",1439,40% off,Westernwear-Women
1709,Life,Solid cotton round neck womens regular top - white,"Size:Large,Medium,Small,X-Large,X-Small","Rs
1199",599,50% off,Westernwear-Women
1710,Only,Solid viscose round neck womens t-shirt - purple,"Size:Large,Medium,Small,X-Large,X-Small","Rs
1699",849,50% off,Westernwear-Women
1711,Vero moda,Printed cotton boat neck womens dress - white,"Size:Large,Medium,Small,X-Large,X-Small","Rs
3799",3039,20% off,Westernwear-Women
1712,Madame,Printed cotton blend round neck womens regular top - natural,"Size:Large,Medium,Small,X-Large,XX-Large","Rs
1699",1019,40% off,Westernwear-Women
1713,Faballey,Solid v neck georgette womens comfort fit gown - blue,"Size:Small,X-Small","Rs
2600",1300,50% off,Westernwear-Women
1714,Zink london,Womens peter pan collar printed top - multi,"Size:Small,X-Small,XX-Large","Rs
1499",399,73% off,Westernwear-Women
1715,Rare,Solid comfort fit polyester womens casual wear trousers - maroon,"Size:Large,Small","Rs
1990",796,60% off,Westernwear-Women
1716,Zink london,Stripes cotton collar neck womens top - red,"Size:Large,Medium,Small,X-Large,X-Small,XX-Large","Rs
2199",1319,40% off,Westernwear-Women
1717,Life,Solid tencel square neck womens regular fit dress - blue,"Size:Large,Medium,Small,X-Large,X-Small","Rs
1499",749,50% off,Westernwear-Women
1718,Stop,Printed polyester turtle neck womens regular fit top - natural,"Size:Large,Medium,Small,X-Large,XX-Large","Rs
1199",599,50% off,Westernwear-Women
1719,Zink london,Structured polyester high neck womens straight fit top - blue,"Size:Large,Medium,Small,X-Small","Rs
1899",599,68% off,Westernwear-Women
1720,Stop,Solid polyester round neck womens regular fit top - off white,"Size:Large,Medium,Small,X-Large,XX-Large","Rs
999",499,50% off,Westernwear-Women
1721,Life,Printed blended regular fit womens casual wear pants - olive,"Size:26,28,30,32,34,36","Rs
999",499,50% off,Westernwear-Women
1722,Levis,Mid wash cotton straight fit womens jeans - indigo,"Size:26,28,30,32,34",Nan,4599,No Discount,Westernwear-Women
1723,Fratini,Solid regular neck viscose blend womens top - green,"Size:Large,Small,X-Large,X-Small,XX-Large","Rs
1299",649,50% off,Westernwear-Women
1724,Stop,Solid polyester tailored fit womens trousers - navy,"Size:28,30,32,34,36",Nan,1499,No Discount,Westernwear-Women
1725,Only,Solid short sleeves cotton womens maxi jumpsuits - orange,"Size:34,36,38,40,42","Rs
3299",2309,30% off,Westernwear-Women
1726,Vero moda,Solid sleeveless polyester womens jumpsuits - blue,"Size:Large,Medium,Small,X-Large,X-Small","Rs
3299",2639,20% off,Westernwear-Women
1727,Magre,Solid short sleeves polyester blend womens regular length jumpsuit - black,"Size:Medium,Small,X-Small","Rs
2890",1734,40% off,Westernwear-Women
1728,Madame,Solid cotton blend round neck womens tops - off white,"Size:Large,Medium,X-Large","Rs
1399",979,30% off,Westernwear-Women
1729,And,Solid full sleeves polyester womens knee length jacket - olive,"Size:8,10","Rs
2699",1349,50% off,Westernwear-Women
1730,Campus sutra,Solid one shoulder crepe womens dresses - navy,"Size:Large,Medium,Small,X-Large",Nan,1999,No Discount,Westernwear-Women
1731,Sera,Womens regular fit printed flared skirt - black,"Size:Medium,Small,X-Large","Rs
1294",388,70% off,Westernwear-Women
1732,Zink london,Printed polyester v neck womens top - rust,"Size:Large,Medium,Small,X-Large,X-Small,XX-Large","Rs
1699",1019,40% off,Westernwear-Women
1733,Fratini,Printed round neck viscose womens regular fit dress - blue,"Size:Large,Medium,Small,X-Large,XX-Large","Rs
1999",999,50% off,Westernwear-Women
1734,Zink london,Solid viscose blend round neck womens top - pink,"Size:Large,Medium,Small,X-Large,X-Small,XX-Large","Rs
1599",959,40% off,Westernwear-Women
1735,Adidas,Solid regular fit polyester womens active wear shorts - black,"Size:Large,Medium,Small,X-Large,X-Small","Rs
1799",1259,30% off,Westernwear-Women
1736,Kraus,Mom fit ankle length cotton womens regular jeans - dark blue,Size:32,"Rs
1895",947,50% off,Westernwear-Women
1737,Forever new,Printed polyester v neck womens top - print,"Size:4,6,8,10,12","Rs
4200",3150,25% off,Westernwear-Women
1738,Altlife,Solid cotton full length womens joggers - blush,"Size:28,30,32,34,36","Rs
999",499,50% off,Westernwear-Women
1739,Madame,Solid cotton collar neck womens casual shirt - black,"Size:Large,Medium,Small,X-Large,XX-Large","Rs
2199",1539,30% off,Westernwear-Women
1740,Zink london,Abstract polyester v neck womens regular dress - mustard,"Size:Large,Medium,Small,X-Large,X-Small,XX-Large","Rs
2299",1379,40% off,Westernwear-Women
1741,Only,Cotton regular length washed womens jeans - blue,"Size:34,36,38,40,42","Rs
3999",2799,30% off,Westernwear-Women
1742,Life,Printed cotton round neck womens active wear t-shirt - lime green,"Size:Large,Medium,Small,X-Large,X-Small,XX-Large","Rs
399",199,50% off,Westernwear-Women
1743,Levis,Tapered fit regular length cotton womens jeans - black,"Size:26,28,30,32,34",Nan,3999,No Discount,Westernwear-Women
1744,Only,Embroidery cotton v-neck womens tank top - blue,"Size:34,36,38,40,42","Rs
2999",1499,50% off,Westernwear-Women
1745,Allen solly,Solid polyester round neck womens top - olive,"Size:Large,Small,X-Large,X-Small,XXX-Large","Rs
1599",1279,20% off,Westernwear-Women
1746,Zink z,Solid cotton round neck womens crop top - grey,"Size:Large,Medium,Small,X-Large,X-Small",Nan,799,No Discount,Westernwear-Women
1747,Zink london,Printed polyester v neck womens top - blue,"Size:Large,Medium,X-Large","Rs
1499",899,40% off,Westernwear-Women
1748,Rare,Solid polyester blend sweetheart neck womens bodycon dress - black,"Size:Large,Medium,Small,X-Large","Rs
2099",839,60% off,Westernwear-Women
1749,Lovegen,Womens spaghetti neck solid shift dress - red,Size:X-Small,"Rs
1699",339,80% off,Westernwear-Women
1750,Allen solly,Solid polyester cotton round neck womens formal wear shirt - maroon,Size:Medium,"Rs
1499",899,40% off,Westernwear-Women
1751,And,Solid viscose v neck womens straight top - blue mix light,Size:18,"Rs
2199",1099,50% off,Westernwear-Women
1752,Forever new,Solid polyester arrow neck womens regular dress - pink,Size:6,"Rs
8000",5600,30% off,Westernwear-Women
1753,Zink london,Solid cotton v neck womens dress - green,"Size:Large,Medium,Small,X-Large,X-Small,XX-Large","Rs
2499",1499,40% off,Westernwear-Women
1754,And,Womens solid v-neck top - pink mix,Size:8,"Rs
1499",599,60% off,Westernwear-Women
1755,Rare,Regular fit midi length polyester womens casual skirt - navy,"Size:28,32,34,36","Rs
1999",799,60% off,Westernwear-Women
1756,And,Dyed square neck polyester womens flared dresses - lilac,"Size:8,10,12,14,16,18","Rs
3499",2799,20% off,Westernwear-Women
1757,Life,Printed cotton round neck womens active wear t-shirt - black,"Size:Large,Medium,Small,X-Large,X-Small,XX-Large","Rs
399",199,50% off,Westernwear-Women
1758,Madame,Solid chiffon round neck womens dress - peach,"Size:Large,Medium,Small,X-Large,XX-Large","Rs
2499",1749,30% off,Westernwear-Women
1759,Van heusen,Textured polyester round neck womens dress - navy,"Size:Large,Medium,Small,X-Large,X-Small","Rs
2999",1499,50% off,Westernwear-Women
1760,And,Solid polyester round neck womens top - black,"Size:8,10,14,16,18","Rs
1699",1189,30% off,Westernwear-Women
1761,Madame,Embellished cotton blend round neck womens regular top - pink,"Size:Large,Medium,Small,X-Large,XX-Large","Rs
1299",909,30% off,Westernwear-Women
1762,Infuse,Checks viscose round neck womens regular fit woven top - navy,"Size:Large,Medium,Small,X-Large,XX-Large","Rs
999",399,60% off,Westernwear-Women
1763,Zink london,Stripes rayon collared women's shirt - mustard,Size:X-Large,"Rs
1399",499,64% off,Westernwear-Women
1764,And,Womens shirt type fit v neck floral printed ruffled top - light blue,"Size:14,16","Rs
999",499,50% off,Westernwear-Women
1765,Faballey,Solid polyester collared womens puffer jacket - green,"Size:Medium,Small,X-Large,X-Small","Rs
2950",1475,50% off,Westernwear-Women
1766,Faballey,Polka dots georgette square neck womens midi dress - purple,"Size:Large,Medium,Small,X-Large,X-Small","Rs
2400",1920,20% off,Westernwear-Women
1767,Van heusen,Printed collar neck polyester womens a-line dress - natural,"Size:Large,Medium,Small,X-Large,X-Small","Rs
2499",999,60% off,Westernwear-Women
1768,Only,Aop round neck cotton womens t-shirt - pink,"Size:Large,Medium,Small,X-Large,X-Small","Rs
1499",749,50% off,Westernwear-Women
1769,Latin quarters,Dyed square neck polyester womens regular dress - pink,Size:L,"Rs
2699",1349,50% off,Westernwear-Women
1770,Madame,Straight fit full length length denim womens jeans - ice blue,"Size:28,30,32,34,36",Nan,2899,No Discount,Westernwear-Women
1771,Kraus,Super skinny ankle length cotton womens regular jeans - blue,"Size:28,30,32,34,36,38","Rs
1895",947,50% off,Westernwear-Women
1772,Latin quarters,Solid polyester womens regular dress - ivory,"Size:S,M,L,XL,X-Small","Rs
2499",1749,30% off,Westernwear-Women
1773,Fratini,Solid linen regular fit womens shirt - off white,"Size:Large,Medium,Small,X-Large",Nan,1999,No Discount,Westernwear-Women
1774,Puma,Cotton mid rise regular fit womens athleisure tights - purple,"Size:Large,Medium,Small,X-Large,X-Small","Rs
1799",1259,30% off,Westernwear-Women
1775,Kraus,Skinny ankle length cotton blend womens jeans - blue,"Size:28,30,32,34,36,38","Rs
1995",1396,30% off,Westernwear-Women
1776,Stop,Solid cotton lycra round neck womens regular fit top - blush,"Size:Large,Medium,Small,X-Large,XX-Large","Rs
599",299,50% off,Westernwear-Women
1777,Kraus,Skinny fit ankle length cotton blend womens jeggings - black,"Size:26,28,30,32,34,36","Rs
1495",1046,30% off,Westernwear-Women
1778,Levis,Cotton relaxed fit high rise womens jeans - dk indigo,"Size:26,28,30,32,34",Nan,3799,No Discount,Westernwear-Women
1779,Faballey,Solid crepe v neck womens dress - blue,"Size:Large,Medium,Small,X-Large,X-Small","Rs
1900",1520,20% off,Westernwear-Women
1780,Zink london,Solid round neck polyester womens a-line dress - blue,"Size:Large,Medium,Small,X-Large,X-Small,XX-Large","Rs
2299",1379,40% off,Westernwear-Women
1781,Zink london,Printed polyester v neck womens top - rust,"Size:Large,Medium,Small,X-Large,X-Small","Rs
1599",959,40% off,Westernwear-Women
1782,Stop,Printed polyester turtle neck womens regular fit top - navy,"Size:Large,Medium,Small,X-Large","Rs
1299",649,50% off,Westernwear-Women
1783,Adidas,Solid fitted fit polyester womens track pants - black,"Size:Large,Medium,Small,X-Large,X-Small","Rs
2699",1349,50% off,Westernwear-Women
1784,And,Floral polyester round neck womens straight top - white,"Size:8,10,12,14,18","Rs
1899",1519,20% off,Westernwear-Women
1785,Rare,Floral 3/4th sleeves rayon womens full length jumpsuit - navy,"Size:Large,Medium,Small,X-Large","Rs
1999",899,55% off,Westernwear-Women
1786,Zink london,Solid viscose blend round neck womens straight top - pink,"Size:Large,Medium,Small,X-Large,X-Small,XX-Large","Rs
1499",899,40% off,Westernwear-Women
1787,Altlife,Regular fit thigh length cotton womens active wear shorts - lilac,"Size:28,30,32,34,36","Rs
499",249,50% off,Westernwear-Women
1788,Zink london,Regular fit calf length cotton womens casual skirt - off white,"Size:Large,Medium,Small,X-Large,X-Small","Rs
1899",1139,40% off,Westernwear-Women
1789,Zink london,Solid sleeveless polyester womens length jumpsuit - black,"Size:Large,Medium,Small,X-Large,X-Small","Rs
2899",1739,40% off,Westernwear-Women
1790,Latin quarters,Solid polyester womens regular blouse - green,"Size:S,M,L,XL,XX-Large","Rs
1599",1119,30% off,Westernwear-Women
1791,Forever new,Solid viscose sweetheart neck womens top - purple,"Size:Large,Medium,Small,X-Small",Nan,2600,No Discount,Westernwear-Women
1792,Only,Aop scoop neck cotton womens t-shirt - green,"Size:Large,Medium,Small,X-Large,X-Small","Rs
1999",1199,40% off,Westernwear-Women
1793,Life,Printed polyester blend round neck womens regular fit dress - black,"Size:Large,Medium,Small,X-Large,X-Small","Rs
1299",649,50% off,Westernwear-Women
1794,Faballey,Solid poly blend round neck womens dress - black,"Size:Small,X-Small","Rs
2200",1760,20% off,Westernwear-Women
1795,Only,All over print viscose womens dress - black,"Size:34,36,38,40,42","Rs
3299",2309,30% off,Westernwear-Women
1796,Latin quarters,Solid round neck 100% rayon womens straight dress - yellow,"Size:S,M,L,XL","Rs
1499",499,67% off,Westernwear-Women
1797,Zink london,Solid polyester womens straight fit top - blue,"Size:Medium,Small,X-Large,X-Small,XX-Large","Rs
1899",759,60% off,Westernwear-Women
1798,Fratini,Stripes collared neck rayon womens regular fit dress - black mix,"Size:Large,Medium,Small","Rs
1499",749,50% off,Westernwear-Women
1799,And,Floral polyester collar neck womens straight dress - emerald,Size:16,"Rs
2699",2159,20% off,Westernwear-Women
1800,Enamor,Cotton blend womens lounge pants - major brown,"Size:XL,Large,Medium,Small,XX-Large","Rs
949",664,30% off,Westernwear-Women
1801,Zink z,Solid cotton blend round neck womens crop top - black,"Size:Large,Medium,Small,X-Large,X-Small",Nan,999,No Discount,Westernwear-Women
1802,Zink london,Floral polyester high neck womens top - blue,"Size:Large,Medium,Small,X-Large,X-Small,XX-Large","Rs
1999",1199,40% off,Westernwear-Women
1803,Cover story,Printed poly blend regular fit womens trousers - orange,"Size:26,28,30,32,34","Rs
2490",1743,30% off,Westernwear-Women
1804,Only,All over print polyester collar neck womens dress - white,"Size:34,36,38,40,42","Rs
3799",2659,30% off,Westernwear-Women
1805,Only,All over print polyester v neck womens dress - black,"Size:34,36,38,40,42","Rs
3499",2449,30% off,Westernwear-Women
1806,Van heusen,Solid polyester v neck womens formal shirt - mid blue,"Size:Large,Medium,Small,X-Large,X-Small",Nan,1699,No Discount,Westernwear-Women
1807,Kraus,Skinny fit ankle length rayon blend womens jeggings - black,"Size:28,30,32,34","Rs
1595",1116,30% off,Westernwear-Women
1808,Kraus,Solid tencel womens regular dress - aqua,"Size:Large,Medium,Small","Rs
1895",1326,30% off,Westernwear-Women
1809,Levis,Graphic cotton round neck womens t-shirt - white,"Size:Large,Medium,Small,X-Small",Nan,1199,No Discount,Westernwear-Women
1810,And,Printed cotton v neck womens casual jacket - mid blue,"Size:8,10,12","Rs
2899",1449,50% off,Westernwear-Women
1811,Life,Printed cotton blend collar neck womens top - dark brown,"Size:Large,Medium,Small,X-Large,X-Small","Rs
899",449,50% off,Westernwear-Women
1812,Only,Self design viscose womens dress - red,"Size:34,36,38,40,42","Rs
2499",1749,30% off,Westernwear-Women
1813,Stop,Solid polyester v-neck womens loose top - dusty pink,"Size:Large,Medium,Small,X-Large,XX-Large","Rs
999",499,50% off,Westernwear-Women
1814,Reebok,Slim fit polyester womens athleisure shorts - black,"Size:Large,Medium,Small,X-Large,X-Small","Rs
1599",799,50% off,Westernwear-Women
1815,Iti,Womens teal blue ruffled tie up jumpsuit - blue,"Size:Large,Medium,X-Small",Nan,2499,No Discount,Westernwear-Women
1816,Fratini,Solid band collar polyester womens woven top - pink,"Size:Large,Medium,Small,X-Large,XX-Large","Rs
999",499,50% off,Westernwear-Women
1817,Altlife,Solid cotton regular neck womens westernwear top - black,"Size:Large,Medium,Small,X-Large,X-Small,XX-Large","Rs
599",299,50% off,Westernwear-Women
1818,Allen solly,Printed viscose regular neck womens dress - white,"Size:Large,Medium,Small,X-Large,X-Small","Rs
2499",1499,40% off,Westernwear-Women
1819,Stop,Solid regular neck cotton stretch womens formal shirt - butter,"Size:Large,Medium,Small,X-Large,X-Small,XX-Large",Nan,999,No Discount,Westernwear-Women
1820,And,Solid polyester v neck womens flared dress - sage,"Size:8,10,12,14,16,18","Rs
4299",3439,20% off,Westernwear-Women
1821,And,Solid polyester v neck womens flared dress - peach,"Size:8,10,12,14,16","Rs
3099",2479,20% off,Westernwear-Women
1822,Vero moda,Stripes cotton high neck womens casual shirt - blue,"Size:Large,Medium,Small,X-Large,X-Small","Rs
2499",1749,30% off,Westernwear-Women
1823,Zink london,Checks cotton u neck womens dress - green,"Size:Large,Medium,X-Large","Rs
2499",1249,50% off,Westernwear-Women
1824,Global desi,Self design cotton blend square neck womens straight top - blue,"Size:XL,Medium,Small,X-Small","Rs
1999",999,50% off,Westernwear-Women
1825,Only,Solid polyester womens top - pink,"Size:34,36,38,40,42","Rs
1999",999,50% off,Westernwear-Women
1826,Indya,Shraddha kapoor for indya motifs georgette ethnic maxi dress - pink,"Size:Large,Medium,Small,X-Large,X-Small,XX-Large","Rs
3200",2560,20% off,Westernwear-Women
1827,Zink london,Printed cotton round neck womens t-shirt - red,"Size:Large,Medium,Small,X-Large,X-Small","Rs
999",599,40% off,Westernwear-Women
1828,Life,Solid tencel v-neck womens a-line dress - mid stone,"Size:Large,Medium,Small,X-Large,X-Small","Rs
1499",749,50% off,Westernwear-Women
1829,Fratini,Solid round neck linen womens casual shirt - olive,"Size:Large,Medium,Small,X-Large,XX-Large","Rs
1299",649,50% off,Westernwear-Women
1830,Zink london,Printed polyester womens fit and flare dress - red,Size:Medium,"Rs
2899",1159,60% off,Westernwear-Women
1831,Latin quarters,Dyed v-neck viscose womens regular blouse - white,"Size:S,M","Rs
1450",725,50% off,Westernwear-Women
1832,And,Floral 3/4 sleeves linen womens calf length jumpsuit - powder blue,"Size:6,8,10,12,14,16","Rs
3699",2959,20% off,Westernwear-Women
1833,And,Solid polyester collar neck womens straight dress - peach,"Size:8,10,12,14,16,18","Rs
2699",2159,20% off,Westernwear-Women
1834,Faballey,Solid georgette round neck womens dress - pink,"Size:Large,Medium,Small,X-Large,X-Small","Rs
1900",1520,20% off,Westernwear-Women
1835,Life,Printed collar viscose womens casual shirt - blush,"Size:Large,Medium,Small,X-Large,X-Small","Rs
699",349,50% off,Westernwear-Women
1836,Zink london,Solid shirt collar polyester womens fit and flare dress - mint,"Size:Large,Small,X-Large","Rs
2299",699,70% off,Westernwear-Women
1837,Rare,Solid regular fit polyester womens casual wear trousers - maroon,"Size:Large,Medium,Small,X-Large","Rs
1599",799,50% off,Westernwear-Women
1838,Juniper,Ethnic motifs mandarin neck cambric womens tiered dresses with mask - pista green,"Size:Large,Medium,X-Large,X-Small,XX-Large","Rs
3499",1574,55% off,Westernwear-Women
1839,And,Floral polyester round neck womens flared dress - white,Size:10,"Rs
3099",2479,20% off,Westernwear-Women
1840,Rare,Solid georgette round neck womens regular top - maroon,"Size:Medium,Small","Rs
1199",539,55% off,Westernwear-Women
1841,Altlife,Solid polyester blend womens active wear bralette - wine,"Size:Large,Medium,Small,X-Large,X-Small","Rs
899",449,50% off,Westernwear-Women
1842,Zink z,Solid cotton blend one shoulder womens crop top - pink,"Size:Large,Medium,Small,X-Large,X-Small",Nan,799,No Discount,Westernwear-Women
1843,Fratini,Solid polyester blend v-neck womens a-line dress - blue,"Size:Large,Medium,Small,X-Large,XX-Large",Nan,1999,No Discount,Westernwear-Women
1844,Life,Regular fit regular length denim womens jeans - grey,"Size:26,28,30,32,34,36","Rs
1699",849,50% off,Westernwear-Women
1845,Infuse,Printed rayon v neck womens strappy midi dress - turquoise,"Size:Large,Medium,Small,X-Large,X-Small,XX-Large","Rs
1599",799,50% off,Westernwear-Women
1846,Van heusen,Solid polyester regular fit womens jacket - maroon,"Size:Large,Medium,Small,X-Large,X-Small",Nan,2999,No Discount,Westernwear-Women
1847,Allen solly,Solid polyester cotton round neck womens formal blazer - ltgrey,"Size:Large,Medium,Small,X-Large,X-Small","Rs
3799",2279,40% off,Westernwear-Women
1848,Only,Solid viscose round neck womens t-shirt - pink,"Size:Large,Medium,Small,X-Large,X-Small","Rs
1699",849,50% off,Westernwear-Women
1849,Madame,Printed cotton blend square neck womens flared dress - off white,"Size:Large,Medium,Small,X-Large,XX-Large","Rs
2899",1449,50% off,Westernwear-Women
1850,Faballey,Floral polyester sweetheart neck womens top - pink,"Size:Large,Medium,Small,X-Small,XX-Large,XXX-Large","Rs
1400",1120,20% off,Westernwear-Women
1851,Kraus,Clean look cotton wide fit womens jeans - blue,"Size:28,30,32,34,36","Rs
1995",1795,10% off,Westernwear-Women
1852,Altlife,Printed cotton regular neck womens t-shirt - grey melange,"Size:Large,Medium,Small,X-Large,X-Small,XX-Large","Rs
499",249,50% off,Westernwear-Women
1853,Only,Aop scoop neck cotton womens t-shirt - orange,"Size:Large,Medium,Small,X-Large,X-Small","Rs
1999",1199,40% off,Westernwear-Women
1854,Cover story,Solid viscose v neck womens top - green,"Size:Large,Medium,Small,X-Large,X-Small","Rs
1890",1323,30% off,Westernwear-Women
1855,Only,Color block viscose round neck womens dress - green,"Size:34,36,38,40,42","Rs
3499",2099,40% off,Westernwear-Women
1856,Faballey,Solid halter neck georgette womens regular dress - green,"Size:Medium,Small,X-Large,X-Small","Rs
1950",975,50% off,Westernwear-Women
1857,Jealous 21,Solid denim skinny womens casual wear capris - indigo,"Size:26,28,30,32",Nan,1699,No Discount,Westernwear-Women
1858,Magre,Solid half sleeves polyester blend womens regular length jumpsuit - green,"Size:Medium,Small,X-Small","Rs
2890",1734,40% off,Westernwear-Women
1859,Life,Printed cotton round neck womens regular fit t-shirt - charcoal,"Size:Large,Medium,Small,X-Large,X-Small","Rs
599",299,50% off,Westernwear-Women
1860,Emblaze,Solid boat neck sequence womens straight dress - lilac,"Size:Large,Medium,Small,X-Large,X-Small,XX-Large",Nan,4000,No Discount,Westernwear-Women
1861,Vero moda,Stripes polyester womens casual skirt - blue,"Size:Large,Medium,Small,X-Large,X-Small","Rs
2799",1959,30% off,Westernwear-Women
1862,Forever new,Solid polyester round neck womens blouse - pink,"Size:6,8,10,12","Rs
3800",1900,50% off,Westernwear-Women
1863,Stop,Stripes regular fit viscose womens formal pants - black,"Size:28,30,32,34,36","Rs
999",499,50% off,Westernwear-Women
1864,Kraus,Mom fit ankle length cotton womens regular jeans - blue,"Size:28,30","Rs
1895",1326,30% off,Westernwear-Women
1865,Life,Printed cotton round neck womens active wear t-shirt - mustard,"Size:Large,Medium,Small,X-Large,X-Small,XX-Large","Rs
399",199,50% off,Westernwear-Women
1866,Lovegen,Skinny fit ankle length cotton nylon womens jeans - peach,"Size:26,28,30,32,34,36","Rs
1599",639,60% off,Westernwear-Women
1867,Madame,Solid polyster womens dress - dusty pink,"Size:Large,Medium,Small,X-Large,XX-Large","Rs
2399",1199,50% off,Westernwear-Women
1868,Latin quarters,Solid shirt collar cotton womens regular dress - rust,"Size:S,M,L,XL","Rs
1999",799,60% off,Westernwear-Women
1869,Life,Printed rayon wide neck womens a-line dress - off white,"Size:Large,Medium,Small,X-Large,X-Small","Rs
1699",849,50% off,Westernwear-Women
1870,Jealous 21,Super skinny fit ankle length denim womens jeans - black,"Size:26,28,30,32,34,36",Nan,2299,No Discount,Westernwear-Women
1871,Fratini,Printed round neck  womens top - light blue,"Size:Large,Medium,Small,X-Large,XX-Large","Rs
699",349,50% off,Westernwear-Women
1872,Infuse,Graphic cotton round neck womens regular fit t-shirt - pack of 2 - multi,"Size:Large,Medium,Small,X-Large,X-Small,XX-Large","Rs
699",419,40% off,Westernwear-Women
1873,Allen solly,Solid cotton regular neck womens casual shirt - off white,"Size:Large,Medium,Small,X-Large,X-Small,XX-Large","Rs
1999",1499,25% off,Westernwear-Women
1874,Life,Stripes cotton round neck womens regular t-shirt - navy,"Size:Large,Small,X-Small,XX-Large","Rs
499",249,50% off,Westernwear-Women
1875,Levis,Graphic cotton womens casual t-shirt - pink,"Size:Large,Medium,Small,X-Small",Nan,1399,No Discount,Westernwear-Women
1876,And,Graphic viscose y neck womens top - olive,Size:8,"Rs
1899",1709,10% off,Westernwear-Women
1877,Ivy,Solid round neck polyester womens dress - green,"Size:Large,Medium,Small,X-Large,X-Small","Rs
2499",1249,50% off,Westernwear-Women
1878,Levis,Solid cotton collar neck womens casual shirt - indigo,"Size:Large,Medium,Small,X-Small",Nan,3199,No Discount,Westernwear-Women
1879,Rare,Printed halter neck polyester womens fit and flare dress - maroon,"Size:Large,Medium,Small,X-Large","Rs
2399",1079,55% off,Westernwear-Women
1880,Madame,Solid denim womens ankle length dungarees - navy,"Size:26,28,30,32,36","Rs
3599",2159,40% off,Westernwear-Women
1881,Cover story,Solid cotton round neck womens t-shirt - olive,"Size:Large,Medium,Small,X-Large","Rs
1890",945,50% off,Westernwear-Women
1882,Zink london,Solid viscose blend regular fit womens pants - purple,"Size:Large,Medium,Small,X-Large","Rs
1799",1079,40% off,Westernwear-Women
1883,Vero moda,Printed shirt collar viscose womens casual shirt - navy,"Size:Large,Medium,Small,X-Large,X-Small","Rs
1799",1439,20% off,Westernwear-Women
1884,Altlife,Regular fit thigh length cotton womens active wear shorts - grey melange,"Size:28,30,32,34,36","Rs
499",249,50% off,Westernwear-Women
1885,Zink london,Solid polyester blend regular fit womens pants - navy,"Size:Medium,Small,X-Large","Rs
1999",1199,40% off,Westernwear-Women
1886,Zink london,Printed polyester womens fit and flare dress - green,"Size:Large,Medium,Small,X-Large,XX-Large","Rs
3199",999,69% off,Westernwear-Women
1887,Vero moda,Printed cotton round neck womens dress - yellow,"Size:Large,Medium,Small,X-Large,X-Small","Rs
2799",1959,30% off,Westernwear-Women
1888,Altlife,Printed cotton round neck womens active wear t-shirt - aubergine,"Size:Large,Medium,Small,X-Large,X-Small,XX-Large","Rs
399",199,50% off,Westernwear-Women
1889,Latin quarters,Dyed round neck polyester womens regular dress - black,Size:L,"Rs
3499",1749,50% off,Westernwear-Women
1890,Life,Printed v-neck viscose womens regular top - brown,"Size:Large,Medium,Small,X-Large,X-Small","Rs
1299",649,50% off,Westernwear-Women
1891,Kraus,Straight fit ankle length cotton womens jeans - light blue,"Size:28,30,32,34","Rs
1895",1326,30% off,Westernwear-Women
1892,Allen solly,Solid polyester regular fit womens casual pants - navy,"Size:28,30,32,34","Rs
1999",1499,25% off,Westernwear-Women
1893,Sera,Printed v-neck polyester womens two piece dress - white,"Size:Large,Medium,Small,X-Large","Rs
2494",872,65% off,Westernwear-Women
1894,Life,Graphic print cotton round neck womens t-shirt - black,"Size:Large,Medium,Small,X-Small","Rs
599",299,50% off,Westernwear-Women
1895,Fratini,Solid regular fit polyester womens casual pants - navy,"Size:26,28,30,32,34,36","Rs
999",499,50% off,Westernwear-Women
1896,Pepe,Solid classic collar viscose womens casual shirt - white,"Size:Large,Medium,Small,X-Large","Rs
1999",1199,40% off,Westernwear-Women
1897,Stop,Solid polyester v-neck womens regular fit top - off white,"Size:Large,Medium,Small,X-Large,XX-Large","Rs
1299",649,50% off,Westernwear-Women
1898,Vero moda,Solid shirt collar cotton womens casual shirt - blue,"Size:Large,Medium,Small,X-Large,X-Small","Rs
2299",1839,20% off,Westernwear-Women
1899,Juniper,Ethnic motifs mandarin neck cambric womens tiered dresses with mask - cream,"Size:Large,Medium,Small,X-Large,XX-Large","Rs
2499",999,60% off,Westernwear-Women
1900,Allen solly,Textured cotton round neck womens shirt - white,Size:X-Large,"Rs
1699",1019,40% off,Westernwear-Women
1901,Sera,Floral round neck cotton womens regular dress - pink,Size:Small,"Rs
2998",1349,55% off,Westernwear-Women
1902,Zink london,Solid viscose blend mandarin womens dress - blue,"Size:Large,Medium,Small,X-Large,XX-Large","Rs
2399",1199,50% off,Westernwear-Women
1903,Zink z,Solid sleeveless polyester womens jumpsuit - pink,"Size:Large,Medium,Small,X-Large,X-Small",Nan,2699,No Discount,Westernwear-Women
1904,Vero moda,Printed round neck cotton blend womens t-shirt - white,"Size:Large,Medium,Small,X-Small","Rs
1299",649,50% off,Westernwear-Women
1905,Vero moda,Solid polyester v neck womens top - green,"Size:Large,Medium,Small,X-Large,X-Small","Rs
1899",1139,40% off,Westernwear-Women
1906,Kraus,Wide fit ankle length cotton womens jeans - dark blue,"Size:28,32,34","Rs
1695",1525,10% off,Westernwear-Women
1907,Cover story,Solid polyester square neck womens dress - fuchsia,"Size:Large,Medium,Small,X-Large,X-Small",Nan,2590,No Discount,Westernwear-Women
1908,Sera,Solid v neck rayon blend womens top - brown,"Size:Large,X-Large","Rs
1398",699,50% off,Westernwear-Women
1909,Levis,Womens 5 pocket coated jeans - black,"Size:26,27,28,30,32,34",Nan,1999,No Discount,Westernwear-Women
1910,And,Printed cotton collar neck womens top - light blue,"Size:8,10,12,14,16","Rs
2499",1249,50% off,Westernwear-Women
1911,And,Solid round neck polyester womens straight top - red,"Size:8,10,12,14,18","Rs
1899",1519,20% off,Westernwear-Women
1912,Kraus,Baggy ankle length cotton womens jeans - blue,"Size:28,30,32,34","Rs
1695",1525,10% off,Westernwear-Women
1913,Only,Loose fit regular cotton womens jeans - blue,"Size:34,36,38,40,42","Rs
3699",2589,30% off,Westernwear-Women
1914,Zink london,Printed v neck polyester womens maxi dress - off white,"Size:Large,Medium,Small,X-Large","Rs
3299",1979,40% off,Westernwear-Women
1915,Kraus,Clean look cotton blend wide fit womens jeans - blue,"Size:28,30,32,34,36,38","Rs
2095",1885,10% off,Westernwear-Women
1916,Allen solly,Womens solid formal trousers - black,"Size:26,28,30,32","Rs
1999",1599,20% off,Westernwear-Women
1917,Only,Checks straight fit polyester womens casual wear pants - brown,"Size:Large,Medium,Small,X-Large,X-Small","Rs
3499",1749,50% off,Westernwear-Women
1918,Kraus,Flare fit full length cotton womens jeans - light blue,"Size:28,30,32,34,36","Rs
1995",1396,30% off,Westernwear-Women
1919,Latin quarters,Solid v- neck rayon blend womens casual shrug - natural,"Size:S,M,X-Small","Rs
1299",499,62% off,Westernwear-Women
1920,Only,Geometric cotton round neck womens top - white,"Size:34,36,38,40,42","Rs
2499",1499,40% off,Westernwear-Women
1921,Zink london,Floral square neck rayon womens dresses - black,"Size:Large,Medium,Small,X-Large","Rs
2599",1299,50% off,Westernwear-Women
1922,Van heusen,Womens notch lapel blazer - black,"Size:Large,Medium,Small,X-Large,X-Small,XX-Large",Nan,3599,No Discount,Westernwear-Women
1923,Zink london,Structured halter neck polyester womens shift dress - blue,"Size:Medium,X-Large","Rs
3499",1399,60% off,Westernwear-Women
1924,Faballey,Printed v neck crepe womens comfort fit midi dress - blue,"Size:Medium,Small","Rs
1900",950,50% off,Westernwear-Women
1925,Zink london,Printed cotton round neck womens regular fit t-shirt - green,"Size:Medium,Small,X-Small","Rs
1299",399,69% off,Westernwear-Women
1926,Vero moda,Solid viscose round neck womens  tops - purple,"Size:Large,Medium,Small,X-Large,X-Small","Rs
2599",1559,40% off,Westernwear-Women
1927,Van heusen,Solid v-neck modal womens top - yellow,"Size:Large,Medium,Small,X-Large,X-Small","Rs
1899",999,47% off,Westernwear-Women
1928,Latin quarters,Solid polyester womens regular knit top - blue,"Size:S,M,L,XL","Rs
1499",499,67% off,Westernwear-Women
1929,Allen solly,Solid polyester cotton round neck womens regular top - white,"Size:Large,Medium","Rs
1699",1019,40% off,Westernwear-Women
1930,Cover story,Solid rayon nylon spandex regular fit womens casual trousers - black,"Size:26,28,30,32,34",Nan,2290,No Discount,Westernwear-Women
1931,Forever new,Solid v neck viscose womens dresses - pink,"Size:6,8,12","Rs
6800",4760,30% off,Westernwear-Women
1932,Forever new,Solid collar neck tencel womens regular dress - navy,Size:10,"Rs
5800",3770,35% off,Westernwear-Women
1933,Madame,Solid cotton round neck womens regular top - mauve,"Size:Large,Medium,Small,X-Large,XX-Large","Rs
899",539,40% off,Westernwear-Women
1934,Cover story,Solid round neck cotton poly spandex womens regular dress - pink,"Size:Large,Medium,Small,X-Small","Rs
2290",1374,40% off,Westernwear-Women
1935,Stop,Printed polyester round neck womens regular fit top - black & white,"Size:Medium,Small","Rs
899",449,50% off,Westernwear-Women
1936,Adidas,Stripes cotton fitted womens casual tights - grey,"Size:Large,Medium,Small,X-Large,X-Small","Rs
1799",1259,30% off,Westernwear-Women
1937,Kraus,Solid skinny fit tencel womens casual trousers - light blue,"Size:28,30,32,34,36","Rs
1695",1186,30% off,Westernwear-Women
1938,Altlife,Solid cotton round neck womens active wear t-shirt - white,"Size:Large,Medium,Small,X-Large,X-Small,XX-Large","Rs
399",199,50% off,Westernwear-Women
1939,Sera,Printed mandarin neck polyester womens fit and flare dress - cream,"Size:Large,X-Large","Rs
1594",717,55% off,Westernwear-Women
1940,Life,Printed tight fit cotton lycra womens active wear tights - black,"Size:28,30,32,34,36","Rs
999",499,50% off,Westernwear-Women
1941,Altlife,Solid cotton regular neck womens t-shirt - blush,"Size:Large,Medium,Small,X-Large,X-Small,XX-Large","Rs
599",299,50% off,Westernwear-Women
1942,Madame,Printed polyester sweatheart neck womens top - off white,Size:X-Large,"Rs
1599",799,50% off,Westernwear-Women
1943,Insense,Solid polyester blend loose fit womens joggers - black,"Size:28,30,32,34,36","Rs
999",499,50% off,Westernwear-Women
1944,Zink london,Lace round neck polyester womens midi dress - pink,"Size:Large,Medium,Small,X-Large","Rs
2699",2159,20% off,Westernwear-Women
1945,Fratini,Solid regular fit tencel womens casual pants - mid blue,"Size:26,28,30,32,34,36","Rs
1499",749,50% off,Westernwear-Women
1946,Life,Solid cotton round neck womens regular top - navy,"Size:Large,Medium,Small,X-Large,X-Small","Rs
1199",599,50% off,Westernwear-Women
1947,Infuse,Solid collared neck tencel womens regular fit shirt dress - indigo,"Size:Large,Small,X-Small","Rs
1299",779,40% off,Westernwear-Women
1948,Zink london,Stripes polyester womens shift dress - multi,"Size:Large,X-Large","Rs
1999",799,60% off,Westernwear-Women
1949,Altlife,Solid cotton stretch full length womens joggers - black,"Size:28,30,32,34,36","Rs
1299",649,50% off,Westernwear-Women
1950,Zink london,Printed polyester tie up neck women's top - white,"Size:Small,X-Small","Rs
1599",499,69% off,Westernwear-Women
1951,Altlife,Printed cotton regular neck womens t-shirt - black,"Size:Large,Medium,Small,X-Large,X-Small,XX-Large","Rs
499",249,50% off,Westernwear-Women
1952,Zink london,Womens multi stripes shirt style dress - grey,Size:X-Small,"Rs
2799",699,75% off,Westernwear-Women
1953,Zink london,Textured sweetheart neck polyester womens midi dress - blue,"Size:Large,Medium,Small,X-Large,X-Small,XX-Large","Rs
2499",1499,40% off,Westernwear-Women
1954,Allen solly,Solid polyester regular fit womens trousers - olive,"Size:28,30,32,34","Rs
2299",1379,40% off,Westernwear-Women
1955,Iti,Womens black high low lace top - black,"Size:Large,Medium,Small,X-Large,X-Small","Rs
1899",599,68% off,Westernwear-Women
1956,Life,Regular fit regular length cotton lycra womens jeans - ice,"Size:26,28,30,32,34","Rs
999",499,50% off,Westernwear-Women
1957,Life,Regular fit regular length cotton lycra womens jeans - indigo,"Size:26,28,30,32,34","Rs
999",499,50% off,Westernwear-Women
1958,And,Solid polyester v neck womens regular top - wine,Size:10,"Rs
1699",1359,20% off,Westernwear-Women
1959,Latin quarters,Floral nylon v neck womens regular top - blue,"Size:S,M,L,XL,XX-Large",Nan,1750,No Discount,Westernwear-Women
1960,Faballey,Printed georgette strappy neck womens regular dress - yellow,"Size:Large,Small,X-Large,X-Small","Rs
2700",2160,20% off,Westernwear-Women
1961,Vero moda,Stripes shirt collar polyester womens casual shirt - blue,"Size:Large,Medium,Small,X-Large,X-Small","Rs
2499",1749,30% off,Westernwear-Women
1962,And,Solid viscose round neck womens straight top - orange,"Size:8,10,12,14,16","Rs
2699",1349,50% off,Westernwear-Women
1963,Kraus,Super skinny fit ankle length cotton womens jeans - blue,"Size:28,30,32,34,36,38","Rs
1895",947,50% off,Westernwear-Women
1964,Magre,Solid polyester blend regular fit womens casual pants - maroon,"Size:Large,Medium,Small,X-Small","Rs
2199",1319,40% off,Westernwear-Women
1965,Levis,Super skinny fit regular cotton womens jeans - blue,Size:34,Nan,2999,No Discount,Westernwear-Women
1966,Spykar,Regular fit regular cotton womens jeans - light blue,"Size:26,28,30,32,34,36","Rs
2699",1889,30% off,Westernwear-Women
1967,Zink z,Regular fit regular length polyester womens casual skirt - pink,"Size:Large,Medium,Small,X-Large,X-Small",Nan,1499,No Discount,Westernwear-Women
1968,Zink london,Printed polyester u neck womens dress - pink,"Size:Large,Medium,Small,X-Large,XX-Large","Rs
2799",1679,40% off,Westernwear-Women
1969,Fratini,Printed viscose round neck womens t-shirt - sage,"Size:Large,Medium,Small,X-Large,XX-Large","Rs
699",349,50% off,Westernwear-Women
1970,Altlife,Regular fit thigh length cotton womens active wear shorts - red,"Size:28,30,32,34,36","Rs
499",249,50% off,Westernwear-Women
1971,Only,Self design viscose womens regular top - yellow,"Size:34,36,38,40,42","Rs
2799",1679,40% off,Westernwear-Women
1972,Van heusen,Solid polyester v-neck womens woven top - red,"Size:Large,Medium,Small,X-Large,X-Small","Rs
1699",999,41% off,Westernwear-Women
1973,And,Womens stripes casual wear jumpsuit - natural,Size:18,"Rs
3499",1399,60% off,Westernwear-Women
1974,Vero moda,Textured cotton off shoulder womens dress - natural,"Size:Large,Medium,Small,X-Large,X-Small",Nan,2799,No Discount,Westernwear-Women
1975,Infuse,Solid cotton round neck womens regular fit t-shirt - pack of 2 - multi,"Size:Large,Medium,Small,X-Large,X-Small","Rs
699",419,40% off,Westernwear-Women
1976,Altlife,Solid cotton ankle length womens active wear joggers - grey melange,"Size:28,30,32,34,36","Rs
899",449,50% off,Westernwear-Women
1977,Only,Placement print cotton round neck womens t-shirt - black,"Size:Large,Medium,Small,X-Large,X-Small","Rs
2499",1999,20% off,Westernwear-Women
1978,Fratini,Printed viscose wide neck womens a-line dress - pale yellow,"Size:Large,Medium,Small,X-Large,XX-Large",Nan,1999,No Discount,Westernwear-Women
1979,Sera,Womens regular fit printed round neck a-line dress - brown,"Size:Large,Medium,Small,X-Large","Rs
1698",679,60% off,Westernwear-Women
1980,Only,Solid viscose v neck womens t-shirt - pink,"Size:Large,Medium,Small,X-Large,X-Small","Rs
1299",909,30% off,Westernwear-Women
1981,Levis,Solid collar neck faux leather womens casual jacket - dark brown,"Size:Medium,Small,X-Small",Nan,4999,No Discount,Westernwear-Women
1982,Faballey,Printed half sleeves crepe womens regular length jumpsuits - black,"Size:Large,Medium,Small,X-Small","Rs
2400",1920,20% off,Westernwear-Women
1983,Vh flex,Printed cotton round neck womens regular fit t-shirt - blue,"Size:Large,Medium,Small,X-Large,X-Small,XX-Large","Rs
1299",399,69% off,Westernwear-Women
1984,Life,Printed cotton round neck womens regular t-shirt - navy,"Size:Large,Medium,Small,X-Large,X-Small,XX-Large","Rs
399",199,50% off,Westernwear-Women
1985,Zink london,Floral polyester regular fit womens pants - off white,"Size:Large,Medium,Small,X-Large","Rs
1999",1199,40% off,Westernwear-Women
1986,Kraus,Slim mid thigh cotton blend womens casual wear shorts - blue,"Size:28,30,32,34,36","Rs
1395",697,50% off,Westernwear-Women
1987,Allen solly,Textured cotton round neck womens dress - peach,"Size:Large,Medium,Small,X-Large,X-Small,XX-Large","Rs
2299",1839,20% off,Westernwear-Women
1988,Zink london,Straight fit full length viscose womens casual skirt - cream,"Size:Large,Medium,Small,X-Large,X-Small","Rs
1899",1139,40% off,Westernwear-Women
1989,Fratini,Printed round neck  womens top - white,"Size:Large,Medium,Small,X-Large,XX-Large","Rs
699",349,50% off,Westernwear-Women
1990,Kraus,Skinny fit ankle length cotton womens jeans - olive,"Size:28,30,32,34,36,38","Rs
1895",1326,30% off,Westernwear-Women
1991,Iti,Womens assymetrical shift dress - green,"Size:Large,Medium,Small",Nan,1999,No Discount,Westernwear-Women
1992,Fratini,Printed polyester blend round neck womens regular t-shirt - lilac,"Size:Large,Medium,Small,X-Large,XX-Large","Rs
1299",649,50% off,Westernwear-Women
1993,Life,Printed round neck cotton womens regular fit top - black,"Size:Large,Medium,Small,X-Large,X-Small","Rs
599",299,50% off,Westernwear-Women
1994,Vero moda,Printed round neck cotton womens  dresses - white,"Size:Large,Medium,Small,X-Large,X-Small","Rs
3499",2449,30% off,Westernwear-Women
1995,Zink london,Embellished polyester high neck womens top - natural,"Size:Large,Medium,Small,X-Large,X-Small,XX-Large","Rs
2199",1319,40% off,Westernwear-Women
1996,Life,Solid regular fit cotton lycra womens casual pants - black,"Size:26,28,30,32,34","Rs
999",499,50% off,Westernwear-Women
1997,Rare,Three quarter sleeves regular fit womens casual top - green,"Size:Large,Medium,Small,X-Large","Rs
1599",639,60% off,Westernwear-Women
1998,Rare,Three quarter sleeves regular fit womens casual top - purple,"Size:Large,Medium,Small,X-Large","Rs
1499",599,60% off,Westernwear-Women
1999,Forever new,Solid polyester cowl neck womens top - blue,Size:6,"Rs
2400",1680,30% off,Westernwear-Women
2000,Reebok,Solid slim fit polyester womens athleisure track pants - pink,"Size:Small,X-Small","Rs
1599",799,50% off,Westernwear-Women
2001,Myshka,Printed cotton v neck womens casual shrug - yellow,"Size:X-Large,XX-Large","Rs
1899",569,70% off,Westernwear-Women
2002,Stop,Printed collared neck polyester womens formal shirt - double black,"Size:Large,Medium,Small,X-Large","Rs
999",499,50% off,Westernwear-Women
2003,Life,Embroidered cotton round neck womens regular t-shirt - olive,"Size:Large,Medium,Small,X-Large,X-Small","Rs
499",249,50% off,Westernwear-Women
2004,Forever new,Floral viscose relaxed fit womens casual pants - print,"Size:4,6,8,10,12",Nan,4600,No Discount,Westernwear-Women
2005,Zink london,Printed polyester v neck womens dress - red,"Size:Large,Medium,Small,X-Small","Rs
2999",1799,40% off,Westernwear-Women
2006,And,Solid square neck linen womens flared dress - orange,"Size:8,10,12,14,16,18","Rs
2699",2159,20% off,Westernwear-Women
2007,Altlife,Solid cotton stretch regular neck womens t-shirt - black,"Size:Large,Medium,Small,X-Large,X-Small,XX-Large","Rs
799",399,50% off,Westernwear-Women
2008,Zink london,Printed rayon collar neck womens casual shirt - white,"Size:Large,Medium,Small,X-Large","Rs
1399",839,40% off,Westernwear-Women
2009,Vero moda,Stripes v neck cotton womens casual wear blazers - orange,"Size:Large,Medium,Small,X-Large,X-Small","Rs
3299",2309,30% off,Westernwear-Women
2010,Adidas,Solid polyester polo collar womens t-shirt - black,"Size:Large,Medium,Small,X-Large,X-Small","Rs
1499",749,50% off,Westernwear-Women
2011,Madame,Printed cotton round neck womens top - white,"Size:Large,Medium,Small,X-Large,XX-Large","Rs
1199",719,40% off,Westernwear-Women
2012,Latin quarters,Dyed polyester round neck womens casual jacket - pink,Size:S,"Rs
2999",1499,50% off,Westernwear-Women
2013,Kraus,Solid tencel comfort fit womens casual trousers - light blue,"Size:28,34","Rs
1695",1525,10% off,Westernwear-Women
2014,And,Floral linen square neck womens flared top - pink,"Size:8,12,16","Rs
2099",1679,20% off,Westernwear-Women
2015,Kraus,Crop fit crop cotton womens jeans - blue,"Size:28,30,32,34,36,38","Rs
1895",947,50% off,Westernwear-Women
2016,Vero moda,Solid v neck polyester womens  dresses - pink,"Size:Large,Medium,Small,X-Large,X-Small","Rs
2999",1799,40% off,Westernwear-Women
2017,Vero moda,Solid polyester round neck womens  shirts - moss green,"Size:Large,Medium,Small,X-Large,X-Small","Rs
2499",1999,20% off,Westernwear-Women
2018,Faballey,Printed v neck georgette womens regular dress - pink,"Size:Medium,Small,X-Large,X-Small","Rs
2600",1300,50% off,Westernwear-Women
2019,Fratini,Regular fit above knee tencel womens casual shorts - black,"Size:26,28,30,32,34,36","Rs
1299",649,50% off,Westernwear-Women
2020,Adidas,Regular fit cotton womens active wear tights - black,"Size:Small,X-Small","Rs
1599",799,50% off,Westernwear-Women
2021,Iti,Solid georgette round neck womens dress - green,"Size:Medium,Small,X-Small",Nan,2699,No Discount,Westernwear-Women
2022,Zink london,Regular fit ankle length polyester womens casual skirt - off white,"Size:Large,Small,X-Small","Rs
1699",1019,40% off,Westernwear-Women
2023,Forever new,Solid viscose blend collar neck womens top - tan,Size:X-Small,"Rs
2600",1820,30% off,Westernwear-Women
2024,Infuse,Solid polyester round neck womens regular fit woven top - aubergine,"Size:Large,Medium,Small,X-Large,XX-Large","Rs
999",499,50% off,Westernwear-Women
2025,Only,Lace viscose mandarin womens top - green,"Size:34,36,38,40,42","Rs
2499",1499,40% off,Westernwear-Women
2026,Only,Printed cotton round neck womens t-shirt - pink,"Size:Large,Medium,Small,X-Small","Rs
1699",1019,40% off,Westernwear-Women
2027,Only,Polyester cotton womens sweatshirt - pink,"Size:Large,Medium,Small,X-Large,X-Small","Rs
3699",2219,40% off,Westernwear-Women
2028,Femina flaunt,Womens regular fit solid dress - berry,"Size:Medium,Small,X-Large",Nan,1699,No Discount,Westernwear-Women
2029,Levis,Skinny fit regular length cotton polyester womens jeans - dk indigo,"Size:26,28,30,32,34",Nan,1999,No Discount,Westernwear-Women
2030,Infuse,Regular fit full length cotton womens loungewear pyjamas - brown,"Size:28,30","Rs
599",299,50% off,Westernwear-Women
2031,And,Solid regular fit rayon womens work wear trousers - navy,"Size:26,28,30,32,34,36",Nan,2099,No Discount,Westernwear-Women
2032,Zink london,Floral polyester sleeveless womens jumpsuit - off white,"Size:Large,Medium,Small,X-Large,XX-Large","Rs
2699",1619,40% off,Westernwear-Women
2033,Rare,Solid regular fit polyester womens casual wear trousers - black,"Size:Large,Medium,Small,X-Large","Rs
1899",854,55% off,Westernwear-Women
2034,And,Women v-neck floral fit and flare gown - lemon,Size:8,"Rs
2799",1119,60% off,Westernwear-Women
2035,Zink london,Printed rayon collar neck womens casual shirt - multi,"Size:Medium,X-Large,X-Small,XX-Large","Rs
1699",1019,40% off,Westernwear-Women
2036,Zink london,Regular fit regular length polyester womens casual shorts - green,"Size:Large,Medium,Small,X-Large","Rs
1399",839,40% off,Westernwear-Women
2037,Cover story,Solid square neck poly spandex womens regular top - natural,"Size:Large,Medium,X-Large,X-Small","Rs
2490",1494,40% off,Westernwear-Women
2038,Only,Cotton skinny fit womens jeans - blue,"Size:Large,Medium,Small,X-Large,X-Small","Rs
4499",3149,30% off,Westernwear-Women
2039,Madame,Solid cotton round neck womens t-shirt - dark pink,"Size:Large,Medium,Small,X-Large","Rs
899",539,40% off,Westernwear-Women
2040,Iti,Womens geometric strappy maxi - yellow,"Size:Large,Small,X-Small",Nan,2799,No Discount,Westernwear-Women
2041,Life,Solid cotton lycra ankle length womens active wear tights - black,"Size:28,30,32,34,36","Rs
999",499,50% off,Westernwear-Women
2042,Latin quarters,Printed polyester womens regular dress - brown,"Size:S,M,L,XL,XX-Large","Rs
2399",1679,30% off,Westernwear-Women
2043,Van heusen,Printed polyester cotton v neck womens formal wear shirt - white,"Size:Large,Medium,Small,X-Large","Rs
1499",999,33% off,Westernwear-Women
2044,Only,Embroidered viscose cotton round neck womens top - white,"Size:34,36,38,40,42","Rs
2799",1959,30% off,Westernwear-Women
2045,Lovegen,Womens strappy neck printed top - black mix,Size:X-Small,"Rs
1299",389,70% off,Westernwear-Women
2046,Van heusen,Solid cotton regular fit womens trousers - navy,"Size:28,30,32,34","Rs
1699",999,41% off,Westernwear-Women
2047,Latin quarters,Printed polyester womens regular dress - green,"Size:S,M,L,XL,XX-Large",Nan,2799,No Discount,Westernwear-Women
2048,Infuse,Solid collared neck cotton blend womens regular fit a-line dress - white,"Size:Large,Medium,Small,X-Large,XX-Large","Rs
3199",959,70% off,Westernwear-Women
2049,Faballey,Solid georgette v neck womens top - pink,"Size:Large,Medium,Small,X-Large,X-Small","Rs
1400",1120,20% off,Westernwear-Women
2050,Vero moda,Printed cotton v neck womens top - natural,"Size:Large,Medium,Small,X-Large,X-Small","Rs
2499",1749,30% off,Westernwear-Women
2051,Kraus,Solid cotton round neck womens casual shirt - white,"Size:Large,Medium,Small,X-Small","Rs
1399",1259,10% off,Westernwear-Women
2052,Adidas,Stripes regular cotton womens sports wear pants - carbon,"Size:32,36,40,44","Rs
1499",1049,30% off,Westernwear-Women
2053,And,Floral polyester square neck womens straight dress - yellow,"Size:6,12,14,16","Rs
2899",2319,20% off,Westernwear-Women
2054,Van heusen,Solid cotton collar neck womens casual shirt - white,Size:X-Large,"Rs
1699",999,41% off,Westernwear-Women
2055,Zink london,Lace cotton round neck womens dress - red,"Size:Large,Medium,Small,X-Large,X-Small,XX-Large","Rs
2999",1799,40% off,Westernwear-Women
2056,Indya,Regular fit full length georgette womens festive wear skirt - purple,"Size:Medium,Small,X-Small","Rs
3950",1975,50% off,Westernwear-Women
2057,Zink london,Printed rayon sweetheart neck womens dress - blue,"Size:Large,Small,X-Small","Rs
2299",1379,40% off,Westernwear-Women
2058,And,Solid polyester v neck womens straight top - pink,"Size:8,10,12,14,16,18","Rs
2299",1839,20% off,Westernwear-Women
2059,And,Floral round neck polyester womens straight gown - multi,"Size:8,10,12,14,16","Rs
3699",2959,20% off,Westernwear-Women
2060,Indya,Printed georgette v neck womens festive wear shrug - purple,Size:XX-Large,"Rs
1950",975,50% off,Westernwear-Women
2061,Fratini,Solid regular fit lace womens midi dress - wine,"Size:Large,Medium,Small,X-Large,XX-Large",Nan,1599,No Discount,Westernwear-Women
2062,Levis,Solid henley cotton womens casual shirt - indigo,"Size:Large,Medium,Small,X-Small",Nan,2899,No Discount,Westernwear-Women
2063,Kraus,Skinny fit ankle length cotton blend womens jeans - light blue,"Size:28,30,32,34,36,38","Rs
1895",1326,30% off,Westernwear-Women
2064,Zink london,Solid high neck nylon womens sweater - pink,"Size:Large,Small,X-Large","Rs
3499",1399,60% off,Westernwear-Women
2065,Zink london,Solid v neck polyester womens midi dress - natural,"Size:Large,Medium,Small,X-Large","Rs
2299",1839,20% off,Westernwear-Women
2066,Madame,Embroidered cotton blend round neck womens regular top - off white,"Size:Large,Medium,Small,X-Large","Rs
999",699,30% off,Westernwear-Women
2067,Cover story,Solid round neck polyester womens regular top - grey,"Size:Small,X-Small","Rs
1590",990,38% off,Westernwear-Women
2068,And,Solid polyester round neck womens top - white,"Size:8,10,12,14,16,18","Rs
2099",1679,20% off,Westernwear-Women
2069,And,Solid tencel collar neck womens top - pink,"Size:8,10,12,14,18","Rs
1899",1329,30% off,Westernwear-Women
2070,Allen solly,Solid polyester regular fit womens blazer - black,"Size:Large,Medium,Small,X-Large","Rs
3799",2279,40% off,Westernwear-Women
2071,W,Printed 3/4 sleeves viscose womens full length jumpsuit - black,"Size:6,8,10,12,14,16,18",Nan,3999,No Discount,Westernwear-Women
2072,Van heusen,Solid polyester round neck womens jacket - olive,"Size:Large,Medium,Small,X-Small","Rs
3499",1999,43% off,Westernwear-Women
2073,Altlife,Solid cotton ankle length womens active wear joggers - berry,"Size:28,30,32,34,36","Rs
899",449,50% off,Westernwear-Women
2074,Fratini,Solid polyester wide neck womens a-line dress - blue,"Size:Large,Medium,Small,X-Large,XX-Large",Nan,2199,No Discount,Westernwear-Women
2075,Madame,Solid choker neck polyester womens flared dress - bottle green,Size:Small,"Rs
3699",1849,50% off,Westernwear-Women
2076,Insense,Printed regular fit cotton womens short set - pink,"Size:Large,Medium,Small,X-Large,X-Small","Rs
699",349,50% off,Westernwear-Women
2077,Faballey,Floral georgette off shoulder womens maxi dress - brown,"Size:Medium,Small,X-Small","Rs
2600",1300,50% off,Westernwear-Women
2078,Cover story,Solid poly blend round neck womens top - white,"Size:Medium,Small,X-Large",Nan,1990,No Discount,Westernwear-Women
2079,Zink london,Womens regular fit v neck floral printed top - multi,Size:X-Small,"Rs
1599",399,75% off,Westernwear-Women
2080,Stop,Textured mandarin polyester womens coat - navy,"Size:Large,Medium,Small,X-Large","Rs
2999",1499,50% off,Westernwear-Women
2081,And,Solid viscose collar neck womens straight top - white,"Size:8,10,12,14,16,18","Rs
2299",1839,20% off,Westernwear-Women
2082,Insense,Printed cotton round neck womens regular fit t-shirt - rust,Size:X-Small,"Rs
399",199,50% off,Westernwear-Women
2083,And,Solid straight fit polyester womens trousers - black,"Size:26,28,30,32,34,36",Nan,2499,No Discount,Westernwear-Women
2084,Insense,Womens cotton printed pyjama set - anthra,"Size:Large,Medium,Small,X-Large,X-Small","Rs
1199",599,50% off,Westernwear-Women
2085,Zink london,Womens structure round neck shift midi dress - off white,"Size:Large,Medium,Small,X-Large,X-Small,XX-Large","Rs
2399",699,71% off,Westernwear-Women
2086,Forever new,Solid polyester v neck womens regular top - porcelain,"Size:6,8,10,12","Rs
3200",1760,45% off,Westernwear-Women
2087,Life,Printed square neck viscose womens regular dress - off white,"Size:Large,Medium,Small,X-Large,X-Small","Rs
1299",649,50% off,Westernwear-Women
2088,Rare,Solid polyester square neck womens regular top - white,"Size:Large,Small","Rs
1599",639,60% off,Westernwear-Women
2089,Rare,Stripes cold shoulder polyester womens calf length jumpsuits - navy,"Size:Large,Medium,X-Large","Rs
2099",944,55% off,Westernwear-Women
2090,And,Floral square neck polyester womens gown - white,"Size:8,10,12,14,16",Nan,5499,No Discount,Westernwear-Women
2091,Zink london,Solid cotton off shoulder womens dress - green,"Size:Large,Medium,Small,X-Large,X-Small,XX-Large","Rs
2799",1399,50% off,Westernwear-Women
2092,Fratini,Solid round neck viscose womens regular top - peach,"Size:Large,Medium,Small,X-Large,XX-Large","Rs
1499",749,50% off,Westernwear-Women
2093,Cover story,Solid rayon nylon spandex round neck womens dress - black,"Size:Large,Medium,Small,X-Large,X-Small","Rs
3490",2443,30% off,Westernwear-Women
2094,Only,Textured polyester womens top - pink,"Size:34,36,38,40,42","Rs
2299",1609,30% off,Westernwear-Women
2095,Vero moda,Solid viscose regular fit womens casual pants - black,"Size:Large,Medium,Small,X-Large,X-Small","Rs
2499",1499,40% off,Westernwear-Women
2096,Latin quarters,Dyed v-neck nylon womens regular knit top - black,"Size:S,M,L,XL,X-Small","Rs
1499",1049,30% off,Westernwear-Women
2097,Life,Solid cotton round neck womens regular t-shirt - olive,"Size:Large,Medium,Small,X-Large,X-Small,XX-Large","Rs
399",199,50% off,Westernwear-Women
2098,Zink london,Floral sweetheart neck polyester womens a-line dress - green,"Size:Large,Medium,Small,X-Large,X-Small,XX-Large","Rs
2299",1149,50% off,Westernwear-Women
2099,Zink london,Printed polyester square neck womens dress - yellow,"Size:Large,Medium,X-Large","Rs
2199",1319,40% off,Westernwear-Women
2100,Vero moda,Solid sleeveless polyester womens full length jumpsuits - white,"Size:Large,Medium,Small",Nan,4299,No Discount,Westernwear-Women
2101,Altlife,Printed regular fit womens active wear dress - nude,"Size:Large,Medium,Small,X-Large,X-Small,XX-Large","Rs
999",499,50% off,Westernwear-Women
2102,Infuse,Skinny fit ankle length cotton lycra womens jeans - indigo,"Size:26,28,30,32,34,36","Rs
1499",599,60% off,Westernwear-Women
2103,Latin quarters,Dyed v-neck rayon womens regular blouse - black,"Size:S,M","Rs
1399",699,50% off,Westernwear-Women
2104,Jealous 21,Skinny fit ankle length denim womens jeans - dk indigo,"Size:26,28,30,32,34,36",Nan,2199,No Discount,Westernwear-Women
2105,Faballey,Floral halter neck lace womens mini dress - blue,"Size:Large,Medium,Small,X-Large,X-Small","Rs
2450",1960,20% off,Westernwear-Women
2106,Allen solly,Solid cotton round neck womens top - orange,"Size:Large,Medium,Small,X-Large","Rs
1699",1019,40% off,Westernwear-Women
2107,Life,Womens cotton round neck printed tees - mint,"Size:Medium,Small,X-Small","Rs
499",249,50% off,Westernwear-Women
2108,Stop,Solid round neck polyester womens woven top - peach,Size:Small,"Rs
1299",649,50% off,Westernwear-Women
2109,Only,Embroidery cotton womens t-shirt - pink,"Size:Large,Medium,Small,X-Large,X-Small","Rs
1499",749,50% off,Westernwear-Women
2110,Vero moda,Printed viscose v-neck womens top - black,"Size:Large,Medium,Small,X-Large,X-Small","Rs
2299",1379,40% off,Westernwear-Women
2111,And,Printed nylon v neck womens casual jacket - cream,Size:8,"Rs
5499",2749,50% off,Westernwear-Women
2112,Enamor,Cotton blend womens lounge pants - navy,"Size:XL,Large,Medium,Small,XX-Large","Rs
949",664,30% off,Westernwear-Women
2113,Levis,Straight regular cotton blend women jeans - rinse,"Size:26,28,30,32",Nan,2999,No Discount,Westernwear-Women
2114,Van heusen,Printed modal round neck womens dress - pink,"Size:Large,Medium,Small,X-Large,X-Small","Rs
2499",999,60% off,Westernwear-Women
2115,And,Solid cotton round neck womens regular dress - lilac,"Size:8,10,12,14,18","Rs
2699",2429,10% off,Westernwear-Women
2116,Faballey,Solid v neck georgette womens maxi dress - pink,"Size:Large,Medium,Small,X-Small","Rs
2500",2000,20% off,Westernwear-Women
2117,Dolce crudo,Womens skinny fit power of positivity jeans - black,"Size:26,28,32,34","Rs
2349",939,60% off,Westernwear-Women
2118,Altlife,Colour block cotton regular neck womens t-shirt - white,"Size:Large,Medium,Small,X-Large,X-Small,XX-Large","Rs
599",299,50% off,Westernwear-Women
2119,Latin quarters,Dyed cotton regular womens casual wear pants - blue,"Size:S,L","Rs
1750",799,54% off,Westernwear-Women
2120,And,Floral polyester v neck womens regular top - blue,"Size:8,10,12,14,16,18","Rs
2099",1679,20% off,Westernwear-Women
2121,Sera,Womens regular fit printed v neck fit and flare dress - off white,Size:Small,"Rs
1694",677,60% off,Westernwear-Women
2122,Magre,Solid satin cowl neck womens sheath dress - cream,"Size:Large,Medium,Small,X-Small","Rs
3890",2139,45% off,Westernwear-Women
2123,Van heusen,Regular fit regular cotton womens casual shorts - black,"Size:26,28,30,32,34","Rs
999",799,20% off,Westernwear-Women
2124,Only,Stripes cotton round neck womens t-shirt - red,"Size:Large,Medium,Small,X-Large,X-Small","Rs
1299",779,40% off,Westernwear-Women
2125,Life,Solid slim fit polyester blend womens active wear tights - black,"Size:28,30,32,34,36","Rs
1299",649,50% off,Westernwear-Women
2126,And,Solid polyester round neck womens regular top - blush,"Size:8,10,12,14,16,18","Rs
1899",1519,20% off,Westernwear-Women
2127,Zink london,Printed rayon womens shift dress - black,"Size:Large,Medium,Small","Rs
2299",919,60% off,Westernwear-Women
2128,Kraus,Skinny crop length cotton blend womens regular jeans - blue,"Size:28,30,32,34,36,38","Rs
1895",947,50% off,Westernwear-Women
2129,Lovegen,Womens collared slub embroidered shirt - green,"Size:Large,Small","Rs
1299",389,70% off,Westernwear-Women
2130,Vero moda,Solid polyester straight fit womens pants - yellow,"Size:Large,Medium,Small,X-Large,X-Small","Rs
3499",2449,30% off,Westernwear-Women
2131,Madame,Printed polyester v neck womens top - apple green,"Size:Medium,Small,X-Large,XX-Large","Rs
1799",1259,30% off,Westernwear-Women
2132,Iti,Womens high low shirt dress - purple,"Size:Medium,Small",Nan,2099,No Discount,Westernwear-Women
2133,Levis,Cotton tapered fit mid rise womens jeans - black,"Size:26,28,30,32,34",Nan,4299,No Discount,Westernwear-Women
2134,Jealous 21,Solid round neck cotton womens regular top - black,"Size:Large,Medium,Small",Nan,1099,No Discount,Westernwear-Women
2135,Zink london,Lace polyester v neck womens dress - green,"Size:Large,Medium,Small,X-Small","Rs
2499",1499,40% off,Westernwear-Women
2136,Altlife,Solid polyester blend womens active wear bralette - old rose,"Size:Large,Medium,Small,X-Large,X-Small","Rs
899",449,50% off,Westernwear-Women
2137,Latin quarters,Printed polyester womens regular dress - ivory,"Size:S,M,L,XL,XX-Large","Rs
2899",1449,50% off,Westernwear-Women
2138,Zink london,Solid polyester regular fit womens casual skirt - pink,"Size:Large,Medium,Small","Rs
1999",999,50% off,Westernwear-Women
2139,Rare,Printed sweetheart neck polyester womens fit and flare dress - navy,"Size:Large,Medium,Small,X-Large,X-Small","Rs
2499",999,60% off,Westernwear-Women
2140,Sera,Womens black printed woven a-line dress - black,Size:Small,"Rs
1294",647,50% off,Westernwear-Women
2141,Forever new,Solid polyester womens top - white,"Size:6,8,10,12","Rs
3200",2240,30% off,Westernwear-Women
2142,Faballey,Printed sleeveless crepe womens regular length jumpsuit - green,"Size:Large,Medium,Small,X-Small","Rs
2400",1920,20% off,Westernwear-Women
2143,Levis,Graphic cotton round neck womens regular t-shirt - grey,"Size:Large,Medium,Small,X-Small",Nan,1099,No Discount,Westernwear-Women
2144,Infuse,Graphic polyester round neck womens crop fit top - mint,"Size:Large,Medium,Small,X-Large,X-Small","Rs
999",499,50% off,Westernwear-Women
2145,And,Floral cotton square neck womens straight top - lemon,"Size:8,10,12,14,16,18","Rs
1699",1359,20% off,Westernwear-Women
2146,Life,Embroidered round neck tencel womens regular top - blue,"Size:Large,Medium,Small,X-Large,X-Small","Rs
1299",649,50% off,Westernwear-Women
2147,Altlife,Printed skinny fit cotton stretch womens active wear tights - black,"Size:28,30,32,34,36","Rs
1299",649,50% off,Westernwear-Women
2148,And,Solid collar neck linen womens maxi dress - black,"Size:8,10,12,14,16",Nan,3299,No Discount,Westernwear-Women
2149,Life,Striped polyester blend collar neck womens a-line dress - blue,"Size:Large,Medium,Small,X-Large,X-Small","Rs
1699",849,50% off,Westernwear-Women
2150,Cover story,Solid polyester lurex square neck womens top - pink,"Size:Large,Medium,Small,X-Small","Rs
1790",1253,30% off,Westernwear-Women
2151,Life,Skinny fit ankle length cotton lycra womens tights - black,"Size:28,30,32,34,36","Rs
999",499,50% off,Westernwear-Women
2152,Sera,Womens regular fit printed v neck fit and flare dress - natural,"Size:Large,Medium,Small,X-Large","Rs
1898",759,60% off,Westernwear-Women
2153,Zink london,Printed regular fit polyester womens casual trousers - grey,"Size:Large,Medium,X-Large","Rs
1899",759,60% off,Westernwear-Women
2154,Van heusen,Solid regular fit polyester womens work wear trousers - grey,"Size:26,28,30,32,34,36",Nan,1799,No Discount,Westernwear-Women
2155,Madame,Mid wash denim slim fit womens jeans - navy,"Size:26,28,30,32,34","Rs
2899",1739,40% off,Westernwear-Women
2156,Latin quarters,Dyed v-neck polyester womens regular dress - mustard,Size:XX-Large,"Rs
2899",1449,50% off,Westernwear-Women
2157,Forever new,Solid polyester round neck womens top - porcelain,Size:6,"Rs
4600",3680,20% off,Westernwear-Women
2158,Fratini,Regular fit regular length cotton blend womens casual skirt - off white,"Size:26,28,30,32,34,36",Nan,1699,No Discount,Westernwear-Women
2159,Faballey,Solid crepe regular fit womens flared trousers - blue,"Size:Large,Medium,Small,X-Small","Rs
1950",975,50% off,Westernwear-Women
2160,Kraus,Clean look cotton blend wide fit womens jeans - black,"Size:28,30,32,34,36","Rs
1495",1046,30% off,Westernwear-Women
2161,Zink london,Floral polyester v neck womens regular top - off white,"Size:Large,Medium,X-Small","Rs
1499",899,40% off,Westernwear-Women
2162,Vero moda,Solid v neck polyester womens  dresses - purple,"Size:Large,Medium,Small,X-Large,X-Small",Nan,3499,No Discount,Westernwear-Women
2163,Altlife,Jacquard polyester regular neck womens t-shirt - black,"Size:Large,Medium,Small,X-Large,X-Small,XX-Large","Rs
799",399,50% off,Westernwear-Women
2164,Life,Printed cotton round neck womens regular t-shirt - white,"Size:Large,Medium,Small,X-Large,X-Small","Rs
499",249,50% off,Westernwear-Women
2165,Life,Printed viscose blend round neck womens a-line dress - sage,"Size:Large,Medium,Small,X-Large,X-Small","Rs
1499",749,50% off,Westernwear-Women
2166,And,Checks viscose shirt collar womens a-line top - navy,"Size:8,10","Rs
1699",849,50% off,Westernwear-Women
2167,Fratini,Regular fit regular length cotton blend womens casual skirt - olive,"Size:26,28,30,32,34,36",Nan,1699,No Discount,Westernwear-Women
2168,Cover story,Solid polyester round neck womens sweatshirt - pink,"Size:Large,Medium,Small,X-Large","Rs
1990",995,50% off,Westernwear-Women
2169,Zink london,Abstract polyester round neck womens top - mustard,"Size:Large,Medium,Small,X-Large,X-Small,XX-Large","Rs
1599",959,40% off,Westernwear-Women
2170,Only,Solid cotton womens t-shirt - yellow,"Size:Large,Medium,Small,X-Large,X-Small","Rs
1799",1079,40% off,Westernwear-Women
2171,Altlife,Printed cotton stretch regular neck womens sweatshirt - dusty pink,"Size:Large,Medium,Small,X-Large,X-Small","Rs
1299",649,50% off,Westernwear-Women
2172,Rare,Solid polyester sweetheart neck womens regular fit top - black,"Size:Large,Medium,Small,X-Large","Rs
1599",639,60% off,Westernwear-Women
2173,Life,Striped cotton blend wide neck womens a-line dress - yellow,"Size:Large,Medium,Small,X-Large,X-Small","Rs
1499",749,50% off,Westernwear-Women
2174,Vero moda,Solid shirt collar cotton womens casual shirt - orange,"Size:Large,Medium,Small,X-Large,X-Small","Rs
2299",1839,20% off,Westernwear-Women
2175,Vero moda,Solid polyester slim fit womens pants - blue,"Size:Large,Medium,Small,X-Large,X-Small","Rs
3799",3039,20% off,Westernwear-Women
2176,Only,Self design polyester round neck womens top - red,"Size:34,36,38,40,42","Rs
2499",1499,40% off,Westernwear-Women
2177,Magre,Solid polyester blend regular fit womens casual pants - blue,"Size:Large,Medium,Small,X-Small","Rs
2390",1434,40% off,Westernwear-Women
2178,Forever new,Floral viscose cowl neck womens top - print,"Size:4,6,8,10,12,14",Nan,3000,No Discount,Westernwear-Women
2179,109f,Womens v- neck short dress - yellow,"Size:Medium,Small,X-Large,XX-Large","Rs
1899",569,70% off,Westernwear-Women
2180,And,Solid collar neck linen womens straight jumpsuits - lemon,"Size:6,8,10,12,14",Nan,4899,No Discount,Westernwear-Women
2181,Crimsoune club,Solid cotton blend collared womens shirt - blue,"Size:Large,X-Large","Rs
1399",979,30% off,Westernwear-Women
2182,Enamor,Cotton blend fleece womens active wear track pants - burnt orange,"Size:XL,Large,Medium,Small,XX-Large","Rs
1599",1119,30% off,Westernwear-Women
2183,Life,Solid tencel collar neck womens regular top - natural,"Size:Large,Medium,Small,X-Large,X-Small","Rs
1199",599,50% off,Westernwear-Women
2184,Forever new,Floral lyocell v neck womens skater dress - print,"Size:6,8,10,12,14",Nan,7000,No Discount,Westernwear-Women
2185,Faballey,Solid polyester regular fit womens casual pants - green,"Size:Large,Medium,Small,X-Large,X-Small","Rs
1950",1560,20% off,Westernwear-Women
2186,Faballey,Solid crepe womens regular top - green,"Size:Small,X-Small","Rs
739",369,50% off,Westernwear-Women
2187,Latin quarters,Solid 100% polyester round neck womens blouson casual top - natural,Size:L,"Rs
1499",499,67% off,Westernwear-Women
2188,Allen solly,Solid polyester regular fit womens trousers - black,"Size:28,30,32,34","Rs
1999",1599,20% off,Westernwear-Women
2189,Adidas,Stripes slim fit polyester womens athleisure track pants - blue,"Size:Large,Medium,Small,X-Large,X-Small","Rs
2499",1749,30% off,Westernwear-Women
2190,Zink london,Embroidered cotton v neck womens dress - natural,"Size:Large,Medium,Small,X-Large,XX-Large","Rs
3499",2099,40% off,Westernwear-Women
2191,Zink london,Printed polyester v neck womens top - off white,"Size:Large,Medium,Small,X-Large","Rs
1499",899,40% off,Westernwear-Women
2192,Infuse,Regular fit thigh length cotton womens loungewear shorts - grey melange,"Size:28,30,32,34,36","Rs
499",199,60% off,Westernwear-Women
2193,Dolce crudo,Womens a-line as fresh as the ocean denim dress blue - blue,"Size:Medium,Small,X-Large,X-Small","Rs
2499",1124,55% off,Westernwear-Women
2194,Zink london,Printed cotton collar neck womens top - yellow,"Size:Large,Medium,Small,X-Large,X-Small,XX-Large","Rs
1599",799,50% off,Westernwear-Women
2195,Stop,Textured lapel collar polyester womens coat - pink,Size:XX-Large,"Rs
4499",2249,50% off,Westernwear-Women
2196,And,Solid polyester square neck womens dress - black,"Size:12,14,16","Rs
2299",2069,10% off,Westernwear-Women
2197,Van heusen,Solid polyester round neck womens top - yellow,"Size:Large,Medium,Small,X-Large,X-Small","Rs
1699",999,41% off,Westernwear-Women
2198,Kraus,Flared full length cotton blend womens jeans - navy,"Size:28,30,32,34,36","Rs
1895",1326,30% off,Westernwear-Women
2199,Allen solly,Checks polyester regular neck womens blazer - navy,"Size:Large,Medium,Small,X-Large,X-Small,XX-Large","Rs
3799",2799,26% off,Westernwear-Women
2200,Vero moda,Solid cotton straight fit womens shorts - blue,"Size:Large,Medium,Small,X-Large,X-Small",Nan,1999,No Discount,Westernwear-Women
2201,Pepe,Cotton blend skinny fit womens jeans - black,"Size:26,28,30,32,34","Rs
2599",1559,40% off,Westernwear-Women
2202,Life,Printed cotton round neck womens regular fit dress - pink,"Size:Large,Medium,Small,X-Large,X-Small","Rs
999",499,50% off,Westernwear-Women
2203,Fratini,Printed v neck viscose blend womens regular fit dress - multi,"Size:Large,Medium,Small,X-Large,XX-Large",Nan,1799,No Discount,Westernwear-Women
2204,Allen solly,Solid polyester regular neck womens top - grey,"Size:Large,Medium,Small,X-Large,X-Small,XX-Large","Rs
1699",1019,40% off,Westernwear-Women
2205,And,Floral polyester square neck womens straight top - white,"Size:6,8,10,12,14,16","Rs
1299",1039,20% off,Westernwear-Women
2206,Latin quarters,Printed polyester womens regular fit dresses - blue,"Size:S,L,XL,XX-Large",Nan,2499,No Discount,Westernwear-Women
2207,And,Floral three quarter sleeves linen womens full length jumpsuit - powder blue,"Size:6,8,10,12,14,16,18","Rs
3699",2959,20% off,Westernwear-Women
2208,Life,Regular fit full length cotton womens athleisure tracks - black,"Size:28,30,32,34,36","Rs
799",399,50% off,Westernwear-Women
2209,Life,Solid round neck cotton womens woven top - pink,"Size:Large,Small,X-Large,X-Small","Rs
1199",599,50% off,Westernwear-Women
2210,Insense,Womens cotton printed pyjama set - pink,"Size:Large,Medium,Small,X-Large,X-Small","Rs
1199",599,50% off,Westernwear-Women
2211,Van heusen,Solid polyester round neck womens dress - black,"Size:Large,Medium,Small,X-Large,X-Small",Nan,3999,No Discount,Westernwear-Women
2212,Latin quarters,Dyed v-neck cotton womens regular dress - maroon,Size:S,"Rs
2699",1349,50% off,Westernwear-Women
2213,Rare,Solid georgette v neck womens regular top - pink,Size:Small,"Rs
1199",539,55% off,Westernwear-Women
2214,Madame,Solid cotton blend round neck womens top - green,"Size:Large,Medium,Small,X-Large,XX-Large","Rs
1299",779,40% off,Westernwear-Women
2215,Infuse,Solid polyester round neck womens regular fit woven top - pink,"Size:Large,Medium,Small,X-Large,XX-Large","Rs
999",499,50% off,Westernwear-Women
2216,Life,Solid regular neck acrylic womens pullover - lilac,"Size:Medium,Small,X-Large,X-Small","Rs
1699",849,50% off,Westernwear-Women
2217,Life,Printed round neck polyester womens regular dress - blue,"Size:Large,Medium,Small,X-Large,X-Small","Rs
1699",849,50% off,Westernwear-Women
2218,Van heusen,Printed round neck polyester womens top - white,"Size:Large,Medium,Small,X-Large,X-Small",Nan,1499,No Discount,Westernwear-Women
2219,Only,All over print polyester round neck womens t-shirt - purple,"Size:Large,Medium,Small,X-Large,X-Small","Rs
1499",899,40% off,Westernwear-Women
2220,Life,Printed cotton round neck womens regular t-shirt - black,"Size:Large,Medium,Small,X-Small","Rs
699",349,50% off,Westernwear-Women
2221,Fratini,Printed cotton round neck womens regular fit t-shirt - grey melange,"Size:Large,Medium,Small,X-Large,XX-Large","Rs
599",299,50% off,Westernwear-Women
2222,Zink london,Printed polyester v neck womens straight top - white,"Size:Large,Small,X-Large,X-Small,XX-Large","Rs
1699",679,60% off,Westernwear-Women
2223,And,Printed polyester v neck womens regular dress - black,"Size:8,12","Rs
2699",1889,30% off,Westernwear-Women
2224,Latin quarters,Dyed round neck polyester womens regular knit top - black,"Size:L,XL","Rs
1299",499,62% off,Westernwear-Women
2225,Zink london,Printed u neck polyester womens dresses - blue,"Size:Large,Medium,X-Large,X-Small,XX-Large","Rs
2299",1379,40% off,Westernwear-Women
2226,Zink london,Printed viscose collared womens shirt - pink,"Size:Large,Medium,Small,X-Large,X-Small,XX-Large","Rs
1599",959,40% off,Westernwear-Women
2227,Levis,Light wash cotton tapered fit womens jeans - indigo,"Size:26,28,30,32,34",Nan,4599,No Discount,Westernwear-Women
2228,Enamor,Cotton blend womens active wear track pants - charcoal,"Size:XL,Large,Medium,Small,XX-Large","Rs
1049",734,30% off,Westernwear-Women
2229,Van heusen,Printed stylized modal womens top - navy,"Size:Large,Medium,Small,X-Large,X-Small","Rs
1799",999,44% off,Westernwear-Women
2230,Madame,Stripes cotton blend round neck womens top - lemon,"Size:Large,Medium,Small,X-Large,XX-Large","Rs
1199",839,30% off,Westernwear-Women
2231,Only,All over print polyester round neck womens t-shirt - blue,"Size:Large,Medium,Small,X-Large,X-Small","Rs
1499",899,40% off,Westernwear-Women
2232,Van heusen,Solid regular fit polyester womens formal pants - natural,"Size:26,28,30,32,34",Nan,1999,No Discount,Westernwear-Women
2233,Zink london,Floral cotton round neck womens flared dress - blue,"Size:Large,Medium,Small,X-Large,X-Small,XX-Large","Rs
2299",1379,40% off,Westernwear-Women
2234,Altlife,Printed skinny fit cotton blend womens active wear tights - black,"Size:28,30,32,34,36","Rs
999",499,50% off,Westernwear-Women
2235,Van heusen,Printed polyester round neck womens top - mid blue,"Size:Large,Medium,Small,X-Large,X-Small","Rs
1499",999,33% off,Westernwear-Women
2236,Only,Straight fit ankle length cotton womens jeans - black,"Size:26,27,28,29,30,31,32","Rs
3999",3199,20% off,Westernwear-Women
2237,Infuse,Printed collar neck cotton womens regular dress - black,"Size:Large,Medium,Small,X-Large,XX-Large","Rs
1499",749,50% off,Westernwear-Women
2238,Insense,Womens cotton printed capri set - black,"Size:Small,X-Large,X-Small","Rs
999",499,50% off,Westernwear-Women
2239,And,Womens regular fit solid jumpsuit - light olive,"Size:8,14","Rs
2499",999,60% off,Westernwear-Women
2240,And,Polka dots viscose collar neck womens regular top - yellow,"Size:8,10,12,14","Rs
1899",1519,20% off,Westernwear-Women
2241,Latin quarters,Printed round neck polyester womens regular fit dress - black,Size:S,"Rs
2699",799,70% off,Westernwear-Women
2242,Latin quarters,Solid elbow sleeves polyester rayon womens maxi jumpsuit - navy,"Size:S,M,X-Small","Rs
2499",799,68% off,Westernwear-Women
2243,Life,Solid polyester blend hood womens sweatshirt - grey melange,"Size:Large,Medium,Small,X-Small","Rs
1299",649,50% off,Westernwear-Women
2244,Vero moda,Solid lyocell v neck womens  shirts - blue,"Size:Large,Medium,Small,X-Large,X-Small","Rs
2699",2159,20% off,Westernwear-Women
2245,Van heusen,Printed v-neck polyester womens top - navy,"Size:Large,Medium,Small,X-Large,X-Small","Rs
1299",999,23% off,Westernwear-Women
2246,Stop,Skinny fit ankle length nr roma womens treggings - black,"Size:26,28,30,32,34,36",Nan,1299,No Discount,Westernwear-Women
2247,Van heusen,Solid modal regular fit womens trousers - light blue,"Size:26,28,30,32","Rs
1699",999,41% off,Westernwear-Women
2248,W,Printed rayon flax womens casual shrug - natural,"Size:6,8,10,12,14,16,18","Rs
1899",1424,25% off,Westernwear-Women
2249,Gipsy,Checked collar neck regular fit womens casual shirt - red,Size:Small,"Rs
1395",976,30% off,Westernwear-Women
2250,Emblaze,Solid satin round neck womens straight top - white,"Size:Large,Medium,Small,X-Large,X-Small,XX-Large",Nan,3000,No Discount,Westernwear-Women
2251,Cover story,Solid regular fit poly cotton womens trousers - orange,"Size:26,28,30,32,34","Rs
1990",1194,40% off,Westernwear-Women
2252,Faballey,Solid sleeveless crepe womens regular length jumpsuit - black,"Size:Large,Medium,Small,X-Large,X-Small","Rs
2400",1920,20% off,Westernwear-Women
2253,Life,Printed round neck cotton womens top - white,"Size:Large,Medium,Small,X-Large,X-Small","Rs
699",349,50% off,Westernwear-Women
2254,Sera,Womens regular fit printed flared skirt - black,"Size:Small,X-Large","Rs
1694",508,70% off,Westernwear-Women
2255,Latin quarters,Printed v- neck rayon womens regular dress - ivory,Size:S,"Rs
2399",799,67% off,Westernwear-Women
2256,Zink london,Solid square neck viscose blend womens a-line dress - pink,"Size:Large,Medium,Small,X-Large,X-Small,XX-Large","Rs
2799",1679,40% off,Westernwear-Women
2257,Fratini,Solid polyester regular fit womens joggers - olive,"Size:26,28,30,32,34,36","Rs
1199",599,50% off,Westernwear-Women
2258,Forever new,Solid viscose v neck womens midi dress - pink,"Size:6,8,10,12,14,16",Nan,8000,No Discount,Westernwear-Women
2259,Zink london,Printed viscose sweetheart neck womens top - orange,"Size:Large,Medium,Small,X-Large,X-Small","Rs
1599",959,40% off,Westernwear-Women
2260,Zink london,Floral polyester square neck womens dress - off white,"Size:Large,Medium,Small,X-Large,XX-Large","Rs
2899",1739,40% off,Westernwear-Women
2261,Only,Aop viscose resort collar womens casual wear shirt - green,"Size:34,36,38,40,42","Rs
2299",1149,50% off,Westernwear-Women
2262,Altlife,Solid cotton stretch full length womens joggers - lilac,"Size:28,30,32,34,36","Rs
1299",649,50% off,Westernwear-Women
2263,Levis,Relaxed fit regular length cotton womens jeans - black,"Size:Large,Medium,Small,X-Large,X-Small",Nan,2899,No Discount,Westernwear-Women
2264,Spykar,Regular fit regular cotton lycra womens jeans - mid blue,"Size:26,28,30,32,34,36","Rs
2199",1539,30% off,Westernwear-Women
2265,And,Solid polyester v neck womens straight dress - pink,"Size:8,10,12,14,16,18","Rs
2299",1839,20% off,Westernwear-Women
2266,Allen solly,Solid rayon regular fit womens trousers - charcoal,"Size:26,28,30,32,34,36","Rs
1299",1039,20% off,Westernwear-Women
2267,Zink london,Printed rayon square neck womens top - blue,"Size:Large,Medium,X-Large","Rs
1399",839,40% off,Westernwear-Women
2268,Latin quarters,Solid polyester womens regular blouse - brown,"Size:S,M,L,XL,X-Small","Rs
1699",849,50% off,Westernwear-Women
2269,Levis,Womens round neck graphic print t-shirt - black,"Size:Medium,Small,X-Small",Nan,999,No Discount,Westernwear-Women
2270,Fratini,Solid polyester regular fit womens joggers - black,"Size:26,28,30,32,34,36","Rs
1199",599,50% off,Westernwear-Women
2271,Zink london,Solid viscose blend u neck womens dress - off white,"Size:Large,Medium,Small,X-Large,X-Small,XX-Large","Rs
2599",1299,50% off,Westernwear-Women
2272,Life,Regular fit above knee cotton blend womens casual shorts - sage,"Size:26,28,30,32,34,36","Rs
999",499,50% off,Westernwear-Women
2273,And,Floral polyester round neck womens top - white,"Size:8,10,14","Rs
2099",1469,30% off,Westernwear-Women
2274,And,Floral square neck viscose womens flared dress - sage,Size:8,"Rs
2899",1449,50% off,Westernwear-Women
2275,Latin quarters,Solid shirt collar cotton womens regular fit dress - red,"Size:S,M,L","Rs
1999",799,60% off,Westernwear-Women
2276,Only,Stripes cotton viscose round neck womens pullover - white,"Size:Large,Medium,Small,X-Large,X-Small","Rs
1799",1079,40% off,Westernwear-Women
2277,Only,Textured polyester square neck womens top - black,"Size:34,36,38,40,42","Rs
2499",1749,30% off,Westernwear-Women
2278,Forever new,Solid lyocell collar neck womens casual shirt - grey,Size:8,"Rs
3400",1700,50% off,Westernwear-Women
2279,Only,All over print polyester collar neck womens casual shirt - white,"Size:34,36,38,40,42","Rs
2499",1749,30% off,Westernwear-Women
2280,Levis,Cotton skinny fit mid rise womens jeans - dark grey,"Size:26,28,30,32,34",Nan,3699,No Discount,Westernwear-Women
2281,Sera,Structured viscose round neck womens blouson top - coral,"Size:Large,Medium,Small,X-Large","Rs
1194",477,60% off,Westernwear-Women
2282,And,Solid cotton round neck womens regular gown - black,"Size:8,10,12,14,16","Rs
3499",2799,20% off,Westernwear-Women
2283,And,Solid polyester round neck womens regular gown - emerald,Size:10,"Rs
5299",3444,35% off,Westernwear-Women
2284,Van heusen,Womens regular fit solid blazer - grey,"Size:Large,Medium,Small,X-Large",Nan,3599,No Discount,Westernwear-Women
2285,Zink london,Printed polyester v-neck womens straight fit top - peach,"Size:Small,X-Small","Rs
1699",679,60% off,Westernwear-Women
2286,Zink london,Printed polyester round neck womens top - white,"Size:Large,Medium,Small,X-Large,X-Small,XX-Large","Rs
1799",1079,40% off,Westernwear-Women
2287,Fratini,Solid regular neck acrylic womens cardigan - natural,"Size:Large,Medium,Small,X-Large,X-Small","Rs
1499",749,50% off,Westernwear-Women
2288,Van heusen,Solid sleeveless polyester womens regular length jumpsuit - yellow,"Size:Large,X-Large","Rs
4299",2999,30% off,Westernwear-Women
2289,And,Stripes linen round neck womens a-line top - pink,Size:8,"Rs
1799",899,50% off,Westernwear-Women
2290,Life,Printed collared neck viscose womens regular fit dress - red,"Size:Large,Medium,Small,X-Large,X-Small","Rs
1499",749,50% off,Westernwear-Women
2291,Latin quarters,Printed round neck polyester womens regular dress - ivory,"Size:S,M,L,XL","Rs
2799",1959,30% off,Westernwear-Women
2292,And,Solid round neck polyester womens straight top - lemon,"Size:8,10,12,14,16,18","Rs
1399",1119,20% off,Westernwear-Women
2293,Dolce crudo,Womens regular fit just hold on cropped jeans navy blue - navy,"Size:26,28,32,34","Rs
2349",939,60% off,Westernwear-Women
2294,Zink london,Abstract polyester round neck womens dress - off white,"Size:Large,Medium,Small,X-Large,XX-Large","Rs
2999",1799,40% off,Westernwear-Women
2295,Allen solly,Printed polyester round neck womens top - maroon,"Size:Large,Medium,Small,X-Large,X-Small,XX-Large","Rs
1299",1039,20% off,Westernwear-Women
2296,Faballey,Stripes cotton square neck womens top - white,"Size:Large,Medium,Small,X-Large,X-Small","Rs
1600",1280,20% off,Westernwear-Women
2297,Fratini,Regular fit above knee viscose blend womens casual skirt - off white,"Size:26,28,30,32,34,36",Nan,1199,No Discount,Westernwear-Women
2298,Madame,Solid cotton lycra round neck womens regular top - black,"Size:Large,Medium,Small,X-Large,XX-Large","Rs
1299",909,30% off,Westernwear-Women
2299,Forever new,Solid polyester round neck womens top - pink,"Size:Medium,Small,X-Small,XX-Small",Nan,3600,No Discount,Westernwear-Women
2300,Zink london,Geometric polyester regular fit womens casual shrug - multi,"Size:Large,Medium,Small,X-Large","Rs
1999",1199,40% off,Westernwear-Women
2301,Zink london,Checks polyester square neck womens top - blue,"Size:Large,Medium,Small,X-Large,X-Small","Rs
1499",899,40% off,Westernwear-Women
2302,Kraus,Solid cotton slim womens casual shorts - light blue,"Size:28,30,32,34","Rs
1295",906,30% off,Westernwear-Women
2303,And,Solid half sleeves polyester womens full length jumpsuit - navy,"Size:8,10,12,14,16","Rs
3099",2479,20% off,Westernwear-Women
2304,Fratini,Printed satin regular fit womens top - green,"Size:Large,Medium,Small,X-Large,XX-Large",Nan,1599,No Discount,Westernwear-Women
2305,Kraus,Solid tencel wide fit womens casual pants - lilac,"Size:28,30,32,34,36","Rs
1595",1435,10% off,Westernwear-Women
2306,Infuse,Graphic polyester round neck womens crop fit top - peach,"Size:Large,Medium,Small,X-Large,X-Small","Rs
999",499,50% off,Westernwear-Women
2307,Zink london,Printed rayon round neck womens top - off white,"Size:Large,Medium,Small,X-Large,X-Small,XX-Large","Rs
1899",1139,40% off,Westernwear-Women
2308,Vero moda,Embroidered viscose round neck womens dress - black,"Size:Medium,Small,X-Large,X-Small",Nan,3799,No Discount,Westernwear-Women
2309,Vero moda,Cotton regular fit womens jeans - blue,"Size:26,27,28,29,30,31,32,33,34","Rs
3499",2099,40% off,Westernwear-Women
2310,Allen solly,Textured cotton regular fit womens blazer - maroon,"Size:Large,Medium,Small,X-Large","Rs
3799",3039,20% off,Westernwear-Women
2311,Only,Printed polyester collar neck womens casual shirt - green,"Size:34,36,38,40","Rs
2499",1749,30% off,Westernwear-Women
2312,Zink london,Textured polyester v neck womens dress - green,"Size:Large,Medium,Small,X-Large,X-Small,XX-Large","Rs
2999",1799,40% off,Westernwear-Women
2313,Kraus,Solid tencel collar neck womens casual shirt - light blue,"Size:Large,Medium,Small,X-Large","Rs
1499",1349,10% off,Westernwear-Women
2314,And,Geometric linen collar neck womens straight top - white,"Size:8,10,12,14,16","Rs
2099",1679,20% off,Westernwear-Women
2315,Vero moda,Regular knee length polyester womens casual skirt - red,"Size:Large,Medium,Small,X-Large,X-Small","Rs
2799",1959,30% off,Westernwear-Women
2316,Samshek,Solid round neck polyester womens bodycon dress - black,Size:XX-Small,Nan,3190,No Discount,Westernwear-Women
2317,Vero moda,Solid round neck cotton blend womens t-shirt - black,"Size:Large,Medium,Small,X-Large,X-Small","Rs
1799",899,50% off,Westernwear-Women
2318,Stop,Printed polyester v neck womens regular top - pink,"Size:Large,Medium,Small,X-Large,XX-Large","Rs
999",499,50% off,Westernwear-Women
2319,And,Solid cotton round neck womens dress - navy,"Size:8,10,12,14,16,18","Rs
3899",3509,10% off,Westernwear-Women
2320,Van heusen,Solid polyester regular fit womens jacket - red,"Size:Large,Medium,Small,X-Large,X-Small",Nan,2199,No Discount,Westernwear-Women
2321,Altlife,Solid relaxed fit cotton stretch womens active wear joggers - nude,"Size:28,30,32,34,36","Rs
1299",649,50% off,Westernwear-Women
2322,Kraus,Skinny fit ankle length cotton blend womens jeggings - dark blue,Size:28,"Rs
1595",797,50% off,Westernwear-Women
2323,And,Solid viscose v neck womens straight top - sage,"Size:6,8,10,12,14,16","Rs
1899",1519,20% off,Westernwear-Women
2324,Kraus,Super skinny fit ankle length cotton blend womens jeans - black,"Size:28,30,32,34,36,38","Rs
1895",1705,10% off,Westernwear-Women
2325,Life,Solid polyester blend ankle length womens active wear tights - black,"Size:28,30,32,34,36","Rs
999",499,50% off,Westernwear-Women
2326,Infuse,Printed round neck cotton womens regular fit nighty - dark pink,"Size:Large,Medium,Small,X-Large,X-Small,XX-Large","Rs
899",359,60% off,Westernwear-Women
2327,Pepe,Graphic cotton crew neck womens t-shirt - red,"Size:Large,Medium,Small,X-Large","Rs
999",599,40% off,Westernwear-Women
2328,Global desi,Womens regular fit solid tunic - mustard,"Size:XL,Large,Medium,Small,XX-Large","Rs
1999",599,70% off,Westernwear-Women
2329,Latin quarters,Printed polyester womens regular blouse - ivory,"Size:S,M,XL","Rs
1499",749,50% off,Westernwear-Women
2330,Zink london,Womens mandarin collar checked shirt dress - grey,Size:X-Small,"Rs
2999",599,80% off,Westernwear-Women
2331,Latin quarters,Dyed v-neck polyester womens regular dress - red,"Size:S,M","Rs
2899",1449,50% off,Westernwear-Women
2332,Zink london,Printed polyester womens regular top - pink,Size:Large,"Rs
1499",599,60% off,Westernwear-Women
2333,Infuse,Solid tencel collar womens regular shirt - indigo,"Size:Small,X-Small","Rs
999",599,40% off,Westernwear-Women
2334,Madame,Printed cotton collar neck womens dress - off white,"Size:Large,Medium,Small,X-Large,XX-Large","Rs
2799",1959,30% off,Westernwear-Women
2335,Kraus,Skinny fit ankle length cotton womens jeans - blue,"Size:28,30,32,34,36,38","Rs
1795",897,50% off,Westernwear-Women
2336,Samshek,Black layered bow dress - black,"Size:4X-Large,5X-Large,Large,Medium,Small,X-Large,X-Small,XX-Large,XXX-Large","Rs
2880",1296,55% off,Westernwear-Women
2337,Altlife,Printed cotton blend regular neck womens t-shirt - navy,"Size:Large,Medium,Small,X-Large,X-Small,XX-Large","Rs
499",249,50% off,Westernwear-Women
2338,Infuse,Solid cotton round neck womens regular fit t-shirt - pink,"Size:Large,Medium,Small,X-Large,XX-Large","Rs
399",199,50% off,Westernwear-Women
2339,Life,Embroidered cotton v-neck womens regular top - sage,"Size:Large,Medium,Small,X-Large,X-Small","Rs
1299",649,50% off,Westernwear-Women
2340,Forever new,Floral polyester off shoulder womens dress - print,"Size:6,8,10,12,14","Rs
7000",4900,30% off,Westernwear-Women
2341,Fratini,Stripes viscose round neck womens regular fit top - blue,"Size:Large,Medium,Small,X-Large,XX-Large","Rs
1299",649,50% off,Westernwear-Women
2342,Life,Printed viscose wide neck womens regular top - black,"Size:Large,Medium,Small,X-Small","Rs
699",349,50% off,Westernwear-Women
2343,Kraus,Solid tencel wide fit womens casual pants - light olive,"Size:28,30,32,34,36","Rs
1595",1435,10% off,Westernwear-Women
2344,Fratini,Solid polyester blend round neck womens regular top - black,"Size:Large,Medium,Small,X-Large,XX-Large","Rs
899",449,50% off,Westernwear-Women
2345,Gipsy,Solid cotton shirt collar womens blouson top - white,"Size:Medium,X-Large,XX-Large","Rs
1995",1396,30% off,Westernwear-Women
2346,Life,Skinny fit ankle length cotton lycra womens jeans - mid stone,"Size:26,28,30,32,36","Rs
999",499,50% off,Westernwear-Women
2347,And,Checks round neck polyester womens jacket - grey,Size:16,"Rs
3799",1899,50% off,Westernwear-Women
2348,Zink london,Checks cotton v neck womens top - blue,Size:Large,"Rs
1599",799,50% off,Westernwear-Women
2349,Haute curry,Printed rayon round neck womens regular dress - red,"Size:Large,Medium,Small,X-Large,X-Small,XX-Large","Rs
1499",749,50% off,Westernwear-Women
2350,Indya,Shraddha kapoor for indya coral brocade mirror strap crop top - pink,"Size:Large,Medium,Small,X-Large,X-Small","Rs
1500",750,50% off,Westernwear-Women
2351,Faballey,Animal print half sleeves georgette womens regular length jumpsuit - pink,"Size:Medium,Small,X-Small","Rs
2500",2000,20% off,Westernwear-Women
2352,Kraus,Clean look cotton wide fit womens jeans - blue,"Size:28,30,32,34,36,38","Rs
2095",1466,30% off,Westernwear-Women
2353,Reebok,Solid polyester round neck womens t-shirt - blue,"Size:Large,Medium,Small,X-Large,X-Small","Rs
1099",549,50% off,Westernwear-Women
2354,Proline,Polyester off shoulder womens tank - blue,"Size:Large,Medium,Small,X-Large","Rs
799",399,50% off,Westernwear-Women
2355,Stop,Jacquard polyester round neck womens regular tops - powder blue,"Size:Large,Medium,Small,X-Large,X-Small,XX-Large",Nan,1299,No Discount,Westernwear-Women
2356,Faballey,Solid round neck georgette womens tiered dresses - pink,Size:Small,"Rs
2200",1100,50% off,Westernwear-Women
2357,Stop,Regular fit full length acrylic womens leggings - black,"Size:Large,Medium,Small,X-Large,XX-Large","Rs
999",499,50% off,Westernwear-Women
2358,Only,Solid viscose round neck womens top - pink,"Size:34,36,38,40,42","Rs
2499",1999,20% off,Westernwear-Women
2359,Only,Short sleeves polyester womens midi jumpsuits - red,"Size:34,36,38,40,42","Rs
4299",3009,30% off,Westernwear-Women
2360,Madame,Solid cotton blend one shoulder womens top - black,"Size:Large,Medium,X-Large","Rs
1699",1189,30% off,Westernwear-Women
2361,Stop,Regular fit full length acrylic womens leggings - teal,"Size:Large,Medium,Small,X-Large,XX-Large","Rs
999",499,50% off,Westernwear-Women
2362,Allen solly,Solid polyester regular fit womens trousers - green,"Size:28,30,32,34","Rs
2299",1379,40% off,Westernwear-Women
2363,Only,Cotton round neck womens t-shirt - yellow,"Size:Large,Medium,Small,X-Large,X-Small","Rs
1799",1079,40% off,Westernwear-Women
2364,Life,Solid collar neck viscose womens regular top - old rose,"Size:Large,Medium,Small,X-Large,X-Small","Rs
999",499,50% off,Westernwear-Women
2365,Levis,Tapered fit regular length cotton lyocell womens jeans - dk indigo,"Size:26,28,30,32,34",Nan,3699,No Discount,Westernwear-Women
2366,Adidas,Printed cotton round neck womens t-shirt - blue,"Size:Large,Medium,Small,X-Large,X-Small","Rs
1299",909,30% off,Westernwear-Women
2367,Allen solly,Solid polyester cotton collar neck womens formal wear shirt - mid blue,"Size:Small,X-Large","Rs
1599",959,40% off,Westernwear-Women
2368,Crimsoune club,Womens green printed jumpsuit - sea green,"Size:Large,X-Large","Rs
1999",999,50% off,Westernwear-Women
2369,Kraus,Skinny fit cropped cotton blend womens jeans - dark blue,"Size:28,30","Rs
1795",897,50% off,Westernwear-Women
2370,Pepe,Denim denim collar neck womens casual shirt - indigo,"Size:Large,Medium,Small,X-Large","Rs
2499",1499,40% off,Westernwear-Women
2371,Only,Solid regular fit viscose womens casual wear pants - black,"Size:Large,Medium,Small,X-Large,X-Small","Rs
2699",2159,20% off,Westernwear-Women
2372,Emblaze,Solid satin round neck womens straight top - pink,"Size:Large,Medium,Small,X-Small,XX-Large",Nan,3000,No Discount,Westernwear-Women
2373,Life,Printed cotton round neck womens regular t-shirt - mint,"Size:Large,X-Large,X-Small,XX-Large","Rs
399",199,50% off,Westernwear-Women
2374,Madame,Solid cotton mandarin womens regular top - peach,"Size:Large,Medium,Small,X-Large,XX-Large",Nan,899,No Discount,Westernwear-Women
2375,Kraus,Checks rayon tie up neck� womens top - red,"Size:Large,Medium,Small,X-Large","Rs
1199",599,50% off,Westernwear-Women
2376,Only,Solid cotton womens top - black,"Size:Small,X-Small","Rs
2299",1609,30% off,Westernwear-Women
2377,Madame,Graphic cotton round neck womens top - coral,"Size:Large,Medium,Small,X-Large,XX-Large","Rs
999",499,50% off,Westernwear-Women
2378,Zink london,Abstract viscose blend sweetheart neck womens a line dress - green,"Size:Large,Medium,Small,X-Large,X-Small,XX-Large","Rs
2499",1499,40% off,Westernwear-Women
2379,Zink london,Solid polyester sleeveless womens jumpsuit - mustard,"Size:Large,Medium,Small,X-Large","Rs
2499",1499,40% off,Westernwear-Women
2380,Zink london,Checkered rayon regular fit womens trousers - green,"Size:Large,Medium,Small,X-Large","Rs
1899",759,60% off,Westernwear-Women
2381,Insense,Womens  round neck  printed t-shirt - peach,"Size:Medium,Small,X-Small","Rs
399",199,50% off,Westernwear-Women
2382,Infuse,Solid polyester round neck womens regular fit top - black,"Size:Large,Medium,X-Large","Rs
699",419,40% off,Westernwear-Women
2383,Zink london,Checks cotton round neck womens dress - blue,Size:Medium,"Rs
2799",1399,50% off,Westernwear-Women
2384,Zink london,Womens off shoulder neck floral print a-line dress - blue,Size:X-Small,"Rs
2299",699,70% off,Westernwear-Women
2385,Madame,Solid denim v neck womens top - ice blue,"Size:Large,Medium,Small,X-Large","Rs
1999",1199,40% off,Westernwear-Women
2386,Altlife,Solid polyester blend womens active wear bralette - off white,"Size:Large,Medium,Small,X-Large,X-Small","Rs
899",449,50% off,Westernwear-Women
2387,Gipsy,Solid round neck cotton womens sweatshirt - dark grey,"Size:X-Large,XX-Large","Rs
1995",1396,30% off,Westernwear-Women
2388,Reebok,Solid polyester round neck womens t-shirt - black,"Size:Large,Medium,Small,X-Large,X-Small","Rs
1199",599,50% off,Westernwear-Women
2389,Vero moda,Solid polyester slim fit womens pants - pink,"Size:Large,Medium,Small,X-Large,X-Small","Rs
3799",3039,20% off,Westernwear-Women
2390,Spykar,Regular fit regular cotton womens jeans - red,"Size:26,28,30,32,34","Rs
2499",1749,30% off,Westernwear-Women
2391,Kraus,Clean look cotton blend wide fit womens jeans - light blue,"Size:28,30,32,34,36,38","Rs
1995",1795,10% off,Westernwear-Women
2392,Vero moda,Printed cotton blend round neck womens t-shirt - blue,"Size:Large,Medium,Small,X-Small","Rs
999",499,50% off,Westernwear-Women
2393,Levis,Tapered fit regular length cotton polyester womens jeans - indigo,"Size:26,28,30,32",Nan,2999,No Discount,Westernwear-Women
2394,Madame,Graphic polyester round neck womens t-shirt - white,"Size:Large,Medium,Small,X-Large,XX-Large","Rs
999",599,40% off,Westernwear-Women
2395,Zink london,Regular polyester womens casual wear shorts - white,"Size:Large,Medium,Small,X-Large,X-Small","Rs
1399",839,40% off,Westernwear-Women
2396,Vero moda,Cotton slim fit womens jeans - blue,"Size:26,27,28,29,30,31,32,33,34","Rs
3999",2399,40% off,Westernwear-Women
2397,Insense,Half sleeves night wear womens t-shirt - grey melange,"Size:Medium,Small,X-Small","Rs
399",199,50% off,Westernwear-Women
2398,Only,Solid cotton round neck womens t-shirt - white,"Size:Large,Medium,Small,X-Large,X-Small","Rs
1499",1049,30% off,Westernwear-Women
2399,Kraus,Womens collared printed shirt - mixed darks,Size:Medium,"Rs
1299",649,50% off,Westernwear-Women
2400,Vero moda,Solid rayon nylon regular fit womens casual pants - white,"Size:Large,Medium,Small,X-Large,X-Small","Rs
1999",1599,20% off,Westernwear-Women
2401,Only,Textured polyester square neck womens top - white,"Size:34,36,38,40,42","Rs
2499",1749,30% off,Westernwear-Women
2402,Only,Skinny mid thigh cotton womens casual skirt - mid blue,"Size:Large,Medium,Small,X-Small","Rs
3499",2449,30% off,Westernwear-Women
2403,Stop,Solid polyester round neck womens regular fit top - navy,"Size:Large,Medium,Small,X-Large,XX-Large","Rs
1199",599,50% off,Westernwear-Women
2404,Life,Solid v-neck cotton womens regular dress - cobalt,"Size:Large,Medium,Small,X-Large,X-Small","Rs
1499",749,50% off,Westernwear-Women
2405,Puma,Printed cotton slim fit womens casual wear tights - grey,"Size:Large,Medium,Small,X-Large,X-Small","Rs
1799",1259,30% off,Westernwear-Women
2406,Rare,Printed key hole neck polyester womens fit and flare dress - pink,"Size:Large,Medium,Small,X-Large","Rs
2699",1079,60% off,Westernwear-Women
2407,Zink london,Solid regular viscose blend womens casual wear pants - brown,"Size:Large,Medium,Small,X-Large","Rs
2399",1439,40% off,Westernwear-Women
2408,Stop,Printed regular neck cotton stretch womens formal shirt - purple,"Size:Large,Medium,Small,X-Large,X-Small,XX-Large",Nan,999,No Discount,Westernwear-Women
2409,Latin quarters,Dyed round neck cotton womens regular blouse - blue,"Size:S,L,X-Small","Rs
1599",499,69% off,Westernwear-Women
2410,Lovegen,Skinny fit ankle length cotton nylon womens jeans - peach,"Size:26,28,30,32,34","Rs
1599",639,60% off,Westernwear-Women
2411,Enamor,Cotton blend womens active wear track pants - burgundy,"Size:XL,Large,Medium,Small,XX-Large","Rs
1049",734,30% off,Westernwear-Women
2412,Forever new,Solid polyester tie up neck� womens top - porcelain,"Size:4,6,8,10,12,14,16",Nan,4200,No Discount,Westernwear-Women
2413,And,Solid cotton round neck womens regular dress - rosewood,"Size:8,16","Rs
3299",1649,50% off,Westernwear-Women
2414,Faballey,Solid round neck viscose womens regular dresses - blue,"Size:Large,Medium,Small,X-Large,X-Small","Rs
2100",1050,50% off,Westernwear-Women
2415,Vero moda,Printed polyester round neck womens casual shirt - white,"Size:Large,Medium,Small,X-Large,X-Small","Rs
2999",2399,20% off,Westernwear-Women
2416,Puma,Cotton mid rise regular fit womens athleisure tights - black,"Size:Large,Medium,Small,X-Small","Rs
1799",1259,30% off,Westernwear-Women
2417,Only,Self design cotton womens cropped top - natural,"Size:34,36,38,40,42","Rs
2699",1349,50% off,Westernwear-Women
2418,Zink london,Solid polyester collar neck womens casual shirt - pink,"Size:Large,Medium,Small,X-Small,XX-Large","Rs
1499",899,40% off,Westernwear-Women
2419,Zink london,Printed peter pan collar polyester womens casual shirt - multi,"Size:Large,Medium,Small,X-Large,X-Small,XX-Large","Rs
1599",639,60% off,Westernwear-Women
2420,Latin quarters,Solid polyester womens regular dress - black,"Size:M,XL","Rs
1999",999,50% off,Westernwear-Women
2421,Only,Solid cotton round neck womens dress - pink,"Size:Large,Medium,Small,X-Large,X-Small","Rs
3299",2309,30% off,Westernwear-Women
2422,Fratini,Printed v neck viscose womens regular dress - teal,"Size:Large,Medium,Small,X-Large,XX-Large","Rs
1299",649,50% off,Westernwear-Women
2423,Rare,Printed polyester round neck womens regular fit top - yellow,"Size:Medium,Small","Rs
1499",599,60% off,Westernwear-Women
2424,Madame,Womens solid high neck shirt - mustard,"Size:Medium,Small,X-Large","Rs
1899",949,50% off,Westernwear-Women
2425,Adidas,Stripes cotton crew neck womens t-shirt - mauve,"Size:28,32","Rs
1999",1399,30% off,Westernwear-Women
2426,And,Solid cotton round neck womens dress - green,"Size:8,10,12","Rs
3099",2789,10% off,Westernwear-Women
2427,Zink london,Printed polyester womens regular fit top - blue,Size:Medium,"Rs
1499",599,60% off,Westernwear-Women
2428,Zink london,Printed polyester womens regular top - navy,"Size:Small,X-Small","Rs
1599",639,60% off,Westernwear-Women
2429,Latin quarters,Dyed collar neck rayon womens regular blouse - mustard,"Size:S,M,X-Small","Rs
1399",499,64% off,Westernwear-Women
2430,Allen solly,Solid cotton round neck womens t-shirt - red,"Size:Large,Medium,Small,X-Large,X-Small,XX-Large","Rs
1099",799,27% off,Westernwear-Women
2431,Zink london,Textured polyester boat neck womens top - pink,"Size:Large,Medium,Small,X-Large,X-Small,XX-Large","Rs
1499",899,40% off,Westernwear-Women
2432,Fratini,Solid band collar polyester womens woven top - pink,"Size:Large,Medium,Small,XX-Large","Rs
1299",649,50% off,Westernwear-Women
2433,And,Solid round neck polyester womens regular dresses - red,"Size:8,10,12,14,16,18","Rs
2499",1999,20% off,Westernwear-Women
2434,Zink z,Solid cotton blend v neck womens co-ordinate set - maroon,"Size:Large,Medium,Small,X-Large,X-Small",Nan,2199,No Discount,Westernwear-Women
2435,Allen solly,Womens collared printed shirt - black,"Size:Large,Small,X-Large,X-Small,XX-Large","Rs
1599",959,40% off,Westernwear-Women
2436,Fratini,Stripes viscose blend collar neck womens casual blazer - natural,"Size:Large,Medium,Small,X-Large,XX-Large",Nan,1499,No Discount,Westernwear-Women
2437,Kraus,Skinny fit ankle length cotton womens jeans - blue,"Size:28,30,32,34,36,38","Rs
1895",1326,30% off,Westernwear-Women
2438,Cover story,Solid cotton poly elastane square neck womens t-shirt - black,"Size:Large,Medium,Small,X-Large,X-Small","Rs
1290",903,30% off,Westernwear-Women
2439,Life,Printed round neck cotton womens regular top - off white,"Size:Large,Medium,Small,X-Large,X-Small","Rs
1099",549,50% off,Westernwear-Women
2440,Infuse,Solid tencel collar womens regular shirt - mid blue,"Size:Small,X-Small","Rs
999",599,40% off,Westernwear-Women
2441,Only,Solid sleeveless polyester womens maxi jumpsuits - brown,"Size:34,36,38,40,42","Rs
4499",2249,50% off,Westernwear-Women
2442,Life,Solid polyester blend hood womens sweatshirt - peach,"Size:Large,Medium,Small,X-Small","Rs
1299",649,50% off,Westernwear-Women
2443,Rare,Printed polyester v-neck womens wrap top - yellow,"Size:Large,Medium,Small","Rs
1599",639,60% off,Westernwear-Women
2444,Juniper,Printed collar neck crepe womens fushion wear jacket - peacock,"Size:Large,Medium,Small,X-Large,X-Small","Rs
1899",569,70% off,Westernwear-Women
2445,Only,Printed polyester round neck womens t-shirt - purple,"Size:Large,Medium,Small,X-Large,X-Small","Rs
1299",779,40% off,Westernwear-Women
2446,Cover story,Solid cotton spandex round neck womens t-shirt - white,"Size:Large,Medium,Small,X-Large,X-Small","Rs
990",693,30% off,Westernwear-Women
2447,Latin quarters,Dyed collar neck cotton womens regular dress - red,Size:S,"Rs
2399",799,67% off,Westernwear-Women
2448,Zink london,Solid polyester round neck womens top - peach,"Size:Large,Medium,X-Large","Rs
1599",799,50% off,Westernwear-Women
2449,Life,Printed viscose square neck womens regular fit top - navy,"Size:Large,Small,X-Large","Rs
1199",599,50% off,Westernwear-Women
2450,Vero moda,Printed cotton sweetheart neck womens  tops - red,"Size:Large,Medium,Small,X-Large,X-Small","Rs
2499",1749,30% off,Westernwear-Women
2451,Allen solly,Solid viscose round neck womens t-shirt - mid blue,"Size:Large,Medium,Small,X-Large,X-Small,XX-Large","Rs
1799",1499,17% off,Westernwear-Women
2452,Sera,Solid v neck rayon blend womens top - navy,"Size:Large,Medium,Small,X-Large","Rs
1398",699,50% off,Westernwear-Women
2453,Madame,Graphic cotton round neck womens top - coral,"Size:Large,Medium,Small,X-Large,XX-Large","Rs
1199",599,50% off,Westernwear-Women
2454,Latin quarters,Dyed v-neck polyester womens regular dress - purple,"Size:S,M,L,X-Small","Rs
2399",1199,50% off,Westernwear-Women
2455,Forever new,Solid cotton collar neck womens dress - stone,"Size:6,8,10,12,14","Rs
6800",4760,30% off,Westernwear-Women
2456,Zink london,Printed round neck polyester womens maxi dress - natural,"Size:Large,Medium,Small,X-Large","Rs
3299",1979,40% off,Westernwear-Women
2457,And,Solid polyester round neck women straight tops - blue mix light,"Size:8,10,12,14,16","Rs
1299",649,50% off,Westernwear-Women
2458,Zink london,Regular fit mid thigh polyester womens casual shorts - green,"Size:Small,X-Small","Rs
1799",399,78% off,Westernwear-Women
2459,Reebok,Solid regular fit polyester womens sports tights - black,"Size:Medium,Small,X-Large,X-Small","Rs
1799",899,50% off,Westernwear-Women
2460,Life,Solid polyester blend high-neck womens t-shirt - wine,"Size:Large,Medium,Small,X-Large,X-Small","Rs
999",499,50% off,Westernwear-Women
2461,Zink london,Solid cotton collared womens shirt - pink,"Size:Large,Medium,Small,X-Large,X-Small","Rs
1599",959,40% off,Westernwear-Women
2462,Zink london,Stripes v-neck cotton womens a-line dress - multi,"Size:Large,X-Large,X-Small,XX-Large","Rs
2399",959,60% off,Westernwear-Women
2463,Marie claire,Printed polyester round neck womens top - mustard,"Size:Large,Medium,Small,X-Large,X-Small","Rs
1499",674,55% off,Westernwear-Women
2464,And,Solid polyester v neck womens flared gown - teal,"Size:8,10,12,14","Rs
3999",3199,20% off,Westernwear-Women
2465,And,Womens fit and flare mandarin collar floral printed skater dress - blue,Size:8,"Rs
2499",999,60% off,Westernwear-Women
2466,Life,Printed cotton round neck womens regular fit top - navy,"Size:Large,Medium,Small,X-Small","Rs
599",299,50% off,Westernwear-Women
2467,Madame,Checks polyester square neck womens top - pink,"Size:Large,Medium,Small,X-Large,XX-Large","Rs
1599",799,50% off,Westernwear-Women
2468,Zink london,Lace polyester round neck womens top - off white,"Size:Large,Medium,Small,X-Small,XX-Large","Rs
1899",1139,40% off,Westernwear-Women
2469,Life,Printed regular fit cotton blend womens casual track pants - multi,"Size:28,30,34","Rs
1299",649,50% off,Westernwear-Women
2470,Fratini,Sanya malhotra solid round neck blended womens mini dress - blush,"Size:Large,Medium,Small,X-Large,XX-Large",Nan,2499,No Discount,Westernwear-Women
2471,Infuse,Skinny fit ankle length cotton lycra womens jeans - ice,"Size:26,28,30,32,34,36","Rs
1499",599,60% off,Westernwear-Women
2472,Altlife,Solid cotton stretch full length womens joggers - rust,"Size:28,30,32,34,36","Rs
1299",649,50% off,Westernwear-Women
2473,Altlife,Printed viscose blend regular neck womens t-shirt - black,"Size:Large,Medium,Small,X-Large,X-Small,XX-Large","Rs
599",299,50% off,Westernwear-Women
2474,Altlife,Printed cotton stretch regular neck womens sweatshirt - wine,"Size:Large,Medium,Small,X-Large,X-Small","Rs
1299",649,50% off,Westernwear-Women
2475,Forever new,Solid viscose blend round neck womens top - porcelain,"Size:Large,Medium,Small,X-Small,XX-Small","Rs
3600",2340,35% off,Westernwear-Women
2476,Iti,Womens solid sleeveless v neck fit and flare maxi dress - navy,"Size:Large,Medium,Small",Nan,2999,No Discount,Westernwear-Women
2477,Altlife,Stripes sleeveless cotton womens full length jumpsuit - multi,Size:X-Large,"Rs
1499",749,50% off,Westernwear-Women
2478,Altlife,Printed cotton round neck womens active wear t-shirt - lilac,"Size:Large,Medium,Small,X-Large,X-Small,XX-Large","Rs
399",199,50% off,Westernwear-Women
2479,Campus sutra,Solid crepe round neck womens dress - bottle green,"Size:Large,Medium,Small,X-Large",Nan,1999,No Discount,Westernwear-Women
2480,Pepe,Washed cotton classic collar womens casual shirt - dk indigo,"Size:Large,Medium,Small,X-Large","Rs
2299",1379,40% off,Westernwear-Women
2481,Pepe,Fit regular length denim womens jeans - tint,"Size:26,28,30,32,34","Rs
2599",1559,40% off,Westernwear-Women
2482,Stop,Solid polyester stretch regular fit womens midi dress - charcoal,"Size:Large,Medium,Small,X-Large,X-Small,XX-Large",Nan,1999,No Discount,Westernwear-Women
2483,Indya,Shraddha kapoor for indya purple sequinn embellished thread work crop top - purple,"Size:Large,Medium,Small","Rs
1400",1120,20% off,Westernwear-Women
2484,And,Womens linen skirts - natural,"Size:34,36","Rs
1999",799,60% off,Westernwear-Women
2485,Zink london,Printed v neck polyester womens dresses - white,"Size:Large,Medium,Small,X-Large","Rs
2999",1199,60% off,Westernwear-Women
2486,Latin quarters,Dyed turtle neck acrylic womens regular top - maroon,"Size:S,M,L,XL","Rs
2499",1249,50% off,Westernwear-Women
2487,Zink london,Floral cotton round neck womens top - white,"Size:Large,Medium,Small,X-Large","Rs
1599",799,50% off,Westernwear-Women
2488,Stop,Printed viscose regular fit womens top - navy,"Size:Large,Medium,Small,X-Large,X-Small,XX-Large",Nan,1299,No Discount,Westernwear-Women
2489,Madame,Womens solid round neck top - mustard,"Size:Medium,X-Large,XX-Large","Rs
1699",849,50% off,Westernwear-Women
2490,And,Floral comfort linen womens fusion wear trousers - multi,"Size:26,28,34","Rs
2499",1999,20% off,Westernwear-Women
2491,Allen solly,Solid cotton round neck womens top - off white,"Size:Large,Medium,Small,X-Large,X-Small,XX-Large","Rs
1999",1199,40% off,Westernwear-Women
2492,And,Solid cotton round neck womens regular dress - pink,"Size:8,10,12,14,16","Rs
2299",2069,10% off,Westernwear-Women
2493,Infuse,Printed cotton full length womens loungewear pyjama - black,Size:28,"Rs
799",319,60% off,Westernwear-Women
2494,Levis,Skinny fit regular cotton womens jeans - indigo,"Size:28,30,32,34",Nan,3699,No Discount,Westernwear-Women
2495,And,Solid v neck polyester womens flared gown - peach,"Size:8,10,12,14,16","Rs
3099",2479,20% off,Westernwear-Women
2496,And,Solid v neck polyester womens midi dress - lilac,"Size:8,10,12,14,16,18","Rs
2699",2159,20% off,Westernwear-Women
2497,Latin quarters,Solid polyester womens regular blouse - black,"Size:S,M,L,XL,X-Small","Rs
1699",1189,30% off,Westernwear-Women
2498,Allen solly,Checks polyester round neck womens blazer - mid blue,"Size:Large,Medium,Small,X-Large,X-Small,XX-Large","Rs
3499",2799,20% off,Westernwear-Women
2499,Samshek,Solid one shoulder polyester womens bodycon dress - maroon,"Size:4X-Large,5X-Large,Large,Medium,Small,X-Large,X-Small,XX-Large,XX-Small,XXX-Large","Rs
2490",1992,20% off,Westernwear-Women
2500,Kraus,Solid collar neck lyocell womens midi dress - light blue,"Size:Large,Medium,Small","Rs
1895",1326,30% off,Westernwear-Women
2501,Zink london,Printed polyester womens fit and flare dress - blue,"Size:Medium,X-Large,XX-Large","Rs
2999",1199,60% off,Westernwear-Women
2502,Zink london,Acrylic women casual shrugs - camel,"Size:Medium,Small,X-Large","Rs
2299",919,60% off,Westernwear-Women
2503,Sera,Printed round neck viscose rayon womens wrap dress - white,"Size:Large,Medium,Small","Rs
1594",637,60% off,Westernwear-Women
2504,Vero moda,Printed modal shirt collar womens casual shirt - red,"Size:Large,Medium,X-Large,X-Small",Nan,2299,No Discount,Westernwear-Women
2505,Vero moda,Straight ankle length cotton womens jeans - blue,"Size:26,27,28,29,30,31,32,33,34","Rs
4799",2879,40% off,Westernwear-Women
2506,Latin quarters,Solid polyester womens regular dress - black,"Size:S,M,L,XL,XX-Large","Rs
2999",2099,30% off,Westernwear-Women
2507,Magre,Solid polyester blend regular fit womens casual pants - blue,"Size:Large,Medium,Small,X-Small","Rs
2290",1374,40% off,Westernwear-Women
2508,Life,Women printed casual a-line dress - white,"Size:Large,Medium,X-Large,X-Small","Rs
999",499,50% off,Westernwear-Women
2509,Faballey,Floral georgette square neck womens maxi dress - green,Size:Small,"Rs
2600",1300,50% off,Westernwear-Women
2510,Vero moda,Embroidered cotton round neck womens shirt - blue,"Size:Large,Medium,Small,X-Large,X-Small",Nan,2499,No Discount,Westernwear-Women
2511,Van heusen,Solid viscose v neck womens top - red,"Size:Large,Medium","Rs
1299",999,23% off,Westernwear-Women
2512,Femina flaunt,Womens regular fit solid dress - blush,"Size:Large,Small",Nan,1699,No Discount,Westernwear-Women
2513,Lovegen,Skinny fit ankle length cotton polyesterwomens jeans - multi,"Size:26,28,30,32,34,36","Rs
1899",759,60% off,Westernwear-Women
2514,Vero moda,Stripes viscose round neck womens dress - white,"Size:Large,Medium,Small,X-Large,X-Small","Rs
3999",3199,20% off,Westernwear-Women
2515,Latin quarters,Solid polyester round neck womens blouson blouse - natural,"Size:S,M,X-Small","Rs
1650",499,70% off,Westernwear-Women
2516,Sera,Womens regular fit printed v neck longline shrug - navy,"Size:Large,Small,X-Large","Rs
1294",647,50% off,Westernwear-Women
2517,Life,Womens regular fit printed woven dress - black,"Size:Large,X-Large,X-Small",Nan,1299,No Discount,Westernwear-Women
2518,And,Solid polyester round neck womens straight top - wine,"Size:14,16,18","Rs
2899",1449,50% off,Westernwear-Women
2519,Only,Boyfriend fit regular cotton womens jeans - natural,"Size:26,27,28,29,30,31,32","Rs
4299",3439,20% off,Westernwear-Women
2520,Life,Solid cotton lycra womens athleisure tracks - anthra,"Size:28,30,32,34,36","Rs
799",399,50% off,Westernwear-Women
2521,Only,Solid viscose womens regular top - green,"Size:34,36,38,40,42","Rs
2299",1379,40% off,Westernwear-Women
2522,Stop,Solid polyester round neck womens regular fit top - ivory,"Size:Large,Medium,Small,X-Large,XX-Large","Rs
1199",599,50% off,Westernwear-Women
2523,Life,Printed cotton round neck womens regular t-shirt - grey melange,"Size:Large,Small,X-Large,X-Small","Rs
399",199,50% off,Westernwear-Women
2524,Life,Printed cotton round neck womens regular t-shirt - black,"Size:Large,Medium,Small,X-Large,X-Small","Rs
399",199,50% off,Westernwear-Women
2525,Forever new,Solid round neck polyester womens regular top - porcelain,"Size:6,8,10,12","Rs
3200",2560,20% off,Westernwear-Women
2526,Allen solly,Textured regular fit polyester womens formal wear trousers - black,"Size:26,28,30,32,34,36","Rs
2299",1379,40% off,Westernwear-Women
2527,Madame,Stripes cotton blend round neck womens top - mauve,"Size:Large,Medium,Small,X-Large,XX-Large","Rs
1199",839,30% off,Westernwear-Women
2528,Allen solly,Solid regular fit polyester womens trousers - charcoal,"Size:26,30,32,34,36","Rs
1899",1139,40% off,Westernwear-Women
2529,Sera,Womens regular fit checks shorts - white,"Size:Large,Medium,Small,X-Large","Rs
1094",437,60% off,Westernwear-Women
2530,Jealous 21,Solid tencel collar neck womens casual shirt - light blue,"Size:Large,Medium,Small,X-Large",Nan,1699,No Discount,Westernwear-Women
2531,Stop,Solid nr roma regular neck womens regular dress - wine,"Size:Large,Medium,Small,X-Large,X-Small,XX-Large",Nan,1999,No Discount,Westernwear-Women
2532,Zink london,Abstract viscose v neck womens top - cream,"Size:Large,Medium,Small,X-Large,X-Small,XX-Large","Rs
1699",1019,40% off,Westernwear-Women
2533,Reebok,Regular fit polyester cotton womens track pants - black,"Size:Medium,Small,X-Large,X-Small","Rs
2499",1249,50% off,Westernwear-Women
2534,Only,Embroidered cotton womens t-shirt - white,"Size:Large,Medium,Small,X-Large,X-Small","Rs
1799",1259,30% off,Westernwear-Women
2535,Spykar,Regular fit regular cotton lycra womens jeans - dark blue,"Size:26,28,30,32,34","Rs
2699",1889,30% off,Westernwear-Women
2536,Only,Placement print cotton organic round neck womens t-shirt - natural,"Size:Large,Medium,Small,X-Large,X-Small","Rs
1299",779,40% off,Westernwear-Women
2537,Cover story,Solid cotton spandex round neck womens t-shirt - green,"Size:Large,Medium,Small,X-Large,X-Small","Rs
1290",903,30% off,Westernwear-Women
2538,Levis,Straight fit regular cotton polyester elastane womens jeans - dk indigo,"Size:28,30,32",Nan,3399,No Discount,Westernwear-Women
2539,Only,Embroidery cotton womens top - green,"Size:34,36,38,40,42","Rs
2299",1379,40% off,Westernwear-Women
2540,Life,Printed cotton round neck womens regular fit top - pink,"Size:Large,Medium,Small,X-Large,X-Small","Rs
599",299,50% off,Westernwear-Women
2541,Jealous 21,Super skinny fit ankle length denim womens jeans - grey,"Size:26,28,30,32,34,36",Nan,2499,No Discount,Westernwear-Women
2542,Spykar,Regular fit regular cotton lycra womens jeans - indigo,"Size:26,28,30,32,34,36","Rs
2299",1609,30% off,Westernwear-Women
2543,Zink london,Printed rayon womens fit and flare dress - navy,"Size:Large,Medium,Small,X-Large","Rs
2899",1159,60% off,Westernwear-Women
2544,Life,Printed round neck cotton womens top - navy,"Size:Large,Medium,Small,X-Small","Rs
599",299,50% off,Westernwear-Women
2545,Only,Placement print cotton round neck womens t-shirt - purple,Size:Medium,"Rs
1499",1049,30% off,Westernwear-Women
2546,Kraus,Skinny fit ankle length cotton blend womens jeans - grey,"Size:28,34","Rs
1695",847,50% off,Westernwear-Women
2547,Zink london,Womens mandarin collar solid top - yellow,"Size:Large,Medium,X-Small,XX-Large","Rs
1599",499,69% off,Westernwear-Women
2548,Fratini,Printed round neck cotton womens top - light blue,"Size:Large,Medium,Small,X-Large,XX-Large","Rs
699",349,50% off,Westernwear-Women
2549,Vero moda,Textured cotton round neck womens  t-shirts - yellow,"Size:Large,Medium,Small,X-Large,X-Small","Rs
1899",1329,30% off,Westernwear-Women
2550,Allen solly,Printed rayon regular neck womens dress - yellow,"Size:Large,Medium,Small,X-Large","Rs
2499",1499,40% off,Westernwear-Women
2551,Fratini,Solid regular neck polyester womens winter wear jacket - olive,"Size:Large,Medium,Small,X-Small","Rs
3499",1749,50% off,Westernwear-Women
2552,Latin quarters,Printed polyester womens regular dress - yellow,"Size:S,M,L,XL,XX-Large",Nan,2799,No Discount,Westernwear-Women
2553,Kraus,Solid skinny fit tencel womens casual trousers - light blue,"Size:28,30,32,34","Rs
1695",1186,30% off,Westernwear-Women
2554,Vero moda,Solid lyocell v neck womens  shirts - orange,"Size:Large,Medium,Small,X-Large,X-Small","Rs
2699",2159,20% off,Westernwear-Women
2555,Adidas,Stripes cotton fitted womens casual tights - pink,"Size:Large,Medium,Small,X-Large,X-Small","Rs
1799",1259,30% off,Westernwear-Women
2556,Altlife,Regular fit thigh length cotton womens active wear shorts - turquoise,"Size:28,30,32,34,36","Rs
499",249,50% off,Westernwear-Women
2557,Kraus,Solid tencel womens casual shirt - red,"Size:Large,Medium,Small,X-Large","Rs
1299",909,30% off,Westernwear-Women
2558,Enamor,Cotton blend womens active wear track pants - denimex,"Size:XL,Large,Medium,Small,XX-Large","Rs
1699",1189,30% off,Westernwear-Women
2559,Vero moda,Textured cotton v neck womens  tops - white,"Size:Large,Medium,Small,X-Large,X-Small","Rs
2799",2239,20% off,Westernwear-Women
2560,Allen solly,Womens collared solid shirt - peach,"Size:Large,Medium,X-Large","Rs
1399",839,40% off,Westernwear-Women
2561,Zink z,Solid polyester tie up neck� womens dress - pink,"Size:Large,Medium,Small,X-Large,X-Small",Nan,2199,No Discount,Westernwear-Women
2562,Indya,Floral georgette square neck womens regular top - blue,"Size:Large,Medium,Small,X-Large,X-Small","Rs
1300",650,50% off,Westernwear-Women
2563,Latin quarters,Dyed round neck polyester womens regular dress - black,"Size:S,X-Small","Rs
2799",1959,30% off,Westernwear-Women
2564,Latin quarters,Solid round neck nylon stretch womens dress - pink,"Size:S,M,L,X-Small","Rs
2399",1199,50% off,Westernwear-Women
2565,Latin quarters,Solid polyester womens regular dress - blue,"Size:S,M,L,XL,XX-Large",Nan,2999,No Discount,Westernwear-Women
2566,Latin quarters,Solid polyester womens regular dress - peach,"Size:S,X-Small","Rs
2999",2099,30% off,Westernwear-Women
2567,Infuse,Skinny fit ankle length cotton lycra womens jeans - black,"Size:26,28,30","Rs
999",499,50% off,Westernwear-Women
2568,Latin quarters,Dyed collar neck rayon womens regular dress - ivory,Size:XL,"Rs
2399",799,67% off,Westernwear-Women
2569,Faballey,Floral round neck georgette womens flared dress - pink,Size:X-Large,"Rs
1950",975,50% off,Westernwear-Women
2570,Cover story,Solid cotton spandex round neck women regular women t-shirt - white,"Size:X-Large,X-Small","Rs
1190",690,42% off,Westernwear-Women
2571,Magre,Solid sleeveless polyester blend womens regular length jumpsuit - black,"Size:Large,Medium,Small,X-Small","Rs
2699",1619,40% off,Westernwear-Women
2572,Iti,Womens overlap strappy maxi - red,"Size:Large,Medium,Small",Nan,2499,No Discount,Westernwear-Women
2573,109f,Womens round neck solid top - black,"Size:Large,Medium,Small,X-Large","Rs
1499",599,60% off,Westernwear-Women
2574,Madame,Denim fabric regular fit womens jeans - indigo,"Size:28,30,32,34,36","Rs
2999",2099,30% off,Westernwear-Women
2575,Forever new,Floral polyester round neck womens top - print,"Size:4,6,8,10,12,14",Nan,3800,No Discount,Westernwear-Women
2576,Life,Solid cotton collar neck womens shirt - mid stone,"Size:Large,Medium,Small,X-Large,X-Small","Rs
1499",749,50% off,Westernwear-Women
2577,Zink london,Solid polyester blend v neck womens jacket - grey,"Size:Large,Medium,Small,X-Large","Rs
1399",839,40% off,Westernwear-Women
2578,Vero moda,Solid square neck viscose womens dress - rust,"Size:Large,Medium,Small,X-Large,X-Small","Rs
2999",1499,50% off,Westernwear-Women
2579,Allen solly,Printed viscose regular neck womens top - grey,"Size:Large,Medium,Small,X-Large,X-Small,XX-Large","Rs
1299",999,23% off,Westernwear-Women
2580,Zink london,Solid polyester u neck womens dress - green,"Size:Large,Medium,Small,X-Large,XX-Large","Rs
2799",1679,40% off,Westernwear-Women
2581,And,Solid round neck polyester women flared dress - emerald,"Size:8,10,12,14,16","Rs
3099",2479,20% off,Westernwear-Women
2582,Latin quarters,Solid rayon blend womens casual shrug - grey,"Size:S,M,L,X-Small","Rs
1499",749,50% off,Westernwear-Women
2583,Zink london,Printed rayon regular fit womens maxi dress - green,Size:Large,"Rs
2899",699,76% off,Westernwear-Women
2584,Cover story,Printed round neck poly mesh womens regular top - pink,Size:Medium,"Rs
2290",1603,30% off,Westernwear-Women
2585,Rare,Floral polyester round neck womens regular top - peach,Size:Small,"Rs
1399",629,55% off,Westernwear-Women
2586,Life,Printed round neck cotton womens regular fit top - mustard,"Size:Small,X-Small","Rs
499",249,50% off,Westernwear-Women
2587,Fratini,Solid collar neck tencel womens woven top - peach,"Size:Large,Medium,Small,X-Large,XX-Large","Rs
1299",649,50% off,Westernwear-Women
2588,Spykar,Regular fit regular cotton womens jeans - mid blue,"Size:26,28,30,32,34,36","Rs
2699",1889,30% off,Westernwear-Women
2589,Latin quarters,Printed v- neck 100% rayon womens longline maxi dress - black,Size:S,"Rs
2299",799,65% off,Westernwear-Women
2590,Zink london,Printed polyester tie up neck���� womens straight top - black,"Size:Large,Medium,Small,X-Large,X-Small","Rs
1299",649,50% off,Westernwear-Women
2591,Faballey,Solid georgette round neck womens regular top - black,"Size:Large,Medium,Small,X-Large,X-Small","Rs
1500",1200,20% off,Westernwear-Women
2592,Vero moda,Solid cotton collared womens  shirts - green,"Size:Large,Medium,Small,X-Large,X-Small","Rs
2799",1959,30% off,Westernwear-Women
2593,Enamor,Cotton blend womens active wear track pants - glaze,"Size:XL,Large,Medium,Small,XX-Large","Rs
1049",734,30% off,Westernwear-Women
2594,Infuse,Solid regular fit cotton blend womens casual pants - navy,"Size:26,28,30,32","Rs
999",599,40% off,Westernwear-Women
2595,Allen solly,Solid polyester regular neck womens dress - grey,"Size:Large,Medium,Small,X-Large,X-Small","Rs
2699",1499,44% off,Westernwear-Women
2596,And,Floral polyester round neck womens straight top - mint,"Size:8,10,12,14,16,18","Rs
2299",1839,20% off,Westernwear-Women
2597,Only,Solid viscose round neck womens top - green,"Size:34,36,38,40,42","Rs
2499",1499,40% off,Westernwear-Women
2598,Adidas,Printed polyester crew neck womens t-shirt - black,"Size:Large,Medium,Small,X-Large,X-Small","Rs
2299",1609,30% off,Westernwear-Women
2599,And,Womens shirt type fit round neck self printed top - orange,"Size:8,16","Rs
1799",899,50% off,Westernwear-Women
2600,Fratini,Solid polyester round neck womens regular fit top - olive,"Size:Large,Medium,Small,X-Large,XX-Large","Rs
899",449,50% off,Westernwear-Women
2601,Levis,Solid cotton round neck womens t-shirt - yellow,"Size:Large,Medium,Small,X-Small",Nan,1599,No Discount,Westernwear-Women
2602,Latin quarters,Dyed rayon womens regular blouse - blue,"Size:S,XL","Rs
1499",1049,30% off,Westernwear-Women
2603,Enamor,Cotton blend womens active wear track pants - major brown,"Size:XL,Large,Medium,Small,XX-Large","Rs
1049",734,30% off,Westernwear-Women
2604,Allen solly,Solid rayon v neck womens shirt - yellow,"Size:Large,Medium,Small,X-Large,X-Small,XX-Large","Rs
1999",1499,25% off,Westernwear-Women
2605,And,Self pattern polyester v neck womens regular fit top - aqua,"Size:8,10,12,14,16","Rs
1299",649,50% off,Westernwear-Women
2606,Indya,Shraddha kapoor for indya floral embroidered belted jumpsuit - grey,"Size:Large,Medium,Small,X-Large,X-Small,XX-Large","Rs
3400",2720,20% off,Westernwear-Women
2607,Fratini,Printed polyester blend round neck womens t-shirt - white,"Size:Large,Medium,Small,X-Large,XX-Large",Nan,799,No Discount,Westernwear-Women
2608,Zink london,Womens regular fit solid v neck midi dress - red,"Size:Large,Medium,Small,X-Small","Rs
2699",799,70% off,Westernwear-Women
2609,Fratini,Printed round neck cotton lycra womens regular dress - red,"Size:Large,Medium,Small,X-Large,XX-Large","Rs
1499",749,50% off,Westernwear-Women
2610,Stop,Solid polyester lycra round neck womens regular fit top - black,"Size:Large,Medium,Small,X-Large,XX-Large","Rs
599",299,50% off,Westernwear-Women
2611,Madame,Solid polyester round neck womens shirt - blush,"Size:Large,Medium,Small,X-Large",Nan,1299,No Discount,Westernwear-Women
2612,Life,Solid polyester blend v-neck womens t-shirt - pink,"Size:Large,Medium,Small,X-Large,X-Small","Rs
999",499,50% off,Westernwear-Women
2613,Cover story,Solid collar neck cotton spandex womens regular dress - green,"Size:Large,Small","Rs
2290",1145,50% off,Westernwear-Women
2614,Stop,Printed collared neck polyester womens formal shirt - navy,"Size:Large,Medium,Small,X-Large","Rs
999",499,50% off,Westernwear-Women
2615,Zink london,Printed eco liva round neck womens regular top - baby pink,"Size:Small,X-Large,X-Small","Rs
1499",599,60% off,Westernwear-Women
2616,Faballey,Floral georgette halter neck womens maxi dress - blue,"Size:Large,Medium,Small,X-Large,X-Small","Rs
2600",2080,20% off,Westernwear-Women
2617,Iti,Womens maroon ruffle embellished maxi - red,"Size:Small,X-Small",Nan,2999,No Discount,Westernwear-Women
2618,Zink london,Solid cotton sweetheart neck womens dress - blue,"Size:Large,Medium,Small,X-Large,X-Small,XX-Large","Rs
2499",1499,40% off,Westernwear-Women
2619,Only,Printed cotton womens t-shirt - black,"Size:Large,Medium,Small,X-Large,X-Small","Rs
1299",909,30% off,Westernwear-Women
2620,Zink london,Solid polyester v neck womens top - red,"Size:Large,Medium,Small,X-Large","Rs
1499",899,40% off,Westernwear-Women
2621,Madame,Solid cotton blend round neck womens top - mauve,"Size:Large,Medium,Small,X-Large,XX-Large","Rs
1199",599,50% off,Westernwear-Women
2622,Life,Printed viscose v neck womens regular top - white,"Size:Large,Medium,Small,X-Large,X-Small","Rs
1299",649,50% off,Westernwear-Women
2623,Zink london,Printed polyester off shoulder womens dress - yellow,"Size:Large,Medium,Small,X-Large,XX-Large","Rs
2999",1799,40% off,Westernwear-Women
2624,Life,Solid jogger fit cotton womens active wear joggers - black,"Size:28,30,32,34,36","Rs
899",449,50% off,Westernwear-Women
2625,W,Printed rayon 3/4 sleeves womens full length jumpsuit - black,"Size:6,8,10,12,14,16,18",Nan,3599,No Discount,Westernwear-Women
2626,Cover story,Solid cotton poly round neck womens t-shirt - peach,"Size:Large,Medium,Small,X-Large,X-Small","Rs
1890",1134,40% off,Westernwear-Women
2627,Altlife,Printed cotton regular neck womens t-shirt - turquoise,"Size:Large,Medium,Small,X-Large,X-Small,XX-Large","Rs
499",249,50% off,Westernwear-Women
2628,Only,Solid viscose square neck womens top - red,"Size:Large,Medium,Small,X-Large,X-Small","Rs
2299",1609,30% off,Westernwear-Women
2629,Van heusen,Dyed round neck polyester womens regular dress - black,"Size:S,M,L","Rs
2799",1399,50% off,Westernwear-Women
2630,Zink london,Solid collar neck polyester womens a-line dress - yellow,"Size:Large,Medium,Small,X-Large,X-Small,XX-Large","Rs
2299",1149,50% off,Westernwear-Women
2631,Fratini,Printed polyester wide neck womens regular top - pink,"Size:Large,Medium,Small,X-Large","Rs
1299",649,50% off,Westernwear-Women
2632,Zink london,Stripes polyester regular fit womens skater dress - white,Size:Large,"Rs
2499",699,72% off,Westernwear-Women
2633,Life,Printed collar viscose womens casual shirt - navy,"Size:Large,Medium,Small,X-Large,X-Small","Rs
699",349,50% off,Westernwear-Women
2634,Zink london,Polyester women casual jackets - red,"Size:Large,Medium,Small","Rs
4999",1999,60% off,Westernwear-Women
2635,Sera,Womens regular fit printed v neck jumpsuit - white,"Size:Large,Medium,X-Large","Rs
1694",847,50% off,Westernwear-Women
2636,Puma,Printed polyester crew neck womens t-shirt - black,"Size:Large,Medium,Small,X-Large","Rs
1799",1259,30% off,Westernwear-Women
2637,Madame,Solid polyester round neck womens shirt - peach,"Size:Large,Medium,Small,X-Large,XX-Large",Nan,1299,No Discount,Westernwear-Women
2638,Altlife,Color block skinny fit cotton stretch womens active wear tights - black,"Size:28,30,32,34,36","Rs
999",499,50% off,Westernwear-Women
2639,Vero moda,Printed cotton off shoulder womens  tops - yellow,"Size:Large,Medium,Small,X-Large,X-Small","Rs
2299",1609,30% off,Westernwear-Women
2640,Stop,Solid polyester skinny fit womens trousers - tan,"Size:28,30,32,34,36",Nan,1499,No Discount,Westernwear-Women
2641,Fratini,Solid square neck polyester blend womens sweater - green,"Size:Large,Medium,Small,X-Large,XX-Large","Rs
1299",649,50% off,Westernwear-Women
2642,Reebok,Solid polyester round neck womens t-shirt - buff,"Size:Large,Medium,Small,X-Large,X-Small","Rs
1399",699,50% off,Westernwear-Women
2643,Is.u,Floral polyester v- neck womens regular top - red,"Size:Large,Medium,Small,X-Large,X-Small,XX-Large","Rs
1890",945,50% off,Westernwear-Women
2644,Life,Solid cotton round neck womens regular t-shirt - black,"Size:Large,Medium,Small,X-Large,X-Small,XX-Large","Rs
399",199,50% off,Westernwear-Women
2645,Life,Solid cotton round neck womens regular t-shirt - navy,"Size:Large,Medium,Small,X-Large,X-Small,XX-Large","Rs
399",199,50% off,Westernwear-Women
2646,Vero moda,Solid polyester v neck womens  tops - blue,"Size:Large,Medium,Small,X-Small","Rs
2499",1749,30% off,Westernwear-Women
2647,Zink london,Printed polyester womens fit and flare dress - white,"Size:Large,Medium,X-Large,XX-Large","Rs
2999",1199,60% off,Westernwear-Women
2648,Infuse,Solid cotton round neck womens regular fit top - lilac,"Size:Large,Medium,Small,X-Large","Rs
499",299,40% off,Westernwear-Women
2649,Life,Solid square neck cotton womens regular fit dress - pink,"Size:Large,Medium,X-Large","Rs
1699",849,50% off,Westernwear-Women
2650,Zink london,Womens tie up neck floral print flared dress - black,"Size:Large,X-Large,XX-Large","Rs
2199",599,73% off,Westernwear-Women
2651,Fratini,Solid polyester round neck womens regular top - green,"Size:Large,Medium,Small,X-Large,XX-Large","Rs
1199",599,50% off,Westernwear-Women
2652,Kraus,Skinny fit ankle length cotton blend womens jeans - white,"Size:28,32","Rs
1795",897,50% off,Westernwear-Women
2653,Spykar,Printed cotton blend round neck womens regular t-shirt - black,"Size:Large,Medium,Small,X-Large","Rs
1099",769,30% off,Westernwear-Women
2654,Only,Solid knitted polyester womens top - yellow,"Size:34,36,38,40,42","Rs
1999",1199,40% off,Westernwear-Women
2655,Life,Solid terry hoodie womens sweatshirt - black,"Size:Large,Medium,Small,X-Large,X-Small","Rs
1499",749,50% off,Westernwear-Women
2656,Infuse,Regular fit above knee womens casual wear skirt - black,"Size:26,28,30,32,34,36","Rs
1599",799,50% off,Westernwear-Women
2657,Zink london,Solid polyester mandarin womens top - white,"Size:Large,Medium,Small,X-Large,X-Small,XX-Large","Rs
1599",959,40% off,Westernwear-Women
2658,Life,Womens viscose collar checks shirt dress - red,"Size:Small,X-Small","Rs
1299",649,50% off,Westernwear-Women
2659,Forever new,Floral linen square neck womens midi dress - print,"Size:6,8,10,12,14",Nan,8400,No Discount,Westernwear-Women
2660,Magre,Solid polyester blend regular fit womens casual pants - white,Size:Small,"Rs
2290",1374,40% off,Westernwear-Women
2661,And,Solid polyester square neck women a line tops - wine,"Size:8,10,12,14,16,18","Rs
1199",839,30% off,Westernwear-Women
2662,Insense,Half sleeves night wear womens t-shirt - blush,"Size:Medium,Small,X-Small","Rs
399",199,50% off,Westernwear-Women
2663,Fratini,Solid round neck linen womens casual shirt - peach,"Size:Large,Medium,Small,X-Large,XX-Large","Rs
1299",649,50% off,Westernwear-Women
2664,Allen solly,Womens 4 pocket solid trousers - black,"Size:28,30,32,34,36","Rs
1899",1519,20% off,Westernwear-Women
2665,Rare,Floral halter neck georgette womens a-line dress - multi,"Size:Large,Medium,Small,X-Large","Rs
2099",839,60% off,Westernwear-Women
2666,Cover story,Solid polyester square neck womens top - black,Size:X-Small,"Rs
1590",1113,30% off,Westernwear-Women
2667,Fratini,Solid regular neck polyester womens winter wear jacket - black,"Size:Large,Medium,Small,X-Large,X-Small","Rs
3499",1749,50% off,Westernwear-Women
2668,Dolce crudo,Womens my new ways denim jacket - navy,"Size:Large,Medium,Small,X-Large,X-Small","Rs
3599",1259,65% off,Westernwear-Women
2669,Only,Placement print cotton round neck womens t-shirt - yellow,"Size:Large,Medium,Small,X-Large,X-Small","Rs
1499",899,40% off,Westernwear-Women
2670,Zink london,Printed polyester collar neck womens casual shirt - red,"Size:Large,Medium,Small,X-Large,X-Small,XX-Large","Rs
1499",899,40% off,Westernwear-Women
2671,Life,Schifli cotton wide neck womens regular top - white,"Size:Large,Medium,Small,X-Large,X-Small","Rs
1199",599,50% off,Westernwear-Women
2672,Van heusen,Solid cotton blend regular fit womens trousers - pink,"Size:28,30,32,34","Rs
1699",999,41% off,Westernwear-Women
2673,Fratini,Printed satin round neck womens shift dress - multi,"Size:Large,Medium,Small,X-Large,XX-Large",Nan,999,No Discount,Westernwear-Women
2674,Faballey,Floral v neck georgette womens regular dresses - yellow,"Size:Large,Medium,Small,X-Large,X-Small","Rs
2200",1760,20% off,Westernwear-Women
2675,Zink london,Solid rayon collared womens top - navy,"Size:Large,Medium,Small,X-Large","Rs
1599",959,40% off,Westernwear-Women
2676,Vero moda,Textured cotton blended round neck womens t-shirt - pink,"Size:Large,Medium,Small,X-Large,X-Small","Rs
999",699,30% off,Westernwear-Women
2677,Levis,Slim fit regular cotton womens jeans - black,"Size:26,28,30,32",Nan,4299,No Discount,Westernwear-Women
2678,Sera,Printed sleeveless polyester womens midi length jumpsuit - brown,"Size:Small,X-Large","Rs
1694",677,60% off,Westernwear-Women
2679,Enamor,Cotton blend womens lounge pants - true navy,"Size:XL,Large,Medium,Small,XX-Large","Rs
949",664,30% off,Westernwear-Women
2680,Levis,Skinny regular cotton blend women jeans - indigo,"Size:26,28,30,32",Nan,2999,No Discount,Westernwear-Women
2681,Stop,Solid rayon blend tailored fit womens culottes - black,"Size:28,30,32,34,36",Nan,1299,No Discount,Westernwear-Women
2682,Zink london,Stripes polyester regular fit womens pants - grey,"Size:Large,Medium,Small,X-Large","Rs
1799",1079,40% off,Westernwear-Women
2683,Life,Solid off shoulder cotton womens regular fit top - olive,"Size:Medium,Small,X-Small","Rs
799",399,50% off,Westernwear-Women
2684,Fratini,Solid band collar polyester womens woven top - white,"Size:Large,Medium,Small,XX-Large","Rs
1299",649,50% off,Westernwear-Women
2685,Infuse,Printed cotton full length womens loungewear pyjama - peach,"Size:28,30,32,34,36","Rs
799",319,60% off,Westernwear-Women
2686,Vero moda,Solid shirt collar viscose womens casual shirt - white,Size:X-Small,"Rs
1999",999,50% off,Westernwear-Women
2687,And,Floral cotton square neck womens a-line top - light blue,Size:8,"Rs
1999",999,50% off,Westernwear-Women
2688,Zink london,Womens brown v-neck striped shirt dress - pink,Size:X-Small,"Rs
2799",699,75% off,Westernwear-Women
2689,Zink london,Floral rayon v-neck womens peplum top - yellow,"Size:Large,Medium,Small,X-Large,X-Small","Rs
1599",799,50% off,Westernwear-Women
2690,Life,Regular fit regular length tencel womens shorts - natural,"Size:26,28,30,32,34,36","Rs
1199",599,50% off,Westernwear-Women
2691,Stop,Solid nr roma regular neck womens regular dress - black,"Size:Large,Medium,Small,X-Large,X-Small,XX-Large",Nan,1999,No Discount,Westernwear-Women
2692,Stop,Solid polyester regular fit womens treggings - black,"Size:26,28,30,32,34,36",Nan,1299,No Discount,Westernwear-Women
2693,Zink z,Printed cotton regular fit womens joggers - green,"Size:Large,Medium,Small,X-Large,X-Small",Nan,1899,No Discount,Westernwear-Women
2694,Altlife,Solid cotton regular neck womens t-shirt - turquoise,"Size:Large,Medium,Small,X-Large,X-Small,XX-Large","Rs
599",299,50% off,Westernwear-Women
2695,Kraus,Clean look cotton blend wide fit womens jeans - blue,"Size:28,30,32,34,36,38","Rs
1995",1795,10% off,Westernwear-Women
2696,And,Solid polyester round neck womens top - peach,"Size:8,10,12,14,16,18","Rs
1999",1599,20% off,Westernwear-Women
2697,And,Solid polyester collar neck womens top - natural,"Size:8,10,12,14,16,18","Rs
1899",1519,20% off,Westernwear-Women
2698,Sera,Womens regular fit printed skirt - black,"Size:Medium,Small,X-Large","Rs
1494",448,70% off,Westernwear-Women
2699,Life,Solid round neck jersey womens t-shirt - grey melange,"Size:Large,Medium,Small,X-Large,X-Small","Rs
999",499,50% off,Westernwear-Women
2700,Insense,Half sleeves night wear womens t-shirt - blush,"Size:Small,X-Small","Rs
399",199,50% off,Westernwear-Women
2701,Insense,Womens cotton printed shorts set - grey melange,"Size:Large,Medium,Small,X-Large,X-Small","Rs
799",399,50% off,Westernwear-Women
2702,Adidas,Stripes crew neck polyester womens t-shirt - black,"Size:Large,Medium,Small,X-Small","Rs
1399",979,30% off,Westernwear-Women
2703,Altlife,Solid cotton regular neck womens westernwear top - pink,"Size:Large,Medium,Small,X-Large,X-Small,XX-Large","Rs
599",299,50% off,Westernwear-Women
2704,Allen solly,Solid polyester v-neck womens top - navy,"Size:Large,Medium,Small,X-Large,X-Small,XX-Large",Nan,1399,No Discount,Westernwear-Women
2705,Zink london,Womens regular fit solid round neck t-shirt - orange,Size:X-Large,"Rs
1299",399,69% off,Westernwear-Women
2706,Stop,Solid skinny fit polyester blend womens formal leggings - black,"Size:28,30,32","Rs
999",499,50% off,Westernwear-Women
2707,Campus sutra,Solid cotton hood womens co-ordinate set - pink,"Size:Large,Medium,Small,X-Large",Nan,1599,No Discount,Westernwear-Women
2708,And,Floral v neck cotton womens flared dresses - ecru,"Size:8,10,12,14,16,18","Rs
2299",1839,20% off,Westernwear-Women
2709,Van heusen,Solid regular fit polyester womens formal pants - green,"Size:26,28,30,32,34","Rs
2199",1499,32% off,Westernwear-Women
2710,And,Printed polyester v-neck womens peplum top - lilac,"Size:8,10,12,14,16","Rs
1699",1359,20% off,Westernwear-Women
2711,Proline,Polyester round neck womens t-shirt - blue,"Size:Large,Medium,Small,X-Large","Rs
699",349,50% off,Westernwear-Women
2712,Stop,Solid regular neck cotton stretch womens formal shirt - wine,"Size:Large,Medium,Small,X-Large,X-Small,XX-Large",Nan,999,No Discount,Westernwear-Women
2713,Enamor,Cotton blend fleece womens active wear track pants - buff,"Size:XL,Large,Medium,Small,XX-Large","Rs
1599",1119,30% off,Westernwear-Women
2714,Life,Regular fit regular length cotton lycra womens jeans - indigo,"Size:26,28,30,32,34,36","Rs
1699",849,50% off,Westernwear-Women
2715,Vero moda,Printed round neck viscose womens dress - natural,"Size:Large,Medium,Small,X-Large,X-Small","Rs
3499",1749,50% off,Westernwear-Women
2716,Madame,Solid cotton blend round neck womens top - green,"Size:Large,Medium,Small,X-Large","Rs
1699",1189,30% off,Westernwear-Women
2717,Life,Mid wash cotton lycra regular fit womens jeans - mid stone,"Size:26,28,30,32,34,36","Rs
1699",849,50% off,Westernwear-Women
2718,Levis,Cotton relaxed fit mid rise womens jeans - white,"Size:26,28,30,32,34",Nan,4599,No Discount,Westernwear-Women
2719,Kraus,Solid tencel collar neck womens regular dress - teal,"Size:Large,Medium,Small","Rs
1895",1326,30% off,Westernwear-Women
2720,Altlife,Printed cotton regular neck womens t-shirt - lilac,"Size:Large,Medium,Small,X-Large,X-Small,XX-Large","Rs
499",249,50% off,Westernwear-Women
2721,Zink london,Solid sleeveless polyester womens jumpsuit - pink,"Size:Large,Medium,Small,X-Large","Rs
2899",2319,20% off,Westernwear-Women
2722,Gipsy,Solid polyester round neck womens blouson top - mustard,"Size:Large,Medium,X-Large,XX-Large","Rs
1795",1256,30% off,Westernwear-Women
2723,Madame,Mid wash denim tapered fit womens jeans - indigo,"Size:28,30,32,34,36","Rs
2899",2029,30% off,Westernwear-Women
2724,Infuse,Graphic polyester round neck womens top - white,"Size:Large,Medium,Small,X-Large,X-Small","Rs
1199",479,60% off,Westernwear-Women
2725,Fratini,Printed polyester blend round neck womens regular t-shirt - navy,"Size:Large,Medium,Small,X-Large,XX-Large","Rs
1299",649,50% off,Westernwear-Women
2726,Only,Cotton round neck womens t-shirt - green,"Size:Large,Medium,Small,X-Large,X-Small","Rs
1999",1399,30% off,Westernwear-Women
2727,Life,Printed cotton round neck womens regular t-shirt - blush,"Size:Medium,Small,X-Small","Rs
699",349,50% off,Westernwear-Women
2728,Zink london,Embroidered cotton off shoulder womens regular fit top - white,"Size:Large,Small,X-Large,X-Small,XX-Large","Rs
1699",679,60% off,Westernwear-Women
2729,Miss chase,Solid raglan sleeves georgette sequined net womens regular length jumpsuits - wine,"Size:Large,Medium,Small,X-Large,X-Small",Nan,3299,No Discount,Westernwear-Women
2730,Rare,Solid polyester round neck womens regular fit top - black,"Size:Medium,Small,X-Large","Rs
1699",594,65% off,Westernwear-Women
2731,Sera,Regular fit mini length polyester womens casual skirt - red,Size:X-Large,"Rs
1499",449,70% off,Westernwear-Women
2732,Zink london,Womens solid printed shirt style top - yellow,"Size:Small,X-Small","Rs
1599",399,75% off,Westernwear-Women
2733,Only,Cotton womens dress - black,"Size:Large,Medium,Small,X-Large,X-Small","Rs
3999",2799,30% off,Westernwear-Women
2734,Zink london,Printed viscose sweetheart neck womens dress - navy,Size:X-Small,"Rs
2799",1679,40% off,Westernwear-Women
2735,Zink london,Printed rayon mandarin neck womens straight fit top - red,"Size:Medium,X-Small,XX-Large","Rs
1599",499,69% off,Westernwear-Women
2736,Jealous 21,Skinny fit ankle length denim womens jeans - indigo,"Size:26,28,30,32,34,36",Nan,2599,No Discount,Westernwear-Women
2737,Insense,Womens cotton printed pyjama set - red,"Size:Large,Medium,Small,X-Large,X-Small","Rs
1199",599,50% off,Westernwear-Women
2738,And,Solid acrylic round neck womens straight dress - blue mix light,"Size:8,10,12,14,16,18","Rs
3499",1749,50% off,Westernwear-Women
2739,Madame,Solid cotton round neck womens regular top - green,"Size:Large,Medium,Small,X-Large,XX-Large",Nan,999,No Discount,Westernwear-Women
2740,And,Womens regular fit solid skirt - brown,Size:32,"Rs
2499",999,60% off,Westernwear-Women
2741,Zink london,Printed rayon v neck womens casual wear dresses - black,"Size:Medium,Small,XX-Large","Rs
3299",1319,60% off,Westernwear-Women
2742,Sera,Printed viscose round neck womens peplum top - pink,"Size:Large,Medium,Small,X-Large","Rs
1494",672,55% off,Westernwear-Women
2743,Forever new,Solid polyester v neck womens top - black,"Size:8,12","Rs
3200",1920,40% off,Westernwear-Women
2744,Fratini,Solid regular fit lace womens midi dress - blush,"Size:Large,Medium,Small,X-Large,XX-Large",Nan,1299,No Discount,Westernwear-Women
2745,Latin quarters,Printed v neck polyester womens regular fit dress - maroon,"Size:M,L,XL","Rs
2799",799,71% off,Westernwear-Women
2746,Faballey,Solid viscose womens regular dress - purple,Size:X-Small,"Rs
1900",950,50% off,Westernwear-Women
2747,Allen solly,Solid cotton round neck womens t-shirt - green,"Size:Large,Medium,Small,X-Large,X-Small,XX-Large","Rs
1099",659,40% off,Westernwear-Women
2748,Zink london,Printed v neck viscose womens midi dress - green,"Size:Large,Medium,Small,X-Large,X-Small,XX-Large","Rs
2699",1619,40% off,Westernwear-Women
2749,Sera,Womens regular fit printed v neck a-line dress - white,"Size:Large,Medium,Small,X-Large","Rs
1898",759,60% off,Westernwear-Women
2750,Latin quarters,Dyed round neck cotton womens regular blouse - blue,"Size:S,M,L,X-Small","Rs
1399",499,64% off,Westernwear-Women
2751,And,Floral square neck linen womens straight dress - blue,"Size:8,10,12,14,16,18","Rs
3499",2799,20% off,Westernwear-Women
2752,Adidas,Striped fitted fit polyester womens track pants - black,"Size:X-Large,XX-Large,XXX-Large","Rs
2499",1249,50% off,Westernwear-Women
2753,Infuse,Printed rayon round neck womens cowl dress - light blue,"Size:Large,Medium,Small,X-Large,X-Small,XX-Large","Rs
2099",1049,50% off,Westernwear-Women
2754,Stop,Printed satin regular fit womens top - white,"Size:Large,Medium,Small,X-Large,X-Small,XX-Large",Nan,1299,No Discount,Westernwear-Women
2755,And,Solid polyester tie up neck� womens regular dress - peach,"Size:8,10,12,14,16,18",Nan,2699,No Discount,Westernwear-Women
2756,Jealous 21,Solid round neck viscose womens regular top - coral,"Size:Large,Medium,Small,X-Large",Nan,999,No Discount,Westernwear-Women
2757,Allen solly,Textured cotton regular fit womens trousers - natural,"Size:28,30,32,34","Rs
2299",1839,20% off,Westernwear-Women
2758,Sera,Solid round neck cotton womens bodycon dress - natural,"Size:Large,Medium,Small","Rs
1694",762,55% off,Westernwear-Women
2759,Zink london,Solid notched collar cotton womens straight fit dress - peach,"Size:Medium,Small,X-Small","Rs
3499",999,71% off,Westernwear-Women
2760,Zink london,Solid polyester round neck womens dress - green,"Size:Large,Medium,Small,X-Large","Rs
2299",1379,40% off,Westernwear-Women
2761,Fratini,Printed round neck polyester womens regular dress - rust,"Size:Large,Medium,Small,X-Large,XX-Large","Rs
1499",749,50% off,Westernwear-Women
2762,Faballey,Floral lace high neck womens regular top - blue,"Size:Large,Medium,Small,X-Large,X-Small","Rs
1600",1280,20% off,Westernwear-Women
2763,Fratini,Solid cotton round neck womens t-shirt - ecru,"Size:Large,Medium,Small,X-Large,XX-Large","Rs
699",349,50% off,Westernwear-Women
2764,Global desi,Womens ethnic motifs round neck asymmetric tunic - off white,"Size:XL,Large,Medium,Small,X-Small","Rs
1799",539,70% off,Westernwear-Women
2765,Insense,Half sleeves night wear womens t-shirt - olive,"Size:Medium,Small,X-Small","Rs
399",199,50% off,Westernwear-Women
2766,Vero moda,Solid cotton square neck womens top - purple,"Size:Large,Medium,Small,X-Large,X-Small","Rs
1899",1139,40% off,Westernwear-Women
2767,Life,Printed cotton round neck womens regular fit top - red,"Size:Large,Medium,Small,X-Large,X-Small","Rs
699",349,50% off,Westernwear-Women
2768,Levis,Graphic cotton round neck womens t-shirt - peach,"Size:Large,Medium,Small,X-Small",Nan,1099,No Discount,Westernwear-Women
2769,And,Solid rayon collar neck womens straight dress - pink,"Size:8,10,12,14,16,18","Rs
3299",2639,20% off,Westernwear-Women
2770,Only,Cotton regular fit womens jeans - pink,"Size:26,27,28,29,30,32","Rs
3999",3199,20% off,Westernwear-Women
2771,Only,All over print loose fit cotton blend womens casual pants - light blue,"Size:Large,Medium,Small,X-Large,X-Small","Rs
1999",1199,40% off,Westernwear-Women
2772,Faballey,Floral square neck georgette womens maxi dress - blue,"Size:Large,Medium,Small,X-Large,X-Small","Rs
2500",2000,20% off,Westernwear-Women
2773,Vero moda,Printed cotton blend round neck womens t-shirt - blue,"Size:Large,Small,X-Small","Rs
999",499,50% off,Westernwear-Women
2774,Faballey,Embellished georgette halter neck womens regular dress - green,"Size:Large,Medium,Small,X-Small","Rs
2300",1840,20% off,Westernwear-Women
2775,And,Solid regular fit rayon womens work wear trousers - black,"Size:26,28,30,32,34,36",Nan,2099,No Discount,Westernwear-Women
2776,Stop,Printed collared neck polyester womens formal shirt - off white,"Size:Large,Medium,Small,X-Large,XX-Large","Rs
999",499,50% off,Westernwear-Women
2777,Zink london,Printed short sleeves polyester womens regular length jumpsuit - blue,"Size:Large,Medium,Small,X-Large,XX-Large","Rs
2699",799,70% off,Westernwear-Women
2778,Stop,Solid nr roma skinny fit womens treggings - wine,"Size:26,28,30,32,34,36",Nan,1299,No Discount,Westernwear-Women
2779,Latin quarters,Solid polyester collar neck womens casual jacket - natural,"Size:S,M,L,XL","Rs
4999",3499,30% off,Westernwear-Women
2780,Rare,Solid polyester off shoulder womens regular top - maroon,"Size:Large,Medium,Small,X-Large","Rs
1599",639,60% off,Westernwear-Women
2781,Madame,Graphic cotton round neck womens top - green,"Size:Large,Medium,Small,X-Large,XX-Large","Rs
1199",599,50% off,Westernwear-Women
2782,Zink london,Floral polyester round neck womens top - off white,"Size:Large,Medium,Small,X-Large,X-Small,XX-Large","Rs
1499",899,40% off,Westernwear-Women
2783,Kraus,Skinny fit ankle length cotton womens jeans - white,"Size:28,30,32,36,38","Rs
1795",1256,30% off,Westernwear-Women
2784,Madame,Solid polyester round neck womens t-shirt - mint,"Size:Large,Medium,Small,X-Large,XX-Large","Rs
999",599,40% off,Westernwear-Women
2785,Adidas,Printed tight fit polyester womens track pants - navy,"Size:Large,Medium,Small,X-Large,X-Small","Rs
2499",1249,50% off,Westernwear-Women
2786,And,Solid acrylic v neck womens straight top - yellow,"Size:8,10,12,14,16,18","Rs
2699",1349,50% off,Westernwear-Women
2787,Forever new,Embellished polyester halter neck womens top - black,"Size:Small,X-Small,XX-Small",Nan,3400,No Discount,Westernwear-Women
2788,Vero moda,Printed polyester v neck womens dress - green,"Size:Large,Medium,Small,X-Large,X-Small",Nan,2999,No Discount,Westernwear-Women
2789,Allen solly,Printed polyester cotton mandarin womens formal wear shirt - light blue,"Size:Large,Medium,Small,X-Large","Rs
1699",1019,40% off,Westernwear-Women
2790,Vero moda,Printed short sleeves cotton womens full length jumpsuit - black,"Size:Large,Medium,Small,X-Large,X-Small","Rs
3999",2799,30% off,Westernwear-Women
2791,Only,Regular fit regular cotton womens jeans - natural,"Size:25,26,27,28,29,30,31,32,33","Rs
4499",3599,20% off,Westernwear-Women
2792,Magre,Solid polyester blend regular fit womens casual pants - black,"Size:Large,Medium,Small,X-Small","Rs
2190",1314,40% off,Westernwear-Women
2793,Iti,Womens solid high low shirt - green,"Size:Large,Medium,Small,X-Small",Nan,1799,No Discount,Westernwear-Women
2794,Life,Solid cotton blend wide neck womens regular top - white,"Size:Large,Medium,Small,X-Large,X-Small","Rs
1199",599,50% off,Westernwear-Women
2795,Kraus,Skinny fit ankle length cotton blend womens jeggings - olive,"Size:28,30,32,34,36,38","Rs
1495",1046,30% off,Westernwear-Women
2796,Infuse,Skinny fit ankle length cotton lycra womens jeans - mid stone,"Size:26,28,30","Rs
999",499,50% off,Westernwear-Women
2797,Stop,Solid polyester round neck womens regular fit top - blush,"Size:Large,Medium,Small,X-Large,XX-Large","Rs
999",499,50% off,Westernwear-Women
2798,Sera,Printed round neck cotton womens fit and flare dress - green,"Size:Large,Medium,Small","Rs
2194",877,60% off,Westernwear-Women
2799,Altlife,Solid cotton thigh length womens active wear shorts - old rose,"Size:28,30,32,34,36","Rs
499",249,50% off,Westernwear-Women
2800,Pepe,Statement cotton single jersey crew neck womens t-shirt - white,"Size:Large,Medium,Small,X-Large","Rs
1499",899,40% off,Westernwear-Women
2801,Kraus,Solid comfort fit rayon blend womens casual pants - black,Size:28,"Rs
1695",847,50% off,Westernwear-Women
2802,Cover story,Solid poly spandex regular fit womens casual trousers - black,"Size:26,32","Rs
1590",954,40% off,Westernwear-Women
2803,And,Solid v-neck polyester womens evening dress - black,"Size:8,10,12,14,16,18","Rs
1999",999,50% off,Westernwear-Women
2804,Miss chase,Floral premium polyknit v neck womens slim fit dress - multi,"Size:Small,X-Small",Nan,2995,No Discount,Westernwear-Women
2805,Fratini,Solid cotton round neck womens regular top - black,"Size:Large,Medium,XX-Large","Rs
599",299,50% off,Westernwear-Women
2806,Zink london,Solid cotton collar neck womens dress - blue,"Size:Large,Medium,Small,X-Large,X-Small,XX-Large","Rs
2499",1499,40% off,Westernwear-Women
2807,Zink london,Printed round neck polyester womens dresses - off white,"Size:Large,Medium,Small,X-Large,X-Small,XX-Large","Rs
2599",1559,40% off,Westernwear-Women
2808,Faballey,Floral lace v neck womens top - pink,"Size:Large,Medium,Small,X-Large,X-Small","Rs
1800",1440,20% off,Westernwear-Women
2809,Altlife,Solid polyester blend ankle length womens tights - off white,"Size:28,30,32,34,36","Rs
1299",649,50% off,Westernwear-Women
2810,Fratini,Printed rayon round neck womens regular top - blue,"Size:Medium,Small","Rs
699",349,50% off,Westernwear-Women
2811,Fratini,Printed crepe regular fit womens top - white,"Size:Large,Medium,Small,X-Large,X-Small",Nan,1199,No Discount,Westernwear-Women
2812,Crimsoune club,Womens blue striped jumpsuit - blue,"Size:Large,Small,X-Large,XX-Large","Rs
2499",1249,50% off,Westernwear-Women
2813,Vero moda,Mid wash cotton bootcut fit womens jeans - blue,"Size:26,27,28,29,30,31,32,33,34","Rs
3799",2279,40% off,Westernwear-Women
2814,Vero moda,Solid polyester v-neck womens top - natural,"Size:Large,Medium,Small,X-Large,X-Small","Rs
1899",949,50% off,Westernwear-Women
2815,Zink london,Solid viscose blend tie up womens top - mustard,"Size:Large,Medium,Small,X-Large,X-Small","Rs
1599",959,40% off,Westernwear-Women
2816,Stop,Printed viscose regular neck womens top - white,"Size:Large,Medium,Small,X-Large,X-Small,XX-Large","Rs
799",399,50% off,Westernwear-Women
2817,Is.u,Slim fit length cotton womens casual skirt - yellow,"Size:Large,Medium,X-Large","Rs
1790",895,50% off,Westernwear-Women
2818,Forever new,Flared fit calf length polyester womens casual skirt - rust,"Size:6,8,10,12,14",Nan,4400,No Discount,Westernwear-Women
2819,And,Printed viscose high neck womens top - white,"Size:8,10,12,14,16,18","Rs
2699",1349,50% off,Westernwear-Women
2820,Life,Printed cotton blend round neck womens regular t-shirt - lilac,"Size:Large,Medium,Small,X-Large,X-Small","Rs
699",349,50% off,Westernwear-Women
2821,Forever new,Solid lyocell collar neck womens dress - pink,"Size:6,8,10,12,14","Rs
6000",3900,35% off,Westernwear-Women
2822,And,Solid polyester square neck womens straight dress - teal,"Size:8,10,14,16","Rs
3099",1549,50% off,Westernwear-Women
2823,Dolce crudo,Womens spark in your life denim joggers - light blue,"Size:26,28,30,32,34","Rs
2449",979,60% off,Westernwear-Women
2824,Zink london,Printed polyester womens fit and flare dress - pink,"Size:Large,Medium,X-Large","Rs
3499",1399,60% off,Westernwear-Women
2825,Only,Printed polyester round neck womens top - purple,"Size:Large,Medium,Small,X-Large,X-Small","Rs
1499",1049,30% off,Westernwear-Women
2826,Lovegen,Stripes viscose blend square neck womens bodycon top - multi,"Size:Large,X-Large","Rs
920",368,60% off,Westernwear-Women
2827,Zink london,Solid viscose round neck womens top - white,"Size:Large,Medium,Small,X-Large,XX-Large","Rs
1599",959,40% off,Westernwear-Women
2828,Cover story,Solid square neck poly mesh womens regular dress - lavender,"Size:Large,Medium,Small,X-Large,X-Small","Rs
4490",2694,40% off,Westernwear-Women
2829,Latin quarters,Printed cotton blend v neck womens blouson blouse - white,"Size:S,M,L,XX-Large","Rs
1399",499,64% off,Westernwear-Women
2830,Zink london,Printed polyester shirt collar womens regular fit top - multi,"Size:Large,Medium,Small,X-Large,X-Small,XX-Large","Rs
1499",599,60% off,Westernwear-Women
2831,Stop,Solid viscose round neck womens regular top - off white,"Size:Large,Medium,Small,X-Large,XX-Large","Rs
999",499,50% off,Westernwear-Women
2832,Latin quarters,Solid viscose blend round neck womens regular top - ivory,"Size:S,M,L,X-Small","Rs
1699",499,71% off,Westernwear-Women
2833,Stop,Solid round neck polyester blend womens regular dress - navy,"Size:Large,Medium,Small,X-Large,XX-Large","Rs
1899",949,50% off,Westernwear-Women
2834,Life,Skinny fit ankle length cotton lycra womens jeans - ice blue,"Size:26,28,30,32,34,36","Rs
1499",749,50% off,Westernwear-Women
2835,Fratini,Womens rayon printed tops - navy,Size:Small,"Rs
799",399,50% off,Westernwear-Women
2836,Iti,Solid georgette v neck womens top - pink,"Size:Large,Medium,X-Small",Nan,1499,No Discount,Westernwear-Women
2837,Zink z,Printed polyester u neck womens top - pink,"Size:Large,Medium,Small,X-Large,X-Small",Nan,999,No Discount,Westernwear-Women
2838,Jealous 21,Solid tencel collar neck womens regular shirt - charcoal,"Size:Large,Medium,Small,X-Large",Nan,1899,No Discount,Westernwear-Women
2839,Kraus,Solid tencel wide fit womens casual pants - dusty pink,"Size:28,30,32,34,36","Rs
1595",1435,10% off,Westernwear-Women
2840,Latin quarters,Solid off shoulder polyester womens regular dress - black,"Size:S,M,L,XL","Rs
2899",1449,50% off,Westernwear-Women
2841,Only,Viscose mandarin womens regular top - white,"Size:36,38,40,42","Rs
2499",1749,30% off,Westernwear-Women
2842,Only,All over print loose fit cotton blend womens casual pants - white,"Size:Large,Medium,Small,X-Large,X-Small","Rs
1999",1199,40% off,Westernwear-Women
2843,Only,Solid polyester collar neck womens t-shirt - blue,"Size:Large,Medium,Small,X-Large,X-Small","Rs
2299",1609,30% off,Westernwear-Women
2844,Faballey,Solid full sleeves poly blend womens regular length jumpsuit - green,"Size:Large,Medium,Small,X-Large,X-Small","Rs
2800",2240,20% off,Westernwear-Women
2845,Infuse,Graphic polyester round neck womens top - lilac,"Size:Large,Medium,Small,X-Large,X-Small","Rs
1199",479,60% off,Westernwear-Women
2846,Kraus,Skinny fit ankle length cotton womens jeans - grey,"Size:28,38","Rs
1695",847,50% off,Westernwear-Women
2847,Fratini,Solid cotton round neck womens t-shirt - grey melange,"Size:Large,Medium,Small,X-Large,XX-Large","Rs
799",399,50% off,Westernwear-Women
2848,Faballey,Solid round neck cotton womens regular dress - purple,"Size:Large,Medium,Small,X-Large,X-Small","Rs
2200",1760,20% off,Westernwear-Women
2849,Proline,Cotton round neck womens t-shirt - black,"Size:Large,Medium,Small,X-Large","Rs
799",399,50% off,Westernwear-Women
2850,Vero moda,Solid round neck cotton blend womens t-shirt - white,"Size:Large,Medium,Small,X-Large,X-Small","Rs
1499",749,50% off,Westernwear-Women
2851,Zink london,Printed polyester square neck womens straight top - multi,"Size:Large,Medium,Small,X-Large","Rs
1699",679,60% off,Westernwear-Women
2852,Stop,Solid regular fit viscose blend womens formal leggings - tan,"Size:28,30,32,34,36","Rs
999",499,50% off,Westernwear-Women
2853,Van heusen,Printed modal v neck womens top - white,Size:Large,"Rs
1699",999,41% off,Westernwear-Women
2854,Rare,Printed v-neck polyester womens fit and flare dress - green,"Size:Medium,Small","Rs
2399",1079,55% off,Westernwear-Women
2855,Stop,Solid polyester round neck womens regular fit dress - mint,"Size:Large,Medium,Small,X-Large,XX-Large","Rs
1499",749,50% off,Westernwear-Women
2856,And,Solid polyester collar neck womens straight top - wine,"Size:8,10,12,14,16","Rs
1899",1519,20% off,Westernwear-Women
2857,Kraus,Solid comfort fit tencel womens casual wear trousers - dark blue,"Size:28,30,32,34,36","Rs
1695",1525,10% off,Westernwear-Women
2858,Kraus,Light wash cotton blend regular fit womens jeans - blue,"Size:28,30,32,34,36,38","Rs
2095",1466,30% off,Westernwear-Women
2859,Faballey,Solid cotton off shoulder womens dress - white,"Size:Large,Medium,Small,X-Small","Rs
1800",1440,20% off,Westernwear-Women
2860,Spykar,Regular fit regular cotton lycra womens jeans - white,"Size:26,28,30,32,34","Rs
2299",1609,30% off,Westernwear-Women
2861,Only,Aop scoop neck cotton womens t-shirt - blue,"Size:Large,Medium,Small,X-Large,X-Small","Rs
1999",1199,40% off,Westernwear-Women
2862,Only,Washed cotton regular fit womens jeans - blue,"Size:25,26,27,28,29,30,31,32,33,34",Nan,3699,No Discount,Westernwear-Women
2863,W,Printed 3/4 sleeves viscose womens full length jumpsuit - magenta,"Size:6,8,10,12,14,16,18",Nan,3999,No Discount,Westernwear-Women
2864,Dolce crudo,Womens walk with beauty denim joggers - black,"Size:26,28,32,34","Rs
2499",999,60% off,Westernwear-Women
2865,Faballey,Polka dots round neck georgette womens regular dresses - blue,"Size:Small,X-Small","Rs
2150",1075,50% off,Westernwear-Women
2866,Madame,Solid cotton blend round neck womens top - purple,"Size:Large,Medium,X-Large","Rs
1690",1183,30% off,Westernwear-Women
2867,Kraus,Clean look cotton relaxed fit womens jeans - light blue,"Size:28,30,32,34","Rs
1695",1525,10% off,Westernwear-Women
2868,And,Tapered three quarter length linen womens fusion wear shorts - wine,"Size:26,28,30,32",Nan,2099,No Discount,Westernwear-Women
2869,Vero moda,Dark wash cotton bootcut fit womens jeans - blue,"Size:26,27,28,29,30,31,32,33,34","Rs
3999",3199,20% off,Westernwear-Women
2870,Fratini,Printed rayon womens regular fit top - red,"Size:Large,Medium,Small","Rs
799",399,50% off,Westernwear-Women
2871,Zink london,Womens regular fit dyed square neck jumpsuit - white,Size:XX-Large,"Rs
2899",699,76% off,Westernwear-Women
2872,Cover story,Solid regular fit rayon nylon spandex womens casual wear trousers - black,"Size:26,28,30,32",Nan,1490,No Discount,Westernwear-Women
2873,Kraus,Wide fit ankle length cotton womens jeans - blue,"Size:28,30,32,34","Rs
1695",1186,30% off,Westernwear-Women
2874,Life,Solid regular fit cotton lycra womens casual pants - indigo,"Size:26,28,30,32,34","Rs
999",499,50% off,Westernwear-Women
2875,Insense,Half sleeves night wear womens t-shirt - navy,"Size:Medium,Small,X-Small","Rs
499",249,50% off,Westernwear-Women
2876,Marie claire,Solid pure cotton shoulder straps womens top - black,"Size:Large,Medium,Small,X-Large,X-Small","Rs
1399",629,55% off,Westernwear-Women
2877,Juniper,Ethnic motifs mandarin neck cambric womens tiered dresses - indigo,"Size:Large,Medium,Small,XX-Large","Rs
2499",1374,45% off,Westernwear-Women
2878,Only,All over print polyester round neck womens top - grey,"Size:34,36","Rs
2499",1499,40% off,Westernwear-Women
2879,Enamor,Cotton womens relax bermuda - grey pink,"Size:XL,Large,Medium,Small","Rs
699",489,30% off,Westernwear-Women
2880,And,Floral polyester v-neck womens fit and flare top - blue mix light,"Size:8,14","Rs
2099",1049,50% off,Westernwear-Women
2881,Zink london,Solid round neck polyester womens maxi dress - red,"Size:Large,Medium,Small,X-Large,XX-Large","Rs
2999",1799,40% off,Westernwear-Women
2882,Kraus,Womens regular fit cotton blend dobby top - peach,"Size:Large,Medium,Small","Rs
1499",749,50% off,Westernwear-Women
2883,Madame,Graphic cotton round neck womens top - mustard,"Size:Large,Medium,Small,X-Large,XX-Large","Rs
999",499,50% off,Westernwear-Women
2884,Kraus,Solid collar neck tencel womens midi dress - blue,"Size:Large,Medium,Small","Rs
1895",1705,10% off,Westernwear-Women
2885,Stop,Printed satin regular neck womens top - natural,"Size:Large,Medium,Small,X-Large,X-Small,XX-Large",Nan,1299,No Discount,Westernwear-Women
2886,Life,Printed slim fit cotton blend womens active wear tights - black,"Size:28,30,32,34,36","Rs
999",499,50% off,Westernwear-Women
2887,Vero moda,Printed viscose sleeveless womens full length jumpsuit - natural,"Size:Large,Medium,Small,X-Large,X-Small","Rs
4499",3149,30% off,Westernwear-Women
2888,Pepe,Flared fit regular cotton blend womens jeans - denim,"Size:26,28,30,32,34","Rs
3499",2099,40% off,Westernwear-Women
2889,Life,Printed polyester blend round neck womens regular t-shirt - grey melange,"Size:Large,Medium,Small,X-Large,X-Small","Rs
799",399,50% off,Westernwear-Women
2890,Infuse,Solid mid thigh cotton lycra womens casual shorts - mid stone,"Size:26,28,30,32,34","Rs
1499",599,60% off,Westernwear-Women
2891,Cover story,Solid poly blend round neck womens t-shirt - orange,"Size:Large,Medium,Small,X-Large,X-Small",Nan,1490,No Discount,Westernwear-Women
2892,Life,Printed cotton round neck womens active wear t-shirt - fuschia,"Size:Large,Medium,Small,X-Large,X-Small,XX-Large","Rs
499",249,50% off,Westernwear-Women
2893,Life,Printed collar viscose womens regular dress - red,"Size:Large,Medium,Small,X-Large,X-Small","Rs
1499",749,50% off,Westernwear-Women
2894,And,Printed viscose v neck womens top - pink mix,"Size:8,10,12,14,16,18","Rs
2199",1099,50% off,Westernwear-Women
2895,Vero moda,Printed shirt collar viscose womens casual shirt - orange,"Size:Large,Medium,Small,X-Large,X-Small","Rs
1799",1439,20% off,Westernwear-Women
2896,Rare,Floral crepe sweetheart neck womens regular fit top - rust,"Size:Large,Medium,Small,X-Large,X-Small","Rs
1499",599,60% off,Westernwear-Women
2897,Global desi,Womens a-line applique solid casual wear trousers - black,"Size:XL,Large,Medium,Small","Rs
1499",749,50% off,Westernwear-Women
2898,Van heusen,Solid polyester blend regular fit womens trousers - grey,Size:26,"Rs
1899",999,47% off,Westernwear-Women
2899,Faballey,Floral sweetheart neck cotton womens regular top - pink,Size:X-Small,"Rs
1650",825,50% off,Westernwear-Women
2900,Iti,Womens solid sleeveless boat neck fit and flare maxi dress - maroon,"Size:Medium,Small",Nan,2999,No Discount,Westernwear-Women
2901,Fratini,Printed viscose collar neck womens regular top - light blue,"Size:Large,Medium,Small,X-Large","Rs
1299",649,50% off,Westernwear-Women
2902,Faballey,Embroidered high neck cotton womens mini dress - pink,"Size:Large,Medium,Small,X-Large,X-Small","Rs
2900",2320,20% off,Westernwear-Women
2903,Forever new,Solid viscose round neck womens top - pink,"Size:Medium,Small,X-Small,XX-Small",Nan,1800,No Discount,Westernwear-Women
2904,Only,Printed polyester round neck womens t-shirt - green,"Size:Large,Medium,Small,X-Large,X-Small","Rs
1299",779,40% off,Westernwear-Women
2905,Iti,Womens green high low dress - green,"Size:Large,Medium,Small",Nan,2299,No Discount,Westernwear-Women
2906,Madame,Solid polyester scoop neck womens dress - black,Size:Medium,"Rs
3899",2729,30% off,Westernwear-Women
2907,Dolce crudo,Womens blend it in denim jacket - white,"Size:Large,Medium,Small,X-Large,X-Small","Rs
3599",1259,65% off,Westernwear-Women
2908,Cover story,Solid round neck polyester womens regular dress - pink,"Size:Large,Medium,Small,X-Large,X-Small","Rs
3990",2394,40% off,Westernwear-Women
2909,Vero moda,Printed viscose v-neck womens top - white,"Size:Large,Medium,Small,X-Large,X-Small","Rs
2599",1559,40% off,Westernwear-Women
2910,Allen solly,Solid cotton round neck womens t-shirt - green,"Size:Large,Medium,Small,X-Large,X-Small,XX-Large","Rs
1299",1039,20% off,Westernwear-Women
2911,Dolce crudo,Womens regular fit artist zip crop skinny jeans blue - blue,"Size:26,28,30,32,34","Rs
2349",939,60% off,Westernwear-Women
2912,Levis,Stripes cotton womens casual shirt - white,"Size:Large,Medium,Small,X-Small",Nan,1599,No Discount,Westernwear-Women
2913,Madame,Solid cotton round neck womens regular top - white,"Size:Large,Medium,Small,X-Large","Rs
1199",719,40% off,Westernwear-Women
2914,Kraus,Solid cotton round neck womens tops - white,"Size:Large,Medium,Small,X-Small","Rs
1299",909,30% off,Westernwear-Women
2915,Zink z,Solid cotton blend round neck womens top - green,"Size:Large,Medium,Small,X-Large,X-Small",Nan,1499,No Discount,Westernwear-Women
2916,Fratini,Solid collar neck viscose womens regular dress - pink,"Size:Large,Medium,Small","Rs
1699",849,50% off,Westernwear-Women
2917,Only,Solid cotton womens dress - blue,"Size:34,36,38,40,42","Rs
3499",2099,40% off,Westernwear-Women
2918,Crimsoune club,Solid cotton linen blend womens jumpsuits - natural,"Size:Large,Medium,Small,X-Large","Rs
1999",1199,40% off,Westernwear-Women
2919,Altlife,Solid cotton regular neck womens t-shirt - lilac,"Size:Large,Medium,Small,X-Large,X-Small,XX-Large","Rs
599",299,50% off,Westernwear-Women
2920,Faballey,Polka dots halter neck georgette womens maxi dress - orange,"Size:Large,Medium,Small,X-Large,X-Small","Rs
2800",2240,20% off,Westernwear-Women
2921,Ira soleil,Printed chiffon regular fit womens party wear shrug - white,"Size:Large,Medium,Small,X-Large",Nan,1999,No Discount,Westernwear-Women
2922,Rare,Striped square neck polyester womens a-line dress - black,"Size:Medium,Small","Rs
2199",879,60% off,Westernwear-Women
2923,Latin quarters,Printed v neck cotton womens dress - black,"Size:S,M,L","Rs
2399",799,67% off,Westernwear-Women
2924,Only,Mid wash cotton regular fit womens jeans - blue,"Size:25,26,27,28,29,30,31,32,33,34","Rs
3699",2959,20% off,Westernwear-Women
2925,Indya,Floral sleeveless cotton womens ankle length jumpsuit - maroon,"Size:Large,Medium,Small,X-Large,X-Small,XX-Large","Rs
2450",1225,50% off,Westernwear-Women
2926,And,Solid collar neck viscose womens straight top - blue,"Size:8,10,12,14,16,18","Rs
1399",1119,20% off,Westernwear-Women
2927,Vero moda,Textured cotton round neck womens  tops - green,"Size:Large,Medium,Small,X-Large,X-Small","Rs
1999",1399,30% off,Westernwear-Women
2928,Puma,Cotton mid rise regular fit womens athleisure pants - pink,"Size:Large,Medium,Small,X-Large,X-Small","Rs
3499",2449,30% off,Westernwear-Women
2929,Vero moda,Printed v-neck viscose womens dress - navy,"Size:Medium,Small,X-Small","Rs
3299",1649,50% off,Westernwear-Women
2930,Life,Stripes cotton round neck womens regular fit t-shirt - red,"Size:Large,Medium,Small,X-Small","Rs
499",249,50% off,Westernwear-Women
2931,Vero moda,Solid sleeveless viscose womens jumpsuits - white,"Size:Large,Medium,Small,X-Large,X-Small","Rs
3499",2449,30% off,Westernwear-Women
2932,Zink london,Printed polyester round neck womens straight top - off white,"Size:Large,Medium,Small,X-Small,XX-Large","Rs
1499",899,40% off,Westernwear-Women
2933,Faballey,Solid georgette square neck womens top - purple,"Size:Large,Medium,Small,X-Large,X-Small","Rs
1300",1040,20% off,Westernwear-Women
2934,Faballey,Textured halter neck georgette womens mini dress - black,"Size:Large,Medium,Small","Rs
1900",1520,20% off,Westernwear-Women
2935,Fratini,Printed viscose v-neck womens regular top - yellow,"Size:Large,Medium,Small,X-Large,XX-Large",Nan,1199,No Discount,Westernwear-Women
2936,Altlife,Printed cotton round neck womens active wear t-shirt - navy,"Size:Large,Medium,Small,X-Large,X-Small,XX-Large","Rs
399",199,50% off,Westernwear-Women
2937,Vero moda,Printed cotton collar neck womens dress - white,"Size:Large,Medium,Small,X-Large,X-Small","Rs
3299",2639,20% off,Westernwear-Women
2938,Vero moda,Solid cotton v neck womens top - white,"Size:Large,Medium,X-Large,X-Small",Nan,2599,No Discount,Westernwear-Women
2939,Life,Printed cotton round neck womens regular fit top - pink,"Size:Large,Medium,Small,X-Small","Rs
799",399,50% off,Westernwear-Women
2940,Zink london,Regular rayon womens casual wear shorts - navy,"Size:Large,Medium,Small,X-Large","Rs
1599",959,40% off,Westernwear-Women
2941,Life,Solid collar neck viscose womens regular top - off white,"Size:Large,Medium,Small,X-Large,X-Small","Rs
999",499,50% off,Westernwear-Women
2942,Vero moda,Solid cotton blend round neck womens t-shirt - navy,"Size:Large,Medium,Small,X-Large,X-Small","Rs
1299",779,40% off,Westernwear-Women
2943,Zink london,Printed polyester v neck womens top - white,"Size:Large,Medium,Small,X-Large,X-Small","Rs
1599",959,40% off,Westernwear-Women
2944,Life,Printed cotton round neck womens regular fit top - pink,"Size:Large,Medium,Small,X-Large,X-Small","Rs
699",349,50% off,Westernwear-Women
2945,Only,Printed cotton round neck womens top - blue,"Size:Large,Medium,Small,X-Large,X-Small","Rs
1999",1399,30% off,Westernwear-Women
2946,Zink london,Regular fit knee length viscose blend womens casual skirt - pink,"Size:Large,Medium,Small,X-Large","Rs
1999",1199,40% off,Westernwear-Women
2947,Zink london,Self design sleeveless polyester womens full length jumpsuit - off white,"Size:Large,Medium,Small,X-Large,X-Small,XX-Large","Rs
3199",1279,60% off,Westernwear-Women
2948,Faballey,Embellished georgette halter neck womens dress - blue,"Size:Large,Medium,Small,X-Large,X-Small","Rs
2950",2360,20% off,Westernwear-Women
2949,Infuse,Solid cotton round neck womens regular t-shirt - yellow,"Size:Large,Medium,Small,X-Large,X-Small","Rs
499",299,40% off,Westernwear-Women
2950,Rare,Solid nylon choker neck womens regular top - purple,"Size:Large,Medium,Small,X-Large","Rs
1199",539,55% off,Westernwear-Women
2951,Kraus,Solid collared neck cotton womens casual shirt - mid blue,Size:Small,"Rs
1299",649,50% off,Westernwear-Women
2952,Life,Solid regular neck acrylic womens pullover - wine,"Size:Small,X-Large,XX-Large","Rs
1699",849,50% off,Westernwear-Women
2953,Global desi,Womens abstract v-neck flared dress - black,"Size:XL,Large,Small","Rs
2199",879,60% off,Westernwear-Women
2954,Iti,Womens brown pleated maxi - brown,"Size:Medium,X-Large,X-Small",Nan,3499,No Discount,Westernwear-Women
2955,Faballey,Solid poly blend high neck womens dress - red,"Size:4X-Large,Large,Medium,Small,X-Large,X-Small,XX-Large,XXX-Large","Rs
2100",1680,20% off,Westernwear-Women
2956,Infuse,Graphic cotton round neck womens regular fit t-shirt - lavender,"Size:Large,Medium,Small,X-Large,X-Small,XX-Large","Rs
799",239,70% off,Westernwear-Women
2957,Stop,Solid regular neck tencel womens formal shirt - pink,"Size:Large,Medium,Small,X-Large,X-Small,XX-Large",Nan,799,No Discount,Westernwear-Women
2958,Vero moda,Textured nylon round neck womens top - black,"Size:Large,Medium,Small,X-Large,X-Small",Nan,2299,No Discount,Westernwear-Women
2959,Only,Polyester regular womens blouse top - pink,"Size:34,36,38,40,42","Rs
2499",1499,40% off,Westernwear-Women
2960,Life,Printed cotton round neck womens regular t-shirt - lime green,"Size:Large,Small,X-Small,XX-Large","Rs
499",249,50% off,Westernwear-Women
2961,Latin quarters,Solid round neck polyester womens a-line dress - blue,Size:S,"Rs
1999",799,60% off,Westernwear-Women
2962,Only,Solid regular fit cotton womens casual wear pants - green,"Size:34,36,38,40,42","Rs
2999",1799,40% off,Westernwear-Women
2963,Zink london,Printed round neck polyester womens shift dress - blue,"Size:Medium,Small,X-Large","Rs
2899",1159,60% off,Westernwear-Women
2964,Spykar,Regular fit regular cotton lycra womens jeans - carbon,"Size:26,28,30,32,34,36","Rs
1899",1329,30% off,Westernwear-Women
2965,Fratini,Printed cotton blend v neck womens top - off white,"Size:Large,Medium,Small,X-Large,XX-Large",Nan,1299,No Discount,Westernwear-Women
2966,Altlife,Printed cotton round neck womens active wear t-shirt - ecru,"Size:Large,Medium,Small,X-Large,X-Small,XX-Large","Rs
399",199,50% off,Westernwear-Women
2967,Allen solly,Checks polyester regular fit womens trousers - teal,"Size:26,28,30,32,34,36","Rs
2299",1379,40% off,Westernwear-Women
2968,Dolce crudo,Womens regular fit azure highrise bony jeans blue - blue,"Size:26,28,32,34","Rs
2349",939,60% off,Westernwear-Women
2969,Fratini,Solid round neck polyester womens regular dress - olive,"Size:Large,Medium,Small,X-Large,XX-Large","Rs
1699",849,50% off,Westernwear-Women
2970,And,Floral polyester square neck womens straight dress - multi,"Size:8,10,14","Rs
2499",1249,50% off,Westernwear-Women
2971,Fila,Cotton regular fit womens track pants - black,"Size:Large,Medium,Small",Nan,2099,No Discount,Westernwear-Women
2972,Sera,Printed round neck cotton womens fit and flare dress - yellow,"Size:Medium,Small,X-Large","Rs
1894",947,50% off,Westernwear-Women
2973,Reebok,Solid regular fit polyester womens sports tights - navy,"Size:Large,Medium,Small,X-Large,X-Small","Rs
1999",999,50% off,Westernwear-Women
2974,Zink london,Regular fit mini length cotton womens casual skirt - multi,"Size:Large,Medium,Small,X-Small","Rs
1799",499,72% off,Westernwear-Women
2975,Vero moda,Printed round neck cotton blend womens t-shirt - blue,"Size:Large,Medium,Small,X-Large","Rs
1299",649,50% off,Westernwear-Women
2976,Kraus,Solid nylon collar neck womens crop top - peach,"Size:Large,Medium,Small,X-Small","Rs
1199",839,30% off,Westernwear-Women
2977,Life,Solid cotton lycra womens athleisure tracks - navy,"Size:28,30,32,34,36","Rs
799",399,50% off,Westernwear-Women
2978,Cover story,Solid viscose polyester nylon collar neck womens sweater - mint,Size:Medium,"Rs
2890",2023,30% off,Westernwear-Women
2979,Latin quarters,Printed cotton v neck womens regular dress - white,Size:S,"Rs
2499",1249,50% off,Westernwear-Women
2980,Kraus,Solid tencel collar neck womens casual wear shirt - light olive,"Size:Medium,Small","Rs
1299",1169,10% off,Westernwear-Women
2981,Rare,Printed round neck polyester womens a-line dress - blue,"Size:Medium,Small","Rs
1999",899,55% off,Westernwear-Women
2982,Faballey,Solid v neck polyester blend womens regular dress - pink,"Size:Large,Medium,Small,X-Large,X-Small","Rs
1950",975,50% off,Westernwear-Women
2983,Pepe,Cotton blend skinny fit womens jeans - tint,"Size:26,28,30,32,34","Rs
2799",1679,40% off,Westernwear-Women
2984,Faballey,Solid polyester blend regular fit womens leg pants - green,"Size:Large,Medium,Small,X-Large,X-Small","Rs
1950",1560,20% off,Westernwear-Women
2985,Allen solly,Prints polyester round neck womens regular top - pink,"Size:Large,Medium,Small,X-Large,X-Small,XX-Large","Rs
1499",899,40% off,Westernwear-Women
2986,Madame,Solid cotton blend round neck womens top - mustard,"Size:Large,Medium,Small,X-Large,XX-Large",Nan,1099,No Discount,Westernwear-Women
2987,Only,Aop polyester v neck womens dress - white,"Size:34,36,38,40","Rs
3699",2589,30% off,Westernwear-Women
2988,And,Solid square neck cotton womens midi dress - pink,"Size:8,10,12,14,16",Nan,3499,No Discount,Westernwear-Women
2989,Adidas,Printed polyester crew neck womens t-shirt - white,"Size:Large,Medium,Small,X-Large,X-Small","Rs
1499",1049,30% off,Westernwear-Women
2990,Only,Solid-jersey cotton high neck womens sweater - pink,"Size:Large,Medium,Small,X-Large,X-Small","Rs
1999",999,50% off,Westernwear-Women
2991,Indya,Regular fit ankle length silk womens festive wear skirt - blue,"Size:Large,Medium,Small,X-Large,X-Small","Rs
2950",2360,20% off,Westernwear-Women
2992,Vero moda,Solid lyocell v neck womens  shirts - green,"Size:Large,Medium,Small,X-Large,X-Small","Rs
2699",2159,20% off,Westernwear-Women
2993,Gipsy,Solid collar neck regular fit womens casual shirt - pink,"Size:Large,Small,X-Small","Rs
1395",976,30% off,Westernwear-Women
2994,Vero moda,Skinny full length cotton womens jeans - black,"Size:26,27,28,29,30,31,32,33,34","Rs
3799",2279,40% off,Westernwear-Women
2995,Zink london,Printed polyester womens regular top - pink,"Size:Large,Medium,Small","Rs
1399",559,60% off,Westernwear-Women
2996,Stop,Solid regular fit viscose blend womens formal leggings - teal,"Size:28,30,32,34,36","Rs
999",499,50% off,Westernwear-Women
2997,Zink london,Printed v-neck polyester womens fit and flare dress - multi,"Size:Large,Medium,Small,X-Large","Rs
2999",1199,60% off,Westernwear-Women
2998,Dolce crudo,Womens regular fit if you ever want denim jeans black - black,"Size:26,28,30,32,34","Rs
2349",939,60% off,Westernwear-Women
2999,Rare,Solid regular fit polyester womens casual wear trousers - mustard,"Size:Large,Medium,Small,X-Large","Rs
1990",895,55% off,Westernwear-Women
3000,Rare,Printed polyester round neck womens regular fit top - navy,"Size:Large,Medium,Small","Rs
1599",559,65% off,Westernwear-Women
3001,And,Solid tapered polyester womens work wear trousers - blue,"Size:26,28,30,32,34,36",Nan,2099,No Discount,Westernwear-Women
3002,Vero moda,Solid cotton off shoulder womens  tops - pink,"Size:Large,Medium,Small,X-Small","Rs
1899",1329,30% off,Westernwear-Women
3003,Only,Embroidered cotton round neck womens t-shirt - pink,"Size:Large,Medium,Small,X-Large,X-Small","Rs
1999",999,50% off,Westernwear-Women
3004,Zink z,Solid cotton v neck womens dress - green,"Size:Large,Medium,Small,X-Large,X-Small",Nan,1899,No Discount,Westernwear-Women
3005,Lovegen,Wide fit knee length cotton womens casual skirt - black,Size:X-Small,"Rs
1899",569,70% off,Westernwear-Women
3006,Van heusen,Solid polyester round neck womens top - pink,"Size:Large,Medium,Small,X-Large,X-Small","Rs
1999",1499,25% off,Westernwear-Women
3007,Vero moda,Printed round neck polyester womens maxi dress - black,"Size:Large,Medium,Small,X-Large,X-Small","Rs
4499",3599,20% off,Westernwear-Women
3008,Levis,Relaxed fit regular length cotton womens jeans - orange,"Size:Large,Medium,Small,X-Large,X-Small",Nan,2899,No Discount,Westernwear-Women
3009,Sera,Floral sweetheart neck cotton womens regular dress - pink,"Size:Large,X-Large","Rs
1998",999,50% off,Westernwear-Women
3010,Iti,Womens pleated shirt maxi - yellow,"Size:Small,X-Small",Nan,3499,No Discount,Westernwear-Women
3011,Fratini,Sanya malhotra printed viscose round neck womens top - multi,"Size:Large,Medium,Small,X-Large,XX-Large",Nan,1499,No Discount,Westernwear-Women
3012,Cover story,Solid cotton round neck womens sweater - black,"Size:Large,Small,X-Large","Rs
1990",995,50% off,Westernwear-Women
3013,Forever new,Embellished polyester cowl neck womens top - rose gold,"Size:6,8,10,12",Nan,4200,No Discount,Westernwear-Women
3014,Only,Regular fit ankle length cotton womens jeans - blue,"Size:25,27,28,29,30,31,32","Rs
3999",3199,20% off,Westernwear-Women
3015,Van heusen,Printed modal v neck womens top - white,"Size:Medium,Small,X-Large,X-Small","Rs
1699",999,41% off,Westernwear-Women
3016,Life,Solid cotton lycra womens athleisure tracks - black,"Size:28,30,32,34,36","Rs
799",399,50% off,Westernwear-Women
3017,And,Solid viscose round neck womens straight top - wine,"Size:8,10,12,14,16,18","Rs
2499",1249,50% off,Westernwear-Women
3018,And,Solid polyester v neck womens flared dress - pink,"Size:8,10,12,14,16,18","Rs
3299",2639,20% off,Westernwear-Women
3019,Fratini,Solid round neck polyester womens woven top - dusty pink,"Size:Medium,Small","Rs
999",499,50% off,Westernwear-Women
3020,Forever new,Printed viscose round neck womens dress - print,"Size:6,8,10,12,14","Rs
7400",4440,40% off,Westernwear-Women
3021,And,Floral full sleeves polyester womens regular jacket - black,"Size:8,10,12,14,16,18","Rs
4199",2099,50% off,Westernwear-Women
3022,Zink london,Solid polyester square neck womens dress - pink,"Size:Large,Medium,Small,X-Large","Rs
2299",1379,40% off,Westernwear-Women
3023,And,Solid v-neck womens tie-ups top - sage,"Size:8,10,12,14,16","Rs
1499",749,50% off,Westernwear-Women
3024,Van heusen,Skinny fit knee length cotton stretch womens leggings - light mauve,"Size:Large,Medium,Small,X-Large",Nan,1199,No Discount,Westernwear-Women
3025,Zink london,Solid polyester choker neck womens top - purple,"Size:Large,Medium,Small,X-Large","Rs
1599",959,40% off,Westernwear-Women
3026,Puma,Printed cotton crew neck womens t-shirt - blue,"Size:Large,Medium,Small,X-Large,X-Small","Rs
1299",909,30% off,Westernwear-Women
3027,Allen solly,Womens collared solid shirt - black,"Size:X-Small,XX-Large","Rs
1599",1279,20% off,Westernwear-Women
3028,Madame,Stripes cotton collar neck womens top - green,"Size:Large,Medium,Small,X-Large,XX-Large","Rs
1499",749,50% off,Westernwear-Women
3029,Levis,Graphic cotton womens casual t-shirt - pink,"Size:Large,Medium",Nan,1199,No Discount,Westernwear-Women
3030,And,Floral square neck viscose womens regular fit gown - blue mix light,Size:12,"Rs
2799",1399,50% off,Westernwear-Women
3031,Dolce crudo,Solid notch collar fleece womens casual wear jacket - off white,"Size:Small,X-Small","Rs
4799",1919,60% off,Westernwear-Women
3032,Zink london,Solid polyester shirt collar womens regular fit top - mustard,"Size:Small,X-Small","Rs
1599",639,60% off,Westernwear-Women
3033,Vero moda,Printed cotton shoulder straps womens dress - white,"Size:Large,Medium,Small,X-Large,X-Small","Rs
3799",3039,20% off,Westernwear-Women
3034,Faballey,Solid crepe round neck womens shift dress - blue,"Size:Large,Medium,Small,X-Large,X-Small","Rs
1800",900,50% off,Westernwear-Women
3035,Stop,Textured open neck acrylic womens shrugs - natural,"Size:Large,Medium,Small,X-Large,XX-Large","Rs
2199",1099,50% off,Westernwear-Women
3036,Faballey,Solid georgette square neck womens regular top - green,"Size:Large,X-Large","Rs
1400",1120,20% off,Westernwear-Women
3037,Stop,Solid polyester pussy bow womens smart formals top - off white,"Size:Large,Medium,Small,XX-Large","Rs
1199",599,50% off,Westernwear-Women
3038,Zink london,Solid polyester round neck womens top - white,"Size:Large,Medium,Small,X-Large,X-Small","Rs
1499",899,40% off,Westernwear-Women
3039,Kraus,Skinny fit ankle length cotton blend womens jeans - blue,"Size:28,30,32,34,36,38","Rs
1895",1326,30% off,Westernwear-Women
3040,Only,Crochet cotton womens top - natural,"Size:Large,Medium,Small,X-Large,X-Small","Rs
2299",1609,30% off,Westernwear-Women
3041,Zink london,Solid viscose blend scoop neck womens straight top - green,"Size:Large,Medium,Small","Rs
1499",899,40% off,Westernwear-Women
3042,Zink london,Solid polyester boat neck womens top - pink,"Size:Large,Medium,Small,X-Large,X-Small","Rs
1299",779,40% off,Westernwear-Women
3043,Only,All over print polyester v neck womens t-shirt - orange,"Size:Large,Medium,Small,X-Large,X-Small","Rs
1999",1399,30% off,Westernwear-Women
3044,Vero moda,Textured cotton blend square neck womens dress - yellow,"Size:Large,Medium,Small,X-Large,X-Small","Rs
3299",1979,40% off,Westernwear-Women
3045,Life,Stripes collared neck rayon womens casual shirt - olive,"Size:Large,Medium,Small,X-Small","Rs
699",349,50% off,Westernwear-Women
3046,Dolce crudo,Womens regular fit celebrate love wide leg jeans light blue - light blue,"Size:26,30,32,34","Rs
2399",1199,50% off,Westernwear-Women
3047,Allen solly,Solid viscose round neck womens t-shirt - orange,"Size:Large,Medium,Small,X-Large,X-Small,XX-Large","Rs
1799",1079,40% off,Westernwear-Women
3048,Jealous 21,Solid viscose round neck womens top - black,"Size:Large,Medium,Small,X-Large",Nan,999,No Discount,Westernwear-Women
3049,Zink london,Solid round neck polyester womens a-line dress - red,"Size:Large,Medium,Small,X-Large,X-Small","Rs
2399",1439,40% off,Westernwear-Women
3050,Zink london,Structured polyester off shoulder womens casual wear dresses - yellow,"Size:Large,Medium,Small,X-Large,X-Small,XX-Large","Rs
2499",999,60% off,Westernwear-Women
3051,Stop,Solid viscose regular fit womens top - green,"Size:Large,Medium,Small,X-Large,X-Small,XX-Large",Nan,1299,No Discount,Westernwear-Women
3052,Rare,Regular fit midi length polyester womens casual skirt - multi,"Size:28,30,32","Rs
1899",854,55% off,Westernwear-Women
3053,Faballey,Printed crepe sweetheart neck womens regular top - blue,"Size:Large,Medium,Small,X-Large,X-Small","Rs
1400",1120,20% off,Westernwear-Women
3054,Van heusen,Textured polyester regular fit womens jacket - ecru,"Size:Large,Medium,Small,X-Large,X-Small",Nan,4299,No Discount,Westernwear-Women
3055,Forever new,Solid viscose round neck womens top - black,"Size:X-Small,XX-Small","Rs
2200",1760,20% off,Westernwear-Women
3056,Insense,Regular fit full length rayon womens night wear pyjama - natural,"Size:28,30,32,34,36","Rs
699",349,50% off,Westernwear-Women
3057,Reebok,Solid slim fit polyester womens athleisure track pants - black,"Size:Large,Medium,Small,X-Small","Rs
3299",1649,50% off,Westernwear-Women
3058,Only,Geometric polyester skinny fit womens pants - white,"Size:Large,Medium,Small,X-Large,X-Small","Rs
2499",1749,30% off,Westernwear-Women
3059,Madame,Womens round neck solid knee length dress - black,"Size:Large,X-Large","Rs
2499",1499,40% off,Westernwear-Women
3060,Iti,Solid 3/4 sleeves georgette womens ankle length jumpsuit - olive,Size:Small,Nan,2499,No Discount,Westernwear-Women
3061,Sera,Floral three quarter sleeves polyester womens regular jumpsuits - multi,Size:Small,"Rs
2498",1249,50% off,Westernwear-Women
3062,Faballey,Floral round neck georgette womens a-line dress - black,"Size:Large,Medium,Small,X-Large","Rs
2250",1800,20% off,Westernwear-Women
3063,Zink london,Printed polyester v neck womens top - off white,"Size:Large,Medium,Small,X-Large","Rs
1699",1019,40% off,Westernwear-Women
3064,Altlife,Solid cotton regular neck womens t-shirt - grey melange,"Size:Large,Medium,Small,X-Large,X-Small,XX-Large","Rs
499",249,50% off,Westernwear-Women
3065,Fratini,Embroidered cotton blend round neck womens t-shirt - white,"Size:Large,Medium,Small,X-Large,XX-Large",Nan,799,No Discount,Westernwear-Women
3066,Zink london,Solid polyester boat neck womens top - black,"Size:Large,Medium,Small,X-Large,X-Small,XX-Large","Rs
1599",959,40% off,Westernwear-Women
3067,Only,Solid round neck polyester womens casual wear jacket - green,Size:X-Large,"Rs
2999",1499,50% off,Westernwear-Women
3068,Campus sutra,Solid off shoulder crepe womens dresses - black,"Size:Medium,Small,X-Large",Nan,1999,No Discount,Westernwear-Women
3069,Levis,Solid cotton round neck womens casual shirt - grey,"Size:Large,Medium,Small,X-Small",Nan,2499,No Discount,Westernwear-Women
3070,Zink london,Printed cotton round neck womens t-shirt - yellow,"Size:Large,Medium,Small,X-Large,X-Small","Rs
899",539,40% off,Westernwear-Women
3071,Only,Straight fit polyester womens casual wear pants - grey,"Size:34,36,38,40,42","Rs
2799",1679,40% off,Westernwear-Women
3072,Infuse,Regular fit thigh length cotton terry womens athleisure shorts - blush,"Size:28,30,32,34,36","Rs
599",239,60% off,Westernwear-Women
3073,Allen solly,Printed polyester v neck womens top - pink,"Size:Large,Medium,Small,X-Large,X-Small,XX-Large","Rs
1999",1599,20% off,Westernwear-Women
3074,Fratini,Solid polyester blend round neck womens regular top - blue,"Size:Large,Medium,Small,X-Large,XX-Large","Rs
899",449,50% off,Westernwear-Women
3075,Life,Regular fit full length cotton womens athleisure tracks - navy,"Size:28,30,32,34,36","Rs
799",399,50% off,Westernwear-Women
3076,And,Solid 3/4 sleeves polyester womens regular length jumpsuit - peach,"Size:8,10,12,14,16",Nan,3499,No Discount,Westernwear-Women
3077,Faballey,Floral cotton sweetheart neck womens top - blue,"Size:Large,Medium,Small,X-Large,X-Small","Rs
1500",1200,20% off,Westernwear-Women
3078,Latin quarters,Printed rayon mandarin womens regular top - blue,"Size:S,M,L,XL,XX-Large","Rs
1450",725,50% off,Westernwear-Women
3079,Infuse,Checks viscose round neck womens regular fit woven top - black,"Size:Large,Medium,Small,X-Large,XX-Large","Rs
999",399,60% off,Westernwear-Women
3080,Zink london,Solid polyester round neck womens straight top - blue,"Size:Large,Medium,Small,X-Small","Rs
1599",799,50% off,Westernwear-Women
3081,Sera,Solid v neck polyester womens regular dress - brown,"Size:Medium,Small","Rs
1998",799,60% off,Westernwear-Women
3082,Zink london,Printed rayon v neck womens casual wear dresses - purple,"Size:Large,Medium,Small,X-Large,X-Small,XX-Large","Rs
2399",959,60% off,Westernwear-Women
3083,Van heusen,Womens regular fit solid pencil skirt - black,"Size:26,28,30,32,34,36",Nan,2199,No Discount,Westernwear-Women
3084,Pepe,All over print viscose linen collar neck womens casual shirt - multi,"Size:Large,Medium,Small,X-Large","Rs
2199",1319,40% off,Westernwear-Women
3085,Van heusen,Solid polyester round neck womens formal shirt - mid blue,Size:Medium,"Rs
1699",999,41% off,Westernwear-Women
3086,Global desi,Womens regular fit floral tunic - mustard,"Size:XL,Large,Medium,Small,XX-Large","Rs
1999",599,70% off,Westernwear-Women
3087,Forever new,Printed polyester v neck womens regular dress - print,"Size:8,10,12","Rs
7200",5040,30% off,Westernwear-Women
3088,Iti,Womens solid sleeveless boat neck fit and flare maxi dress - red,Size:X-Small,Nan,2699,No Discount,Westernwear-Women
3089,Marie claire,Solid shirt collar polyester womens casual dress - peach,Size:X-Small,"Rs
2499",1124,55% off,Westernwear-Women
3090,Life,Striped sleeveless viscose womens regular length jumpsuit - pink,"Size:Large,Medium,Small,X-Large,X-Small","Rs
1699",849,50% off,Westernwear-Women
3091,Altlife,Solid regular fit womens active wear tops - nude,"Size:Large,Medium,Small,X-Large,X-Small,XX-Large","Rs
799",399,50% off,Westernwear-Women
3092,Sera,Floral sweetheart neck rayon blend womens a-line dress - black,"Size:Large,Medium,Small,X-Large","Rs
1998",799,60% off,Westernwear-Women
3093,Life,Checks collar neck rayon womens regular dress - olive,"Size:Medium,Small,X-Large,X-Small","Rs
1299",649,50% off,Westernwear-Women
3094,Cover story,Solid polyester square neck womens dress - lime green,"Size:Large,Medium,Small,X-Large,X-Small",Nan,2590,No Discount,Westernwear-Women
3095,And,Solid collar neck viscose womens midi dress - yellow,"Size:8,10,12,14,16,18",Nan,3899,No Discount,Westernwear-Women
3096,Madame,Solid cotton blend round neck womens top - lemon,"Size:Large,Medium,Small,X-Large,XX-Large","Rs
1199",599,50% off,Westernwear-Women
3097,Life,Women cotton regular sleepwear - multi,"Size:Large,Medium,X-Large,X-Small","Rs
1199",599,50% off,Westernwear-Women
3098,Only,Skinny fit regular cotton womens jeans - black,"Size:25,26,27,28,29,30,31,32,33,34","Rs
3499",2799,20% off,Westernwear-Women
3099,Indya,Shraddha kapoor for indya women blue & silver-coloured chevron foil printed flared maxi skir - blue,"Size:Large,Medium,Small,X-Large,X-Small","Rs
2950",2360,20% off,Westernwear-Women
3100,Puma,Printed cotton crew neck womens t-shirt - cream,"Size:Large,Medium,Small,X-Large,X-Small","Rs
1299",909,30% off,Westernwear-Women
3101,Infuse,Solid cotton round neck womens regular t-shirt - lilac,"Size:Large,Medium,Small,X-Large,X-Small","Rs
499",299,40% off,Westernwear-Women
3102,And,Solid acrylic round neck womens straight dress - yellow,"Size:12,14,16,18","Rs
3499",1749,50% off,Westernwear-Women
3103,Zink london,Printed tie-up neck rayon womens dresses - black,"Size:Large,Medium,Small,X-Large","Rs
2299",919,60% off,Westernwear-Women
3104,Latin quarters,Printed cotton womens regular dress - natural,"Size:S,M,L,XL,XX-Large","Rs
2699",1889,30% off,Westernwear-Women
3105,Fratini,Solid polyester round neck womens regular top - mustard,"Size:Large,Medium,Small,X-Large,XX-Large","Rs
1199",599,50% off,Westernwear-Women
3106,Life,Solid round neck viscose womens regular top - off white,"Size:Large,Medium,Small,X-Large,X-Small","Rs
1199",599,50% off,Westernwear-Women
3107,Rare,Solid polyester key hole neck womens blouson top - mint,"Size:Large,Medium,Small,X-Large","Rs
1599",639,60% off,Westernwear-Women
3108,Latin quarters,Regular fit regular cotton womens skirt - blue,"Size:S,M,L","Rs
1699",799,53% off,Westernwear-Women
3109,Kraus,Skinny fit ankle length cotton blend womens jeans - black,"Size:28,30,38","Rs
1695",1186,30% off,Westernwear-Women
3110,Allen solly,Solid polyester round neck womens top - pink,"Size:Large,Medium,Small","Rs
1499",899,40% off,Westernwear-Women
3111,Fratini,Solid polyester blend round neck womens regular top - olive,"Size:Large,Medium,Small,X-Large,XX-Large","Rs
899",449,50% off,Westernwear-Women
3112,Zink london,Womens structure square neck shift dress - yellow,Size:XX-Large,"Rs
2299",699,70% off,Westernwear-Women
3113,Only,Cotton collar neck womens casual jacket - gray,"Size:Large,Medium,Small,X-Large,X-Small","Rs
4299",3009,30% off,Westernwear-Women
3114,Only,Solid cotton womens t-shirt - black,"Size:Large,Medium,Small,X-Small","Rs
2299",1149,50% off,Westernwear-Women
3115,Cover story,Regular fit cotton womens casual trousers - black,"Size:26,28,30,32,34",Nan,1590,No Discount,Westernwear-Women
3116,Vero moda,Printed round neck viscose womens top - natural,"Size:Medium,Small,X-Small","Rs
2499",1999,20% off,Westernwear-Women
3117,Faballey,Solid round neck polyester womens regular dress - green,"Size:Large,Medium,Small,X-Large,X-Small","Rs
2100",1050,50% off,Westernwear-Women
3118,Zink london,Printed square neck polyester blend womens shift dress - blue,Size:Large,"Rs
2249",599,73% off,Westernwear-Women
3119,Vero moda,Dark wash cotton bootcut fit womens jeans - blue,"Size:26,27,28,29,30,31,32,33,34","Rs
3799",2659,30% off,Westernwear-Women
3120,Zink london,Printed viscose round neck womens straight fit t-shirt - green,"Size:Large,Medium,Small,X-Small","Rs
1299",399,69% off,Westernwear-Women
3121,Life,Printed viscose collar neck womens regular top - blue,"Size:Large,Medium,Small,X-Large,X-Small","Rs
1199",599,50% off,Westernwear-Women
3122,Stop,Printed viscose round neck womens regular top - off white,"Size:Large,Medium,Small,X-Large,XX-Large","Rs
899",449,50% off,Westernwear-Women
3123,Faballey,Textured georgette round neck womens regular top - purple,"Size:Large,Medium,Small,X-Large,X-Small","Rs
1600",1280,20% off,Westernwear-Women
3124,Kraus,Solid cotton round neck womens top - black,"Size:Large,Medium,Small","Rs
999",899,10% off,Westernwear-Women
3125,Life,Printed cotton blend round neck womens sweatshirt - multi,"Size:Large,Medium,Small,X-Large,X-Small","Rs
1299",649,50% off,Westernwear-Women
3126,Vero moda,Solid viscose regular fit womens pants - blue,"Size:Large,Medium,Small,X-Large,X-Small","Rs
2999",2099,30% off,Westernwear-Women
3127,Cover story,Solid cotton schifley round neck womens dress - red,"Size:Large,Medium,Small,X-Large,X-Small","Rs
3490",2094,40% off,Westernwear-Women
3128,Life,Printed  rayon womens regular fit dress - lilac,"Size:Large,Medium,Small,X-Large,X-Small","Rs
1499",749,50% off,Westernwear-Women
3129,Stop,Printed collared neck polyester womens formal shirt - white,"Size:Large,Medium,Small,X-Large","Rs
999",499,50% off,Westernwear-Women
3130,Life,Printed cotton round neck womens regular fit top - navy,"Size:Large,Medium,Small,X-Large,X-Small","Rs
599",299,50% off,Westernwear-Women
3131,Only,Printed viscose regular womens casual wear shirt - black,"Size:36,38,42","Rs
2799",1959,30% off,Westernwear-Women
3132,Latin quarters,Dyed acrylic round neck womens casual shrug - teal,"Size:S,M,L,XL","Rs
2399",1199,50% off,Westernwear-Women
3133,Only,Cotton round neck womens t-shirt - yellow,"Size:Large,Medium,Small,X-Large,X-Small","Rs
1499",749,50% off,Westernwear-Women
3134,Zink london,Textured cotton off shoulder womens dress - mint,"Size:Large,Medium,Small,X-Large,X-Small,XX-Large","Rs
2999",1799,40% off,Westernwear-Women
3135,Infuse,Solid cotton round neck womens regular fit t-shirt - lavender,"Size:Medium,Small","Rs
399",199,50% off,Westernwear-Women
3136,Fratini,Solid round neck polyester womens regular dress - peach,"Size:Large,Medium,Small,X-Large,XX-Large","Rs
1499",749,50% off,Westernwear-Women
3137,Zink london,Polyester women flared dress - peach,Size:Small,"Rs
3999",1599,60% off,Westernwear-Women
3138,Rare,Printed sweetheart neck polyester womens fit and flare dress - green,"Size:Large,Medium,Small,X-Large,X-Small","Rs
2499",999,60% off,Westernwear-Women
3139,Rare,Printed collarless polyester womens casual shirt - off white,"Size:Large,Medium,Small,X-Large","Rs
1590",636,60% off,Westernwear-Women
3140,Zink london,Checks cotton sweetheart neck womens top - green,Size:Large,"Rs
1599",799,50% off,Westernwear-Women
3141,Iti,Womens solid flutter sleeves v neck tiered maxi dress - red,"Size:Medium,X-Small",Nan,2799,No Discount,Westernwear-Women
3142,Crimsoune club,Solid hood poly cotton womens sweatshirt - yellow,"Size:Large,Medium,Small,X-Large","Rs
1699",849,50% off,Westernwear-Women
3143,Life,Solid round neck cotton lycra womens regular fit top - black,"Size:X-Large,X-Small","Rs
599",299,50% off,Westernwear-Women
3144,And,Floral polyester round neck womens straight top - blue,"Size:8,10,12,14,16,18","Rs
1599",1279,20% off,Westernwear-Women
3145,And,Solid tapered fit rayon womens trousers - black,"Size:26,28,30,32,34,36",Nan,1999,No Discount,Westernwear-Women
3146,Enamor,Cotton blend womens lounge pants - ginger snap,"Size:XL,Large,Medium,Small,XX-Large","Rs
949",664,30% off,Westernwear-Women
3147,Levis,Solid cotton round neck womens sweatshirt - gold,"Size:Large,Medium,Small,X-Small",Nan,2899,No Discount,Westernwear-Women
3148,Life,Printed cotton round neck womens regular t-shirt - off white,"Size:Large,X-Large,X-Small,XX-Large","Rs
399",199,50% off,Westernwear-Women
3149,Fratini,Printed viscose collar neck womens casual shirt - yellow,"Size:Large,Medium,Small,X-Large,XX-Large",Nan,1199,No Discount,Westernwear-Women
3150,Only,All over print polyester womens top - black,"Size:34,36,38,40,42","Rs
2499",1999,20% off,Westernwear-Women
3151,Vero moda,Stripes polyester square neck womens top - white,"Size:Large,Medium,Small,X-Large","Rs
2599",2079,20% off,Westernwear-Women
3152,Zink london,Solid polyester square neck womens top - pink,"Size:Large,Medium,Small","Rs
1799",899,50% off,Westernwear-Women
3153,Global desi,Floral mandarin collar womens tunic - aqua,"Size:XL,Large,Medium,Small,X-Small","Rs
1799",899,50% off,Westernwear-Women
3154,And,Solid polyester round neck women straight top - peach,"Size:8,10,14,16,18","Rs
1499",749,50% off,Westernwear-Women
3155,Zink london,Checks regular cotton womens casual wear pants - blue,Size:X-Large,"Rs
1999",999,50% off,Westernwear-Women
3156,Kraus,Super skinny fit ankle length cotton blend womens jeans - black,Size:28,"Rs
1795",897,50% off,Westernwear-Women
3157,Rare,Printed polyester v-neck womens regular fit top - blue,"Size:Large,Small","Rs
1299",584,55% off,Westernwear-Women
3158,Vero moda,Printed v-neck viscose womens top - green,"Size:Large,Medium,Small,X-Large,X-Small","Rs
2799",1399,50% off,Westernwear-Women
3159,Global desi,Floral mandarin collar womens top - pink,"Size:XL,Large,Medium,Small,X-Small","Rs
1799",899,50% off,Westernwear-Women
3160,Insense,Womens  round neck  stripe t-shirt - navy,"Size:Small,X-Small","Rs
399",199,50% off,Westernwear-Women
3161,Lovegen,Womens spaghetti neck printed top - print,Size:X-Large,"Rs
1049",419,60% off,Westernwear-Women
3162,Zink london,Solid regular viscose blend womens casual wear pants - natural,"Size:Large,Medium,Small,X-Large","Rs
2299",1379,40% off,Westernwear-Women
3163,Life,Regular fit regular length cotton lycra womens jeans - black,"Size:26,28","Rs
1799",899,50% off,Westernwear-Women
3164,Vero moda,Textured cotton round neck womens dress - lavender,"Size:Large,Medium,Small,X-Large,X-Small","Rs
4299",3439,20% off,Westernwear-Women
3165,Only,Printed polyester loose fit womens casual pants - blue,"Size:Medium,Small,X-Large,X-Small","Rs
2999",2099,30% off,Westernwear-Women
3166,Faballey,Embellished square neck polyester blend womens regular dress - blue,"Size:Large,Medium,Small,X-Large,X-Small","Rs
2100",1680,20% off,Westernwear-Women
3167,Stop,Solid regular neck viscose blend womens pullover - olive,"Size:Large,Medium,Small,X-Large,X-Small","Rs
1499",749,50% off,Westernwear-Women
3168,Zink london,Stripes cotton round neck womens top - green,"Size:Large,Medium,Small,X-Large,X-Small","Rs
1699",1019,40% off,Westernwear-Women
3169,Kraus,Solid skinny fit tencel womens casual trousers - pink,"Size:28,30","Rs
1595",797,50% off,Westernwear-Women
3170,Jealous 21,Skinny fit ankle length denim womens jeans - blue,"Size:26,28,30,32,34,36",Nan,2299,No Discount,Westernwear-Women
3171,Life,Regular fit mid thigh cotton lycra womens denim shorts - indigo,"Size:26,28,30,32","Rs
999",499,50% off,Westernwear-Women
3172,Adidas,Striped slim fit polyester womens shorts - grey,Size:X-Large,"Rs
1799",899,50% off,Westernwear-Women
3173,Madame,Solid cotton round neck womens t-shirt - natural,"Size:Large,Medium,Small,X-Large","Rs
899",539,40% off,Westernwear-Women
3174,Jealous 21,Super skinny fit ankle length denim womens jeans - blue,"Size:26,28,30,32,34",Nan,2199,No Discount,Westernwear-Women
3175,Lovegen,Womens round neck graphic print t-shirt - white,"Size:Large,Medium,Small,X-Large","Rs
899",359,60% off,Westernwear-Women
3176,Zink london,Checks cotton u neck womens top - red,"Size:Large,Medium,Small","Rs
1799",899,50% off,Westernwear-Women
3177,Stop,Solid regular neck viscose blend womens pullover - black,"Size:Large,Medium,Small,X-Large,X-Small","Rs
1299",649,50% off,Westernwear-Women
3178,Life,Printed collar viscose womens casual shirt - olive,"Size:Large,Medium,Small,X-Large,X-Small","Rs
699",349,50% off,Westernwear-Women
3179,Life,Printed round neck cotton blend womens sweatshirt - peach,"Size:Medium,Small,X-Small","Rs
999",499,50% off,Westernwear-Women
3180,And,Solid regular linen womens fusion wear trousers - pink,"Size:26,28,30,32,34,36",Nan,2299,No Discount,Westernwear-Women
3181,Only,Aop viscose round neck womens top - white,"Size:34,36,38,40,42","Rs
2499",1999,20% off,Westernwear-Women
3182,Van heusen,Printed v-neck polyester womens top - off white,"Size:Large,Medium,X-Large","Rs
1049",799,24% off,Westernwear-Women
3183,Life,Solid cotton round neck womens regular fit t-shirt - yellow,"Size:Large,Medium,Small,X-Large,X-Small","Rs
699",349,50% off,Westernwear-Women
3184,Life,Solid cotton round neck womens regular t-shirt - blush,"Size:Large,Medium,Small,X-Large,XX-Large","Rs
399",199,50% off,Westernwear-Women
3185,Crimsoune club,Striped v-neck cotton womens casual shirt - white,"Size:Large,Medium,X-Large,XX-Large,XXX-Large","Rs
1299",1039,20% off,Westernwear-Women
3186,Zink london,Printed polyester round neck womens tops - yellow,"Size:Large,Medium,Small,X-Large,X-Small,XX-Large","Rs
1599",639,60% off,Westernwear-Women
3187,Life,Solid polyester blend hood womens sweatshirt - powder blue,"Size:Large,Medium,Small,X-Small","Rs
1299",649,50% off,Westernwear-Women
3188,And,Floral cotton choker neck womens top - white,Size:14,"Rs
1299",649,50% off,Westernwear-Women
3189,Samshek,Printed v-neck polyester womens regular dress - black,Size:5X-Large,Nan,3500,No Discount,Westernwear-Women
3190,And,Solid choker neck womens woven top - blue,Size:8,"Rs
1099",549,50% off,Westernwear-Women
3191,Zink london,Printed rayon mandarin womens tops - navy,"Size:Large,Medium","Rs
1699",679,60% off,Westernwear-Women
3192,Zink london,Printed tie-up neck polyester womens shift dress - green,"Size:Large,X-Large","Rs
2199",879,60% off,Westernwear-Women
3193,Allen solly,Solid cotton v neck womens t-shirt - black,"Size:Large,Medium,Small,X-Large,X-Small,XX-Large","Rs
1099",659,40% off,Westernwear-Women
3194,Life,Printed cotton round neck womens regular fit top - fuschia,"Size:Large,Medium,Small,X-Small","Rs
599",299,50% off,Westernwear-Women
3195,Forever new,Solid square neck cotton womens midi dress - pink,"Size:6,8,10,12,14",Nan,6400,No Discount,Westernwear-Women
3196,Life,Solid regular neck polyester womens winter wear jacket - black,"Size:Large,Medium,Small,X-Small","Rs
3499",1749,50% off,Westernwear-Women
3197,Cover story,Solid poly viscose round neck womens sweater - black,"Size:Large,Medium,Small,X-Small","Rs
2590",1813,30% off,Westernwear-Women
3198,Jealous 21,Super skinny fit ankle length denim womens jeans - white,"Size:26,28,30,32,34,36",Nan,2299,No Discount,Westernwear-Women
3199,Vero moda,Printed viscose v neck womens dress - blue,"Size:Large,Medium,Small,X-Large,X-Small","Rs
3799",3039,20% off,Westernwear-Women
3200,And,Floral round neck polyester womens straight dress - pink mix,"Size:8,10,12,14,16","Rs
2499",1999,20% off,Westernwear-Women
3201,Pepe,Skinny fit cotton blend womens jeans - white,"Size:26,28,30,32,34","Rs
3299",1979,40% off,Westernwear-Women
3202,Kraus,Skinny fit ankle length cotton womens jeans - grey,"Size:28,34,36,38","Rs
1895",947,50% off,Westernwear-Women
3203,Zink london,Checks round neck cotton womens midi dress - yellow,"Size:Large,Medium,Small,X-Large","Rs
2599",2079,20% off,Westernwear-Women
3204,And,Solid acrylic round neck womens straight top - black,"Size:8,10,12,14,16,18","Rs
2899",1449,50% off,Westernwear-Women
3205,Infuse,Regular fit above knee womens casual wear skirt - indigo,"Size:26,28,30,32,34,36","Rs
1599",799,50% off,Westernwear-Women
3206,Infuse,Solid cotton blend square neck womens regular fit woven top - olive,"Size:Large,Medium,Small,X-Small","Rs
899",359,60% off,Westernwear-Women
3207,Life,Skinny fit ankle length cotton lycra womens jeans - denim indigo dark,"Size:26,28,30,32,34,36","Rs
1499",749,50% off,Westernwear-Women
3208,Vero moda,Solid v-neck cotton blend womens t-shirt - black,"Size:Large,Medium,Small","Rs
1299",779,40% off,Westernwear-Women
3209,Allen solly,Printed regular fit rayon womens formal wear trousers - black,"Size:28,30,32","Rs
1799",1079,40% off,Westernwear-Women
3210,And,Floral square neck polyester women flared dress - black,"Size:8,10,12,14,16,18","Rs
2899",2029,30% off,Westernwear-Women
3211,Zink london,Stripes polyester tie up neck womens straight fit top - multi,"Size:Large,Medium,Small,X-Large,X-Small,XX-Large","Rs
1499",599,60% off,Westernwear-Women
3212,Zink london,Printed polyester womens fit and flare dress - pink,"Size:Large,Medium,Small,X-Large","Rs
2899",1159,60% off,Westernwear-Women
3213,Zink london,Regular fit mid thigh length polyester womens casual shorts - blue,"Size:Medium,Small,X-Small","Rs
1599",499,69% off,Westernwear-Women
3214,Pepe,Colour block crew neck cotton womens t-shirt - white,"Size:Large,Medium,Small,X-Large","Rs
1199",719,40% off,Westernwear-Women
3215,Fratini,Printed polyester turtle neck womens regular fit top - black,"Size:Large,Medium,Small,X-Large,XX-Large","Rs
799",399,50% off,Westernwear-Women
3216,Stop,Solid collared polyester womens smart formals shirt - light blue,"Size:Large,Medium,X-Large","Rs
999",499,50% off,Westernwear-Women
3217,Latin quarters,Solid rayon round neck womens regular blouse - wine,"Size:S,L","Rs
1399",499,64% off,Westernwear-Women
3218,Latin quarters,Solid rayon blend round neck womens regular top - grey,"Size:S,X-Small","Rs
1999",499,75% off,Westernwear-Women
3219,And,Solid acrylic round neck womens straight dress - wine,"Size:8,14,16","Rs
3299",1649,50% off,Westernwear-Women
3220,Vh flex,Viscose regular fit womens jeans - black,"Size:Large,Medium,Small,X-Large,X-Small","Rs
2499",1999,20% off,Westernwear-Women
3221,Magre,Solid velvet boat neck womens bodycon dress - black,"Size:Large,Medium,Small,X-Small","Rs
1590",874,45% off,Westernwear-Women
3222,And,Polka dots collar neck viscose womens regular dresses - yellow,"Size:8,10,12,14,16,18","Rs
2499",1999,20% off,Westernwear-Women
3223,Faballey,Solid round neck polyester blend womens regular fit midi dress - blue,"Size:Large,Small,X-Large","Rs
1950",975,50% off,Westernwear-Women
3224,And,Solid polyester v neck womens flared dress - black,Size:8,"Rs
2699",1889,30% off,Westernwear-Women
3225,And,Floral viscose collar neck womens straight top - white,"Size:8,10,12,14,16,18","Rs
1899",1519,20% off,Westernwear-Women
3226,Spykar,Regular fit regular cotton lycra womens jeans - dark blue,"Size:26,28,30,32,34,36","Rs
2699",1889,30% off,Westernwear-Women
3227,And,Floral polyester round neck womens straight top - natural,"Size:8,10","Rs
2099",1469,30% off,Westernwear-Women
3228,Only,Polyester cotton regular fit womens casual pants - pink,"Size:Large,Medium,Small,X-Large,X-Small","Rs
3499",2099,40% off,Westernwear-Women
3229,Levis,Mid wash cotton tapered fit womens jeans - black,"Size:26,28,30,32,34",Nan,3999,No Discount,Westernwear-Women
3230,Infuse,Solid mid thigh cotton lycra womens casual shorts - indigo,"Size:26,28,30,32,34","Rs
1499",599,60% off,Westernwear-Women
3231,Van heusen,Solid polyester v-neck womens top - red,Size:Small,"Rs
1049",799,24% off,Westernwear-Women
3232,Allen solly,Printed polyester v neck womens shirt - yellow,"Size:Large,Medium,Small,X-Large,X-Small,XX-Large","Rs
1699",1019,40% off,Westernwear-Women
3233,Kraus,Slim fit full length cotton blend womens jeans - blue,Size:28,"Rs
1895",947,50% off,Westernwear-Women
3234,Indya,Regular fit ankle length georgette womens festive wear skirt - pink,"Size:Large,Medium,Small,X-Large,X-Small,XX-Large","Rs
3400",2720,20% off,Westernwear-Women
3235,Only,Solid viscose square neck womens top - green,"Size:Large,Medium,Small,X-Large,X-Small","Rs
2299",1609,30% off,Westernwear-Women
3236,Allen solly,Printed polyester round neck womens top - green,"Size:Large,Medium,Small,X-Large,X-Small,XX-Large","Rs
1699",1499,12% off,Westernwear-Women
3237,Latin quarters,Printed polyester womens regular blouse - ivory,"Size:S,M,L,XL","Rs
1599",799,50% off,Westernwear-Women
3238,Ivy,Solid round neck polyester womens dress - purple,"Size:Large,Medium,Small,X-Large,X-Small","Rs
2499",1249,50% off,Westernwear-Women
3239,Latin quarters,Dyed v-neck polyester womens regular dress - blue,"Size:M,L,XL,XX-Large",Nan,2999,No Discount,Westernwear-Women
3240,Only,All over print cotton square neck womens dress - blue,"Size:34,36,38,40,42","Rs
3699",2589,30% off,Westernwear-Women
3241,Van heusen,Checks regular fit polyester womens formal pants - grey,"Size:26,28,30,32,34",Nan,1999,No Discount,Westernwear-Women
3242,Altlife,Solid polyester blend womens active wear bralette - dark grey,"Size:Large,Medium,Small,X-Large,X-Small","Rs
899",449,50% off,Westernwear-Women
3243,Latin quarters,Solid polyester stretch v neck womens knit top - pink,"Size:M,L,XL","Rs
1650",825,50% off,Westernwear-Women
3244,Insense,Solid regular neck polyester blend womens pullover - black,"Size:Large,Medium,Small,X-Large,X-Small,XX-Large","Rs
899",449,50% off,Westernwear-Women
3245,Jealous 21,Super skinny fit ankle length denim womens jeans - grey,"Size:26,28,30,32,34,36",Nan,2199,No Discount,Westernwear-Women
3246,Zink london,Printed polyester v neck womens dress - off white,"Size:Large,Medium,Small,X-Large","Rs
2299",1379,40% off,Westernwear-Women
3247,Latin quarters,Solid polyester round neck womens regular blouse - peach,"Size:S,M,L,XL","Rs
1799",899,50% off,Westernwear-Women
3248,Zink london,Abstract viscose u neck womens top - off white,"Size:Large,Medium,Small,X-Large,X-Small","Rs
1399",839,40% off,Westernwear-Women
3249,Madame,Floral polyester square neck womens regular fit top - black,"Size:Large,Medium,Small,X-Large,XX-Large","Rs
1799",899,50% off,Westernwear-Women
3250,Zink london,Solid round neck acrylic women straight dress - pink,"Size:Large,Medium","Rs
3999",1599,60% off,Westernwear-Women
3251,Global desi,Womens bodycon geometric casual wear tunic - dark blue,"Size:XL,Medium,Small","Rs
1899",759,60% off,Westernwear-Women
3252,Global desi,Womens geometric bodycon top - gold,"Size:Medium,Small","Rs
1499",599,60% off,Westernwear-Women
3253,And,Solid polyester round neck womens straight top - emerald,Size:8,"Rs
1699",1359,20% off,Westernwear-Women
3254,Allen solly,Printed rayon round neck womens top - aqua,Size:Small,"Rs
1699",1019,40% off,Westernwear-Women
3255,Enamor,Cotton blend womens lounge pants - ribbon red,"Size:XL,Large,Medium,Small,XX-Large","Rs
949",664,30% off,Westernwear-Women
3256,Fratini,Printed v neck polyester womens regular dress - off white,"Size:Large,Small,X-Large","Rs
1499",749,50% off,Westernwear-Women
3257,Kraus,Light wash cotton blend skinny fit womens jeans - blue,"Size:28,30,32,34,36,38","Rs
1995",1795,10% off,Westernwear-Women
3258,Fratini,Solid regular fit tencel womens casual pants - navy,"Size:26,28,30,32,34,36","Rs
1199",599,50% off,Westernwear-Women
3259,Vero moda,Stripes v-neck viscose womens top - white,"Size:Large,Medium,Small,X-Large,X-Small","Rs
2499",1249,50% off,Westernwear-Women
3260,Stop,Regular fit full length acrylic womens leggings - off white,"Size:Large,Medium,Small,X-Large,XX-Large","Rs
999",499,50% off,Westernwear-Women
3261,Vero moda,Stripes viscose v neck womens top - blue,"Size:Large,Medium,Small,X-Large,X-Small","Rs
1599",1119,30% off,Westernwear-Women
3262,Faballey,Solid sleeveless georgette womens regular length jumpsuit - purple,"Size:Large,Medium,Small,X-Large,X-Small","Rs
2200",1760,20% off,Westernwear-Women
3263,Kraus,Skinny ankle length cotton blend womens jeans - light blue,"Size:28,30,32,34,36,38","Rs
1995",1396,30% off,Westernwear-Women
3264,Sera,Printed mandarin neck cotton womens two piece dress - navy,"Size:Large,Small,X-Large","Rs
3294",1317,60% off,Westernwear-Women
3265,Proline,Polyester off shoulder womens tank - pink,"Size:Large,Medium,Small,X-Large","Rs
799",399,50% off,Westernwear-Women
3266,Zink london,Womens structure v neck peplum shift dress - pink,"Size:Large,Medium,X-Large,X-Small,XX-Large","Rs
2499",999,60% off,Westernwear-Women
3267,And,Floral linen round neck womens straight dress - powder blue,"Size:8,10,12,14,16,18","Rs
3099",2479,20% off,Westernwear-Women
3268,Kraus,Skinny fit ankle length cotton blend womens jeans - blue,"Size:26,28,30,34,36","Rs
1895",1326,30% off,Westernwear-Women
3269,Lovegen,Womens round neck graphic print t-shirt - blue,Size:Small,"Rs
1099",439,60% off,Westernwear-Women
3270,Only,Solid polyster blended womens knits - purple,Size:X-Large,"Rs
3699",1849,50% off,Westernwear-Women
3271,Faballey,Embellished cotton square neck womens dress - green,"Size:Large,Medium,Small,X-Large,X-Small","Rs
2600",2080,20% off,Westernwear-Women
3272,Dolce crudo,Womens skinny fit moving on pearl hem jeans - navy,"Size:26,28,30,32,34","Rs
2499",1249,50% off,Westernwear-Women
3273,Faballey,Solid crepe regular fit womens wide leg trousers - brown,"Size:Large,Medium,Small,X-Large,X-Small","Rs
1950",1560,20% off,Westernwear-Women
3274,Latin quarters,Printed polyester womens high low dress - pink,"Size:S,M,L,XL,XX-Large",Nan,2699,No Discount,Westernwear-Women
3275,Zink london,Printed polyester square neck womens casual wear dresses - red,"Size:Large,Medium,X-Large","Rs
2299",919,60% off,Westernwear-Women
3276,Zink london,Printed v neck polyester womens dresses - green,"Size:Large,Medium,Small,X-Large,X-Small,XX-Large","Rs
2399",959,60% off,Westernwear-Women
3277,Stop,Solid regular fit polyester womens formal pants - off white,"Size:28,30,32","Rs
1699",849,50% off,Westernwear-Women
3278,Madame,Solid cotton round neck womens top - black,"Size:Large,Medium,Small,X-Large","Rs
899",539,40% off,Westernwear-Women
3279,Lovegen,Boyfriend fit ankle length cotton womens jeans - red,Size:34,"Rs
2199",659,70% off,Westernwear-Women
3280,Emblaze,Solid satin round neck womens straight top - bronze,"Size:Large,Medium,Small,X-Large,X-Small,XX-Large",Nan,3000,No Discount,Westernwear-Women
3281,Van heusen,Printed v-neck polyester womens top - off white,"Size:Large,Medium,Small,X-Small","Rs
1699",999,41% off,Westernwear-Women
3282,Vero moda,Solid polyester straight fit womens pants - black,"Size:Large,Medium,Small,X-Large,X-Small","Rs
3799",2659,30% off,Westernwear-Women
3283,Zink london,Solid polyester round neck womens top - peach,"Size:Large,Medium,Small,X-Large,X-Small,XX-Large","Rs
1499",899,40% off,Westernwear-Women
3284,Allen solly,Printed polyester stylized womens top - maroon,"Size:Large,Medium,Small,X-Large,X-Small","Rs
1699",1019,40% off,Westernwear-Women
3285,Only,Solid viscose womens top - black,"Size:Large,Medium,Small,X-Large,X-Small","Rs
1999",1399,30% off,Westernwear-Women
3286,Allen solly,Printed polyester round neck womens top - pink,"Size:Large,Medium,Small,X-Large,X-Small,XX-Large","Rs
1699",1499,12% off,Westernwear-Women
3287,Zink london,Floral polyester square neck womens dress - off white,"Size:Large,Medium,Small,X-Large","Rs
2499",1499,40% off,Westernwear-Women
3288,Lovegen,Womens mild wash skirt - indigo,"Size:Small,X-Small","Rs
1899",569,70% off,Westernwear-Women
3289,Vero moda,Solid polyester normal fit womens casual pants - blue,"Size:Large,Medium,Small,X-Large,X-Small","Rs
2799",2239,20% off,Westernwear-Women
3290,Kraus,Printed collar neck tencel womens casual shirt - navy,"Size:Medium,Small,X-Large","Rs
1299",909,30% off,Westernwear-Women
3291,Infuse,Printed rayon square neck womens regular fit tops - pink,"Size:Large,Medium,Small,X-Large,X-Small","Rs
1499",749,50% off,Westernwear-Women
3292,Puma,Printed cotton round neck womens athleisure top - black,"Size:Large,Medium,Small,X-Small","Rs
1999",1399,30% off,Westernwear-Women
3293,And,Solid viscose v neck womens tops - lilac,"Size:8,10,12,14,16,18",Nan,1399,No Discount,Westernwear-Women
3294,Vero moda,Stripes round neck cotton womens top - blue,"Size:Large,Medium,Small,X-Large,X-Small","Rs
2599",1299,50% off,Westernwear-Women
3295,Altlife,Printed cotton round neck womens active wear t-shirt - red,"Size:Large,Medium,Small,X-Large,X-Small,XX-Large","Rs
399",199,50% off,Westernwear-Women
3296,Madame,Solid cotton v neck womens regular top - baby pink,Size:X-Large,"Rs
1399",839,40% off,Westernwear-Women
3297,Allen solly,Solid cotton regular fit womens casual pants - off white,"Size:26,28,30,32,34,36","Rs
1599",999,38% off,Westernwear-Women
3298,Only,Solid cotton round neck womens dress - black,"Size:Large,Medium,Small,X-Large,X-Small","Rs
3299",2309,30% off,Westernwear-Women
3299,And,Solid viscose square neck womens woven top - pink,"Size:8,10,12,14,16,18","Rs
1699",849,50% off,Westernwear-Women
3300,Global desi,Floral viscose v-neck womens straight top - pink mix,"Size:XL,Large,Medium,Small,X-Small","Rs
1899",949,50% off,Westernwear-Women
3301,Zink london,Solid rayon womens straight fit top - yellow,"Size:Large,Medium,Small,XX-Large","Rs
1699",679,60% off,Westernwear-Women
3302,Latin quarters,Printed v-neck cotton womens a-line dress - natural,"Size:S,M,L,XL","Rs
2399",799,67% off,Westernwear-Women
3303,And,Solid v-neck womens fit & flare top - rust,"Size:8,14,16","Rs
1799",899,50% off,Westernwear-Women
3304,Jealous 21,Solid round neck viscose womens regular top - maroon,Size:Medium,Nan,999,No Discount,Westernwear-Women
3305,Latin quarters,Solid polyester womens casual wear jacket - black,"Size:S,M,L","Rs
2699",799,70% off,Westernwear-Women
3306,Zink london,Womens v neck floral print flared dress - white,"Size:Large,X-Large,XX-Large","Rs
2499",699,72% off,Westernwear-Women
3307,Allen solly,Printed polyester cotton round neck womens regular top - grey,"Size:Large,Medium,Small","Rs
1599",959,40% off,Westernwear-Women
3308,Zink london,Solid polyester high neck womens top - pink,"Size:Large,Medium,Small,X-Large","Rs
1699",1359,20% off,Westernwear-Women
3309,Life,Printed collared neck rayon womens casual shirt - navy,"Size:Large,Medium,Small,X-Large,X-Small","Rs
699",349,50% off,Westernwear-Women
3310,Kraus,Solid cotton off shoulder womens top - blue,"Size:Large,Medium,Small","Rs
1049",524,50% off,Westernwear-Women
3311,Allen solly,Solid polyester round neck womens regular top - red,"Size:Large,Medium,Small,X-Large,X-Small","Rs
1599",1279,20% off,Westernwear-Women
3312,Only,Aop viscose womens cropped top - blue,"Size:34,36,38,40,42","Rs
2499",1499,40% off,Westernwear-Women
3313,Insense,Womens  round neck  stripe t-shirt - olive,"Size:Small,X-Small","Rs
399",199,50% off,Westernwear-Women
3314,Only,Placement print relaxed fit cotton womens casual pants - black,"Size:Large,Medium,Small,X-Large,X-Small","Rs
3299",2309,30% off,Westernwear-Women
3315,Latin quarters,Solid round neck blended womens a-line dress - peach,"Size:S,M,L,XL","Rs
2299",1149,50% off,Westernwear-Women
3316,Enamor,Cotton blend womens active wear track pants - black mix,"Size:XL,Large,Medium,Small,XX-Large","Rs
1699",1189,30% off,Westernwear-Women
3317,Life,Embroidered cotton round neck womens regular fit t-shirt - white,"Size:Large,Medium,Small,X-Large,X-Small","Rs
599",299,50% off,Westernwear-Women
3318,Van heusen,Womens regular fit solid cigarette trousers - grey,"Size:26,28,30,32,34,36",Nan,1799,No Discount,Westernwear-Women
3319,Stop,Printed polyester womens ankle length culottes - natural,"Size:28,30,32,34,36","Rs
1199",599,50% off,Westernwear-Women
3320,And,Solid polyester round neck womens flared top - pink,"Size:6,8,10,12,14,16","Rs
1699",1359,20% off,Westernwear-Women
3321,Faballey,Solid poly blend off shoulder womens dress - pink,"Size:Large,Medium,Small,X-Large,X-Small","Rs
2100",1680,20% off,Westernwear-Women
3322,Zink london,Floral viscose high neck womens top - green,"Size:Large,Medium,Small,X-Large,X-Small,XX-Large","Rs
2199",1319,40% off,Westernwear-Women
3323,Life,Printed cotton round neck womens regular fit t-shirt - navy,"Size:Large,Medium,Small,X-Large,X-Small","Rs
599",299,50% off,Westernwear-Women
3324,Faballey,Embellished sleeveless crepe womens regular length jumpsuits - green,"Size:Large,Medium,Small,X-Large,X-Small","Rs
2700",2160,20% off,Westernwear-Women
3325,Vero moda,Printed viscose square neck womens  tops - red,"Size:Large,Medium,Small,X-Large,X-Small","Rs
2599",1819,30% off,Westernwear-Women
3326,Zink london,Solid polyester round neck womens top - blue,"Size:Large,Medium,Small,X-Large","Rs
1499",899,40% off,Westernwear-Women
3327,Stop,Solid polyester off shoulder womens regular fit top - mint,"Size:Large,Medium,Small,X-Large,XX-Large","Rs
899",449,50% off,Westernwear-Women
3328,And,Solid polyester square neck womens straight dress - wine,"Size:8,10,12,14,16","Rs
2899",2029,30% off,Westernwear-Women
3329,Reebok,Solid cotton round neck womens t-shirt - grey,"Size:Large,Medium,Small,X-Large,X-Small","Rs
1499",749,50% off,Westernwear-Women
3330,Life,Regular fit above knee cotton blend womens casual shorts - brown,"Size:26,28,30,32,34,36","Rs
999",499,50% off,Westernwear-Women
3331,Rare,Printed viscose rayon square neck womens regular fit top - yellow,"Size:Large,Medium,Small,X-Large","Rs
1599",639,60% off,Westernwear-Women
3332,Zink london,Womens printed v neck shift dress - black,Size:Large,"Rs
2299",699,70% off,Westernwear-Women
3333,And,Jacquard round neck polyester womens jacket - grey,Size:16,"Rs
3699",1849,50% off,Westernwear-Women
3334,Kraus,Wide fit ankle length cotton womens jeans - fuchsia,"Size:32,34","Rs
1695",1186,30% off,Westernwear-Women
3335,Iti,Womens ruffle embellished tie up jumpsuit - green,"Size:Large,Small",Nan,2699,No Discount,Westernwear-Women
3336,Kraus,Skinny fit full length cotton womens jeans - black,"Size:30,32,34","Rs
1795",1256,30% off,Westernwear-Women
3337,Zink london,Womens v neck printed a-line dress - blue,"Size:Large,Small,X-Small","Rs
2799",699,75% off,Westernwear-Women
3338,Enamor,Cotton womens relax bermuda - streaky brown,"Size:XL,Large,Medium,Small","Rs
699",489,30% off,Westernwear-Women
3339,Rare,Printed v-neck polyester womens fit and flare dress - green,Size:Small,"Rs
2190",876,60% off,Westernwear-Women
3340,Van heusen,Solid polyester cotton round neck womens formal jacket - black,"Size:Large,Medium,Small,X-Large,X-Small","Rs
2999",1499,50% off,Westernwear-Women
3341,Zink z,Embroidered polyester u neck womens top - white,"Size:Large,Medium,Small,X-Large,X-Small",Nan,1599,No Discount,Westernwear-Women
3342,Gipsy,Womens tie up neck solid shirt - grey,"Size:Large,Medium,Small,X-Large","Rs
1795",1256,30% off,Westernwear-Women
3343,Samshek,Solid regular fit crepe womens party wear pants - white,"Size:4X-Large,5X-Large,Large,Medium,Small,X-Large,X-Small,XX-Large,XX-Small,XXX-Large","Rs
3900",1950,50% off,Westernwear-Women
3344,Vero moda,Solid round neck cotton blend womens t-shirt - blue,"Size:Large,Medium,Small,X-Large,X-Small","Rs
1799",899,50% off,Westernwear-Women
3345,Faballey,Solid polyester regular fit womens casual pants - brown,"Size:Large,Medium,Small,X-Large,X-Small","Rs
2200",1760,20% off,Westernwear-Women
3346,And,Floral polyester round neck womens straight top - powder blue,"Size:6,8,10,12,14,16","Rs
2299",1839,20% off,Westernwear-Women
3347,Only,Printed cotton round neck womens t-shirt - green,"Size:Large,Medium,Small,X-Large,X-Small","Rs
999",699,30% off,Westernwear-Women
3348,Only,Placement print cotton womens t-shirt - white,"Size:Large,Medium,Small,X-Large,X-Small","Rs
1499",899,40% off,Westernwear-Women
3349,Dolce crudo,Womens flared reflect glow bootcut denim pants light blue - light blue,"Size:26,28,30,32,34","Rs
2349",1174,50% off,Westernwear-Women
3350,Campus sutra,Solid crepe off shoulder womens top skirt set - black mix,"Size:Large,Medium,Small,X-Large",Nan,1999,No Discount,Westernwear-Women
3351,Kraus,Skinny ankle length cotton womens jeans - grey,"Size:28,30,32,34,36,38","Rs
1795",1615,10% off,Westernwear-Women
3352,Van heusen,Solid polyester regular fit womens pants - wine,"Size:26,28,30,32,34,36",Nan,2199,No Discount,Westernwear-Women
3353,Vero moda,Normal fit cotton elastane womens jeans - blue,"Size:26,27,28,29,30,31,32,33,34","Rs
3499",2449,30% off,Westernwear-Women
3354,Kraus,Flared fit full length cotton womens jeans - blue,"Size:28,36","Rs
1895",947,50% off,Westernwear-Women
3355,Sera,Printed sweetheart neck polyester womens a-line dress - pink,"Size:Large,Medium,Small,X-Large","Rs
1998",999,50% off,Westernwear-Women
3356,Altlife,Printed cotton regular neck womens t-shirt - mustard,"Size:Large,Medium,Small,X-Large,X-Small,XX-Large","Rs
399",199,50% off,Westernwear-Women
3357,Fratini,Solid collar neck tencel womens woven top - white,"Size:Large,Medium,Small,X-Large,XX-Large","Rs
1299",649,50% off,Westernwear-Women
3358,Faballey,Floral sweetheart neck cotton womens regular top - yellow,"Size:Large,Small,X-Large,X-Small","Rs
1650",825,50% off,Westernwear-Women
3359,Altlife,Solid polyester blend ankle length womens active wear joggers - olive,"Size:28,30,32,34,36","Rs
1299",649,50% off,Westernwear-Women
3360,Puma,Printed cotton crew neck womens t-shirt - peach,"Size:Large,Medium,Small,X-Large,X-Small","Rs
1299",909,30% off,Westernwear-Women
3361,Altlife,Printed cotton blend regular neck womens t-shirt - dusty pink,"Size:Large,Medium,Small,X-Large,X-Small,XX-Large","Rs
499",249,50% off,Westernwear-Women
3362,Infuse,Printed rayon full length womens loungewear pyjama - pink,"Size:28,30,32,34,36,38","Rs
799",319,60% off,Westernwear-Women
3363,Levis,Womens 5 pocket coated jeans - black,"Size:26,27,28,30,32",Nan,2799,No Discount,Westernwear-Women
3364,Zink london,Checks cotton u neck womens dress - red,"Size:Large,Medium,Small,X-Large","Rs
2599",1299,50% off,Westernwear-Women
3365,Zink london,Checks sleeveless cotton womens jumpsuit - yellow,"Size:Large,Medium,Small,X-Large","Rs
2299",1149,50% off,Westernwear-Women
3366,109f,Womens round neck stripe shift dress - red,"Size:Medium,Small","Rs
1599",639,60% off,Westernwear-Women
3367,Latin quarters,Dyed shawl neck rayon blend womens casual shrug - blue,Size:S,"Rs
1599",499,69% off,Westernwear-Women
3368,Infuse,Regular fit full length cotton womens loungewear pyjamas - maroon,"Size:28,30,32","Rs
599",299,50% off,Westernwear-Women
3369,Zink london,Solid viscose round neck womens top - orange,"Size:Large,Medium,Small,X-Large,X-Small,XX-Large","Rs
1699",1019,40% off,Westernwear-Women
3370,Adidas,Solid regular fit blended womens active wear tights - black,"Size:Large,Medium,Small,X-Small","Rs
2499",1249,50% off,Westernwear-Women
3371,Zink london,Stripes polyester round neck womens top - black,"Size:Large,Medium,Small,X-Large","Rs
1499",1199,20% off,Westernwear-Women
3372,Indya,Shraddha kapoor for indya green floral wrap crop top - green,"Size:Large,Medium,Small,X-Large,X-Small","Rs
1800",900,50% off,Westernwear-Women
3373,Latin quarters,Solid v neck polyester womens regular fit dress - peach,"Size:S,M,L,XL,X-Small","Rs
2899",799,72% off,Westernwear-Women
3374,Magre,Printed polyester blend womens dress - brown,"Size:Large,Medium,Small,X-Small","Rs
2190",1314,40% off,Westernwear-Women
3375,Only,Loose fit midi length cotton womens jeans - green,"Size:34,36,38,40,42","Rs
3699",2959,20% off,Westernwear-Women
3376,Latin quarters,Printed polyester womens regular blouse - black,"Size:S,M,L,XL,XX-Large","Rs
1499",1049,30% off,Westernwear-Women
3377,Vero moda,Stripes sleeveless polyester womens full length jumpsuits - brown,"Size:Large,Medium,Small,X-Large,X-Small",Nan,3499,No Discount,Westernwear-Women
3378,W,Printed viscose regular fit womens full length jumpsuit - green,"Size:6,8,10,12,14,16,18",Nan,3999,No Discount,Westernwear-Women
3379,Faballey,Floral halter neck georgette womens maxi dress - purple,"Size:Large,Medium,Small,X-Large,X-Small","Rs
2800",2240,20% off,Westernwear-Women
3380,Only,Solid rayon nylon flared fit womens casual pants - navy,"Size:Large,Medium,Small,X-Large,X-Small","Rs
2499",1999,20% off,Westernwear-Women
3381,Faballey,Printed sleeveless crepe womens regular jumpsuit - white,"Size:Medium,Small,X-Small","Rs
2200",1100,50% off,Westernwear-Women
3382,Life,Printed round neck polyester womens regular top - pink,"Size:Large,Medium,Small,X-Large,X-Small","Rs
999",499,50% off,Westernwear-Women
3383,Campus sutra,Womens polo neck full sleeve shirt - brown mix,Size:Small,Nan,1399,No Discount,Westernwear-Women
3384,Cover story,Stripes blended collar neck womens dress - yellow,"Size:Large,Medium,Small,X-Large,X-Small","Rs
2290",1603,30% off,Westernwear-Women
3385,Vero moda,Printed relaxed cotton womens casual wear pants - pink,"Size:Large,Medium,Small,X-Large,X-Small","Rs
2499",1499,40% off,Westernwear-Women
3386,Is.u,Solid cotton round neck womens top - white,"Size:Large,Medium,Small,X-Large,X-Small,XX-Large","Rs
890",445,50% off,Westernwear-Women
3387,Zink london,Stripes polyester v neck womens top - multi,"Size:Large,Medium,Small,X-Large","Rs
1399",839,40% off,Westernwear-Women
3388,Allen solly,Textured polyester womens formal wear blazer - black,"Size:Large,Medium,Small,X-Small,XX-Large","Rs
3499",2799,20% off,Westernwear-Women
3389,Juniper,Solid slim fit rayon womens casual trousers - ivory,"Size:4X-Large,X-Large,XXX-Large","Rs
1899",759,60% off,Westernwear-Women
3390,Life,Printed wide neck viscose womens regular dress - sage,"Size:26,28,30,32,34","Rs
1199",599,50% off,Westernwear-Women
3391,Proline,Polyester round neck womens t-shirt - pink,"Size:Large,Medium,Small,X-Large","Rs
699",349,50% off,Westernwear-Women
3392,Fratini,Printed polyester regular fit womens top - multi,"Size:Large,Medium,Small,X-Large,X-Small",Nan,999,No Discount,Westernwear-Women
3393,Life,Womens regular fit printed casual top - red,"Size:Medium,Small,X-Small","Rs
799",399,50% off,Westernwear-Women
3394,Forever new,Solid polyester v neck womens dress - blue,"Size:6,8,10,12,14","Rs
7800",5460,30% off,Westernwear-Women
3395,And,Solid collar neck viscose womens regular jumpsuits - navy,"Size:8,10,12,14,16","Rs
3699",2959,20% off,Westernwear-Women
3396,And,Solid v-neck polyester womens evening dress - peach,"Size:8,10,12,14,16,18","Rs
1999",999,50% off,Westernwear-Women
3397,Vero moda,Textured cotton round neck womens top - white,"Size:Large,Medium,Small,X-Large,X-Small","Rs
2599",1559,40% off,Westernwear-Women
3398,Zink london,Printed rayon womens shift dress - blue,"Size:Large,Small","Rs
2699",1079,60% off,Westernwear-Women
3399,Zink london,Solid viscose blend round neck womens top - mustard,"Size:Large,Medium,Small,X-Large,X-Small,XX-Large","Rs
1699",1019,40% off,Westernwear-Women
3400,Zink london,Printed viscose round neck womens dress - green,"Size:Large,Medium,Small,X-Large,X-Small,XX-Large","Rs
2699",1349,50% off,Westernwear-Women
3401,Insense,Womens  round neck  printed t-shirt - grey melange,"Size:Large,Medium,Small,X-Large,X-Small","Rs
499",249,50% off,Westernwear-Women
3402,Infuse,Printed round neck cotton womens regular fit nighty - grey melange,"Size:Large,Medium,Small,X-Large,X-Small,XX-Large","Rs
899",359,60% off,Westernwear-Women
3403,Spykar,Regular fit regular cotton lycra womens jeans - white,"Size:26,28,30,32,34,36",Nan,2699,No Discount,Westernwear-Women
3404,Zink london,Solid cowl neck polyester blend womens jacket - blue,"Size:Medium,X-Large","Rs
3999",1599,60% off,Westernwear-Women
3405,Faballey,Floral v neck georgette womens regular top - brown,Size:Small,"Rs
1600",800,50% off,Westernwear-Women
3406,Only,Placement print cotton round neck womens t-shirt - white,"Size:Large,Medium,Small,X-Large,X-Small","Rs
1799",1079,40% off,Westernwear-Women
3407,Stop,Solid polyester blend round neck womens regular top - dusty pink,"Size:Small,XX-Large","Rs
999",499,50% off,Westernwear-Women
3408,Latin quarters,Womens zip through neck lace jacket - ivory,Size:X-Small,"Rs
1999",799,60% off,Westernwear-Women
3409,Faballey,Animal print viscose v neck womens mini dress - natural,"Size:Large,Medium,Small","Rs
1800",900,50% off,Westernwear-Women
3410,Zink london,Solid polyester v neck womens dress - blue,"Size:Large,X-Large,XX-Large","Rs
2299",1379,40% off,Westernwear-Women
3411,109f,Womens round neck solid high low top - black,"Size:Large,Medium,Small,X-Large","Rs
1199",479,60% off,Westernwear-Women
3412,Vero moda,Solid sleeveless viscose womens jumpsuits - blue,"Size:Large,Medium,Small,X-Large,X-Small","Rs
3299",1649,50% off,Westernwear-Women
3413,Faballey,Solid sleeveless crepe womens regular length jumpsuit - blue,"Size:Large,Medium,Small,X-Large,X-Small","Rs
2200",1760,20% off,Westernwear-Women
3414,Vero moda,Textured cotton square neck womens top - yellow,"Size:Large,Medium,Small,X-Large,X-Small","Rs
2599",1819,30% off,Westernwear-Women
3415,Levis,Relaxed regular cotton blend women jeans - black,"Size:26,28,30,32",Nan,3699,No Discount,Westernwear-Women
3416,Van heusen,Printed v-neck modal womens fit and flare dress - light blue,"Size:Large,Medium,Small,X-Large,X-Small","Rs
3299",1499,55% off,Westernwear-Women
3417,And,Womens fit and flare v neck floral printed asymmetrical dress - cream,Size:8,"Rs
3499",1749,50% off,Westernwear-Women
3418,Enamor,Cotton blend fleece womens active wear track pants - charcoal,"Size:XL,Large,Medium,Small,XX-Large","Rs
1599",1119,30% off,Westernwear-Women
3419,Zink z,Solid cotton hood womens sweatshirt - white,"Size:Large,Medium,Small,X-Large,X-Small",Nan,1999,No Discount,Westernwear-Women
3420,Global desi,Womens geometric v-neck fit and flare top - natural,"Size:XL,Large,Medium,X-Small,XX-Large","Rs
1999",999,50% off,Westernwear-Women
3421,Adidas,Printed crew neck cotton womens t-shirt - green,"Size:Large,Medium,Small,X-Large,X-Small","Rs
1799",1259,30% off,Westernwear-Women
3422,Vero moda,Printed square neck viscose womens  dresses - white,"Size:Large,Medium,Small,X-Large,X-Small","Rs
3499",2099,40% off,Westernwear-Women
3423,Kraus,Clean look cotton skinny fit womens jeans - blue,"Size:28,30,32,34,36,38","Rs
2095",1466,30% off,Westernwear-Women
3424,Only,All over print viscose collar neck womens casual shirt - white,"Size:34,36,38,40,42","Rs
2499",1749,30% off,Westernwear-Women
3425,Faballey,Crepe sleeveless v neck womens regular length jumpsuit - green,"Size:Large,Medium,Small","Rs
2200",1760,20% off,Westernwear-Women
3426,Faballey,Floral collar neck georgette womens a-line dress - white,"Size:Medium,Small,X-Small","Rs
2450",1960,20% off,Westernwear-Women
3427,Kami kubi,Solid cotton round neck womens a line top - blue,"Size:Large,Medium,Small,X-Small","Rs
1399",629,55% off,Westernwear-Women
3428,Life,Printed polyester blend round neck womens regular fit dress - navy,"Size:Large,Medium,Small,X-Large,X-Small","Rs
1299",649,50% off,Westernwear-Women
3429,Latin quarters,Solid round neck polyester womens regular fit dress - blue,"Size:S,M,L","Rs
2499",799,68% off,Westernwear-Women
3430,Zink london,Floral polyester round neck womens top - off white,"Size:Large,Medium,Small,X-Large","Rs
1599",959,40% off,Westernwear-Women
3431,Crimsoune club,Womens slim fit solid shirt - red,"Size:Large,Medium,X-Large","Rs
1299",649,50% off,Westernwear-Women
3432,Zink london,Lace polyester round neck womens straight fit top - blue,"Size:Large,Medium,X-Large","Rs
1499",399,73% off,Westernwear-Women
3433,Zink london,Structured off shoulder polyester womens jumpsuits - pink,"Size:Large,Medium,Small,X-Large,X-Small,XX-Large","Rs
2899",1159,60% off,Westernwear-Women
3434,And,Printed viscose round neck womens pullover - black,"Size:8,12,14,16,18","Rs
1999",999,50% off,Westernwear-Women
3435,Latin quarters,Solid off shoulder cotton nylon womens a-line dress - pink,"Size:S,M,X-Small","Rs
2399",799,67% off,Westernwear-Women
3436,Rare,Half sleeves regular fit womens casual dress - coral,"Size:Large,Medium,Small","Rs
1899",854,55% off,Westernwear-Women
3437,And,Solid shirt collar womens casual dress - light blue,"Size:8,12,14","Rs
3499",1749,50% off,Westernwear-Women
3438,Zink london,Structured polyester high neck womens straight top - yellow,"Size:Large,Small,X-Small","Rs
1799",719,60% off,Westernwear-Women
3439,And,Solid round neck womens evening dress - sage,"Size:8,10,14","Rs
2999",1499,50% off,Westernwear-Women
3440,Latin quarters,Solid cotton mandarin womens regular dress - maroon,"Size:S,M","Rs
2399",799,67% off,Westernwear-Women
3441,Infuse,Solid cotton round neck womens regular fit t-shirt - navy,"Size:Large,Medium","Rs
399",199,50% off,Westernwear-Women
3442,And,Solid polyester v neck womens regular top - black,"Size:6,8,10,12,14,16,18","Rs
1599",1279,20% off,Westernwear-Women
3443,Only,Solid linen round neck womens t-shirt - pink,"Size:Large,Small,X-Large","Rs
1699",849,50% off,Westernwear-Women
3444,Stop,Jacquard open neck acrylic womens poncho - black,"Size:Large/X-Large,Small/Medium","Rs
2299",1149,50% off,Westernwear-Women
3445,Only,Self design cotton womens sweater - pink,"Size:34,36,38,40,42","Rs
2299",1149,50% off,Westernwear-Women
3446,Sera,Printed sweetheart neck polyester womens a-line dress - red,"Size:Large,Medium,Small,X-Large","Rs
1998",799,60% off,Westernwear-Women
3447,Fratini,Solid polyester round neck womens regular top - wine,"Size:Large,Medium,Small,X-Large,XX-Large","Rs
1299",649,50% off,Westernwear-Women
3448,Zink london,Regular fit regular length polyester womens party wear skirt - pink,"Size:Large,Medium,Small,X-Large,X-Small,XX-Large","Rs
2199",1319,40% off,Westernwear-Women
3449,Adidas,Solid regular fit polyester womens active wear shorts - red,"Size:Large,Medium,Small,X-Large,X-Small","Rs
1799",899,50% off,Westernwear-Women
3450,Van heusen,Cotton slim fit womens athleisure t-shirt - black,"Size:Large,Medium,Small,X-Large,XX-Large",Nan,479,No Discount,Westernwear-Women
3451,Van heusen,Printed polyester asymmetric womens top - black,"Size:Large,Medium,Small,X-Large,X-Small",Nan,1499,No Discount,Westernwear-Women
3452,Faballey,Embellished georgette halter neck womens regular top - blue,"Size:Large,Medium,Small,X-Large,X-Small","Rs
1500",1200,20% off,Westernwear-Women
3453,Life,Regular fit ankle length cotton lycra womens denim - mid stone,"Size:26,28,30,32,34,36","Rs
1699",849,50% off,Westernwear-Women
3454,Van heusen,Printed v-neck polyester womens top - navy,"Size:Large,Medium,Small,X-Large,X-Small","Rs
1699",999,41% off,Westernwear-Women
3455,Latin quarters,Dyed v-neck polyester womens regular dress - ivory,"Size:S,M,L,X-Small","Rs
1999",799,60% off,Westernwear-Women
3456,Indya,Printed georgette off shoulder womens regular top - pink,"Size:Large,Medium,Small,X-Large,X-Small","Rs
1600",1280,20% off,Westernwear-Women
3457,Dolce crudo,Solid fleece round neck womens sweatshirt - rust,"Size:Large,Medium,Small,X-Large,X-Small","Rs
2399",959,60% off,Westernwear-Women
3458,Magre,Printed georgette v neck womens top - blue,"Size:Large,Medium,Small,X-Small","Rs
1690",1098,35% off,Westernwear-Women
3459,Kraus,Skinny ankle length cotton blend womens jeans - olive,"Size:28,30,32,34,36,38","Rs
1895",1705,10% off,Westernwear-Women
3460,Is.u,Womens grey deconstructed long jacket - grey,"Size:Large,Medium,Small,X-Large","Rs
3290",1645,50% off,Westernwear-Women
3461,Latin quarters,Dyed off shoulder polyester blend womens regular dress - black,"Size:S,M,L,XL,XX-Large",Nan,2999,No Discount,Westernwear-Women
3462,Zink london,Floral cotton square neck womens top - white,"Size:Large,Medium,Small,X-Large","Rs
1499",749,50% off,Westernwear-Women
3463,Latin quarters,Solid round neck polyester womens longline dress - blue,"Size:S,M,L,XL,XX-Large","Rs
2699",1349,50% off,Westernwear-Women
3464,Dolce crudo,Womens regular fit heart of darkness skinny jeans navy blue - navy,"Size:26,28,30,32,34","Rs
2399",959,60% off,Westernwear-Women
3465,Life,Abstract round neck terry womens sweatshirt - grey melange,"Size:Large,Medium,Small,X-Large,X-Small","Rs
999",499,50% off,Westernwear-Women
3466,Dolce crudo,Womens over the knee denim skirt - black,"Size:26,28,30,32,34","Rs
2699",1079,60% off,Westernwear-Women
3467,Juniper,Ethnic motifs boat neck cambric womens anarkali dresses with mask - cream,"Size:Large,Medium,Small,X-Large,XX-Large","Rs
2999",1349,55% off,Westernwear-Women
3468,Varanga,Womens sky blue floral printed puff sleeves crop top with full length placket at back - blue,"Size:Large,Medium,X-Large","Rs
1299",519,60% off,Westernwear-Women
3469,Latin quarters,Printed v neck polyester womens dress - maroon,"Size:S,L","Rs
2899",1449,50% off,Westernwear-Women
3470,And,Floral viscose womens top - multi,Size:8,"Rs
1899",949,50% off,Westernwear-Women
3471,Kraus,Super skinny fit ankle length cotton blend womens jeans - blue,"Size:28,30,32,36","Rs
1895",947,50% off,Westernwear-Women
3472,Faballey,Floral boat neck georgette womens regular dresses - grey,"Size:X-Large,XXX-Large","Rs
2100",1050,50% off,Westernwear-Women
3473,Zink london,Structured polyester womens casual shrug - grey,Size:Medium,"Rs
1799",719,60% off,Westernwear-Women
3474,Zink london,Solid regular fit polyester womens casual trousers - black,Size:Large,"Rs
1799",719,60% off,Westernwear-Women
3475,Life,Solid polyester blend v-neck womens a-line dress - pink,"Size:Large,Medium,Small,X-Large,X-Small","Rs
1299",649,50% off,Westernwear-Women
3476,Allen solly,Printed rayon v neck womens shirt - teal,"Size:Large,Medium,Small,X-Large,X-Small,XX-Large","Rs
1999",1499,25% off,Westernwear-Women
3477,Dolce crudo,Solid mock neck fleece womens relaxed dress - black mix,"Size:Large,Medium,Small,X-Small","Rs
2995",1347,55% off,Westernwear-Women
3478,Latin quarters,Dyed collar neck polyester womens regular blouse - blue,"Size:S,M,L,X-Small","Rs
1399",499,64% off,Westernwear-Women
3479,Only,Mid wash cotton straight fit womens jeans - blue,"Size:25,26,27,28,29,30,31,32,33,34","Rs
3499",2449,30% off,Westernwear-Women
3480,Fratini,Regular fit regular length cotton blend womens casual shorts - off white,"Size:26,28,30,32,34,36",Nan,1199,No Discount,Westernwear-Women
3481,Zink london,Solid polyester round neck womens dress - natural,"Size:Large,Medium,Small,X-Large,X-Small","Rs
2399",1439,40% off,Westernwear-Women
3482,Levis,Solid cotton collar neck womens casual shirt - white,"Size:Large,Medium,Small,X-Small",Nan,4999,No Discount,Westernwear-Women
3483,Stop,Womens skinny fit stripes formal treggings - black,"Size:26,28,30,32,34",Nan,999,No Discount,Westernwear-Women
3484,Vero moda,Stripes shirt collar cotton womens casual shirt - blue,"Size:Large,Medium,Small","Rs
2499",1499,40% off,Westernwear-Women
3485,Altlife,Printed cotton regular neck womens t-shirt - white,"Size:Large,Medium,Small,X-Large,X-Small,XX-Large","Rs
499",249,50% off,Westernwear-Women
3486,Sera,Solid sweetheart neck polyester womens fit and flare dress - orange,"Size:Medium,Small","Rs
1494",672,55% off,Westernwear-Women
3487,Only,Solid rayon nylon flared fit womens casual pants - wine,"Size:Large,Medium,Small,X-Large,X-Small","Rs
2499",1999,20% off,Westernwear-Women
3488,Latin quarters,Printed viscose blend v neck womens blouson blouse - natural,"Size:S,M,L,XL","Rs
1399",699,50% off,Westernwear-Women
3489,Cover story,Solid cotton round neck womens sweatshirt - mint,"Size:Large,Medium,Small,X-Large,X-Small","Rs
1790",1074,40% off,Westernwear-Women
3490,Insense,Printed polyester loose fit womens track pants - pink,"Size:Large,Medium,Small","Rs
999",499,50% off,Westernwear-Women
3491,Faballey,Regular fit calf length length net womens casual skirt - red,"Size:Medium,Small,X-Large","Rs
1800",1440,20% off,Westernwear-Women
3492,Life,Printed jersey round neck womens regular fit top - white,"Size:Medium,Small,X-Large,X-Small","Rs
499",249,50% off,Westernwear-Women
3493,Kraus,Solid cotton high neck womens top - lavender,"Size:Large,Medium,Small,X-Small","Rs
999",899,10% off,Westernwear-Women
3494,Stop,Printed polyester satin regular neck womens top - blush,"Size:Large,Medium,Small,X-Large,X-Small,XX-Large",Nan,1299,No Discount,Westernwear-Women
3495,Life,Solid polyester collared neck womens regular fit top - white,"Size:Large,Medium,Small,X-Large,X-Small","Rs
899",449,50% off,Westernwear-Women
3496,And,Solid half sleeves cotton womens ankle length jumpsuit - black,"Size:14,16","Rs
3499",2799,20% off,Westernwear-Women
3497,Magre,Solid sleeveless polyester blend womens regular length jumpsuit - wine,"Size:Large,Medium,Small,X-Small","Rs
3190",1914,40% off,Westernwear-Women
3498,Only,All over print polyester womens dress - black,"Size:34,36,38,40,42","Rs
3699",2959,20% off,Westernwear-Women
3499,Faballey,Embellished v neck georgette womens regular dresses - blue,"Size:Large,Medium,Small,X-Large,X-Small","Rs
2600",2080,20% off,Westernwear-Women
3500,Lovegen,Womens off shoulder solid shirt dress - coral,Size:Medium,"Rs
1699",339,80% off,Westernwear-Women
3501,Fratini,Embroidered viscose round neck womens regular fit woven top - white,"Size:Large,Medium,Small,X-Large,XX-Large","Rs
1199",599,50% off,Westernwear-Women
3502,Zink london,Embroidered cotton round neck womens straight fit top - black,Size:X-Small,"Rs
1799",499,72% off,Westernwear-Women
3503,Kraus,Solid polyester slim womens casual shorts - navy,"Size:28,30,32,34","Rs
1299",909,30% off,Westernwear-Women
3504,Ira soleil,Solid chiffon collarless womens casual jacket - pink,"Size:Large,Medium,Small,X-Large",Nan,1499,No Discount,Westernwear-Women
3505,Life,Printed cotton round neck womens regular t-shirt - black,"Size:Large,Medium,Small,X-Large,X-Small","Rs
599",299,50% off,Westernwear-Women
3506,Jealous 21,Skinny fit ankle length denim womens jeans - dk indigo,"Size:26,28,30,32,34,36",Nan,2499,No Discount,Westernwear-Women
3507,And,Solid round neck cotton womens casual dress - blue,"Size:8,10,12,14,16,22","Rs
1799",899,50% off,Westernwear-Women
3508,Zink london,Solid square neck cotton womens tiered dress - multi,"Size:Large,Medium,Small,X-Large,X-Small","Rs
2699",1079,60% off,Westernwear-Women
3509,Fratini,Solid skinny fit nr roma womens casual pants - peach,"Size:26,28,30,32,34,36","Rs
999",499,50% off,Westernwear-Women
3510,Levis,Womens 5 pocket coated jeans - black,"Size:26,27,28,30,32,34",Nan,2399,No Discount,Westernwear-Women
3511,Infuse,Printed round neck cotton womens regular fit nighty - royal blue,"Size:Medium,Small,X-Large,X-Small","Rs
899",359,60% off,Westernwear-Women
3512,Madame,Solid cotton y neck womens top - tan,"Size:Large,Medium,Small,X-Large,XX-Large","Rs
1599",1119,30% off,Westernwear-Women
3513,Madame,Womens solid round neck top - blue,"Size:Large,Medium","Rs
1599",799,50% off,Westernwear-Women
3514,And,Solid polyester round neck womens straight top - sage,Size:10,"Rs
2099",1679,20% off,Westernwear-Women
3515,And,Floral polyester tie up neck womens straight top - white,"Size:8,10,18","Rs
1899",1519,20% off,Westernwear-Women
3516,Zink london,Printed polyester womens casual shirt - cream,"Size:Large,XX-Large","Rs
1699",679,60% off,Westernwear-Women
3517,And,Solid rayon round neck womens straight top - sage,"Size:8,18","Rs
1899",1329,30% off,Westernwear-Women
3518,Life,Regular fit regular length cotton blend womens jeans - stone,"Size:28,36","Rs
1999",999,50% off,Westernwear-Women
3519,Vero moda,Solid polyester relaxed fit womens casual pants - yellow,"Size:Large,Medium,Small,X-Large,X-Small",Nan,3799,No Discount,Westernwear-Women
3520,Cover story,Solid cotton round neck womens sweater - lime green,"Size:Large,Medium,Small,X-Large,X-Small","Rs
1890",1134,40% off,Westernwear-Women
3521,Altlife,Jacquard polyester regular neck womens t-shirt - dusty pink,"Size:Large,Medium,Small,X-Large,X-Small,XX-Large","Rs
799",399,50% off,Westernwear-Women
3522,Sera,Floral sweetheart neck polyester womens wrap top - black,"Size:Large,Medium,Small,X-Large","Rs
1498",599,60% off,Westernwear-Women
3523,Vero moda,Solid cotton shoulder strap womens top - blue,"Size:Large,Medium,Small,X-Large,X-Small","Rs
1599",959,40% off,Westernwear-Women
3524,Zink london,Floral polyester v neck womens top - off white,"Size:Large,Medium,Small,X-Large,X-Small,XX-Large","Rs
1599",959,40% off,Westernwear-Women
3525,Only,Stripes polyester stand collar womens top - yellow,"Size:34,36,38,40,42","Rs
1999",1199,40% off,Westernwear-Women
3526,Only,Solid cotton collar neck womens casual shirt - white,"Size:34,36,38,40,42","Rs
2999",2099,30% off,Westernwear-Women
3527,Emblaze,Solid v-neck viscose womens boxy gown - brown,"Size:Large,Medium,Small,X-Large,X-Small,XX-Large",Nan,5000,No Discount,Westernwear-Women
3528,Insense,Half sleeves night wear womens t-shirt - black,"Size:Small,X-Small","Rs
399",199,50% off,Westernwear-Women
3529,Vero moda,Clean look cotton straight fit womens jeans - white,"Size:26,27,28,29,30,31,32,33,34","Rs
4299",3009,30% off,Westernwear-Women
3530,Zink london,Checks cotton sweetheart neck womens dress - pink,"Size:Large,Medium,Small,X-Large,X-Small,XX-Large","Rs
2699",1619,40% off,Westernwear-Women
3531,Fratini,Printed blended square neck womens tops - blue,"Size:Large,Medium,Small,X-Large,XX-Large",Nan,1299,No Discount,Westernwear-Women
3532,Faballey,Regular fit calf length polyester blend womens casual skirt - black,"Size:Large,Medium,Small,X-Large,X-Small","Rs
1900",1520,20% off,Westernwear-Women
3533,Zink london,Lace cotton round neck womens top - off white,"Size:Large,Medium,Small,X-Large,X-Small,XX-Large","Rs
1999",1199,40% off,Westernwear-Women
3534,Zink london,Solid polyester blend regular fit womens shorts - purple,"Size:Large,Medium,Small,X-Large","Rs
1799",1079,40% off,Westernwear-Women
3535,Vero moda,Printed cotton round neck womens dress - white,"Size:Large,Medium,Small,X-Large,X-Small","Rs
3499",2799,20% off,Westernwear-Women
3536,Jealous 21,Super skinny fit ankle length denim womens jeans - indigo,"Size:26,28,30,32,34",Nan,2199,No Discount,Westernwear-Women
3537,Vero moda,Stripes viscose blended off shoulder womens top - white,"Size:Large,Medium,Small,X-Large,X-Small","Rs
1999",1199,40% off,Westernwear-Women
3538,Gipsy,Womens printed casual shirt - pink,"Size:Large,Medium,Small","Rs
1795",1256,30% off,Westernwear-Women
3539,Zink london,Printed round neck cotton blend womens sweatshirt - red,"Size:Large,Medium,Small,X-Large","Rs
2299",919,60% off,Westernwear-Women
3540,And,Solid viscose boat neck womens regular top - magenta,"Size:8,10,12,14,16","Rs
2699",1349,50% off,Westernwear-Women
3541,And,Solid linen v-neck womens fit & flare top - sage,"Size:8,10,12,14,16,18","Rs
1699",849,50% off,Westernwear-Women
3542,Zink london,Textured rayon blend off shoulder womens straight fit top - maroon,"Size:Large,Medium,Small,X-Large,X-Small","Rs
1599",639,60% off,Westernwear-Women
3543,Insense,Womens cotton printed pyjama set - blush,"Size:Large,Medium,Small,X-Large,X-Small","Rs
1199",599,50% off,Westernwear-Women
3544,Fratini,Solid jersey round neck womens t-shirt - black,"Size:Large,Medium,Small,X-Large,XX-Large",Nan,699,No Discount,Westernwear-Women
3545,Stop,Solid viscose regular fit womens top - wine,"Size:Large,Medium,Small,X-Large,X-Small,XX-Large",Nan,1299,No Discount,Westernwear-Women
3546,Van heusen,Solid regular fit polyester womens work wear trousers - black,"Size:26,28,30,32,34,36",Nan,1799,No Discount,Westernwear-Women
3547,Rare,Printed polyester round neck womens regular fit top - black,"Size:Large,Medium,Small,X-Large","Rs
1599",639,60% off,Westernwear-Women
3548,Forever new,Solid polyester v-neck womens regular dress - coral,"Size:6,8,10","Rs
5800",3770,35% off,Westernwear-Women
3549,Kraus,Skinny fit ankle length cotton polyester womens jeans - light blue,"Size:28,34,36,38","Rs
1895",947,50% off,Westernwear-Women
3550,Latin quarters,Solid rayon blend round neck womens regular top - natural,"Size:S,XL,X-Small","Rs
1999",499,75% off,Westernwear-Women
3551,Rare,Printed v-neck polyester womens fit and flare dress - black,"Size:Medium,Small","Rs
2399",959,60% off,Westernwear-Women
3552,Zink london,Womens round neck printed top - yellow,"Size:Large,X-Large,X-Small,XX-Large","Rs
1399",499,64% off,Westernwear-Women
3553,Crimsoune club,Printed lyocell round neck womens top - green,"Size:Large,Medium,Small,X-Large,XX-Large,XXX-Large","Rs
1399",979,30% off,Westernwear-Women
3554,Fratini,Printed cotton round neck womens regular top - blush,"Size:Large,Medium,Small,XX-Large","Rs
599",299,50% off,Westernwear-Women
3555,Allen solly,Textured cotton regular neck womens dress - magenta,"Size:Large,Medium,Small,X-Large,X-Small,XX-Large","Rs
2299",1379,40% off,Westernwear-Women
3556,Faballey,Printed round neck cotton womens comfort fit midi dress - white,"Size:Large,Medium,Small,X-Large","Rs
2200",1100,50% off,Westernwear-Women
3557,Indya,Shraddha kapoor for indya women blue embroidered saree blouse - blue,"Size:Large,Medium,Small,X-Large,X-Small","Rs
1600",1280,20% off,Westernwear-Women
3558,Vero moda,Printed polyester v neck womens dress - white,"Size:Large,Medium,Small,X-Large,X-Small","Rs
3499",2799,20% off,Westernwear-Women
3559,Rare,Floral sweetheart neck crepe womens a line dress - multi,"Size:Large,X-Large","Rs
1899",854,55% off,Westernwear-Women
3560,Faballey,Stripes sleeveless georgette womens regular length jumpsuit - pink,"Size:Large,Medium,Small,X-Large,X-Small","Rs
2250",1800,20% off,Westernwear-Women
3561,Life,Womens tencel solid culottes - blue,"Size:26,36","Rs
1499",749,50% off,Westernwear-Women
3562,Zink z,Printed cotton round neck womens dress - black,"Size:Large,Medium,Small,X-Large,X-Small",Nan,1799,No Discount,Westernwear-Women
3563,Allen solly,Solid regular fit polyester cotton womens formal wear pants - navy,Size:36,"Rs
1999",1199,40% off,Westernwear-Women
3564,Zink london,Womens regular fit solid round neck t-shirt - pink,Size:Large,"Rs
1299",399,69% off,Westernwear-Women
3565,Faballey,Solid poly blend collar neck womens dress - red,Size:Small,"Rs
2500",2000,20% off,Westernwear-Women
3566,Forever new,Solid lyocell collar neck womens top - khaki,"Size:6,8,10","Rs
3400",2550,25% off,Westernwear-Women
3567,Infuse,Solid cotton round neck womens regular fit t-shirt - black,Size:Small,"Rs
399",199,50% off,Westernwear-Women
3568,Zink london,Solid relaxed viscose blend womens casual wear pants - brown,"Size:Large,Medium,Small,X-Large","Rs
2499",1499,40% off,Westernwear-Women
3569,Allen solly,Solid viscose v-neck womens knit top - grey,"Size:Medium,X-Large,XX-Large","Rs
1799",1079,40% off,Westernwear-Women
3570,Jealous 21,Solid collar neck cotton lycra womens casual wear jacket - black,"Size:Large,Medium,Small,X-Large",Nan,2299,No Discount,Westernwear-Women
3571,Indya,Shraddha kapoor for indya embellished polyester top - pink,"Size:Large,Medium,Small,X-Large,X-Small","Rs
1500",1200,20% off,Westernwear-Women
3572,Infuse,Regular fit thigh length cotton terry womens athleisure shorts - bleach,"Size:28,30,32,34,36","Rs
599",239,60% off,Westernwear-Women
3573,Life,Printed cotton round neck womens top and shorts set - anthra melange,"Size:Large,Medium,Small,X-Large,XX-Large","Rs
1299",649,50% off,Westernwear-Women
3574,Pepe,All over print fit viscose linen womens shorts - multi,"Size:Large,Medium,Small,X-Large","Rs
1799",1079,40% off,Westernwear-Women
3575,Stop,Printed polyester round neck womens regular fit dress - navy,"Size:Large,Medium,Small,XX-Large","Rs
1699",849,50% off,Westernwear-Women
3576,Stop,Printed polyester womens ankle length culottes - black mix,"Size:28,30,32,34,36","Rs
1199",599,50% off,Westernwear-Women
3577,Zink london,Solid v-neck rayon blend womens fit and flare dress - blue,"Size:Large,Small,X-Large,X-Small,XX-Large","Rs
2399",959,60% off,Westernwear-Women
3578,Madame,Solid polyester cotton round neck womens regular fit top - mustard,"Size:Large,Medium,Small,X-Large,XX-Large","Rs
1699",849,50% off,Westernwear-Women
3579,Faballey,Solid square neck crepe womens regular top - blue,Size:Large,"Rs
1400",700,50% off,Westernwear-Women
3580,Kraus,Crop fit cropped cotton blend womens jeans - dark blue,"Size:30,34,36","Rs
1895",947,50% off,Westernwear-Women
3581,Altlife,Printed cotton blend regular neck womens t-shirt - black,"Size:Large,Medium,Small,X-Large,X-Small,XX-Large","Rs
499",249,50% off,Westernwear-Women
3582,Faballey,Embellished sleeveless crepe womens regular length jumpsuit - purple,"Size:Large,Medium,Small,X-Large,X-Small","Rs
2400",1920,20% off,Westernwear-Women
3583,Vero moda,Cotton bootcut fit womens jeans - dark blue,"Size:26,27,28,29,30,31,32,33,34","Rs
2799",2239,20% off,Westernwear-Women
3584,De moza,Skinny fit regular length cotton womens jeggings - denim enzyme,"Size:Large,Medium,Small,XX-Large",Nan,1299,No Discount,Westernwear-Women
3585,Faballey,Embellished sleeveless crepe womens regular length jumpsuit - grey,"Size:Large,Medium,Small,X-Large,X-Small","Rs
2400",1920,20% off,Westernwear-Women
3586,Insense,Womens  round neck  printed t-shirt - black,"Size:Medium,Small,X-Small","Rs
399",199,50% off,Westernwear-Women
3587,Dolce crudo,Womens sunrise to sunset denim jacket - light blue,"Size:Large,Medium,Small,X-Small","Rs
3999",1599,60% off,Westernwear-Women
3588,And,Solid linen round neck womens straight dress - lemon,"Size:8,10,12,14,16,18","Rs
2699",2159,20% off,Westernwear-Women
3589,Vero moda,Textured v neck polyester womens  dresses - pink,"Size:Large,Medium,Small,X-Large,X-Small","Rs
4799",3839,20% off,Westernwear-Women
3590,Spykar,Solid cotton blend round neck womens regular t-shirt - black,"Size:Large,Medium,Small,X-Large","Rs
999",699,30% off,Westernwear-Women
3591,Magre,Solid sleeveless polyester blend womens regular length jumpsuit - green,"Size:Large,Medium,Small,X-Small","Rs
3190",1435,55% off,Westernwear-Women
3592,Allen solly,Solid regular fit rayon womens formal wear trousers - charcoal,"Size:26,28,30,34","Rs
1599",959,40% off,Westernwear-Women
3593,Vero moda,Solid polyester collared womens  shirts - purple,"Size:Large,Medium,Small,X-Large,X-Small",Nan,2599,No Discount,Westernwear-Women
3594,Vero moda,Solid polyester round neck womens top - yellow,"Size:Large,Medium,Small,X-Large,X-Small","Rs
2299",1839,20% off,Westernwear-Women
3595,Sera,Floral square neck polyester womens regular dress - blue,"Size:Large,Medium,Small,X-Large","Rs
1998",999,50% off,Westernwear-Women
3596,Iti,Womens plum twofer maxi - purple,"Size:Large,Small,X-Large",Nan,2299,No Discount,Westernwear-Women
3597,Life,Solid round neck viscose womens regular top - white,"Size:Large,Medium,Small,X-Large,X-Small","Rs
999",499,50% off,Westernwear-Women
3598,Kraus,Stripes rayon blend round neck womens t-shirt - navy,"Size:Large,Medium,Small,X-Small","Rs
999",899,10% off,Westernwear-Women
3599,Life,Printed cotton round neck womens regular t-shirt - charcoal,"Size:Medium,Small,X-Small","Rs
699",349,50% off,Westernwear-Women
3600,Adidas,Solid polyester round neck womens t-shirt - pink,"Size:Large,Medium,Small,X-Small","Rs
1599",1119,30% off,Westernwear-Women
3601,Kami kubi,Floral cotton boat neck womens straight top - pink,"Size:Large,Medium,Small,X-Small","Rs
1299",714,45% off,Westernwear-Women
3602,And,Floral round neck polyester womens straight gown - pink,"Size:8,10,12,14,16",Nan,3699,No Discount,Westernwear-Women
3603,Faballey,Floral v neck georgette womens midi dress - blue,"Size:Large,Medium,Small,X-Large,X-Small","Rs
2200",1760,20% off,Westernwear-Women
3604,Latin quarters,Yarn dyed rayon round neck womens blouse - mustard,"Size:S,M,L,X-Small","Rs
1399",499,64% off,Westernwear-Women
3605,Zink london,Printed polyester shirt collar womens shirts - navy,"Size:Large,Medium,Small,X-Large","Rs
1499",599,60% off,Westernwear-Women
3606,U.s. polo assn.,Unisex adults assorted triple layer reversible anti bacterial reusable face masks - pack of 3 - multi,"Size:Large,Medium",Nan,499,No Discount,Westernwear-Women
3607,Juniper,Floral mandarin neck womens flared dresses dupatta set with mask - natural,"Size:Large,Medium,XX-Large","Rs
4048",1821,55% off,Westernwear-Women
3608,And,Womens round neck floral print top - pink,"Size:8,10","Rs
1499",749,50% off,Westernwear-Women
3609,Faballey,Embellished square neck georgette womens a-line dress - blue,Size:X-Small,"Rs
2800",1400,50% off,Westernwear-Women
3610,Cover story,Solid polyester women sequin women dress - lilac,"Size:Large,Small","Rs
4490",2245,50% off,Westernwear-Women
3611,Lovegen,Womens spaghetti neck solid top - pink,Size:Large,"Rs
1049",419,60% off,Westernwear-Women
3612,Levis,Relaxed fit regular length cotton womens jeans - white,"Size:Large,Medium,Small,X-Large,X-Small",Nan,2899,No Discount,Westernwear-Women
3613,Faballey,Polka dots georgette collar neck womens regular top - white,"Size:Large,Medium,Small","Rs
1500",1200,20% off,Westernwear-Women
3614,Life,Printed round neck jersey womens regular fit dress - white,"Size:Large,Small,X-Large,X-Small","Rs
599",299,50% off,Westernwear-Women
3615,Life,Solid collar neck viscose womens regular top - sage,"Size:Large,Medium,Small,X-Large,X-Small","Rs
999",499,50% off,Westernwear-Women
3616,Cover story,Solid round neck rayon nylon spandex womens regular top - pink,Size:X-Small,"Rs
2590",1554,40% off,Westernwear-Women
3617,Allen solly,Stripes polyester regular fit womens trousers - grey,"Size:26,28,30,32,34,36","Rs
2299",1839,20% off,Westernwear-Women
3618,And,Solid straight fit cotton womens trousers - light blue,"Size:26,28,30,32,34,36",Nan,2799,No Discount,Westernwear-Women
3619,Cover story,Solid cotton poly round neck womens sweatshirt - blue,"Size:Large,Medium,Small,X-Large,X-Small","Rs
1790",1074,40% off,Westernwear-Women
3620,Faballey,Checks crepe v neck womens blouse - brown,"Size:Large,Medium,Small,X-Large,X-Small","Rs
1400",1120,20% off,Westernwear-Women
3621,Altlife,Printed cotton blend ankle length womens active wear tights - anthra melange,"Size:28,30,32,34,36","Rs
999",499,50% off,Westernwear-Women
3622,Haute curry,Quilted open neck cotton womens jacket - black,"Size:Large,Medium,Small,X-Large","Rs
1499",749,50% off,Westernwear-Women
3623,Iti,Womens blue pleated top - blue,"Size:Large,Medium,Small,X-Small","Rs
1499",799,47% off,Westernwear-Women
3624,Latin quarters,Dyed v-neck polyester womens regular dress - black,"Size:S,M,L",Nan,2899,No Discount,Westernwear-Women
3625,Vero moda,Printed v neck viscose womens  dresses - blue,"Size:Large,Medium,Small,X-Large,X-Small","Rs
2999",1799,40% off,Westernwear-Women
3626,Sera,Womens regular fit printed cigarette trousers - brown,"Size:Medium,Small","Rs
1694",677,60% off,Westernwear-Women
3627,Latin quarters,Dyed collar neck rayon womens regular blouse - maroon,"Size:S,M,X-Small","Rs
1399",499,64% off,Westernwear-Women
3628,Lovegen,Solid full sleeves cotton womens full length jumpsuit - dark blue,"Size:Large,X-Large,X-Small","Rs
2999",899,70% off,Westernwear-Women
3629,Sera,Printed mandarin neck polyester womens a-line dress - black,"Size:Large,X-Large","Rs
1494",522,65% off,Westernwear-Women
3630,Stop,Solid skinny fit womens formal wear treggings - sage,"Size:26,28,30,32,34,36",Nan,1299,No Discount,Westernwear-Women
3631,Madame,Solid cotton halter neck womens top - green,"Size:Large,Medium,Small,X-Large",Nan,899,No Discount,Westernwear-Women
3632,Kraus,Light wash cotton blend regular fit womens jeans - dark blue,"Size:28,30,32,34,36,38","Rs
1995",1795,10% off,Westernwear-Women
3633,Samshek,Slim fit above knee polyester womens party wear skirt - black,"Size:4X-Large,5X-Large,Large,Medium,Small,X-Large,X-Small,XX-Large,XX-Small,XXX-Large",Nan,1690,No Discount,Westernwear-Women
3634,Infuse,Solid cotton round neck womens regular fit t-shirt - pack of 2 - multi,"Size:Large,Medium,Small,X-Large,X-Small,XX-Large","Rs
699",419,40% off,Westernwear-Women
3635,Life,Regular fit ankle length cotton lycra womens denim - indigo,"Size:26,28,30,32,34,36","Rs
1699",849,50% off,Westernwear-Women
3636,And,Floral round neck polyester womens casual dress - multi,"Size:10,12,14,16","Rs
2799",1399,50% off,Westernwear-Women
3637,Latin quarters,Dyed shirt collar rayon blend womens regular dress - black,"Size:S,M,L,X-Small","Rs
2390",799,67% off,Westernwear-Women
3638,Crimsoune club,Womens grey solid jumpsuit - denim,"Size:Large,Medium,X-Large,XX-Large","Rs
2499",1249,50% off,Westernwear-Women
3639,Crimsoune club,Printed lyocell y neck womens top - pink,"Size:Large,Medium,X-Large,XX-Large","Rs
1399",839,40% off,Westernwear-Women
3640,And,Floral cotton round neck womens straight top - white,"Size:8,10,12,14,16,18","Rs
2899",1449,50% off,Westernwear-Women
3641,Stop,Printed viscose regular fit womens top - off white,"Size:Large,Medium,Small,X-Large,X-Small,XX-Large",Nan,1299,No Discount,Westernwear-Women
3642,Latin quarters,Solid off shoulder cotton womens dress - black,"Size:S,M,L,X-Small","Rs
2499",799,68% off,Westernwear-Women
3643,Zink london,Printed round neck rayon womens dresses - maroon,"Size:Large,Medium,Small,X-Large,X-Small,XX-Large","Rs
2499",999,60% off,Westernwear-Women
3644,Zink london,Regular fit mid thigh length rayon womens casual shorts - blue,"Size:Large,Medium","Rs
1599",399,75% off,Westernwear-Women
3645,Levis,Womens round neck printed top - white,"Size:Large,Medium,Small,X-Small",Nan,1099,No Discount,Westernwear-Women
3646,Zink london,Regular fit midi length polyester womens casual skirt - multi,"Size:Small,X-Small","Rs
1999",499,75% off,Westernwear-Women
3647,Forever new,Solid slim fit cotton womens casual wear pants - grey,"Size:6,8","Rs
3800",2280,40% off,Westernwear-Women
3648,Zink london,Printed polyester high neck women's top - natural,Size:X-Small,"Rs
1499",499,67% off,Westernwear-Women
3649,Rare,Printed viscose rayon round neck womens regular fit top - yellow,"Size:Large,Small","Rs
1299",584,55% off,Westernwear-Women
3650,And,Floral collar neck linen womens straight dresses - multi,"Size:8,10,12,14,16,18",Nan,3099,No Discount,Westernwear-Women
3651,Fratini,Printed viscose collar neck womens regular top - light blue,"Size:Large,Medium,Small,X-Large,XX-Large","Rs
1499",749,50% off,Westernwear-Women
3652,Forever new,Floral linen round neck womens top - print,"Size:4,6,8,10,12","Rs
4200",2940,30% off,Westernwear-Women
3653,Global desi,Floral sleeveless polyester womens full length length jumpsuit - mid blue,"Size:Large,Medium,Small,X-Small",Nan,2899,No Discount,Westernwear-Women
3654,Faballey,Solid georgette round neck womens regular top - blue,"Size:Large,Medium,Small,X-Small","Rs
1400",700,50% off,Westernwear-Women
3655,Only,Crochet cotton regular fit womens pants - natural,"Size:Large,Medium,Small,X-Large,X-Small","Rs
3499",2449,30% off,Westernwear-Women
3656,Lovegen,Solid viscose blend v-neck womens t-shirt - light blue,"Size:Large,Medium,Small,X-Large","Rs
1190",476,60% off,Westernwear-Women
3657,Adidas,Printed cotton crew neck womens t-shirt - lemon,"Size:Large,Medium,Small,X-Large,X-Small","Rs
2499",1749,30% off,Westernwear-Women
3658,Fratini,Solid viscose round neck womens regular top - chocolate,"Size:Large,Medium,Small,X-Large,XX-Large",Nan,1299,No Discount,Westernwear-Women
3659,Sera,Stripes polyester womens shrug - red,"Size:Large,Medium,Small,X-Large","Rs
1494",747,50% off,Westernwear-Women
3660,Vero moda,Mid wash cotton straight fit womens jeans - black,"Size:26,27,28,29,30,31,32,33,34","Rs
3999",3199,20% off,Westernwear-Women
3661,Faballey,Floral georgette high neck womens shift dress - multi,"Size:Large,Medium,Small,X-Large,X-Small","Rs
2100",1050,50% off,Westernwear-Women
3662,Levis,Skinny fit regular cotton womens jeans - mood indigo,"Size:28,30,32,34",Nan,3699,No Discount,Westernwear-Women
3663,Vero moda,Mid wash cotton skinny fit womens jeans - blue,"Size:26,27,28,29,30,31,32,33,34","Rs
3799",3039,20% off,Westernwear-Women
3664,Life,Printed cotton round neck womens active wear t-shirt - red,"Size:Large,Medium,Small,X-Large,X-Small,XX-Large","Rs
399",199,50% off,Westernwear-Women
3665,Madame,Printed polyester v neck womens top - aqua,"Size:Large,Medium,Small,X-Large","Rs
1699",1189,30% off,Westernwear-Women
3666,Faballey,Solid georgette square neck womens top - blue,"Size:Large,Medium,Small,X-Large,X-Small","Rs
1500",1200,20% off,Westernwear-Women
3667,Vero moda,Solid cotton v neck womens top - green,"Size:Large,Medium,Small,X-Small",Nan,2299,No Discount,Westernwear-Women
3668,And,Floral round neck viscose womens midi dress - blue,"Size:8,10,12,14,16","Rs
2499",1999,20% off,Westernwear-Women
3669,Fratini,Solid cotton round neck womens regular fit t-shirt - white,"Size:Large,X-Large,XX-Large","Rs
599",299,50% off,Westernwear-Women
3670,Life,Solid polyester round neck womens regular t-shirt - grey,"Size:Large,Medium,X-Large,X-Small,XX-Large","Rs
499",249,50% off,Westernwear-Women
3671,Van heusen,Printed polyester asymmetric womens top - pink,"Size:Large,Medium,Small,X-Large,X-Small","Rs
2199",1499,32% off,Westernwear-Women
3672,Infuse,Solid cotton round neck womens regular fit t-shirt - multi,"Size:Large,Medium,Small,X-Large,X-Small,XX-Large","Rs
699",419,40% off,Westernwear-Women
3673,Vero moda,Solid relaxed polyester womens casual wear pants - black,"Size:Large,Medium,Small,X-Large,X-Small","Rs
2499",1749,30% off,Westernwear-Women
3674,Levis,Solid cotton round neck womens t-shirt - black,"Size:Large,Medium,Small,X-Small",Nan,1399,No Discount,Westernwear-Women
3675,Zink london,Floral round neck polyester womens a-line dress - black,"Size:Large,Medium,Small,X-Large,XX-Large","Rs
2799",1679,40% off,Westernwear-Women
3676,Kraus,Light wash cotton blend skinny fit womens jeans - blue,"Size:28,30,32,34,36,38","Rs
1995",1396,30% off,Westernwear-Women
3677,Life,Printed cotton round neck womens regular t-shirt - navy,"Size:Large,Medium,Small,X-Large,X-Small","Rs
599",299,50% off,Westernwear-Women
3678,Cover story,Solid cotton spandex round neck womens t-shirt - black,"Size:Large,Medium,Small,X-Large,X-Small","Rs
1290",903,30% off,Westernwear-Women
3679,Spykar,Regular fit regular cotton lycra womens jeans - black,"Size:26,28,30,32,34","Rs
2699",1889,30% off,Westernwear-Women
3680,Latin quarters,Solid boat neck blended womens regular fit dress - blue,"Size:S,M,L,XL,XX-Large","Rs
2799",1399,50% off,Westernwear-Women
3681,Jealous 21,Super skinny fit ankle length denim womens jeans - indigo,"Size:26,28,30,32,34",Nan,2099,No Discount,Westernwear-Women
3682,Marie claire,Solid shoulder straps polyester womens casual dress - peach,"Size:Large,Medium,Small,X-Large","Rs
1999",899,55% off,Westernwear-Women
3683,Rare,Printed key hole neck polyester womens fit and flare dress - wine,"Size:Large,Medium,Small,X-Large","Rs
2699",1079,60% off,Westernwear-Women
3684,Latin quarters,Printed rayon shirt collar womens regular top - natural,"Size:S,X-Small","Rs
1399",499,64% off,Westernwear-Women
3685,Cover story,Printed round neck recycle polyester womens regular dress - brown,"Size:X-Large,X-Small","Rs
2890",1445,50% off,Westernwear-Women
3686,Life,Flared calf length cotton lycra womens jeans - indigo,Size:28,"Rs
1699",849,50% off,Westernwear-Women
3687,Kraus,Solid cotton regular womens casual shirt - ink blue,"Size:Medium,Small","Rs
1499",1349,10% off,Westernwear-Women
3688,Zink london,Womens printed round neck fit and flare maxi dress - maroon,"Size:Medium,Small","Rs
2999",1199,60% off,Westernwear-Women
3689,And,Printed polyester round neck womens regular gown - red,"Size:8,14,16","Rs
3499",2449,30% off,Westernwear-Women
3690,Forever new,Regular fit calf length polyester womens work wear skirt - blue,Size:14,"Rs
4400",3300,25% off,Westernwear-Women
3691,Faballey,Solid v neck georgette womens midi dress - black,Size:X-Large,"Rs
2600",1300,50% off,Westernwear-Women
3692,Zink london,Checks cotton womens shift dress - navy,"Size:Small,X-Small","Rs
2399",959,60% off,Westernwear-Women
3693,Stop,Solid regular neck tencel womens formal shirt - black,"Size:Large,Medium,Small,X-Large,X-Small,XX-Large",Nan,799,No Discount,Westernwear-Women
3694,Enamor,Cotton blend fleece womens active wear track pants - twill mud,"Size:XL,Large,Medium,Small,XX-Large","Rs
1599",1119,30% off,Westernwear-Women
3695,Insense,Solid polyester blend loose fit womens joggers - grey melange,"Size:28,30,32,34,36","Rs
999",499,50% off,Westernwear-Women
3696,Vero moda,Printed polyester v neck womens top - green,"Size:Large,Medium,Small,X-Large,X-Small","Rs
2599",2079,20% off,Westernwear-Women
3697,Spykar,Solid viscose stand collar womens casual wear shirt - red,"Size:Large,Medium,Small,X-Large","Rs
1899",1329,30% off,Westernwear-Women
3698,Faballey,Floral lace round neck womens top - blue,"Size:Large,Medium,Small,X-Large","Rs
1600",1280,20% off,Westernwear-Women
3699,Zink london,Stripes polyester sweetheart neck womens straight fit top - multi,"Size:Large,Medium","Rs
1499",499,67% off,Westernwear-Women
3700,Puma,Polyester mid rise tight fit womens athleisure tights - black,"Size:Large,Medium,Small,X-Large,X-Small","Rs
2799",1959,30% off,Westernwear-Women
3701,Vero moda,Printed polyester v neck womens top - blue,"Size:Large,Medium,Small,X-Large,X-Small","Rs
2599",2079,20% off,Westernwear-Women
3702,Pepe,Printed cotton crew neck womens t-shirt - white,"Size:Large,Medium,Small,X-Large","Rs
1299",779,40% off,Westernwear-Women
3703,Zink london,Solid polyester blend square neck womens dress - mint,"Size:Large,Medium,Small,X-Large,X-Small","Rs
2199",1319,40% off,Westernwear-Women
3704,Emblaze,Solid viscose chocker neck womens casual shirt - white,"Size:Large,Medium,Small,X-Large,X-Small,XX-Large",Nan,3000,No Discount,Westernwear-Women
3705,Only,Slim regular polyester womens casual skirt - pink,"Size:34,36,38,40","Rs
2799",1959,30% off,Westernwear-Women
3706,Gipsy,Self design polyester round neck womens blouson top - white,"Size:Large,Medium,Small,X-Large,X-Small","Rs
1995",1396,30% off,Westernwear-Women
3707,Sera,Floral v neck polyester womens regular dress - red,"Size:Large,Medium,X-Large","Rs
1494",747,50% off,Westernwear-Women
3708,Adidas,Fitted polyester womens casual shorts - red,"Size:Large,Medium,Small,X-Large,X-Small","Rs
1799",1259,30% off,Westernwear-Women
3709,Fratini,Solid regular fit tencel womens casual pants - black,"Size:26,28,30,32,34,36","Rs
1199",599,50% off,Westernwear-Women
3710,Pepe,Graphic cotton crew neck womens t-shirt - white,"Size:Large,Medium,Small,X-Large","Rs
999",599,40% off,Westernwear-Women
3711,Faballey,Printed georgette sweetheart neck womens regular dress - orange,"Size:Large,Medium,Small,X-Large,X-Small","Rs
2200",1760,20% off,Westernwear-Women
3712,Faballey,Solid cotton square neck womens regular top - green,"Size:Large,Medium,Small,X-Large","Rs
1400",700,50% off,Westernwear-Women
3713,Vero moda,Cotton bootcut fit womens jeans - black,"Size:26,27,28,29,30,31,32,33,34","Rs
4299",3009,30% off,Westernwear-Women
3714,Indya,Embroidered georgette round neck womens regular top - yellow,"Size:Large,Medium,Small,X-Large,X-Small","Rs
1400",700,50% off,Westernwear-Women
3715,Vero moda,Solid polyester v neck womens top - blue,"Size:Large,Medium,Small,X-Large,X-Small","Rs
2299",1839,20% off,Westernwear-Women
3716,Sera,Womens regular fit printed v neck fit and flare dress - yellow,"Size:Large,Medium,Small,X-Large","Rs
1298",519,60% off,Westernwear-Women
3717,Vero moda,Textured polyester elastane off shoulder womens top - green,"Size:Large,Medium,Small,X-Large,X-Small","Rs
1599",959,40% off,Westernwear-Women
3718,Magre,Printed polyester collar womens top - green,"Size:Large,Medium,Small,X-Small","Rs
1790",1163,35% off,Westernwear-Women
3719,Sera,Womens regular fit solid tie up neck peplum top - black,"Size:Large,Small,X-Large","Rs
1198",479,60% off,Westernwear-Women
3720,Adidas,Striped cotton round neck womens dress - purple,"Size:74,80,86,92,98,104","Rs
2299",1149,50% off,Westernwear-Women
3721,Allen solly,Printed regular fit rayon womens pants - mid blue,"Size:26,28,30,32,34","Rs
1799",1079,40% off,Westernwear-Women
3722,Zink london,Regular fit above knee cotton womens casual skirt - white,"Size:Large,Medium,X-Large","Rs
1499",499,67% off,Westernwear-Women
3723,Zink london,Printed polyester regular fit womens casual pants - off white,"Size:Large,Medium,Small,X-Large","Rs
1999",1199,40% off,Westernwear-Women
3724,Latin quarters,Solid polyester round neck womens regular top - green,"Size:S,M,L,X-Small","Rs
1650",825,50% off,Westernwear-Women
3725,Zink london,Solid square neck viscose blend womens midi dress - pink,"Size:Large,Medium,Small,X-Large,X-Small,XX-Large","Rs
2499",1499,40% off,Westernwear-Women
3726,Zink london,Womens regular fit stripes square neck jumpsuit - multi,"Size:Large,Medium,X-Large","Rs
2399",899,63% off,Westernwear-Women
3727,Stop,Printed satin regular neck womens top - dusty pink,"Size:Large,Medium,Small,X-Large,X-Small,XX-Large",Nan,1299,No Discount,Westernwear-Women
3728,Rare,Solid polyester v-neck womens regular fit top - red,"Size:Large,Medium,X-Large","Rs
1499",674,55% off,Westernwear-Women
3729,Stop,Solid regular fit polyester womens formal pants - black,"Size:28,34","Rs
1299",649,50% off,Westernwear-Women
3730,Life,Printed round neck cotton womens regular fit top - anthra melange,"Size:Small,X-Small","Rs
599",299,50% off,Westernwear-Women
3731,Kraus,Embroidered round neck polyester womens regular top - salmon,Size:Medium,"Rs
1199",599,50% off,Westernwear-Women
3732,Madame,Stripes polyester round neck womens shirt - mauve,Size:Large,"Rs
1899",1139,40% off,Westernwear-Women
3733,Zink london,Solid v-neck polyester womens straight fit dress - red,"Size:Medium,Small,X-Small","Rs
2399",959,60% off,Westernwear-Women
3734,Zink london,Polyester women flared dress - black,Size:Small,"Rs
4499",1799,60% off,Westernwear-Women
3735,Life,Checks collared neck rayon womens casual shirt - navy,"Size:Medium,Small,X-Small","Rs
699",349,50% off,Westernwear-Women
3736,Only,Embroidery cotton womens blouson dress - green,"Size:34,36,38,40,42","Rs
3699",2219,40% off,Westernwear-Women
3737,Life,Stripes viscose round neck womens boxy fit top - navy,"Size:Large,Medium,Small,X-Large,X-Small","Rs
799",399,50% off,Westernwear-Women
3738,Emblaze,Solid square neck suede womens fitted dress - olive,"Size:Large,Medium,Small,X-Large,X-Small,XX-Large",Nan,4500,No Discount,Westernwear-Women
3739,Stop,Textured open neck acrylic womens shrugs - black,"Size:Medium,Small,X-Large","Rs
2199",1099,50% off,Westernwear-Women
3740,Sera,Womens regular fit printed shorts - natural,"Size:Large,Medium,Small","Rs
1094",437,60% off,Westernwear-Women
3741,Kraus,Solid tencel collar neck womens crop shirt - black,"Size:Large,Small,X-Large","Rs
1299",1169,10% off,Westernwear-Women
3742,Forever new,Solid polyester cowl neck womens top - porcelain,"Size:6,8,10,12,14,16",Nan,2400,No Discount,Westernwear-Women
3743,Vero moda,Regular fit regular length cotton polyester womens jeans - blue,"Size:26,27,28,29,30,31,32,33,34","Rs
3799",3039,20% off,Westernwear-Women
3744,Stop,Regular fit full length acrylic womens leggings - red,"Size:Large,Medium,Small,X-Large,XX-Large","Rs
999",499,50% off,Westernwear-Women
3745,And,Floral linen shirt collar womens straight top - yellow,"Size:8,10,12,14,16,18","Rs
1799",899,50% off,Westernwear-Women
3746,Altlife,Printed cotton round neck womens active wear t-shirt - lilac,"Size:Large,Medium,Small,X-Large,X-Small,XX-Large","Rs
599",299,50% off,Westernwear-Women
3747,Adidas,Printed polyester fitted womens casual tights - black,"Size:Large,Medium,Small,X-Large,X-Small","Rs
3299",2309,30% off,Westernwear-Women
3748,109f,Womens v-neck solid top - black,"Size:Large,Medium,Small,X-Small","Rs
1199",479,60% off,Westernwear-Women
3749,Allen solly,Printed cotton round neck womens t-shirt - multi,"Size:Large,Medium,Small,X-Large,X-Small,XX-Large","Rs
999",599,40% off,Westernwear-Women
3750,Faballey,Polka dots sleeveless georgette womens regular length jumpsuit - blue,"Size:Large,Medium,Small,X-Large","Rs
2200",1100,50% off,Westernwear-Women
3751,Fratini,Printed polyester blend round neck womens t-shirt - wine,"Size:Large,Medium,Small,X-Large,XX-Large",Nan,799,No Discount,Westernwear-Women
3752,Spykar,Regular fit regular cotton womens jeans - mid blue,"Size:26,28,30,32,34,36","Rs
2799",1959,30% off,Westernwear-Women
3753,Stop,Printed satin regular neck womens top - mauve,"Size:Large,Medium,Small,X-Large,X-Small,XX-Large",Nan,1499,No Discount,Westernwear-Women
3754,Vero moda,Textured shoulder strap viscose blend womens dress - grey,"Size:Large,Medium,Small,X-Large","Rs
3799",1899,50% off,Westernwear-Women
3755,Vero moda,Solid polyester collared womens  shirts - fuschia,"Size:Large,Medium,Small,X-Large,X-Small",Nan,2599,No Discount,Westernwear-Women
3756,Sera,Floral square neck polyester womens regular dress - black,"Size:Medium,Small,X-Large","Rs
1998",799,60% off,Westernwear-Women
3757,Iti,Womens floral lace top - white,"Size:Large,Medium,Small,X-Large,X-Small",Nan,1799,No Discount,Westernwear-Women
3758,Kraus,Skinny ankle length cotton blend womens regular jeans - light blue,"Size:28,30,32,34,36,38","Rs
1895",1326,30% off,Westernwear-Women
3759,Vero moda,Printed cotton round neck womens  t-shirts - pink,"Size:Large,Medium,Small,X-Large,X-Small","Rs
999",599,40% off,Westernwear-Women
3760,Global desi,Floral sleeveless viscose womens full length jumpsuits - plum,"Size:XL,Large,Medium,Small,X-Small","Rs
3299",2639,20% off,Westernwear-Women
3761,And,Printed v-neck polyester womens a-line dress - sage,"Size:8,10,12,14,16","Rs
2699",2159,20% off,Westernwear-Women
3762,And,Solid viscose round neck women regular tops - peach,"Size:8,10,12,14,16,18","Rs
2499",1249,50% off,Westernwear-Women
3763,Life,Printed cotton round neck womens sweatshirt - pink,"Size:Large,Medium,Small,X-Large,X-Small","Rs
799",399,50% off,Westernwear-Women
3764,Fratini,Printed polyester blend v-neck womens a-line dress - black,"Size:Large,Medium,Small,X-Large,XX-Large",Nan,1499,No Discount,Westernwear-Women
3765,Zink london,Checks regular cotton womens casual wear trousers - green,"Size:Large,Medium,X-Large","Rs
1899",759,60% off,Westernwear-Women
3766,Zink london,Solid polyester womens straight fit top - green,"Size:Large,Medium,Small,X-Small","Rs
1599",639,60% off,Westernwear-Women
3767,Zink london,Solid cotton round neck womens top - mint,"Size:Large,Medium,Small,X-Large,X-Small,XX-Large","Rs
1699",1019,40% off,Westernwear-Women
3768,Zink london,Checked rayon off shoulder womens regular fit top - multi,"Size:Large,Medium,Small,X-Large,X-Small,XX-Large","Rs
1499",599,60% off,Westernwear-Women
3769,Van heusen,Womens collared solid shirt - pink,"Size:Large,Medium,Small,X-Large",Nan,1499,No Discount,Westernwear-Women
3770,Rare,Colour blocked 3/4th sleeves polyester womens full length jumpsuit - black,"Size:Large,Medium,Small,X-Large","Rs
1999",899,55% off,Westernwear-Women
3771,And,Printed polyester collar neck womens regular dress - navy,Size:8,"Rs
2499",1249,50% off,Westernwear-Women
3772,Vero moda,Printed round neck cotton blend womens t-shirt - green,Size:Small,"Rs
999",499,50% off,Westernwear-Women
3773,Allen solly,Solid regular fit rayon womens formal wear trousers - navy,Size:30,"Rs
1599",959,40% off,Westernwear-Women
3774,Latin quarters,Solid blended round neck womens regular fit knit top - black,"Size:S,M,X-Small","Rs
1399",499,64% off,Westernwear-Women
3775,Latin quarters,Solid collar neck polyester womens jacket - brown,"Size:S,M","Rs
1899",799,58% off,Westernwear-Women
3776,Vero moda,Printed polyester one shoulder womens dress - green,"Size:Large,Medium,Small,X-Large,X-Small","Rs
4499",3599,20% off,Westernwear-Women
3777,Magre,Solid polyester blend regular fit womens casual pants - maroon,"Size:Large,Small,X-Small","Rs
2390",1434,40% off,Westernwear-Women
3778,Levis,Graphic cotton round neck womens t-shirt - white,"Size:Large,Medium,Small,X-Small",Nan,1599,No Discount,Westernwear-Women
3779,Stop,Solid polyester blend round neck womens regular top - tan,"Size:Small,XX-Large","Rs
999",499,50% off,Westernwear-Women
3780,Vero moda,Printed polyester v neck womens top - blue,"Size:Large,Medium,Small,X-Large,X-Small","Rs
1899",1329,30% off,Westernwear-Women
3781,Vero moda,Textured cotton off shoulder womens dress - blue,"Size:Large,Medium,Small,X-Large,X-Small",Nan,4999,No Discount,Westernwear-Women
3782,Vero moda,Solid v neck polyester womens  dresses - blue,"Size:Large,Medium,Small,X-Large,X-Small","Rs
4299",3439,20% off,Westernwear-Women
3783,Gipsy,Embellished v-neck cotton womens shirt style dress - navy,Size:X-Large,"Rs
3295",2306,30% off,Westernwear-Women
3784,Vero moda,Stripes viscose round neck womens  tops - green,"Size:Large,Medium,Small,X-Large,X-Small","Rs
2299",1379,40% off,Westernwear-Women
3785,Levis,Mid wash cotton skinny fit womens jeans - blue,"Size:26,28,30,32,34",Nan,3799,No Discount,Westernwear-Women
3786,Vero moda,Printed sweetheart neck viscose womens top - natural,"Size:Large,Medium,X-Large,X-Small","Rs
2499",1999,20% off,Westernwear-Women
3787,Vero moda,Textured cotton round neck womens  tops - white,"Size:Large,Medium,Small,X-Large,X-Small","Rs
1999",1399,30% off,Westernwear-Women
3788,Zink london,Printed polyester round neck womens casual wear dresses - white,"Size:Large,Medium,Small,X-Large,XX-Large","Rs
2799",1119,60% off,Westernwear-Women
3789,Indya,Shraddha kapoor for indya coral chanderi brocade foil maxi skirt - pink,"Size:Large,Medium","Rs
3200",1600,50% off,Westernwear-Women
3790,And,Stripes polyester round neck womens straight top - peach,"Size:14,16","Rs
1999",1399,30% off,Westernwear-Women
3791,Zink london,Printed polyester v neck womens top - pink,"Size:Large,Medium,Small,X-Large,X-Small,XX-Large","Rs
1799",1079,40% off,Westernwear-Women
3792,And,Floral viscose round neck womens regular top - white,"Size:8,10,12,14,16,18","Rs
2099",1679,20% off,Westernwear-Women
3793,Faballey,Floral georgette v neck womens dress - yellow,"Size:Large,Medium,Small,X-Large,X-Small","Rs
2600",2080,20% off,Westernwear-Women
3794,Stop,Printed regular neck cotton womens formal shirt - navy,"Size:Large,Medium,Small,X-Large,X-Small,XX-Large",Nan,899,No Discount,Westernwear-Women
3795,Faballey,Embellished crepe strappy neck womens regular top - purple,"Size:Large,Medium,Small,X-Small","Rs
1400",1120,20% off,Westernwear-Women
3796,Latin quarters,Printed v neck polyester womens regular fit dresses - ivory,"Size:S,M,L,XL",Nan,3499,No Discount,Westernwear-Women
3797,Dolce crudo,Womens it's my habit denim joggers - black,"Size:28,30,32,34","Rs
2549",1274,50% off,Westernwear-Women
3798,Kami kubi,Floral cotton mandarin womens straight top - maroon,"Size:Large,Medium,Small,X-Small","Rs
1999",899,55% off,Westernwear-Women
3799,Vero moda,Textured viscose square neck womens dress - orange,"Size:Large,Medium,Small,X-Large,X-Small","Rs
2999",2099,30% off,Westernwear-Women
3800,Allen solly,Stripes polyester regular fit womens blazer - black,"Size:Large,Medium,Small,X-Large,X-Small,XX-Large","Rs
3799",2799,26% off,Westernwear-Women
3801,Only,All over print polyester collar neck womens dress - white,"Size:34,36,38,40,42","Rs
3299",2309,30% off,Westernwear-Women
3802,Pepe,Solid viscose scoop neck womens top - navy,"Size:Large,Medium,Small,X-Large","Rs
1999",1199,40% off,Westernwear-Women
3803,Vero moda,Stripes polyester lapel womens dress - brown,"Size:Large,Medium,Small,X-Large,X-Small",Nan,2999,No Discount,Westernwear-Women
3804,Campus sutra,Womens long sleeves solid jacket - grey,Size:Small,Nan,2199,No Discount,Westernwear-Women
3805,Allen solly,Solid round neck polyester womens regular dress - maroon,"Size:Large,Medium,Small,X-Large,X-Small,XX-Large","Rs
2299",1379,40% off,Westernwear-Women
3806,Cover story,Solid polyester v-neck womens shirt style top - navy,Size:X-Large,"Rs
1990",990,50% off,Westernwear-Women
3807,Crimsoune club,Womens red printed top - red,"Size:Large,Medium,Small,X-Large","Rs
1399",979,30% off,Westernwear-Women
3808,Zink london,Solid cotton round neck womens top - green,"Size:Large,Medium,Small,X-Large,X-Small,XX-Large","Rs
1699",1019,40% off,Westernwear-Women
3809,Zink london,Printed rayon collar neck womens straight shirt - black,Size:X-Small,"Rs
1599",639,60% off,Westernwear-Women
3810,Life,Solid rayon round neck womens regular fit top - navy,"Size:Large,Medium,Small,X-Large,X-Small,XX-Large","Rs
699",349,50% off,Westernwear-Women
3811,Stop,Printed regular fit polyester womens formal pants - black,"Size:28,30,32,34,36","Rs
1699",849,50% off,Westernwear-Women
3812,Adidas,Striped polyester round neck womens t-shirt - black,"Size:Large,Medium,X-Large","Rs
2999",1499,50% off,Westernwear-Women
3813,Kraus,Solid three quarter sleeves cotton womens crop length jacket - baby pink,"Size:Large,Medium,Small,X-Large","Rs
2095",1466,30% off,Westernwear-Women
3814,Varanga,Womens black and gold zari embroidery and mirror work bell sleeves crop top - black,"Size:Large,Medium,Small,X-Large","Rs
1999",799,60% off,Westernwear-Women
3815,And,Floral viscose square neck womens woven top - pink,"Size:8,14","Rs
1499",749,50% off,Westernwear-Women
3816,Madame,Solid polyester collared neck womens regular fit top - navy,Size:XX-Large,"Rs
1799",899,50% off,Westernwear-Women
3817,Campus sutra,Solid cotton notched lapel womens coat - red,Size:X-Large,Nan,4999,No Discount,Westernwear-Women
3818,Zink london,Striped polyester womens regular dress - multi,Size:Medium,"Rs
1499",499,67% off,Westernwear-Women
3819,Kraus,Solid skinny fit rayon womens casual trousers - black,"Size:28,30","Rs
1695",847,50% off,Westernwear-Women
3820,Faballey,Printed v neck georgette womens regular fit top - pink,Size:X-Small,"Rs
1450",725,50% off,Westernwear-Women
3821,And,Solid v-neck viscose womens knee length dress - lilac,"Size:8,10,14","Rs
2499",1249,50% off,Westernwear-Women
3822,Latin quarters,Printed polyester womens regular dress - yellow,"Size:S,M,L","Rs
2799",1959,30% off,Westernwear-Women
3823,Kraus,Wide ankle length cotton womens jeans - blue,"Size:28,30,32,34","Rs
1695",1186,30% off,Westernwear-Women
3824,Zink london,Solid cotton round neck womens top - baby pink,"Size:Large,Medium,Small,X-Large,X-Small,XX-Large","Rs
1499",899,40% off,Westernwear-Women
3825,Van heusen,Printed cotton round neck womens dress - light blue,"Size:Medium,Small,X-Small","Rs
2199",1499,32% off,Westernwear-Women
3826,Infuse,Skinny fit ankle length cotton lycra womens jeans - indigo,"Size:26,28","Rs
999",599,40% off,Westernwear-Women
3827,Fratini,Printed jersey round neck womens top - navy,"Size:Large,Medium,Small,X-Large,XX-Large",Nan,799,No Discount,Westernwear-Women
3828,Only,Cotton round neck womens t-shirt - red,"Size:Large,Medium,Small,X-Large,X-Small","Rs
1999",1399,30% off,Westernwear-Women
3829,Levis,Skinny fit regular cotton womens jeans - dk indigo,"Size:28,30,32,34",Nan,4599,No Discount,Westernwear-Women
3830,Dolce crudo,Womens soul on fleek denim dress - light blue,"Size:Large,Medium,Small,X-Large,X-Small","Rs
2499",874,65% off,Westernwear-Women
3831,Vero moda,Bootcut ankle length cotton womens jeans - blue,"Size:26,27,28,29,30,31,32,33,34","Rs
4299",3009,30% off,Westernwear-Women
3832,Life,Embroidered terry round neck womens sweatshirt - grey melange,"Size:Large,Medium,Small,X-Large,X-Small","Rs
999",499,50% off,Westernwear-Women
3833,Zink london,Solid viscose blend square neck womens top - pink,"Size:Large,Medium,Small,X-Large,X-Small","Rs
1499",899,40% off,Westernwear-Women
3834,Fratini,Solid cotton round neck womens regular fit knit top - red,"Size:Large,Medium,Small,X-Large,XX-Large","Rs
699",349,50% off,Westernwear-Women
3835,Vero moda,Stripes polyester v neck womens  tops - natural,"Size:Medium,Small,X-Small",Nan,2999,No Discount,Westernwear-Women
3836,Sera,Womens regular fit printed round neck a-line dress - black,"Size:Large,Medium,Small,X-Large","Rs
1498",749,50% off,Westernwear-Women
3837,Allen solly,Textured regular fit polyester womens formal wear trousers - light blue,"Size:28,30,32,34,36","Rs
1999",1199,40% off,Westernwear-Women
3838,Only,Embroidered cotton square neck womens top - red,"Size:34,36,38,40,42","Rs
2499",1499,40% off,Westernwear-Women
3839,Van heusen,Solid cotton round neck womens top - navy,"Size:Large,Medium,Small,X-Small",Nan,2199,No Discount,Westernwear-Women
3840,Zink london,Stripes cotton collar neck womens casual shirt - multi,"Size:Large,Medium,Small,X-Large","Rs
1699",1019,40% off,Westernwear-Women
3841,Enamor,Cotton blend fleece womens active wear track pants - carbon,"Size:XL,Large,Medium,Small,XX-Large","Rs
1599",1119,30% off,Westernwear-Women
3842,Stop,Solid regular neck cotton stretch womens formal shirt - black,"Size:Large,Medium,Small,X-Large,X-Small,XX-Large",Nan,999,No Discount,Westernwear-Women
3843,Is.u,Womens snake print trousers - multi,"Size:28,30,32,34","Rs
1799",899,50% off,Westernwear-Women
3844,Kraus,Solid lyocell scoop neck womens slim dress - baby pink,"Size:Large,Medium,Small","Rs
1895",1326,30% off,Westernwear-Women
3845,Only,Solid viscose collar neck womens casual shirt - red,"Size:34,36,38,40,42","Rs
2499",1749,30% off,Westernwear-Women
3846,Crimsoune club,Womens yellow printed top - yellow,"Size:Large,Medium,Small,X-Large,XX-Large","Rs
1399",979,30% off,Westernwear-Women
3847,Life,Printed rayon round neck womens regular fit top - mustard,"Size:Large,Medium,Small,X-Large,X-Small","Rs
699",349,50% off,Westernwear-Women
3848,And,Solid acrylic v- neck women regular tops - blue mix light,"Size:8,10,12,14,16,18","Rs
2299",1149,50% off,Westernwear-Women
3849,Latin quarters,Dyed round neck polyester womens regular knit top - black,"Size:S,M,L,XL","Rs
1799",1259,30% off,Westernwear-Women
3850,Vero moda,Solid cotton collared womens  shirts - yellow,"Size:Large,Medium,Small,X-Large,X-Small","Rs
2799",1959,30% off,Westernwear-Women
3851,Life,Solid tencel collar neck womens regular fit dress - mid blue,"Size:Large,Medium,Small,X-Large,X-Small","Rs
1899",949,50% off,Westernwear-Women
3852,Iti,Womens solid sleeveless boat neck fit and flare maxi dress - blue,"Size:Small,X-Large,X-Small",Nan,2999,No Discount,Westernwear-Women
3853,Is.u,Womens black high neck crop top - black,Size:XX-Large,"Rs
2190",1095,50% off,Westernwear-Women
3854,Zink london,Printed rayon shirt collar womens straight fit top - white,Size:X-Large,"Rs
1599",639,60% off,Westernwear-Women
3855,And,Solid polyester square neck womens regular dress - green,"Size:8,14,16","Rs
1899",1234,35% off,Westernwear-Women
3856,Allen solly,Printed polyester v-neck womens top - navy,"Size:X-Large,XX-Large","Rs
1499",899,40% off,Westernwear-Women
3857,Van heusen,Checks regular fit cotton polyester womens pants - white,Size:26,"Rs
1999",799,60% off,Westernwear-Women
3858,Infuse,Printed rayon full length womens loungewear pyjama - navy,"Size:30,32","Rs
799",319,60% off,Westernwear-Women
3859,And,Floral round neck polyester womens straight top - sage,"Size:16,18","Rs
1599",1279,20% off,Westernwear-Women
3860,And,Womens round neck solid top - flash,"Size:8,10,12","Rs
2799",1119,60% off,Westernwear-Women
3861,Zink london,Printed round neck polyester womens dresses - blue,"Size:Small,X-Small","Rs
2899",899,69% off,Westernwear-Women
3862,Marie claire,Solid regular fit polyester womens casual pants - pink,Size:28,"Rs
2099",944,55% off,Westernwear-Women
3863,Faballey,Polka dots square neck crepe womens midi dress - brown,"Size:Large,Medium,Small,X-Large,X-Small","Rs
2200",1760,20% off,Westernwear-Women
3864,Latin quarters,Printed polyester womens regular blouse - brown,"Size:S,M,L,XL,XX-Large","Rs
1499",1049,30% off,Westernwear-Women
3865,Latin quarters,Dyed shawl neck 100% rayon womens casual shrug - blue,Size:S,"Rs
1599",499,69% off,Westernwear-Women
3866,Stop,Regular fit full length acrylic womens leggings - navy,"Size:Large,Medium,Small,X-Large,XX-Large","Rs
1299",649,50% off,Westernwear-Women
3867,Samshek,Printed v-neck polyester womens bodycon dress - multi,"Size:4X-Large,5X-Large,Large,Medium,Small,X-Large,X-Small,XX-Large,XX-Small,XXX-Large",Nan,3999,No Discount,Westernwear-Women
3868,Faballey,Floral georgette round neck womens maxi dress - black,Size:X-Large,"Rs
2800",1400,50% off,Westernwear-Women
3869,And,Solid polyester round neck womens regular dress - black,"Size:8,10,12,14,16","Rs
2699",2159,20% off,Westernwear-Women
3870,Latin quarters,Solid polyester womens regular blouse - grey,"Size:S,M,L,XL,XX-Large","Rs
1799",1259,30% off,Westernwear-Women
3871,Zink london,Printed round neck cotton blend womens sweatshirt - white,"Size:Large,Medium,X-Large","Rs
1999",799,60% off,Westernwear-Women
3872,Faballey,Polka dots halter neck mesh womens mini dress - blue,"Size:Large,Medium,Small,X-Large,X-Small","Rs
2200",1760,20% off,Westernwear-Women
3873,Spykar,Heavy wash polyester cotton regular fit womens jeans - dark blue,"Size:26,28,30,32,34,36","Rs
2299",1609,30% off,Westernwear-Women
3874,Is.u,Floral cotton square neck womens regular top - pink,Size:X-Small,"Rs
2190",1095,50% off,Westernwear-Women
3875,Zink z,Typographic cotton round neck womens t-shirt - black,"Size:Large,Medium,Small,X-Large,X-Small",Nan,1499,No Discount,Westernwear-Women
3876,Vero moda,Textured cotton round neck womens dress - green,"Size:Large,Medium,Small,X-Large,X-Small","Rs
3499",2449,30% off,Westernwear-Women
3877,Jealous 21,Solid round neck cotton womens regular top - orange,"Size:Large,Medium,Small,X-Large",Nan,1199,No Discount,Westernwear-Women
3878,Insense,Womens  round neck  printed t-shirt - pink,"Size:Medium,Small","Rs
399",199,50% off,Westernwear-Women
3879,And,Solid acrylic round neck womens straight top - red,"Size:8,10,12,14,16,18","Rs
2699",1349,50% off,Westernwear-Women
3880,Spykar,Regular fit regular cotton lycra womens jeans - light blue,"Size:26,28,30,32,34","Rs
2599",1819,30% off,Westernwear-Women
3881,And,Solid shirt collar womens peplum top - white,Size:16,"Rs
1699",849,50% off,Westernwear-Women
3882,And,Women v-neck floral fit and flare dress - yellow,Size:8,"Rs
3999",1999,50% off,Westernwear-Women
3883,Sera,Floral sweetheart neck polyester womens regular dress - pink,"Size:Medium,X-Large","Rs
2498",999,60% off,Westernwear-Women
3884,And,Solid cotton round neck womens regular dress - black,"Size:8,10","Rs
4099",3689,10% off,Westernwear-Women
3885,Only,Solid polyester round neck womens t-shirt - green,"Size:Large,Medium,Small,X-Large,X-Small","Rs
1299",779,40% off,Westernwear-Women
3886,Infuse,Skinny fit ankle length cotton lycra womens jeans - ice,"Size:26,28,30","Rs
999",499,50% off,Westernwear-Women
3887,Kraus,Stripes rayon v neck womens tops - peach,"Size:Medium,Small","Rs
1299",1169,10% off,Westernwear-Women
3888,Fratini,Embroidered viscose round neck womens regular fit top - navy,"Size:Large,Medium,Small,X-Large,XX-Large","Rs
1299",649,50% off,Westernwear-Women
3889,Zink london,Stripes cotton round neck womens flared dress - white,"Size:Large,Medium,Small,X-Large,X-Small","Rs
2399",1439,40% off,Westernwear-Women
3890,And,Solid shirt collar polyester womens workwear dress - navy,"Size:8,10,12,16","Rs
2299",1149,50% off,Westernwear-Women
3891,Indya,Printed nylon regular fit womens festive wear shrug - blue,"Size:Large,Medium,Small,X-Large,X-Small,XX-Large","Rs
1200",600,50% off,Westernwear-Women
3892,Vero moda,Solid polyester boat neck womens dress - brown,"Size:Large,Medium,Small,X-Large,X-Small","Rs
3799",2659,30% off,Westernwear-Women
3893,Zink london,Printed tie-up neck polyester womens dresses - blue,"Size:Large,Medium,Small,X-Large,X-Small,XX-Large","Rs
2399",959,60% off,Westernwear-Women
3894,Vero moda,Solid linen slim fit womens pants - blue,"Size:Large,Medium,Small,X-Large,X-Small","Rs
3499",2799,20% off,Westernwear-Women
3895,Altlife,Printed relaxed fit viscose blend womens active wear t-shirt - nude,"Size:Large,Medium,Small,X-Large,X-Small,XX-Large","Rs
599",299,50% off,Westernwear-Women
3896,Adidas,Printed cotton round neck womens t-shirt - white,"Size:Large,Medium,Small,X-Large,X-Small","Rs
1499",1049,30% off,Westernwear-Women
3897,Juniper,Ethnic motifs round neck cambric womens anarkali dresses - indigo,"Size:Large,Medium,Small,X-Large,XX-Large","Rs
2999",1349,55% off,Westernwear-Women
3898,Rare,Stripes 3/4th sleeves polyester womens full length jumpsuit - maroon,"Size:Large,Medium,Small,X-Large","Rs
1999",899,55% off,Westernwear-Women
3899,Rare,Printed choker neck polyester womens a-line dress - yellow,"Size:Large,Small,X-Large","Rs
1999",899,55% off,Westernwear-Women
3900,Rare,Wide fit ankle length length polyester womens trousers - maroon,"Size:Large,Medium,Small,X-Large","Rs
1999",899,55% off,Westernwear-Women
3901,Kraus,Skinny fit full length cotton blend womens jeans - blue,"Size:30,32","Rs
1895",947,50% off,Westernwear-Women
3902,And,Floral v-neck womens peplum top - blue mix light,Size:8,"Rs
1899",949,50% off,Westernwear-Women
3903,Global desi,Womens stripes na fit and flare pants - black,"Size:Medium,Small,X-Small","Rs
1999",599,70% off,Westernwear-Women
3904,And,Floral polyester square neck womens peplum top - sage,Size:8,"Rs
1999",1399,30% off,Westernwear-Women
3905,Latin quarters,Dyed rayon shirt collar womens blouson blouse - black,Size:S,"Rs
1399",499,64% off,Westernwear-Women
3906,Zink london,Printed polyester womens shift dress - navy,Size:X-Small,"Rs
2399",959,60% off,Westernwear-Women
3907,Zink london,Checks notched collar rayon womens a-line dress - white,Size:Large,"Rs
2399",699,71% off,Westernwear-Women
3908,Iti,Womens solid sleeveless boat neck fit and flare maxi dress - maroon,Size:X-Small,Nan,3499,No Discount,Westernwear-Women
3909,Vero moda,Solid cotton collared womens  shirts - white,"Size:Large,Medium,Small,X-Large,X-Small","Rs
2799",1959,30% off,Westernwear-Women
3910,Stop,Printed polyester regular neck womens regular top - navy,"Size:Large,Medium,Small,X-Large,X-Small,XX-Large",Nan,799,No Discount,Westernwear-Women
3911,Emblaze,Womens box pleated gown - black,"Size:Large,Medium,Small,X-Large,X-Small,XX-Large",Nan,5000,No Discount,Westernwear-Women
3912,Adidas,Regular fit polyester womens casual shorts - black,"Size:Large,Medium,X-Large","Rs
2699",1889,30% off,Westernwear-Women
3913,Latin quarters,Dyed rayon womens regular blouse - black,"Size:S,M,L,X-Small","Rs
1399",979,30% off,Westernwear-Women
3914,And,Solid cotton round neck womens dress - white,"Size:8,10,12,16",Nan,2499,No Discount,Westernwear-Women
3915,Crimsoune club,Womens slim fit solid shirt - blue,"Size:Large,Medium,Small,X-Large,XX-Large","Rs
1499",749,50% off,Westernwear-Women
3916,Life,Solid polyester blend v-neck womens a-line dress - sage,"Size:Large,Medium,Small,X-Large,X-Small","Rs
1299",649,50% off,Westernwear-Women
3917,Stop,Stripes viscose blend regular neck womens regular dress - olive,"Size:Large,Medium,Small,X-Large,X-Small,XX-Large",Nan,1499,No Discount,Westernwear-Women
3918,Faballey,Textured round neck polyester blend womens regular dress - pink,"Size:Large,Medium,Small,X-Large","Rs
2600",2080,20% off,Westernwear-Women
3919,Van heusen,Solid polyester regular fit womens pants - black,"Size:26,28,30,32,34","Rs
2199",1499,32% off,Westernwear-Women
3920,Kraus,Clean look cotton blend skinny fit womens jeans - white,"Size:28,30,32,34,36,38","Rs
1895",1705,10% off,Westernwear-Women
3921,Zink london,Animal print rayon round neck womens top - black,"Size:Large,Medium,Small,X-Large,XX-Large","Rs
1699",1019,40% off,Westernwear-Women
3922,Fratini,Embroidered cotton round neck womens t-shirt - blush,"Size:Large,Medium,Small,X-Large,XX-Large",Nan,999,No Discount,Westernwear-Women
3923,Faballey,Solid georgette round neck womens comfort fit top - pink,"Size:Large,Small,X-Large","Rs
1200",600,50% off,Westernwear-Women
3924,Spykar,Regular fit regular cotton womens jeans - white,"Size:26,28,30,32,34,36","Rs
2899",2029,30% off,Westernwear-Women
3925,Zink london,Solid cotton blend regular fit womens pants - blue,"Size:Large,Medium,Small,X-Large","Rs
2399",1439,40% off,Westernwear-Women
3926,Zink london,Printed round neck polyester womens dresses - green,"Size:Large,Medium,Small,X-Large,X-Small,XX-Large","Rs
2499",999,60% off,Westernwear-Women
3927,Life,Printed collared neck rayon womens casual shirt - pink,"Size:Large,Medium,Small,X-Large,X-Small","Rs
699",349,50% off,Westernwear-Women
3928,Rare,Three quarter sleeves regular fit womens casual top - black,"Size:Large,Medium,Small,X-Large","Rs
1699",764,55% off,Westernwear-Women
3929,Global desi,Womens ethnic motifs round neck straight fit top - rust,"Size:XL,Large,Medium,Small,X-Small,XX-Large","Rs
1499",449,70% off,Westernwear-Women
3930,Kraus,Regular fit above knee cotton womens casual shorts - black,Size:28,"Rs
1295",647,50% off,Westernwear-Women
3931,Samshek,Printed v-neck polyester womens regular dress - black,Size:XX-Small,Nan,2999,No Discount,Westernwear-Women
3932,And,Striped v-neck cotton blend womens straight dress - black mix,Size:8,"Rs
2499",1249,50% off,Westernwear-Women
3933,Zink london,Solid notched polyester womens casual jacket - green,"Size:X-Large,X-Small","Rs
2499",999,60% off,Westernwear-Women
3934,Madame,Womens fitted solid round neck sweatshirt - blush,Size:X-Large,"Rs
1899",1139,40% off,Westernwear-Women
3935,Juniper,Floral v-neck womens flared anarkali dresses & dupatta set - aqua,"Size:Small,X-Large,XX-Large","Rs
4899",1714,65% off,Westernwear-Women
3936,Life,Solid regular neck acrylic womens cardigan - black,"Size:Large,Medium,Small,X-Small","Rs
1999",999,50% off,Westernwear-Women
3937,And,Floral rayon collar neck womens straight dress - white,"Size:8,10,12,14,16","Rs
2699",2159,20% off,Westernwear-Women
3938,Zink london,Solid viscose round neck womens top - yellow,"Size:Large,Medium,Small,X-Large,X-Small,XX-Large","Rs
1699",1019,40% off,Westernwear-Women
3939,Enamor,Womens athleisure swing tank top - olive,"Size:XL,Large,Medium,Small","Rs
499",349,30% off,Westernwear-Women
3940,Fratini,Printed viscose womens regular fit woven top - navy,"Size:Large,Medium,Small,XX-Large","Rs
899",449,50% off,Westernwear-Women
3941,Stop,Womens textured knee length winter wear tunic - teal_green,"Size:Large,Medium,Small,X-Large,XX-Large","Rs
1499",749,50% off,Westernwear-Women
3942,And,Striped v-neck polyester womens dress - multi,"Size:8,10,12,14,16","Rs
2799",1399,50% off,Westernwear-Women
3943,Forever new,Floral linen square neck womens top - print,"Size:6,8,10,12",Nan,4600,No Discount,Westernwear-Women
3944,Kraus,Stripes polyester round neck womens regular t-shirt - black,Size:Medium,"Rs
899",449,50% off,Westernwear-Women
3945,Life,Printed cotton round neck womens sweatshirt - fuschia,"Size:Large,Medium,Small,X-Large,X-Small","Rs
799",399,50% off,Westernwear-Women
3946,Zink z,Solid cotton blend sweetheart neck womens crop top - pink,"Size:Large,Medium,Small,X-Large,X-Small",Nan,899,No Discount,Westernwear-Women
3947,Forever new,Printed viscose square neck womens top - blush,"Size:8,10,12","Rs
4600",3220,30% off,Westernwear-Women
3948,Allen solly,Womens solid jeggings - maroon,"Size:28,30,32,34","Rs
999",599,40% off,Westernwear-Women
3949,Vero moda,Stripes round neck cotton womens knits knit top - blue,"Size:Large,Medium,Small,X-Large,X-Small","Rs
2299",1839,20% off,Westernwear-Women
3950,Van heusen,Solid polyester v neck womens shirt - pink,"Size:Large,Medium,Small,X-Large,X-Small",Nan,1999,No Discount,Westernwear-Women
3951,Infuse,Loose fit ankle length cotton terry womens athleisure joggers - black,Size:30,"Rs
999",499,50% off,Westernwear-Women
3952,Kraus,Skinny fit full length cotton blend womens jeans - dark blue,Size:38,"Rs
1895",947,50% off,Westernwear-Women
3953,Only,Printed cotton round neck womens t-shirt - white,"Size:Large,Medium,Small,X-Large,X-Small","Rs
1799",1079,40% off,Westernwear-Women
3954,And,Stripes cotton collar neck womens straight top - blue,"Size:8,10,12,14,16","Rs
1699",1359,20% off,Westernwear-Women
3955,Kraus,Womens tie up neck lace top - peach,Size:X-Large,"Rs
1299",649,50% off,Westernwear-Women
3956,Enamor,Cotton activewear womens track pants - ether,"Size:XL,Large,Medium,Small",Nan,1599,No Discount,Westernwear-Women
3957,Only,Placement print cotton crew neck womens t-shirt - pink,"Size:Large,Medium,Small,X-Small","Rs
999",499,50% off,Westernwear-Women
3958,Van heusen,Printed polyester round neck womens top - turquoise,"Size:Large,Medium,Small,X-Large,X-Small",Nan,1699,No Discount,Westernwear-Women
3959,Vero moda,Solid cotton round neck womens casual shirt - black,"Size:Large,Medium,Small,X-Large,X-Small","Rs
2999",1799,40% off,Westernwear-Women
3960,Cover story,Solid round neck nylon mettal fiber elastane womens party dress - lilac,Size:Medium,"Rs
3490",1745,50% off,Westernwear-Women
3961,Levis,Skinny fit regular cotton blend womens jeans - dk indigo,"Size:26,28,30,32,34",Nan,2799,No Discount,Westernwear-Women
3962,Levis,Solid cotton regular fit womens casual shorts - white,"Size:Large,Medium,Small,X-Small",Nan,2499,No Discount,Westernwear-Women
3963,Allen solly,Solid viscose round neck womens t-shirt - orange,"Size:Large,Medium,Small,X-Large,X-Small,XX-Large","Rs
1599",999,38% off,Westernwear-Women
3964,Crimsoune club,Womens slim fit printed shirt - red,"Size:Large,Medium,Small,X-Large,XX-Large","Rs
1299",1039,20% off,Westernwear-Women
3965,Infuse,Printed rayon v neck womens strappy midi dress - yellow,"Size:Large,Medium,Small,X-Large,X-Small,XX-Large","Rs
1599",799,50% off,Westernwear-Women
3966,Latin quarters,Dyed nylon womens regular knit top - black,"Size:S,M,L,XL,XX-Large",Nan,1650,No Discount,Westernwear-Women
3967,Kraus,Skinny ankle length cotton womens jeans - grey,"Size:28,30,32,34,36,38","Rs
1795",1256,30% off,Westernwear-Women
3968,And,Solid viscose rayon mandarin collar womens straight top - sage,Size:8,"Rs
1799",899,50% off,Westernwear-Women
3969,Allen solly,Solid cotton womens casual t-shirt - mid blue,"Size:Large,Medium,Small,X-Large,X-Small,XX-Large","Rs
1299",779,40% off,Westernwear-Women
3970,Only,Solid polyester womens casual top - green,"Size:34,36,38,40,42","Rs
4299",2149,50% off,Westernwear-Women
3971,Fratini,Printed round neck cotton blend womens sweatshirt - black,"Size:Large,Medium,Small,X-Large,XX-Large","Rs
1299",649,50% off,Westernwear-Women
3972,Zink london,Solid polyester womens straight fit top - peach,"Size:Large,Medium,Small","Rs
1499",499,67% off,Westernwear-Women
3973,Zink london,Solid cotton high neck womens top - blue,"Size:Large,Medium,Small,X-Large","Rs
1899",1139,40% off,Westernwear-Women
3974,Stop,Solid polyester round neck womens regular fit dress - navy,"Size:Large,Medium,Small,X-Large,XX-Large","Rs
1499",749,50% off,Westernwear-Women
3975,Faballey,Solid round neck georgette womens a-line dress - pink,"Size:Medium,X-Small","Rs
1950",975,50% off,Westernwear-Women
3976,Crimsoune club,Regular knee length leather womens casual wear skirt - black,"Size:Large,Medium",Nan,2299,No Discount,Westernwear-Women
3977,And,Solid cotton round neck womens regular dress - multi,Size:10,"Rs
2799",1959,30% off,Westernwear-Women
3978,Iti,Womens olive high low shirt - green,"Size:Large,Small",Nan,1899,No Discount,Westernwear-Women
3979,Zink london,Structured round neck polyester womens dresses - green,"Size:Small,X-Small","Rs
2499",999,60% off,Westernwear-Women
3980,Zink london,Solid polyester womens a-line top - pink,Size:X-Small,"Rs
1599",639,60% off,Westernwear-Women
3981,Zink london,Solid rayon blend square neck womens straight fit top - red,"Size:Large,Medium,X-Large","Rs
1499",599,60% off,Westernwear-Women
3982,Jealous 21,Solid cotton collar neck womens casual jacket - indigo,"Size:Large,Medium,Small,X-Large",Nan,2499,No Discount,Westernwear-Women
3983,Samshek,Solid sleeveless polyester womens ankle length jumpsuit - blue,"Size:4X-Large,5X-Large,Large,Medium,Small,X-Large,X-Small,XX-Large,XXX-Large","Rs
2980",1490,50% off,Westernwear-Women
3984,Jealous 21,Skinny fit above knee denim womens casual shorts - blue,"Size:26,28,30,32,34",Nan,1599,No Discount,Westernwear-Women
3985,Life,Printed cotton round neck womens regular fit top - navy,"Size:Large,Medium,Small,X-Large,X-Small","Rs
699",349,50% off,Westernwear-Women
3986,Life,Skinny fit ankle length cotton lycra womens jeans - indigo,"Size:26,28,30,32,34,36","Rs
1499",749,50% off,Westernwear-Women
3987,Life,Printed rayon round neck womens regular fit top - black,"Size:Large,Medium,Small,X-Large,X-Small","Rs
699",349,50% off,Westernwear-Women
3988,Allen solly,Solid cotton regular fit womens shorts - mid blue,"Size:26,28,30,32,34,36","Rs
1199",799,33% off,Westernwear-Women
3989,Vero moda,Dark wash cotton straight fit womens jeans - mid blue,"Size:34,36,38,40","Rs
3799",2659,30% off,Westernwear-Women
3990,Lovegen,Solid viscose blend round neck womens t-shirt - light blue,"Size:Large,Medium,Small,X-Large","Rs
1120",448,60% off,Westernwear-Women
3991,Faballey,Solid georgette square neck womens straight fit top - yellow,"Size:Small,X-Large,X-Small","Rs
1200",600,50% off,Westernwear-Women
3992,Life,Solid cotton womens regular fit top - indigo,"Size:Large,Medium,Small,X-Large,X-Small","Rs
1199",599,50% off,Westernwear-Women
3993,Only,Over-sized fit regular cotton womens jeans - black,"Size:25,26,27,28,29,30,31,32,33,34","Rs
3699",2589,30% off,Westernwear-Women
3994,Madame,Graphic cotton blend round neck womens regular top - pink,"Size:Large,Medium,Small,X-Large,XX-Large","Rs
999",699,30% off,Westernwear-Women
3995,Proline,Cotton regular fit womens track pants - black,"Size:Large,Medium,Small,X-Large","Rs
1399",979,30% off,Westernwear-Women
3996,Forever new,Floral linen sweetheart neck womens top - print,"Size:6,8,10,12",Nan,4600,No Discount,Westernwear-Women
3997,Vero moda,Textured nylon round neck womens top - purple,"Size:Large,Medium,Small,X-Large,X-Small",Nan,2299,No Discount,Westernwear-Women
3998,Fratini,Solid regular fit lace womens midi dress - black,"Size:Large,Medium,Small,X-Large,XX-Large",Nan,1299,No Discount,Westernwear-Women
3999,Forever new,Floral viscose square neck womens top - print,"Size:4,6,8,10,12",Nan,4000,No Discount,Westernwear-Women
4000,Vero moda,Textured cotton round neck womens shirt - blue,"Size:Large,Medium,Small,X-Large,X-Small","Rs
2999",2399,20% off,Westernwear-Women
4001,Faballey,Solid georgette square neck womens top - pink,"Size:Large,Medium,Small,X-Large","Rs
1600",1280,20% off,Westernwear-Women
4002,Pepe,Regular fit ankle length denim mens jeans - mid used,"Size:28,30,34","Rs
2599",1559,40% off,Westernwear-Women
4003,W,Printed sleeveless viscose womens full length jumpsuit - pink,"Size:6,8,10,12,14,16,18",Nan,3799,No Discount,Westernwear-Women
4004,Van heusen,Solid viscose regular fit womens pants - off white,"Size:26,28,30,32,34","Rs
1699",1499,12% off,Westernwear-Women
4005,Kraus,Womens solid treggings - shocking pink,"Size:28,30,32,34","Rs
1595",797,50% off,Westernwear-Women
4006,Life,Solid polyester blend round neck womens regular t-shirt - olive,"Size:Large,Medium,Small,X-Large,X-Small","Rs
999",499,50% off,Westernwear-Women
4007,Pepe,Graphic cotton blend round neck womens t-shirt - light brown,"Size:Large,Medium,Small,X-Large","Rs
1699",1019,40% off,Westernwear-Women
4008,Stop,Printed polyester regular fit womens regular top - white,"Size:Large,Medium,Small,X-Large,X-Small,XX-Large",Nan,1299,No Discount,Westernwear-Women
4009,Zink london,Solid polyester v neck womens wrap top - red,"Size:Large,Medium,Small,X-Large,X-Small","Rs
1599",959,40% off,Westernwear-Women
4010,Zink london,Solid polyester womens casual shirt - black,"Size:Large,Medium,Small,X-Large,XX-Large","Rs
1599",639,60% off,Westernwear-Women
4011,Vero moda,Textured viscose square neck womens top - orange,"Size:Large,Medium,Small,X-Large,X-Small","Rs
2599",1819,30% off,Westernwear-Women
4012,And,Checks round neck polyester womens flared dress - grey,"Size:8,10,12,14,16,18","Rs
2499",1249,50% off,Westernwear-Women
4013,Fratini,Printed viscose round neck womens t-shirt - lilac,"Size:Large,Medium,Small,X-Large,XX-Large","Rs
699",349,50% off,Westernwear-Women
4014,Stop,Solid viscose regular fit womens formal shirt - white,"Size:Large,Medium,Small,X-Large,X-Small,XX-Large",Nan,1299,No Discount,Westernwear-Women
4015,Latin quarters,Solid viscose blend round neck womens regular top - black,"Size:S,M,L,X-Small","Rs
1599",799,50% off,Westernwear-Women
4016,Latin quarters,Solid collar neck cotton womens dress - brown,"Size:S,M,L,X-Small","Rs
2299",799,65% off,Westernwear-Women
4017,Zink london,Printed polyester high neck womens casual wear dresses - yellow,"Size:Large,Medium,Small","Rs
2899",1159,60% off,Westernwear-Women
4018,Life,Printed viscose round neck womens regular top - sage,"Size:Large,Medium,Small,X-Large,X-Small","Rs
999",499,50% off,Westernwear-Women
4019,Insense,Embroidered cotton round neck womens regular fit top - navy,"Size:Large,Medium,Small,X-Large,X-Small","Rs
499",249,50% off,Westernwear-Women
4020,Madame,Solid round neck cotton blend womens casual wear shrug - orange,"Size:Large,Medium,Small,X-Large","Rs
1599",959,40% off,Westernwear-Women
4021,And,Floral linen v-neck womens straight top - lemon,Size:8,"Rs
1899",949,50% off,Westernwear-Women
4022,Forever new,Solid cotton collar neck womens dress - blue,"Size:6,8,10","Rs
6000",4200,30% off,Westernwear-Women
4023,Zink london,Womens loose fit striped pants - black,Size:X-Small,"Rs
1899",499,74% off,Westernwear-Women
4024,Faballey,Solid georgette halter neck womens maxi dress - green,"Size:Small,X-Large","Rs
2400",1200,50% off,Westernwear-Women
4025,Kraus,Solid cotton blend collared neck womens regular fit top - blue,Size:Medium,"Rs
1049",524,50% off,Westernwear-Women
4026,Crimsoune club,Printed poly cotton round neck womens t-shirt - red,"Size:Large,Medium,X-Large","Rs
899",449,50% off,Westernwear-Women
4027,Zink london,Solid rayon blend womens shift dress - navy,Size:Medium,"Rs
2499",999,60% off,Westernwear-Women
4028,And,Floral polyester collar neck womens top - mint,Size:14,"Rs
1999",999,50% off,Westernwear-Women
4029,Life,Printed round neck cotton womens regular fit top - black,"Size:Small,X-Small","Rs
599",299,50% off,Westernwear-Women
4030,Vero moda,Printed viscose regular womens casual wear pants - natural,"Size:Large,Medium,Small,X-Large,X-Small","Rs
2799",1399,50% off,Westernwear-Women
4031,Sera,Printed halter neck viscose womens two piece dress - yellow,"Size:Large,Medium,Small,X-Large","Rs
1694",847,50% off,Westernwear-Women
4032,Vero moda,Cotton slim fit womens jeans - black,"Size:26,27,28,29,30,31,32,33,34","Rs
3799",2659,30% off,Westernwear-Women
4033,Life,Solid regular neck polyester womens winter wear jacket - black,"Size:Large,Medium,Small,X-Large,X-Small","Rs
2499",1249,50% off,Westernwear-Women
4034,Iti,Womens pink tieup dress - pink,"Size:Medium,Small,X-Small",Nan,1999,No Discount,Westernwear-Women
4035,Levis,Printed full sleeves cotton womens regular jacket - indigo,"Size:Large,Medium,Small,X-Small",Nan,3999,No Discount,Westernwear-Women
4036,Latin quarters,Solid round neck polyester womens regular dress - grey,Size:M,"Rs
1999",999,50% off,Westernwear-Women
4037,Madame,Solid denim regular fit womens jeans - black,"Size:30,32",Nan,2399,No Discount,Westernwear-Women
4038,Life,Printed rayon round neck womens regular fit top - blush,"Size:Large,Medium,Small,X-Large,X-Small","Rs
699",349,50% off,Westernwear-Women
4039,Faballey,Regular fit regular length poly blend womens jeggings - purple,"Size:Large,Medium,Small","Rs
2100",1680,20% off,Westernwear-Women
4040,And,Solid polyester round neck womens straight top - navy,"Size:8,10,18","Rs
2799",1399,50% off,Westernwear-Women
4041,Dolce crudo,Womens regular fit are we lost twill turner jeans blue - blue,"Size:26,28,32,34","Rs
2349",1057,55% off,Westernwear-Women
4042,Dolce crudo,Solid full sleeves fleece and rib womens regular jacket - black,"Size:Large,Medium,Small,X-Large,X-Small","Rs
2995",1198,60% off,Westernwear-Women
4043,Madame,Solid cotton mandarin womens regular top - black,"Size:Large,Medium,Small,X-Large,XX-Large",Nan,899,No Discount,Westernwear-Women
4044,Fratini,Solid viscose blend square neck womens a-line dress - pink,"Size:Large,Medium,Small,X-Large,XX-Large",Nan,1999,No Discount,Westernwear-Women
4045,Only,Solid cotton round neck womens casual shirt - white,"Size:Medium,Small,X-Large,X-Small","Rs
2299",1379,40% off,Westernwear-Women
4046,Latin quarters,Solid polyester womens regular knit top - natural,"Size:S,M,L,XL,X-Small","Rs
1399",979,30% off,Westernwear-Women
4047,And,Stripes v-neck womens fit & flare top - pink,Size:8,"Rs
1699",849,50% off,Westernwear-Women
4048,Zink london,Printed polyester womens fit and flare dress - red,"Size:Large,Medium,Small,X-Large","Rs
2999",1199,60% off,Westernwear-Women
4049,Faballey,Textured georgette high neck womens regular top - black,"Size:Large,Medium,Small,X-Large,X-Small","Rs
1600",1280,20% off,Westernwear-Women
4050,Vero moda,Solid polyester high neck womens  tops - fuschia,"Size:Large,Medium,Small,X-Large,X-Small","Rs
2299",1839,20% off,Westernwear-Women
4051,Only,Solid polyester v neck womens t-shirt - white,"Size:Large,Medium,Small,X-Small","Rs
1999",1399,30% off,Westernwear-Women
4052,Life,Printed polyester round neck womens regular t-shirt - pink,"Size:Large,Small,X-Large,X-Small,XX-Large","Rs
499",249,50% off,Westernwear-Women
4053,Van heusen,Printed viscose round neck womens dress - mustard,"Size:Large,Medium,Small,X-Large,X-Small","Rs
3299",1499,55% off,Westernwear-Women
4054,Life,Women cotton regular sleepwear - multi,"Size:Large,Medium,Small,X-Small","Rs
1199",599,50% off,Westernwear-Women
4055,Zink london,Floral polyester off shoulder womens blouson top - blue,"Size:Large,Small,X-Large","Rs
1399",839,40% off,Westernwear-Women
4056,Latin quarters,Printed surplice neck polyester womens regular dress - orange,"Size:S,XL","Rs
2499",1249,50% off,Westernwear-Women
4057,Life,Solid regular fit rayon womens casual pants - black,"Size:26,28,30,32,34","Rs
1499",749,50% off,Westernwear-Women
4058,Zink london,Printed polyester square neck womens dress - pink,"Size:Large,Medium,X-Large,XX-Large","Rs
2399",1439,40% off,Westernwear-Women
4059,And,Self design rayon shirt collar womens woven top - blue,"Size:8,10,12,14,16","Rs
1899",949,50% off,Westernwear-Women
4060,Life,Embroidered round neck cotton lycra womens silhouette top - mint,"Size:Large,Medium,Small,X-Large,X-Small","Rs
699",349,50% off,Westernwear-Women
4061,Emblaze,Solid regular fit viscose womens casual pants - olive,"Size:Large,Medium,Small,X-Small",Nan,2000,No Discount,Westernwear-Women
4062,Zink london,Textured polyester v neck womens top - pink,"Size:Large,Medium,Small,X-Large,X-Small","Rs
1599",959,40% off,Westernwear-Women
4063,Altlife,Printed cotton blend regular neck womens t-shirt - lilac,"Size:Large,Medium,Small,X-Large,X-Small,XX-Large","Rs
499",249,50% off,Westernwear-Women
4064,Van heusen,Printed modal round neck womens dress - pink,"Size:Large,Medium,Small,X-Large,X-Small","Rs
3499",1499,57% off,Westernwear-Women
4065,Crimsoune club,Printed y neck lyocell womens dresses - white,"Size:Large,Medium,Small,X-Large,XX-Large","Rs
1699",1019,40% off,Westernwear-Women
4066,And,Solid acrylic round neck womens straight top - black,"Size:10,12,14","Rs
3299",1649,50% off,Westernwear-Women
4067,Sera,Printed sweetheart neck polyester womens bodycon dress - red,"Size:Large,Medium,Small,X-Large","Rs
1294",582,55% off,Westernwear-Women
4068,Latin quarters,Solid 100% rayon round neck womens blouson casual top - yellow,"Size:S,L","Rs
1499",499,67% off,Westernwear-Women
4069,Zink london,Printed rayon womens regular top - blue,"Size:Large,X-Large","Rs
1499",599,60% off,Westernwear-Women
4070,Only,Placement print cotton womens t-shirt - yellow,"Size:Large,Medium,Small,X-Large,X-Small","Rs
1299",779,40% off,Westernwear-Women
4071,Faballey,Solid viscose womens regular dress - green,Size:Medium,"Rs
1900",950,50% off,Westernwear-Women
4072,Zink london,Printed rayon womens fit and flare dress - multi,"Size:Medium,Small","Rs
2999",1199,60% off,Westernwear-Women
4073,Madame,Denim fabric skinny fit womens jeans - grey,"Size:28,32","Rs
2599",1299,50% off,Westernwear-Women
4074,Lovegen,Skinny fit ankle length cottonwomens jeans - dark blue,Size:34,"Rs
1999",1199,40% off,Westernwear-Women
4075,And,Solid viscose womens regular jumpsuits - pink,"Size:8,10,12,14","Rs
3099",2479,20% off,Westernwear-Women
4076,Madame,Solid polyester collared neck womens regular fit top - black,"Size:Medium,Small,XX-Large","Rs
1999",999,50% off,Westernwear-Women
4077,Vero moda,Solid polyester round neck womens top - natural,"Size:Large,Medium,Small,X-Large,X-Small","Rs
2999",2099,30% off,Westernwear-Women
4078,Levis,Regular fit regular length cotton polyester womens jeans - dk indigo,"Size:26,28,30,32,34",Nan,2399,No Discount,Westernwear-Women
4079,Vero moda,Printed short sleeves polyester womens above knee playsuits - pink,"Size:Large,Medium,Small,X-Large,X-Small","Rs
2499",1499,40% off,Westernwear-Women
4080,Only,Flare fit ankle length cotton womens jeans - blue,"Size:Large,Medium,Small,X-Large,X-Small","Rs
4299",3009,30% off,Westernwear-Women
4081,Stop,Printed polyester regular neck womens regular top - white,"Size:Large,Medium,Small,X-Large,XX-Large",Nan,799,No Discount,Westernwear-Women
4082,Vero moda,Light wash cotton straight fit womens jeans - blue,"Size:26,27,28,29,30,31,32,33,34","Rs
4299",3439,20% off,Westernwear-Women
4083,Allen solly,Printed rayon regular neck womens top - off white,"Size:Large,Medium,Small,X-Large,X-Small,XX-Large","Rs
1699",1499,12% off,Westernwear-Women
4084,Dolce crudo,Womens bodycon like us high neck dress mustard yellow - mustard,"Size:Large,Medium,Small,X-Large,X-Small","Rs
1699",764,55% off,Westernwear-Women
4085,Vero moda,Relaxed above knee cotton womens casual wear shorts - blue,"Size:Large,Medium,Small,X-Large,X-Small","Rs
2299",1609,30% off,Westernwear-Women
4086,Only,Colour block cotton womens sweatshirt - grey,"Size:Large,Medium,Small,X-Large,X-Small","Rs
2499",1249,50% off,Westernwear-Women
4087,Only,Stripes round neck polyester womens t-shirt - purple,"Size:Large,Medium,Small,X-Large,X-Small","Rs
1999",999,50% off,Westernwear-Women
4088,Vero moda,Stripes viscose v neck womens  tops - orange,"Size:Large,Medium,Small,X-Large,X-Small","Rs
2299",1379,40% off,Westernwear-Women
4089,Cover story,Solid cotton round neck womens sweatshirt - lilac,"Size:Large,Medium,Small,X-Large,X-Small","Rs
1890",945,50% off,Westernwear-Women
4090,Fratini,Solid viscose womens regular fit woven top - navy,"Size:Large,Medium,Small,X-Large,XX-Large","Rs
1299",649,50% off,Westernwear-Women
4091,Samshek,Solid polyester v-neck womens regular top - black,"Size:4X-Large,5X-Large,Large,Medium,Small,X-Large,X-Small,XX-Large,XX-Small,XXX-Large","Rs
1690",1352,20% off,Westernwear-Women
4092,Kraus,Solid cotton blend comfort fit womens joggers - fuchsia,"Size:28,30,32,34","Rs
1695",847,50% off,Westernwear-Women
4093,Faballey,Solid regular fit crepe womens casual pants - green,"Size:Large,Medium,Small,X-Large,X-Small","Rs
1950",1560,20% off,Westernwear-Women
4094,Van heusen,Printed polyester round neck womens top - pink,"Size:Large,Medium,Small,X-Large,X-Small","Rs
1999",999,50% off,Westernwear-Women
4095,And,Stripes viscose collar neck womens regular top - blue mix light,"Size:8,10,12,14,16","Rs
2099",1679,20% off,Westernwear-Women
4096,Only,Straight fit below knee viscose womens casual skirt - natural,"Size:34,36,38,40","Rs
2999",1799,40% off,Westernwear-Women
4097,Sera,Womens regular fit printed jumpsuit - black,"Size:Large,Medium,X-Large","Rs
1098",549,50% off,Westernwear-Women
4098,Crimsoune club,Printed round neck lyocell womens dresses - navy,"Size:Large,Medium,Small,X-Large,XX-Large","Rs
1699",1189,30% off,Westernwear-Women
4099,Only,Placement print cotton round neck womens t-shirt - white,"Size:Large,Medium,Small,X-Large,X-Small","Rs
1499",899,40% off,Westernwear-Women
4100,De moza,Dyed cotton womens casual wear shrug - off white,"Size:Large,Medium","Rs
1499",899,40% off,Westernwear-Women
4101,Forever new,Solid polyster high neck womens top - black,"Size:Medium,Small,X-Small","Rs
3800",1710,55% off,Westernwear-Women
4102,Crimsoune club,Womens cream printed shirt - cream,"Size:Large,Medium,Small,X-Large,XX-Large,XXX-Large","Rs
1399",1119,20% off,Westernwear-Women
4103,And,Printed viscose round neck womens top - peach,"Size:8,10,12,14,16,18","Rs
2499",1249,50% off,Westernwear-Women
4104,Life,Embroidered smoking collar cotton womens denim shirt - navy,"Size:Large,Medium,Small,X-Large,X-Small","Rs
1199",599,50% off,Westernwear-Women
4105,Only,Solid cotton womens top - black,"Size:34,36,38,40,42","Rs
2499",1749,30% off,Westernwear-Women
4106,Latin quarters,Printed polyester rayon lapel neck womens regular top - pink,"Size:S,M,L,XL,X-Small","Rs
1499",749,50% off,Westernwear-Women
4107,Kraus,Solid tencel collar neck womens casual wear shirt - light blue,"Size:Large,Medium,Small,X-Small","Rs
1299",1169,10% off,Westernwear-Women
4108,Rare,Colour blocked 3/4th sleeves polyester womens full length jumpsuit - mustard,"Size:Large,Medium,Small,X-Large","Rs
1999",899,55% off,Westernwear-Women
4109,Marie claire,Solid viscose rayon boat neck womens top - white,"Size:Large,Medium,Small","Rs
1699",849,50% off,Westernwear-Women
4110,And,Solid straight rayon women work wear trouser - blue mix light,"Size:26,28,30,32,34,36",Nan,2299,No Discount,Westernwear-Women
4111,Magre,Solid polyester blend v neck womens top - wine,"Size:Large,X-Small","Rs
1490",596,60% off,Westernwear-Women
4112,Global desi,Solid key hole neck womens tunic - pink,"Size:Medium,Small,X-Small","Rs
2799",1399,50% off,Westernwear-Women
4113,Zink london,Checks mandarin neck cotton womens shift dress - multi,Size:Small,"Rs
2199",879,60% off,Westernwear-Women
4114,Zink london,Womens v neck floral print flared dress - black,"Size:Small,X-Small","Rs
2299",699,70% off,Westernwear-Women
4115,Faballey,Solid cotton square neck womens tiered dress - red,Size:X-Small,"Rs
1950",975,50% off,Westernwear-Women
4116,Zink london,Printed polyester womens peplum dress - pink,Size:Large,"Rs
2299",699,70% off,Westernwear-Women
4117,Van heusen,Cotton slim fit womens athleisure t-shirt - shocking pink,"Size:Large,Medium,Small,X-Large,XX-Large",Nan,479,No Discount,Westernwear-Women
4118,Faballey,Solid v neck polyester blend womens regular dresses - pink,"Size:X-Large,XX-Large,XXX-Large","Rs
2100",1050,50% off,Westernwear-Women
4119,Fratini,Solid viscose round neck womens regular top - white,"Size:Large,Medium,Small,X-Large,XX-Large",Nan,1299,No Discount,Westernwear-Women
4120,Magre,Solid polyester blend regular fit womens casual pants - navy,"Size:Medium,Small,X-Small","Rs
2390",1434,40% off,Westernwear-Women
4121,Allen solly,Printed rayon regular neck womens top - yellow,"Size:Large,Medium,Small,X-Large,X-Small,XX-Large","Rs
1699",1499,12% off,Westernwear-Women
4122,Faballey,Solid key hole neck cotton womens boxy fit midi dress - blue,"Size:Small,X-Large","Rs
1900",950,50% off,Westernwear-Women
4123,Kraus,Solid cotton blend womens casual wear jacket - light olive,"Size:Large,Medium,Small,X-Large","Rs
2095",1047,50% off,Westernwear-Women
4124,Faballey,Printed georgette v neck womens regular dress - peach,"Size:Large,Medium,Small,X-Large,X-Small","Rs
1950",1560,20% off,Westernwear-Women
4125,Van heusen,Womens three quarter sleeved shirt - white,"Size:Large,Medium,Small,X-Large,X-Small",Nan,1499,No Discount,Westernwear-Women
4126,Enamor,Cotton blend womens active wear track pants - champagne,"Size:XL,Large,Medium,Small,XX-Large","Rs
1049",734,30% off,Westernwear-Women
4127,W,Printed sleeveless viscose womens full length jumpsuit - black,"Size:6,8,10,12,14,16,18",Nan,3799,No Discount,Westernwear-Women
4128,Vero moda,Printed v neck viscose womens midi dress - green,"Size:Large,Medium,Small,X-Large,X-Small","Rs
3499",2449,30% off,Westernwear-Women
4129,Insense,Half sleeves night wear womens t-shirt - pink,"Size:Medium,Small,X-Small","Rs
399",199,50% off,Westernwear-Women
4130,Dolce crudo,Womens better than ever patch denim joggers - blue,"Size:26,28,30,32,34","Rs
2349",1057,55% off,Westernwear-Women
4131,Vero moda,Printed viscose v neck womens dress - blue,"Size:Large,Medium,Small,X-Large,X-Small","Rs
2999",2099,30% off,Westernwear-Women
4132,Allen solly,Solid cotton v neck womens top - peach,"Size:Large,Medium,Small,X-Large,X-Small,XX-Large","Rs
1699",1019,40% off,Westernwear-Women
4133,And,Solid collar neck viscose womens flared dresses - yellow,"Size:8,10,12,14,16,18","Rs
2499",1999,20% off,Westernwear-Women
4134,Fratini,Printed cotton round neck womens t-shirt - butter,"Size:Large,Medium,Small,X-Large,XX-Large",Nan,699,No Discount,Westernwear-Women
4135,Enamor,Cotton activewear womens track pants - buff,"Size:XL,Large,Medium,Small",Nan,1499,No Discount,Westernwear-Women
4136,Only,Stripes round neck polyester womens t-shirt - pink,"Size:Large,Medium,Small,X-Large,X-Small","Rs
1999",999,50% off,Westernwear-Women
4137,Indya,Embroidered silk v neck womens regular top - maroon,"Size:Medium,Small","Rs
1700",850,50% off,Westernwear-Women
4138,Vero moda,Printed boat neck viscose womens top - cobalt,"Size:Large,Medium,Small,X-Large,X-Small","Rs
1799",1439,20% off,Westernwear-Women
4139,Jealous 21,Solid round neck cotton womens regular top - coral,"Size:Large,Medium,Small,X-Large",Nan,1099,No Discount,Westernwear-Women
4140,And,Polka dots round neck cotton womens shift top - blue,Size:16,"Rs
1499",749,50% off,Westernwear-Women
4141,Zink london,Floral polyester round neck womens shirt - off white,"Size:Large,Medium,Small,X-Large,X-Small,XX-Large","Rs
1699",1019,40% off,Westernwear-Women
4142,Lovegen,Womens band collar assorted front tie up denim crop top - blue,"Size:Medium,Small,X-Large","Rs
1499",449,70% off,Westernwear-Women
4143,Only,Solid cotton round neck womens t-shirt - pink,"Size:Large,Medium,Small,X-Large,X-Small","Rs
1799",899,50% off,Westernwear-Women
4144,Crimsoune club,Solid round neck poly cotton womens sweatshirt - white,"Size:Large,Small,X-Large,XX-Large","Rs
1399",699,50% off,Westernwear-Women
4145,Dolce crudo,Womens regular fit dream come true highrise jeans light blue - light blue,"Size:26,28,30,32,34","Rs
2499",999,60% off,Westernwear-Women
4146,Faballey,Stripes cotton scoop neck womens top - blue,Size:X-Small,"Rs
1300",650,50% off,Westernwear-Women
4147,Levis,Stripes cotton regular womens t-shirt - purple,"Size:Large,Medium,Small,X-Small",Nan,2199,No Discount,Westernwear-Women
4148,Zink london,Printed polyester v neck womens top - pink,"Size:Large,Medium,Small,X-Large","Rs
1799",899,50% off,Westernwear-Women
4149,Vero moda,Printed polyester 3/4 sleeves womens three quarter length jumpsuit - white,"Size:Large,Medium,Small,X-Large,X-Small","Rs
3799",3039,20% off,Westernwear-Women
4150,Zink london,Textured polyester off shoulder womens top - pink,"Size:Large,Medium,Small,X-Large,X-Small,XX-Large","Rs
1799",1079,40% off,Westernwear-Women
4151,Faballey,Solid crepe collared womens wrap dress - green,"Size:4X-Large,X-Large,XX-Large,XXX-Large","Rs
2450",1225,50% off,Westernwear-Women
4152,Enamor,Womens slub long shrug - grey,"Size:Large,Medium,Small","Rs
799",559,30% off,Westernwear-Women
4153,Global desi,Floral shirt collar womens tunic - off white,"Size:XL,Large,Medium,Small,X-Small","Rs
1799",719,60% off,Westernwear-Women
4154,Stop,Solid nr roma skinny fit womens treggings - charcoal,"Size:26,28,30,32,34,36",Nan,1299,No Discount,Westernwear-Women
4155,Faballey,Geometric short sleeves crepe womens regular length jumpsuit - pink,"Size:Large,Medium,Small,X-Large,X-Small","Rs
2600",2080,20% off,Westernwear-Women
4156,Zink london,Printed scoop neck polyester womens dresses - yellow,"Size:Large,Medium,Small,X-Small","Rs
2299",919,60% off,Westernwear-Women
4157,Latin quarters,Solid polyester stretch mandarin womens casual jacket - navy,"Size:S,M,L,XL","Rs
3999",2799,30% off,Westernwear-Women
4158,Zink london,Printed v neck polyester womens dresses - black,"Size:Large,Medium,Small,X-Large","Rs
2299",919,60% off,Westernwear-Women
4159,Zink london,Solid sleeveless polyester womens jumpsuit - green,"Size:Large,Medium,Small,X-Large","Rs
2999",2399,20% off,Westernwear-Women
4160,Fratini,Solid square neck polyester blend womens sweatshirt - off white,"Size:Large,Medium,Small,X-Large,XX-Large","Rs
1299",649,50% off,Westernwear-Women
4161,Zink london,Womens structure square neck shift dress - red,Size:XX-Large,"Rs
2399",699,71% off,Westernwear-Women
4162,Insense,Womens  round neck  printed t-shirt - red,"Size:Large,Medium,Small,X-Large,X-Small","Rs
499",249,50% off,Westernwear-Women
4163,Life,Regular fit regular length cotton lycra womens jeans - grey,"Size:26,28,30,32,34,36","Rs
1699",849,50% off,Westernwear-Women
4164,Only,Placement print cotton womens t-shirt - purple,"Size:Large,Medium,Small,X-Small","Rs
1999",1399,30% off,Westernwear-Women
4165,Life,Printed cotton round neck womens regular t-shirt - black,"Size:Large,Medium,Small,X-Large,X-Small,XX-Large","Rs
399",199,50% off,Westernwear-Women
4166,Altlife,Regular fit thigh length cotton womens active wear shorts - bubblegum,"Size:28,30,32,34,36",Nan,499,No Discount,Westernwear-Women
4167,Madame,Womens stripes v neck top - lemon,"Size:Large,Medium,Small,X-Large","Rs
1699",849,50% off,Westernwear-Women
4168,Zink london,Acrylic women sweaters - natural,"Size:Large,X-Large","Rs
3999",1599,60% off,Westernwear-Women
4169,Zink london,Polyester women regular dress - peach,Size:XX-Large,"Rs
3999",1599,60% off,Westernwear-Women
4170,Rare,Solid collarless polyester womens casual shirt - green,"Size:Large,Medium,Small,X-Large","Rs
1590",636,60% off,Westernwear-Women
4171,Marie claire,Printed viscose rayon v-neck womens top - multi,"Size:Large,Medium,Small","Rs
1499",674,55% off,Westernwear-Women
4172,Allen solly,Textured polyester womens formal wear blazer - black,"Size:Large,Medium",Nan,3499,No Discount,Westernwear-Women
4173,Allen solly,Solid viscose round neck womens knit top - olive,"Size:Large,X-Small","Rs
1599",959,40% off,Westernwear-Women
4174,Latin quarters,Solid 100% rayon round neck womens blouson casual top - pink,Size:M,"Rs
1499",499,67% off,Westernwear-Women
4175,Zink london,Womens off shoulder neck stripe skater dress - black,"Size:Large,Small,X-Small","Rs
2799",699,75% off,Westernwear-Women
4176,Cover story,Printed round neck polyester womens regular top - black,Size:X-Small,"Rs
2590",990,62% off,Westernwear-Women
4177,Sera,Womens regular fit solid round neck blouson top - black,"Size:Large,Small","Rs
1098",439,60% off,Westernwear-Women
4178,Sera,Womens regular fit printed flared skirt - off white,"Size:Large,Medium,Small","Rs
1294",517,60% off,Westernwear-Women
4179,Vero moda,Printed cotton square neck womens top - white,"Size:Large,Medium,Small,X-Small","Rs
1999",1399,30% off,Westernwear-Women
4180,Levis,Graphic cotton round neck womens t-shirt - purple,"Size:Large,Medium,Small,X-Small",Nan,1199,No Discount,Westernwear-Women
4181,Only,Casual fit cropped cotton womens jeans - grey,"Size:Large,Medium,Small,X-Large","Rs
3999",2799,30% off,Westernwear-Women
4182,Levis,Printed rayon collar neck womens casual shirt - peach,"Size:Large,Medium,Small,X-Large",Nan,1699,No Discount,Westernwear-Women
4183,Vero moda,Printed shirt collar cotton womens casual shirt - white,"Size:Large,Medium,Small,X-Small","Rs
2799",1399,50% off,Westernwear-Women
4184,Van heusen,Solid polyester collared neck womens regular fit shirt - maroon,"Size:X-Small,XX-Large","Rs
1699",999,41% off,Westernwear-Women
4185,Adidas,Regular fit polyester womens casual shorts - black,"Size:Large,Medium,Small,X-Large,X-Small","Rs
1799",1259,30% off,Westernwear-Women
4186,Is.u,Womens yellow pussy bow top - yellow,"Size:Large,Medium,Small,X-Small","Rs
2490",1245,50% off,Westernwear-Women
4187,109f,Womens off shoulder neck checked top - navy,"Size:Small,X-Large","Rs
1299",519,60% off,Westernwear-Women
4188,Stop,Solid regular neck acrylic womens pullover - olive,"Size:Medium,Small,X-Large,XX-Large","Rs
1499",749,50% off,Westernwear-Women
4189,Enamor,Cotton blend womens active wear track pants - navy,"Size:XL,Large,Medium,Small,XX-Large","Rs
1699",1189,30% off,Westernwear-Women
4190,Infuse,Solid tencel off shoulder womens regular fit woven top - blue,"Size:Large,Medium,Small,X-Large,X-Small","Rs
999",599,40% off,Westernwear-Women
4191,Vero moda,Printed full sleeves polyester womens full length jumpsuits - blue,"Size:Large,Medium,Small,X-Large,X-Small","Rs
5299",4239,20% off,Westernwear-Women
4192,Only,Embroidered cotton womens t-shirt - pink,"Size:Large,Medium,Small,X-Large,X-Small","Rs
2299",1609,30% off,Westernwear-Women
4193,Insense,Womens cotton printed capri set - red,Size:Medium,"Rs
999",499,50% off,Westernwear-Women
4194,Reebok,Slim fit reebok fitness womens tights - black,"Size:Large,Medium,Small,X-Large,X-Small","Rs
2199",1099,50% off,Westernwear-Women
4195,Vero moda,Solid flared cotton womens casual wear pants - green,"Size:Large,Medium,Small,X-Large,X-Small","Rs
2999",2399,20% off,Westernwear-Women
4196,Cover story,Solid round neck cotton poly spandex womens regular dress - green,"Size:Large,Medium,Small,X-Large,X-Small","Rs
2290",1374,40% off,Westernwear-Women
4197,Lovegen,Skinny fit ankle length cotton polyesterwomens jeans - pink,"Size:26,28,30,32,34,36","Rs
1899",759,60% off,Westernwear-Women
4198,Insense,Half sleeves night wear womens t-shirt - red,"Size:Large,Medium,Small,X-Small","Rs
399",199,50% off,Westernwear-Women
4199,Van heusen,Printed viscose v neck womens top - mid blue,"Size:Large,Medium,Small,X-Large","Rs
1699",999,41% off,Westernwear-Women
4200,And,Stripes v-neck rayon womens regular top - multi,"Size:8,10,12,14","Rs
2099",1679,20% off,Westernwear-Women
4201,Life,Regular fit full length cotton womens athleisure tracks - blush,"Size:28,30,32,34,36","Rs
799",399,50% off,Westernwear-Women
4202,Pepe,Solid cotton round neck womens dress - dark blue,"Size:Large,Medium,Small,X-Large","Rs
3499",2099,40% off,Westernwear-Women
4203,Life,Patch cotton round neck womens regular fit t-shirt - navy,"Size:Medium,Small,X-Small","Rs
499",249,50% off,Westernwear-Women
4204,Adidas,Solid cotton round neck womens t-shirt - blue,"Size:Large,Medium,Small,X-Large,X-Small","Rs
1599",799,50% off,Westernwear-Women
4205,Zink london,Printed halter neck polyester womens a-line dress - black,"Size:Large,Medium,Small,X-Large,X-Small","Rs
2799",1119,60% off,Westernwear-Women
4206,Zink london,Polka dots square neck polyester blend womens fit and flare dress - blue,"Size:Large,Medium,X-Large,XX-Large","Rs
2299",919,60% off,Westernwear-Women
4207,109f,Womens v neck checked top - black,"Size:Large,Medium,Small","Rs
1499",599,60% off,Westernwear-Women
4208,Allen solly,Womens slub formal trousers - grey,"Size:28,34,36","Rs
1799",1439,20% off,Westernwear-Women
4209,Puma,Regular polyester cotton women activewear pants - black,"Size:Large,Medium,Small,X-Large,X-Small",Nan,2499,No Discount,Westernwear-Women
4210,Sera,Printed round neck cotton womens fit and flare dress - navy,Size:X-Large,"Rs
1894",947,50% off,Westernwear-Women
4211,Latin quarters,Printed v- neck 100% polyester womens high low dress - blue,Size:S,"Rs
2499",799,68% off,Westernwear-Women
4212,Magre,Solid polyester blend regular fit womens casual pants - maroon,"Size:Large,X-Small","Rs
2390",1434,40% off,Westernwear-Women
4213,Levis,Super skinny fit regular length cotton polyester womens jeans - indigo,"Size:26,28,30,32",Nan,2999,No Discount,Westernwear-Women
4214,Gipsy,Printed round neck georgette womens fit and flare dress - cream,"Size:Large,Medium,Small,X-Large,XX-Large",Nan,1895,No Discount,Westernwear-Women
4215,Zink london,Geometric polyester halter neck womens top - off white,"Size:Large,Medium,Small,X-Large,X-Small","Rs
1599",959,40% off,Westernwear-Women
4216,Vip,Buddy junior pack of 3 small size ast - multi,Size:Small,Nan,349,No Discount,Westernwear-Women
4217,Magre,Solid satin cowl neck womens sheath dress - wine,Size:Medium,"Rs
3890",2139,45% off,Westernwear-Women
4218,Vero moda,Printed cotton round neck womens t-shirt - blue,"Size:Large,Medium,Small,X-Large,X-Small","Rs
999",799,20% off,Westernwear-Women
4219,Lovegen,Womens off shoulder solid top - navy,Size:Small,"Rs
1899",379,80% off,Westernwear-Women
4220,Life,Stripes cotton round neck womens regular t-shirt - mustard,"Size:Large,Medium,Small,X-Large,X-Small,XX-Large","Rs
499",249,50% off,Westernwear-Women
4221,Is.u,Solid polyester round neck womens regular top - black,"Size:Medium,Small,X-Large,X-Small,XX-Large","Rs
2190",1095,50% off,Westernwear-Women
4222,Puma,Polyester round neck womens athleisure top - black,"Size:Large,Medium,Small,X-Large,X-Small","Rs
1499",1049,30% off,Westernwear-Women
4223,Vero moda,Printed shirt collar modal womens casual shirt - white,"Size:Large,Medium,Small,X-Small","Rs
2499",1249,50% off,Westernwear-Women
4224,And,Abstract polyester v-neck womens peplum top - natural,"Size:8,10,14","Rs
1699",849,50% off,Westernwear-Women
4225,Forever new,Solid regular linen womens casual wear pants - pink,"Size:6,8,10,12,14,16","Rs
4600",3220,30% off,Westernwear-Women
4226,Forever new,Printed polyester v neck womens regular dress - print,Size:6,"Rs
5800",4060,30% off,Westernwear-Women
4227,Only,Skinny fit regular viscose womens jeans - light blue,"Size:Large,Medium,Small,X-Large,X-Small","Rs
1999",1599,20% off,Westernwear-Women
4228,Kraus,Clean look cotton wide fit womens jeans - blue,Size:36,"Rs
1895",947,50% off,Westernwear-Women
4229,And,Floral linen square neck womens straight top - white,"Size:8,10,12,14,16,18","Rs
2299",1839,20% off,Westernwear-Women
4230,Adidas,Printed cotton crew neck womens t-shirt - black,Size:28,"Rs
1999",1399,30% off,Westernwear-Women
4231,Adidas,Regular fit regular length polyester blend womens leggings - black,"Size:Large,Medium,Small,X-Large,X-Small","Rs
3999",1999,50% off,Westernwear-Women
4232,Sera,Printed polyester blend womens shrug - multi,"Size:Large,Medium,Small,X-Large","Rs
1494",747,50% off,Westernwear-Women
4233,Vero moda,Solid viscose v neck womens top - yellow,"Size:Large,Medium,Small,X-Large,X-Small","Rs
2599",2079,20% off,Westernwear-Women
4234,Only,Stripes polyester womens cropped top - yellow,"Size:34,36,38,40,42","Rs
1499",749,50% off,Westernwear-Women
4235,Sera,Womens regular fit solid high neck top - grey melange,"Size:Large,Medium,Small,X-Large","Rs
1094",547,50% off,Westernwear-Women
4236,Crimsoune club,Stripes lyocell mandarin womens shirt - natural,"Size:Large,Medium,X-Large,XXX-Large","Rs
1399",979,30% off,Westernwear-Women
4237,Van heusen,Printed round neck polyester womens top - black,"Size:Large,Medium,Small,X-Large,X-Small",Nan,1499,No Discount,Westernwear-Women
4238,Puma,Polyester mid rise regular fit womens athleisure pants - purple,"Size:Large,Medium,Small,X-Large,X-Small","Rs
3999",2799,30% off,Westernwear-Women
4239,Faballey,Embellished round neck crepe womens regular dress - green,"Size:Large,Medium,Small","Rs
2250",1125,50% off,Westernwear-Women
4240,Is.u,Slim fit mini length denim womens casual skirt - blue,"Size:24,26","Rs
1799",899,50% off,Westernwear-Women
4241,U.s. polo assn.,Polka dots georgette sweetheart neck womens wrap top - white,"Size:Large,Medium,Small,X-Large,X-Small","Rs
1500",750,50% off,Westernwear-Women
4242,Only,Solid polyester round neck womens t-shirt - purple,"Size:Large,Medium,Small,X-Large,X-Small","Rs
1999",1599,20% off,Westernwear-Women
4243,Zink london,Textured cotton square neck womens dress - blue,"Size:Large,Medium,Small,X-Large,X-Small,XX-Large","Rs
2499",1499,40% off,Westernwear-Women
4244,Faballey,Solid square neck crepe womens a-line dress - green,"Size:Medium,Small","Rs
2100",1050,50% off,Westernwear-Women
4245,Faballey,Floral sleeveless georgette womens regular length jumpsuit - yellow,"Size:Large,Medium,Small,X-Large","Rs
2200",1100,50% off,Westernwear-Women
4246,Sera,Floral sleeveless cotton womens regular jumpsuits - navy,"Size:Large,Medium,X-Large","Rs
2998",1499,50% off,Westernwear-Women
4247,Allen solly,Printed polyester stylized womens top - navy,"Size:Large,Medium,Small,X-Large",Nan,1699,No Discount,Westernwear-Women
4248,Allen solly,Womens solid pencil skirt - dark blue,Size:32,"Rs
1699",1019,40% off,Westernwear-Women
4249,Kraus,Solid v neck tencel womens casual shirt - light blue,Size:Small,"Rs
1399",699,50% off,Westernwear-Women
4250,Latin quarters,Dyed v-neck cotton womens regular dress - black,"Size:S,M,X-Small","Rs
1999",999,50% off,Westernwear-Women
4251,Cover story,Solid cotton round neck womens sweater - ivory,"Size:Large,Medium,Small,X-Large,X-Small","Rs
2290",1374,40% off,Westernwear-Women
4252,Life,Printed cotton round neck womens regular t-shirt - navy,"Size:Large,Small,X-Large,X-Small","Rs
399",199,50% off,Westernwear-Women
4253,Forever new,Solid acrylic round neck womens top - black,"Size:Small,X-Small","Rs
3800",2850,25% off,Westernwear-Women
4254,Latin quarters,Dyed polyester round neck womens regular top - white,Size:X-Small,"Rs
1799",499,72% off,Westernwear-Women
4255,Stop,Printed georgette round neck womens regular fit top - off white,"Size:Large,Medium,XX-Large","Rs
1299",649,50% off,Westernwear-Women
4256,And,Floral off shoulder viscose womens knee length dress - red,"Size:8,10,12,14","Rs
1799",899,50% off,Westernwear-Women
4257,Zink london,Structured polyester round neck womens straight fit top - red,"Size:Small,X-Large,X-Small","Rs
1899",759,60% off,Westernwear-Women
4258,Zink london,Solid 3/4th sleeves polyester womens calf length jumpsuit - green,"Size:Large,Medium,Small,X-Large,XX-Large","Rs
2899",1159,60% off,Westernwear-Women
4259,Zink london,Printed round neck cotton blend womens sweatshirt - white,"Size:Medium,Small,X-Large","Rs
2299",919,60% off,Westernwear-Women
4260,Zink london,Solid round neck cotton womens midi dress - blue,"Size:Large,Medium,Small,X-Large","Rs
2699",1619,40% off,Westernwear-Women
4261,Latin quarters,Solid rayon blend round neck womens regular top - grey,Size:S,"Rs
1999",499,75% off,Westernwear-Women
4262,Latin quarters,Printed polyester round neck womens regular top - blue,"Size:S,M,L,XL,XX-Large","Rs
1599",1119,30% off,Westernwear-Women
4263,Sera,Womens regular fit printed v neck wrap dress - black,"Size:Large,Medium,Small,X-Large","Rs
1498",749,50% off,Westernwear-Women
4264,And,Solid nylon boat neck womens straight top - black,"Size:8,10,12,14,16","Rs
2299",1839,20% off,Westernwear-Women
4265,Van heusen,Womens collared solid shirt - white,"Size:Large,Medium,Small,X-Large",Nan,1699,No Discount,Westernwear-Women
4266,Marie claire,Solid polyester square neck womens top - maroon,"Size:Large,Small,X-Small","Rs
1699",764,55% off,Westernwear-Women
4267,And,Solid polyester v- neck women regular top - orange,"Size:8,10,12,14,16,18","Rs
1699",1189,30% off,Westernwear-Women
4268,Madame,Womens checks collared dress - natural,"Size:Large,Medium,XX-Large","Rs
2699",1349,50% off,Westernwear-Women
4269,Allen solly,Printed polyester stylized womens formal shirt - grey,"Size:Medium,XX-Large",Nan,1699,No Discount,Westernwear-Women
4270,Global desi,Self design v-neck womens top - black,"Size:Small,X-Small","Rs
2399",1439,40% off,Westernwear-Women
4271,Life,Women cotton regular sleepwear - multi,"Size:Large,Medium,X-Small","Rs
1199",599,50% off,Westernwear-Women
4272,Vero moda,Solid polyester collared womens  shirts - brown,"Size:Large,Medium,Small,X-Large,X-Small",Nan,2599,No Discount,Westernwear-Women
4273,Dolce crudo,Womens flared alive and well mid rise bootcut jeans blue - blue,"Size:26,28,30,32,34","Rs
2499",999,60% off,Westernwear-Women
4274,Only,Printed cotton round neck womens t-shirt - purple,"Size:Large,Medium,Small,X-Large,X-Small","Rs
1999",1399,30% off,Westernwear-Women
4275,Only,Printed polyester round neck womens top - blue,"Size:Large,Medium,Small,X-Large,X-Small","Rs
2499",1749,30% off,Westernwear-Women
4276,And,Solid cotton round neck womens straight top - lilac,"Size:8,10,12,14,16,18","Rs
1399",1119,20% off,Westernwear-Women
4277,Spykar,Stripes cotton round neck womens t-shirt - orange,"Size:Large,Medium,Small,X-Large","Rs
1399",979,30% off,Westernwear-Women
4278,Stop,Printed satin regular neck womens top - white,"Size:Large,Medium,Small,X-Large,X-Small,XX-Large",Nan,1299,No Discount,Westernwear-Women
4279,Latin quarters,Printed polyester womens regular dress - ivory,"Size:S,M,L,XL,XX-Large",Nan,2799,No Discount,Westernwear-Women
4280,Cover story,Solid poly spandex collar neck womens top - olive,"Size:Large,Medium,Small,X-Large,X-Small","Rs
1490",1043,30% off,Westernwear-Women
4281,Faballey,Polka dots mesh v neck womens top - blue,"Size:Large,Medium,Small,X-Large,X-Small","Rs
1600",1280,20% off,Westernwear-Women
4282,Life,Solid round neck viscose womens regular top - blue,"Size:Large,Medium,Small,X-Large,X-Small","Rs
999",499,50% off,Westernwear-Women
4283,Latin quarters,Printed polyester womens regular dress - ivory,"Size:S,M,L,XL,X-Small","Rs
2599",1299,50% off,Westernwear-Women
4284,Spykar,Printed cotton round neck womens t-shirt - navy,"Size:Large,Medium,Small,X-Large","Rs
1099",769,30% off,Westernwear-Women
4285,Stop,Printed polyester regular fit womens top - white,"Size:Large,Medium,Small,X-Large,X-Small,XX-Large",Nan,1299,No Discount,Westernwear-Women
4286,Faballey,Floral round neck georgette womens a-line dress - pink,"Size:Large,Medium,Small,X-Large,X-Small","Rs
2250",1800,20% off,Westernwear-Women
4287,Vero moda,Printed cotton blend round neck womens t-shirt - black,"Size:Large,Medium,Small,X-Large,X-Small","Rs
999",499,50% off,Westernwear-Women
4288,Levis,Skinny fit regular length cotton polyester womens jeans - indigo,"Size:28,30,32,34",Nan,2999,No Discount,Westernwear-Women
4289,Zink london,Lace polyester v neck womens top - blue,"Size:Large,Medium,Small,X-Large","Rs
1999",1599,20% off,Westernwear-Women
4290,Proline,Polyester off shoulder womens tank - black,"Size:Large,Medium,Small,X-Large","Rs
899",449,50% off,Westernwear-Women
4291,Global desi,Women v-neck floral a-line shrug - off white,"Size:XL,Medium,Small,XX-Large","Rs
2599",1039,60% off,Westernwear-Women
4292,Life,Solid viscose womens regular fit top - olive,"Size:Large,Medium,Small,X-Large,X-Small","Rs
899",449,50% off,Westernwear-Women
4293,Zink london,Regular fit mini polyester womens skirt - blue,"Size:Large,Medium,Small,X-Large","Rs
1599",639,60% off,Westernwear-Women
4294,Zink london,Printed rayon womens regular top - black,"Size:Large,Medium,X-Large","Rs
1599",639,60% off,Westernwear-Women
4295,Zink london,Regular fit knee length polyester womens casual skirt - navy,"Size:Large,Medium,Small,X-Large","Rs
1999",1599,20% off,Westernwear-Women
4296,Only,Solid slim fit nylon womens casual wear pants - black,"Size:Large,Medium,Small,X-Large,X-Small","Rs
2799",1399,50% off,Westernwear-Women
4297,Van heusen,Womens solid formal shirt - dark blue,"Size:Large,Medium,Small,X-Large,X-Small","Rs
1699",999,41% off,Westernwear-Women
4298,Kraus,Skinny ankle length cotton blend womens jeans - blue,"Size:28,30,32,34,36,38","Rs
1895",1326,30% off,Westernwear-Women
4299,Madame,Solid polyester sweetheart neck womens bodycon top - blue,Size:X-Large,"Rs
1699",1189,30% off,Westernwear-Women
4300,And,Solid cotton round neck womens regular gown - sage,Size:12,"Rs
4499",3149,30% off,Westernwear-Women
4301,Kraus,Solid viscose round neck womens regular fit top - aqua,"Size:Large,Medium","Rs
999",499,50% off,Westernwear-Women
4302,And,Womens regular fit striped jumpsuit - brown mix,Size:8,"Rs
2999",1499,50% off,Westernwear-Women
4303,Zink london,Regular fit ankle length polyester womens casual skirt - pink,Size:X-Small,"Rs
1899",499,74% off,Westernwear-Women
4304,Cover story,Printed round neck recycle polyester womens regular top - mint,"Size:Small,X-Large","Rs
1990",1194,40% off,Westernwear-Women
4305,Insense,Womens  round neck  stripe t-shirt - mint,"Size:Small,X-Small","Rs
399",199,50% off,Westernwear-Women
4306,And,Solid polyester round neck womens casual jacket - blue mix light,"Size:8,10,12,14","Rs
4299",2149,50% off,Westernwear-Women
4307,Samshek,Solid georgette square neck womens regular top - black,"Size:4X-Large,5X-Large,Large,Medium,Small,X-Large,X-Small,XX-Large,XXX-Large","Rs
990",891,10% off,Westernwear-Women
4308,Crimsoune club,Womens white checked top - white,"Size:Large,Medium,Small,X-Large,XX-Large","Rs
1699",849,50% off,Westernwear-Women
4309,Zink london,Printed shirt collar polyester womens a-line dress - off white,"Size:Large,Medium,Small,X-Large,XX-Large","Rs
2999",1199,60% off,Westernwear-Women
4310,Crimsoune club,Womens black striped trouser - black,"Size:26,28,32,34,36","Rs
1999",1199,40% off,Westernwear-Women
4311,Fratini,Solid round neck polyester womens regular fit dress - navy,"Size:Large,Medium,Small,X-Large,XX-Large","Rs
1699",849,50% off,Westernwear-Women
4312,Only,Printed cotton round neck womens t-shirt - white,"Size:Large,Medium,Small,X-Large,X-Small","Rs
1999",1399,30% off,Westernwear-Women
4313,Janasya,Cotton blend womens western dresses - blue,Size:X-Small,"Rs
2698",944,65% off,Westernwear-Women
4314,Fratini,Printed jersey round neck womens regular fit knit top - blush,Size:Small,"Rs
599",299,50% off,Westernwear-Women
4315,Samshek,Solid v neck polyester womens a line dress - green,"Size:4X-Large,5X-Large,Large,Medium,Small,X-Large,X-Small,XX-Large,XXX-Large","Rs
2699",1889,30% off,Westernwear-Women
4316,Sera,Printed sweetheart neck polyester womens a-line dress - black,"Size:Large,Medium,Small,X-Large","Rs
1998",999,50% off,Westernwear-Women
4317,Life,Polyester round neck womens regular top - off white,"Size:Large,Medium,Small,X-Large,X-Small","Rs
1199",599,50% off,Westernwear-Women
4318,Van heusen,Solid viscose v-neck womens woven top - mid blue,"Size:Large,Medium,Small,X-Large,X-Small","Rs
1299",999,23% off,Westernwear-Women
4319,Juniper,Solid slim fit silk blend womens casual trousers - gold,"Size:4X-Large,Large,Medium,Small,X-Large,X-Small,XX-Large,XXX-Large","Rs
999",749,25% off,Westernwear-Women
4320,Enamor,Cotton womens activewear t-shirt - capri blue,"Size:XL,Large,Medium,Small",Nan,799,No Discount,Westernwear-Women
4321,Global desi,Self design viscose shirt collar womens curved top - yellow,"Size:XL,Large,Medium,Small,X-Small,XX-Large","Rs
1899",759,60% off,Westernwear-Women
4322,Kraus,Printed rayon round neck womens regular tops - off white,"Size:Large,Small","Rs
1199",599,50% off,Westernwear-Women
4323,Marie claire,Solid fleece hood womens sweatshirt - black,"Size:Large,Medium,Small","Rs
1799",719,60% off,Westernwear-Women
4324,Life,Printed cotton round neck womens top and shorts set - navy marl,"Size:Large,Medium,Small,X-Large,XX-Large","Rs
1299",649,50% off,Westernwear-Women
4325,Madame,Solid polyster womens dress - aqua,Size:Medium,"Rs
2399",1199,50% off,Westernwear-Women
4326,Jealous 21,Solid round neck viscose womens regular top - yellow,"Size:Large,Medium,Small,X-Large",Nan,999,No Discount,Westernwear-Women
4327,Kraus,Super skinny fit full length cotton womens jeans - dark blue,"Size:30,36,38","Rs
1895",947,50% off,Westernwear-Women
4328,Kraus,Clean look cotton blend skinny fit womens jeans - light blue,"Size:28,30,32,34,36,38","Rs
1995",1396,30% off,Westernwear-Women
4329,Vero moda,Solid viscose round neck womens  tops - pink,"Size:Large,Medium,Small,X-Large,X-Small","Rs
2599",1559,40% off,Westernwear-Women
4330,Pepe,Tie dye & aop poly linen slub jersey crew neck womens t-shirt - lime green,"Size:Large,Medium,Small,X-Large","Rs
899",539,40% off,Westernwear-Women
4331,Is.u,Womens striped cold shoulder top - orange,"Size:Medium,Small,X-Small","Rs
2199",659,70% off,Westernwear-Women
4332,Stop,Stripes acrylic regular fit womens sweater - multi,"Size:Large,Medium,X-Large","Rs
2499",999,60% off,Westernwear-Women
4333,Indya,Regular fit ankle length georgette womens festive wear skirt - yellow,"Size:Large,Medium,Small,X-Large,X-Small","Rs
3200",1600,50% off,Westernwear-Women
4334,Gipsy,Embellished cotton choker neck womens blouson top - sunset,"Size:Large,Medium,XX-Large","Rs
1895",1326,30% off,Westernwear-Women
4335,Jealous 21,Solid round neck viscose womens regular top - yellow,"Size:Large,Medium,Small,X-Large",Nan,899,No Discount,Westernwear-Women
4336,109f,Womens round neck solid shift dress - black,Size:Medium,"Rs
1799",719,60% off,Westernwear-Women
4337,And,Self design viscose shirt collar womens peplum top - lemon,"Size:8,14,16","Rs
1699",849,50% off,Westernwear-Women
4338,Vero moda,Flared three quarter length polyester womens casual wear skirts - pink,"Size:Large,Medium,Small,X-Large,X-Small","Rs
2799",2239,20% off,Westernwear-Women
4339,Only,Printed cotton round neck womens t-shirt - white,"Size:Large,Medium,Small,X-Large,X-Small","Rs
999",699,30% off,Westernwear-Women
4340,Vero moda,Printed relaxed cotton womens casual wear pants - green,"Size:Large,Medium,Small,X-Large,X-Small","Rs
2499",1499,40% off,Westernwear-Women
4341,Spykar,Printed cotton round neck womens regular t-shirt - lime green,"Size:Large,Medium,Small,X-Large,XX-Large","Rs
999",699,30% off,Westernwear-Women
4342,Puma,Printed cotton regular fit womens casual wear track pants - black,"Size:Large,Medium,Small,X-Large,X-Small","Rs
2799",1959,30% off,Westernwear-Women
4343,Kraus,Womens floral print casual shirt - black,"Size:Medium,Small","Rs
1399",699,50% off,Westernwear-Women
4344,Vero moda,Printed shirt collar viscose womens casual shirt - natural,"Size:Large,Medium,Small,X-Large,X-Small",Nan,1799,No Discount,Westernwear-Women
4345,Samshek,Solid v-neck crepe womens regular dress - white,"Size:4X-Large,5X-Large,Large,Medium,Small,X-Large,X-Small,XX-Large,XX-Small,XXX-Large","Rs
2590",2072,20% off,Westernwear-Women
4346,Zink london,Womens regular fit stripes shorts - white,Size:Large,"Rs
1499",399,73% off,Westernwear-Women
4347,Zink london,Solid polyester round neck womens dress - pink,"Size:Large,Medium,Small,X-Large","Rs
2299",1149,50% off,Westernwear-Women
4348,Zink london,Womens regular fit round neck solid lace trimming top - blue,"Size:Large,Small","Rs
1499",499,67% off,Westernwear-Women
4349,Rare,Solid sweetheart neck womens regular fit top - purple,"Size:Large,Medium,Small,X-Large,X-Small","Rs
1499",599,60% off,Westernwear-Women
4350,Marie claire,Solid loose fit polyester womens casual pants - pink,Size:26,"Rs
1999",999,50% off,Westernwear-Women
4351,Zink london,Solid cowl neck polyester women casual jackets - black,"Size:Large,Medium","Rs
5499",2199,60% off,Westernwear-Women
4352,Allen solly,Womens 3 pocket solid trousers - black,"Size:26,34,36","Rs
1799",1439,20% off,Westernwear-Women
4353,Rare,Printed square neck polyester womens a-line dress - natural,"Size:Medium,Small","Rs
2090",940,55% off,Westernwear-Women
4354,Allen solly,Solid cotton regular neck womens dress - off white,"Size:X-Large,X-Small,XX-Large","Rs
2499",1499,40% off,Westernwear-Women
4355,Latin quarters,Printed v neck polyester womens regular blouse - green,"Size:S,M,L,XL","Rs
1499",1049,30% off,Westernwear-Women
4356,Latin quarters,Solid 100% polyester v- neck womens blouson casual top - pink,"Size:S,M","Rs
1499",749,50% off,Westernwear-Women
4357,Magre,Solid satin regular fit womens festive skirt - natural,"Size:Large,Medium,Small,X-Small","Rs
1990",796,60% off,Westernwear-Women
4358,Van heusen,Womens collared solid shirt - white,"Size:Large,Medium,Small,X-Large,X-Small",Nan,1499,No Discount,Westernwear-Women
4359,Fratini,Printed viscose v-neck womens a-line dress - off white,"Size:Large,Medium,Small,X-Large,XX-Large",Nan,1799,No Discount,Westernwear-Women
4360,Faballey,Abstract viscose round neck womens blouse - multi,"Size:Large,Medium,Small,X-Large,X-Small","Rs
1500",1200,20% off,Westernwear-Women
4361,Only,Slim fit regular cotton womens jeans - blue,"Size:25,26,27,28,29,30,31,32,33,34","Rs
2799",2239,20% off,Westernwear-Women
4362,Latin quarters,Dyed v-neck polyester womens regular dress - ivory,"Size:S,L,XL,X-Small","Rs
2699",1349,50% off,Westernwear-Women
4363,Gipsy,Printed round neck georgette womens fit and flare dress - green,"Size:Large,Small,X-Large,XX-Large",Nan,1895,No Discount,Westernwear-Women
4364,Pepe,Cotton blend skinny fit womens jeans - tint,"Size:26,28,30,32,36","Rs
3499",2099,40% off,Westernwear-Women
4365,Madame,Women solid side tape jeggings - blue,"Size:26,28","Rs
1699",849,50% off,Westernwear-Women
4366,Puma,Printed polyester crew neck womens t-shirt - peach,"Size:Large,Medium,Small,X-Large","Rs
1999",1399,30% off,Westernwear-Women
4367,Faballey,Floral sleeveless georgette womens regular length jumpsuit - natural,"Size:Medium,Small,X-Large,X-Small","Rs
2200",1100,50% off,Westernwear-Women
4368,Zink london,Regular fit regular polyester womens casual skirt - pink,"Size:Large,Medium,Small,X-Large","Rs
1699",899,47% off,Westernwear-Women
4369,Fratini,Printed polyester v-neck womens regular top - sage,"Size:Large,Medium,Small,X-Large,XX-Large","Rs
999",499,50% off,Westernwear-Women
4370,Stop,Solid regular neck acrylic womens pullover - maroon,"Size:Large,Small,X-Large","Rs
1499",749,50% off,Westernwear-Women
4371,Kraus,Flared fit full length cotton blend womens jeans - navy,"Size:28,30,32,34,36","Rs
1895",947,50% off,Westernwear-Women
4372,Fratini,Printed polyester square neck womens regular fit top - pink,"Size:Large,Medium,Small,X-Large","Rs
1199",599,50% off,Westernwear-Women
4373,Latin quarters,Dyed notched collar polyester stretch womens shift dress - navy,"Size:S,M,L,XL,X-Small","Rs
2499",1749,30% off,Westernwear-Women
4374,Vero moda,Solid viscose shirt collar womens casual shirt - green,"Size:Medium,X-Large,X-Small","Rs
2499",1249,50% off,Westernwear-Women
4375,Zink london,Textured cotton round neck womens dress - red,"Size:Large,Medium,Small,X-Large,X-Small,XX-Large","Rs
2599",1559,40% off,Westernwear-Women
4376,Fratini,Printed viscose round neck womens a-line dress - white,"Size:Large,Medium,Small,X-Large,XX-Large","Rs
1799",899,50% off,Westernwear-Women
4377,Zink london,Textured round neck polyester womens midi dress - blue,"Size:Large,Medium,Small,X-Large,X-Small,XX-Large","Rs
2399",1439,40% off,Westernwear-Women
4378,And,Solid viscose v neck womens straight dress - sage,"Size:8,10,12,14,16,18","Rs
2699",2159,20% off,Westernwear-Women
4379,Lovegen,Womens solid full length skirt - black,"Size:Large,Medium,Small,X-Small","Rs
1399",559,60% off,Westernwear-Women
4380,Faballey,Solid crepe one shoulder womens regular dress - blue,"Size:Large,Medium,Small,X-Large,X-Small","Rs
2500",2000,20% off,Westernwear-Women
4381,Vero moda,Solid cotton v neck womens t-shirt - red,"Size:Large,Medium,Small,X-Large,X-Small",Nan,2299,No Discount,Westernwear-Women
4382,Vero moda,Printed cotton collared womens  shirts - green,"Size:Large,Medium,Small,X-Large,X-Small","Rs
2499",1749,30% off,Westernwear-Women
4383,Enamor,Womens athleisure swing tank top - rose,"Size:XL,Large,Medium,Small","Rs
499",349,30% off,Westernwear-Women
4384,Magre,Printed polyester blend square neck womens dress - white,"Size:Medium,Small,X-Small","Rs
2490",1369,45% off,Westernwear-Women
4385,Insense,Solid regular neck polyester blend womens pullover - grey melange,"Size:Large,Medium,Small,X-Large,X-Small","Rs
899",449,50% off,Westernwear-Women
4386,Fratini,Solid polyester round neck womens regular fit top - red,"Size:Large,Medium,Small,X-Large,XX-Large","Rs
1199",599,50% off,Westernwear-Women
4387,Faballey,Floral georgette square neck womens top - blue,"Size:Large,Medium,Small,X-Large,X-Small","Rs
1400",1120,20% off,Westernwear-Women
4388,Allen solly,Regular fit regular rayon womens leggings - navy,"Size:26,28,30,32","Rs
1799",1079,40% off,Westernwear-Women
4389,And,Floral polyester round neck womens straight top - pink,"Size:8,10,12,14,16,18","Rs
1599",1279,20% off,Westernwear-Women
4390,Vero moda,Solid cotton v neck womens t-shirt - blue,"Size:Large,Medium,Small,X-Large,X-Small",Nan,2299,No Discount,Westernwear-Women
4391,Sera,Solid v neck polyester womens top - black,"Size:Medium,Small,X-Large","Rs
1298",649,50% off,Westernwear-Women
4392,Life,Womens regular fit printed dress - navy,"Size:Large,Medium,Small,X-Large,X-Small",Nan,1499,No Discount,Westernwear-Women
4393,Life,Solid cotton round neck womens regular t-shirt - grey melange,"Size:Large,Medium,Small,X-Large,X-Small,XX-Large","Rs
399",199,50% off,Westernwear-Women
4394,Sera,Printed round neck viscose womens fit and flare dress - coral,"Size:Large,Medium,Small,X-Large","Rs
1494",747,50% off,Westernwear-Women
4395,Stop,Textured round neck acrylic womens sweater - maroon,"Size:Large,Medium,Small,X-Large,XX-Large","Rs
1999",999,50% off,Westernwear-Women
4396,Life,Printed round neck cotton womens sweatshirt - black,"Size:Large,Medium,Small,X-Large,X-Small","Rs
1299",649,50% off,Westernwear-Women
4397,Altlife,Solid cotton thigh length womens active wear shorts - fuschia,"Size:28,30,32,34,36","Rs
499",249,50% off,Westernwear-Women
4398,Latin quarters,Printed polyester round neck womens regular top - blue,"Size:S,M,L,XL,XX-Large",Nan,1499,No Discount,Westernwear-Women
4399,Adidas,Solid fitted fit polyester womens tights - black,"Size:Medium,Small,X-Large,X-Small","Rs
1999",999,50% off,Westernwear-Women
4400,Pepe,All over print ht crinkle viscose collar neck womens casual shirt - multi,"Size:Large,Medium,Small","Rs
2499",1499,40% off,Westernwear-Women
4401,Stop,Solid polyester round neck womens regular fit top - white,"Size:Large,Medium,Small,X-Large,XX-Large","Rs
1199",599,50% off,Westernwear-Women
4402,Fratini,Embroidered cotton blend round neck womens t-shirt - blush,"Size:Large,Medium,Small,X-Large,XX-Large",Nan,999,No Discount,Westernwear-Women
4403,Cover story,Solid v-neck viscose women wrap women dress - lilac,"Size:Medium,Small,X-Small","Rs
2490",1494,40% off,Westernwear-Women
4404,Magre,Printed polyester blend tie up neck� womens top - black,"Size:Large,Medium","Rs
1490",596,60% off,Westernwear-Women
4405,And,Floral polyester round neck womens fit and flare top - multi,Size:8,"Rs
1899",949,50% off,Westernwear-Women
4406,Magre,Solid satin collar neck womens shirt - natural,Size:Small,"Rs
1990",995,50% off,Westernwear-Women
4407,And,Womens regular fit solid top - marine green,Size:16,"Rs
1799",899,50% off,Westernwear-Women
4408,Kraus,Solid collared neck cotton blend womens casual jacket - blue,Size:Large,"Rs
2195",1536,30% off,Westernwear-Women
4409,Only,Placement print cotton round neck womens t-shirt - green,"Size:Large,Medium,Small,X-Large,X-Small","Rs
1499",899,40% off,Westernwear-Women
4410,Zink london,Womens v neck solid top - red,"Size:Small,X-Small","Rs
1499",499,67% off,Westernwear-Women
4411,Life,Stripes cotton round neck womens regular t-shirt - black,"Size:Large,Small,X-Small,XX-Large","Rs
399",199,50% off,Westernwear-Women
4412,Adidas,Printed regular polyester womens sports wear pants - legend blue,"Size:36,40,44","Rs
1799",1259,30% off,Westernwear-Women
4413,Vero moda,Printed short sleeves viscose womens knee length playsuit - red,"Size:Large,Medium,Small,X-Large,X-Small","Rs
3499",2799,20% off,Westernwear-Women
4414,Faballey,Solid halter neck crepe womens regular dress - purple,"Size:Large,Medium,Small,X-Large","Rs
2200",1760,20% off,Westernwear-Women
4415,Faballey,Solid regular fit poly blend womens pants - purple,"Size:Large,Medium,Small,X-Large,X-Small","Rs
2200",1760,20% off,Westernwear-Women
4416,Kraus,Solid tencel wide fit womens casual pants - light blue,"Size:28,30,32,34,36","Rs
1695",1525,10% off,Westernwear-Women
4417,Kraus,Solid cotton round neck womens top - baby pink,"Size:Large,Medium,Small,X-Small","Rs
999",899,10% off,Westernwear-Women
4418,Cover story,Solid cotton round neck womens sweatshirt - purple,"Size:Large,Medium,Small,X-Large,X-Small","Rs
1890",945,50% off,Westernwear-Women
4419,Zink london,Printed polyester off shoulder womens top - blue,"Size:Large,Medium,Small,X-Large,X-Small","Rs
1399",839,40% off,Westernwear-Women
4420,Latin quarters,Printed v neck polyester womens regular dress - ivory,Size:S,"Rs
2799",1399,50% off,Westernwear-Women
4421,Vero moda,Solid shirt collar cotton womens dress - navy,"Size:Large,Medium,Small,X-Large,X-Small","Rs
2799",1399,50% off,Westernwear-Women
4422,Life,Printed cotton round neck womens regular fit t-shirt - black,"Size:Large,Medium,Small,X-Small","Rs
599",299,50% off,Westernwear-Women
4423,Is.u,Slim fit mini length denim womens casual skirt - blue,"Size:30,32","Rs
2299",1149,50% off,Westernwear-Women
4424,Sera,Womens regular fit solid v neck kaftan top - white,"Size:Large,Medium,Small,X-Large","Rs
1098",439,60% off,Westernwear-Women
4425,Life,Skinny fit ankle length cotton lycra womens jeans - black,"Size:26,28,30,32,34,36","Rs
1499",749,50% off,Westernwear-Women
4426,Only,Embroidery cotton round neck womens top - pink,"Size:Large,Medium,Small,X-Large,X-Small","Rs
2299",1149,50% off,Westernwear-Women
4427,Zink london,Solid cotton sweetheart neck womens top - white,"Size:Large,Medium,Small,X-Large,X-Small,XX-Large","Rs
1599",959,40% off,Westernwear-Women
4428,Jealous 21,Skinny fit above knee denim womens casual shorts - blue,"Size:26,28,30,32,34",Nan,1699,No Discount,Westernwear-Women
4429,And,Solid polyester v neck womens a line top - rust,"Size:8,10","Rs
1699",1189,30% off,Westernwear-Women
4430,Insense,Solid regular neck cotton blend womens sweatshirt - black,"Size:Large,Medium,Small,X-Large,X-Small,XX-Large","Rs
1299",649,50% off,Westernwear-Women
4431,Vero moda,Solid cotton blend one shoulder womens t-shirt - green,"Size:Large,Medium,Small,X-Large,X-Small","Rs
999",599,40% off,Westernwear-Women
4432,Faballey,Solid crepe square neck womens midi dress - blue,"Size:Medium,Small,X-Small","Rs
2200",1100,50% off,Westernwear-Women
4433,Latin quarters,Womens key hole neck slub top - grey,Size:X-Small,"Rs
1499",499,67% off,Westernwear-Women
4434,Emblaze,Solid sequence round neck womens straight top - black,"Size:Large,Medium,Small,X-Large,X-Small,XX-Large",Nan,3000,No Discount,Westernwear-Women
4435,Sera,Womens solid woven regular top with front pleats - coral,"Size:Large,Medium,Small,X-Large","Rs
999",399,60% off,Westernwear-Women
4436,Kraus,Solid cotton slim fit womens shorts - dark blue,"Size:28,30,32,34","Rs
1295",1165,10% off,Westernwear-Women
4437,Lovegen,Womens mandarin neck casual shirt - blue mix light,"Size:Large,Medium,Small","Rs
1499",599,60% off,Westernwear-Women
4438,Latin quarters,Printed polyester womens regular blouse - mustard,"Size:S,M,L,XL,XX-Large","Rs
1450",1015,30% off,Westernwear-Women
4439,Allen solly,Solid polyester round neck womens top - pink,"Size:Large,Medium,Small,X-Large,X-Small,XX-Large","Rs
1999",1599,20% off,Westernwear-Women
4440,Kraus,Flared full length cotton womens jeans - grey,"Size:28,30,32,34,36","Rs
1795",1256,30% off,Westernwear-Women
4441,Kraus,Solid collared neck cotton womens casual jacket - blue,Size:Small,"Rs
1495",747,50% off,Westernwear-Women
4442,Zink london,Dyed rayon shirt collar women's shirt - blue,"Size:Small,X-Small","Rs
1499",599,60% off,Westernwear-Women
4443,And,Floral round neck polyester women flared gown - blue mix light,"Size:8,10",Nan,4499,No Discount,Westernwear-Women
4444,Zink london,Striped collar neck polyester womens casual shrug - blue,"Size:Large,Medium","Rs
1999",799,60% off,Westernwear-Women
4445,Zink london,Solid polyester blend round neck womens dress - rust,"Size:Large,Medium,Small,X-Large,X-Small,XX-Large","Rs
1899",1139,40% off,Westernwear-Women
4446,Zink london,Structured regular polyester womens party trousers - maroon,"Size:Large,Medium,Small,X-Large","Rs
2199",879,60% off,Westernwear-Women
4447,Zink london,Solid v neck polyester womens midi dress - pink,"Size:Large,Medium,Small,X-Large","Rs
2699",2159,20% off,Westernwear-Women
4448,Vero moda,Solid polyester high neck womens  tops - pink,"Size:Large,Medium,Small,X-Large,X-Small","Rs
2599",1559,40% off,Westernwear-Women
4449,Only,Solid polyester womens casual jacket - brown,"Size:34,36,38,40,42","Rs
3499",2449,30% off,Westernwear-Women
4450,Puma,Printed cotton collar neck womens t-shirt - purple,"Size:Large,Medium,Small,X-Large,X-Small","Rs
1499",1049,30% off,Westernwear-Women
4451,Marie claire,Regular fit knee length cotton blend womens casual skirt - pink,"Size:26,28","Rs
2199",1099,50% off,Westernwear-Women
4452,Madame,Womens solid collared shirt - white,"Size:Large,Medium,X-Large,XX-Large","Rs
1699",849,50% off,Westernwear-Women
4453,Zink london,Acrylic blend women sweaters - black,"Size:Large,Medium,Small,X-Large","Rs
2799",1119,60% off,Westernwear-Women
4454,Zink london,Printed rayon round neck women's top - white,"Size:X-Small,XX-Large","Rs
1549",499,68% off,Westernwear-Women
4455,And,Stripes rayon square neck womens a-line set - blue,Size:8,"Rs
2699",1889,30% off,Westernwear-Women
4456,And,Solid v neck rayon womens straight fit midi dress - yellow,Size:8,"Rs
1799",899,50% off,Westernwear-Women
4457,And,Solid polyester v-neck womens top - red,Size:8,"Rs
1699",849,50% off,Westernwear-Women
4458,And,Solid viscose collar neck womens straight top - black,"Size:8,10","Rs
2299",1149,50% off,Westernwear-Women
4459,And,Floral polyester round neck womens straight top - blue mix light,Size:8,"Rs
1999",999,50% off,Westernwear-Women
4460,Zink london,Regular fit mid thigh length polyester womens casual shorts - white,"Size:Small,X-Small","Rs
1599",399,75% off,Westernwear-Women
4461,Latin quarters,Solid polyester round neck womens casual jacket - tan,"Size:S,M,L,XL","Rs
3999",1999,50% off,Westernwear-Women
4462,Allen solly,Textured polyester regular fit womens blazer - light blue,"Size:Large,Medium,Small,X-Large","Rs
3499",2799,20% off,Westernwear-Women
4463,Only,Solid viscose v neck womens t-shirt - light blue,"Size:Large,Medium,Small,X-Large,X-Small","Rs
1299",909,30% off,Westernwear-Women
4464,Vero moda,Solid polyester v neck womens top - blue,"Size:Large,Medium,Small,X-Large,X-Small","Rs
2299",1609,30% off,Westernwear-Women
4465,Zink london,Solid high neck acrylic womens sweater - pink,"Size:Large,Medium,Small,X-Large","Rs
2299",919,60% off,Westernwear-Women
4466,Adidas,Printed polyester crew neck womens t-shirt - mauve,"Size:Large,Medium,Small,X-Large,X-Small","Rs
2299",1609,30% off,Westernwear-Women
4467,Lee cooper,Womens tie up neck floral print top - yellow,Size:XX-Large,Nan,1299,No Discount,Westernwear-Women
4468,Stop,Textured satin regular neck womens top - silver grey,"Size:Large,Medium,Small,X-Large,X-Small,XX-Large",Nan,1299,No Discount,Westernwear-Women
4469,Lovegen,Womens round neck slub t-shirt - blue,"Size:Medium,Small","Rs
899",359,60% off,Westernwear-Women
4470,Vero moda,Solid cotton blend v neck womens casual shirt - yellow,"Size:Large,Medium,Small,X-Large,X-Small","Rs
2299",1839,20% off,Westernwear-Women
4471,Faballey,Floral georgette v-neck womens peplum top - blue,"Size:Large,Medium,X-Large","Rs
1450",725,50% off,Westernwear-Women
4472,Sera,Floral square neck polyester womens regular dress - black,"Size:Large,Medium,Small,X-Large","Rs
1998",999,50% off,Westernwear-Women
4473,Dolce crudo,Womens shades of two denim top - light blue,"Size:Large,Medium,Small,X-Large,X-Small","Rs
1549",697,55% off,Westernwear-Women
4474,Spykar,Printed rayon mandarin womens casual wear shirt - ecru,"Size:Large,Medium,Small,X-Large","Rs
1899",1329,30% off,Westernwear-Women
4475,And,Solid round neck polyester women flared gown - pink mix,"Size:8,10,12,14,16","Rs
4999",3999,20% off,Westernwear-Women
4476,Spykar,Regular fit regular length polyester cotton womens jeans - black,"Size:26,28,30,32,34,36","Rs
2499",1749,30% off,Westernwear-Women
4477,Zink z,Solid cotton blend round neck womens dress - maroon,"Size:Large,Medium,Small,X-Large,X-Small",Nan,2299,No Discount,Westernwear-Women
4478,Crimsoune club,Checks cotton collared womens shirt - green,"Size:Large,Medium,Small,X-Large,XX-Large","Rs
1399",979,30% off,Westernwear-Women
4479,Faballey,Solid round neck crepe womens regular fit midi dress - purple,"Size:Large,Medium,Small,X-Large,X-Small","Rs
2100",1050,50% off,Westernwear-Women
4480,Van heusen,Skinny fit ankle length womens track pants - black,"Size:Large,Medium,Small,X-Large",Nan,1299,No Discount,Westernwear-Women
4481,Adidas,Printed polyester crew neck womens top - purple,"Size:Large,Medium,Small,X-Large,X-Small","Rs
1799",1259,30% off,Westernwear-Women
4482,Indya,Navy embroidered long shrug - blue,"Size:Small,XX-Large","Rs
1800",900,50% off,Westernwear-Women
4483,Life,Embroidered regular neck polyester womens cardigan - off white,"Size:Large,Medium,Small,X-Large,X-Small,XX-Large","Rs
1999",999,50% off,Westernwear-Women
4484,Stop,Womens 2 pocket solid jeggings - black,Size:34,Nan,1599,No Discount,Westernwear-Women
4485,Faballey,Printed satin v neck womens tops - green,"Size:Large,Medium,Small,X-Large,X-Small","Rs
1400",1120,20% off,Westernwear-Women
4486,Faballey,Solid georgette v neck womens regular top - pink,"Size:Large,Medium,Small,X-Large,X-Small","Rs
1300",1040,20% off,Westernwear-Women
4487,Zink london,Abstract polyester v neck womens top - green,"Size:Large,Medium,Small,X-Large,X-Small,XX-Large","Rs
1499",899,40% off,Westernwear-Women
4488,And,Printed polyester v-neck womens cropped top - pink,"Size:8,10,12,14,16","Rs
1899",1519,20% off,Westernwear-Women
4489,Zink london,Regular fit mid thigh polyester womens casual skirt - black,"Size:Large,Medium,Small,X-Large","Rs
1599",1279,20% off,Westernwear-Women
4490,Life,Embroidered smoking collar cotton womens denim shirt - white,"Size:Large,Medium,Small,X-Large,X-Small","Rs
1199",599,50% off,Westernwear-Women
4491,Madame,Womens printed round neck top - off white,"Size:Large,Small","Rs
1499",749,50% off,Westernwear-Women
4492,Enamor,Cotton blend fleece womens active wear track pants - black,"Size:XL,Large,Medium,Small,XX-Large","Rs
1599",1119,30% off,Westernwear-Women
4493,And,Abstract polyester v-neck womens peplum top - blue,"Size:8,10,16","Rs
1499",749,50% off,Westernwear-Women
4494,Kraus,Skinny fit ankle length cotton blend womens jeans - black,"Size:28,30","Rs
1695",847,50% off,Westernwear-Women
4495,Cover story,Fitted ankle length cotton spandex womens jeans - dark blue,Size:26,"Rs
1990",990,50% off,Westernwear-Women
4496,Insense,Stripes cotton round neck womens regular fit top - navy,Size:Small,"Rs
499",249,50% off,Westernwear-Women
4497,Zink london,Stripes v neck cotton womens dresses - white,Size:Small,"Rs
2399",1439,40% off,Westernwear-Women
4498,Insense,Womens  round neck  stripe t-shirt - black & white,"Size:Small,X-Small","Rs
399",199,50% off,Westernwear-Women
4499,Zink london,Printed rayon regular fit womens shrug - black,Size:Large,"Rs
1899",759,60% off,Westernwear-Women
4500,Latin quarters,Solid collar neck cotton womens regular dress - green,Size:S,"Rs
1999",799,60% off,Westernwear-Women
4501,Forever new,Solid polyester regular fit womens pants - black,"Size:8,14,16",Nan,4600,No Discount,Westernwear-Women
4502,Allen solly,Printed polyester round neck womens shirt - black,"Size:Large,X-Large","Rs
1699",1499,12% off,Westernwear-Women
4503,And,Solid v-neck polyester womens casual dress - black,"Size:8,10,12,14","Rs
2699",1889,30% off,Westernwear-Women
4504,And,Floral round neck rayon womens shift dress - ecru,"Size:8,14,16,18","Rs
2899",1449,50% off,Westernwear-Women
4505,Zink london,Acrylic women casual shrugs - black,Size:Small,"Rs
2499",999,60% off,Westernwear-Women
4506,Vero moda,Mid wash cotton straight fit womens jeans - black,"Size:26,27,28,29,30,31,32,33,34","Rs
5499",4399,20% off,Westernwear-Women
4507,Samshek,Solid collar neck polyester womens party wear shrug - black,Size:5X-Large,"Rs
2990",2392,20% off,Westernwear-Women
4508,Faballey,Solid cotton blend round neck womens t-shirt dress - green,"Size:Large,Medium,Small,X-Large,X-Small","Rs
1700",850,50% off,Westernwear-Women
4509,Sera,Floral three quarter sleeves polyester womens regular jumpsuits - blue,"Size:Large,Medium,Small,X-Large",Nan,2498,No Discount,Westernwear-Women
4510,Sera,Womens regular fit printed v neck blouson top - brown,"Size:Small,X-Large","Rs
1098",494,55% off,Westernwear-Women
4511,Indya,Shraddha kapoor for indya women pink floral print georgette crop top - pink,"Size:Large,Medium,Small,X-Large,X-Small","Rs
1400",700,50% off,Westernwear-Women
4512,Fratini,Solid viscose v-neck womens regular woven top - off white,"Size:Large,Medium,Small,X-Large,XX-Large",Nan,999,No Discount,Westernwear-Women
4513,Is.u,Womens mustard cold shoulder top - mustard,"Size:Large,Medium,Small,X-Large","Rs
2190",1095,50% off,Westernwear-Women
4514,Iti,Womens flowy cape dress - green,"Size:Medium,Small,X-Small",Nan,1999,No Discount,Westernwear-Women
4515,Enamor,Cotton activewear womens track pants - aviator,"Size:XL,Large,Small","Rs
899",629,30% off,Westernwear-Women
4516,Dolce crudo,Womens slim fit saturday night cloud wash jeans - light blue,"Size:26,28,30,32,34","Rs
2299",919,60% off,Westernwear-Women
4517,Levis,Skinny regular cotton blend women jeans - indigo,"Size:28,30,32,34",Nan,2799,No Discount,Westernwear-Women
4518,Only,Skinny fit cropped cotton womens jeans - black,"Size:Large,Medium,Small,X-Large,X-Small","Rs
4499",3149,30% off,Westernwear-Women
4519,Forever new,Printed viscose v neck womens dress - print,"Size:6,8,10,12",Nan,7400,No Discount,Westernwear-Women
4520,And,Solid collar neck rayon womens regular fit top - blue,"Size:8,10","Rs
1699",849,50% off,Westernwear-Women
4521,Madame,Solid fleece hood womens sweatshirt - leaf green,"Size:Small,XX-Large","Rs
2199",1319,40% off,Westernwear-Women
4522,Zink london,Printed polyester womens casual shirt - brown,Size:X-Small,"Rs
1599",639,60% off,Westernwear-Women
4523,Only,Solid 100% polyester collar neck womens t-shirt - green,"Size:34,36,38,40","Rs
4499",3149,30% off,Westernwear-Women
4524,Allen solly,Checks polyester regular fit womens blazer - dark green,"Size:Large,Medium,Small,X-Large,X-Small,XX-Large","Rs
3799",3039,20% off,Westernwear-Women
4525,Sera,Printed tie up neck polyester womens fit and flare dress - blue,"Size:Large,Medium,Small,X-Large","Rs
1694",762,55% off,Westernwear-Women
4526,Zink london,Solid polyester v neck womens top - maroon,"Size:Large,Medium,Small,X-Large","Rs
1599",1279,20% off,Westernwear-Women
4527,Latin quarters,Solid polyester rayon round neck womens knit top - green,"Size:S,M,L,XL","Rs
1599",799,50% off,Westernwear-Women
4528,Madame,Solid cotton blend round neck womens top - sky blue,"Size:Large,Medium,Small,X-Large,XX-Large","Rs
1199",719,40% off,Westernwear-Women
4529,Zink z,Solid polyester u neck womens midi dress - pink,"Size:Large,Medium,Small,X-Large,X-Small",Nan,2499,No Discount,Westernwear-Women
4530,Zink london,Abstract polyester off shoulder womens top - off white,"Size:Large,Medium,Small,X-Large","Rs
1699",1019,40% off,Westernwear-Women
4531,Only,Loose fit midi length cotton polyester womens jeans - black,"Size:25,26,27,28,29,30,33","Rs
4299",3439,20% off,Westernwear-Women
4532,Latin quarters,Printed polyester collar neck womens regular blouse - black,"Size:M,L","Rs
1399",979,30% off,Westernwear-Women
4533,109f,Womens round neck solid top - black,"Size:Large,Medium,X-Large,XX-Large","Rs
999",399,60% off,Westernwear-Women
4534,And,Solid high neck polyester womens casual dress - lilac,Size:16,"Rs
1899",949,50% off,Westernwear-Women
4535,Magre,Solid velvet v neck womens dress - black,"Size:Large,Medium,Small,X-Small","Rs
1990",1094,45% off,Westernwear-Women
4536,Dolce crudo,Womens privacy please denim jacket - blue,"Size:Medium,X-Small","Rs
2999",899,70% off,Westernwear-Women
4537,Pepe,Colour block viscose jersey crew neck womens t-shirt - multi,"Size:Large,Medium,Small,X-Large","Rs
1499",899,40% off,Westernwear-Women
4538,Altlife,Printed cotton round neck womens active wear t-shirt - white,"Size:Large,Medium,Small,X-Large,X-Small,XX-Large","Rs
399",199,50% off,Westernwear-Women
4539,Vero moda,Solid viscose v neck womens top - orange,"Size:Large,Medium,Small,X-Large,X-Small","Rs
2599",2079,20% off,Westernwear-Women
4540,Faballey,Solid square neck viscose womens straight fit maxi dress - grey,"Size:Large,Medium,Small,X-Large","Rs
2100",1050,50% off,Westernwear-Women
4541,And,Floral viscose boat neck womens flared dress - mint,"Size:6,8,10,12,14,16","Rs
2099",1679,20% off,Westernwear-Women
4542,Fratini,Printed v neck viscose womens regular dress - off white,"Size:Large,Medium,Small,X-Large,XX-Large","Rs
1699",849,50% off,Westernwear-Women
4543,Allen solly,Solid cotton round neck womens top - yellow,"Size:Large,Medium,Small,X-Large,X-Small,XX-Large","Rs
1699",1499,12% off,Westernwear-Women
4544,Only,Solid polyester v neck womens top - yellow,"Size:Large,Medium,Small,X-Small","Rs
1299",779,40% off,Westernwear-Women
4545,Infuse,Skinny fit ankle length cotton lycra womens jeans - ice,"Size:26,28","Rs
999",599,40% off,Westernwear-Women
4546,Sera,Solid slim fit viscose womens casual track pants - grey,"Size:Medium,Small,X-Large","Rs
1099",549,50% off,Westernwear-Women
4547,And,Solid polyester round neck womens straight top - cream,"Size:10,12","Rs
1699",1359,20% off,Westernwear-Women
4548,Zink london,Geometric print notched polyester womens casual jacket - black mix,"Size:Large,Medium,Small,X-Large,X-Small","Rs
4499",1799,60% off,Westernwear-Women
4549,Global desi,Geometric cotton round neck womens straight top - blue,"Size:XL,Large,Medium,Small,X-Small","Rs
1299",649,50% off,Westernwear-Women
4550,And,Solid collar neck viscose womens regular fit top - cream,"Size:8,10,12,14,16,18","Rs
2899",1449,50% off,Westernwear-Women
4551,Faballey,Solid square neck net womens tiered dress - maroon,"Size:Medium,Small,X-Large","Rs
1900",950,50% off,Westernwear-Women
4552,Kraus,Skinny ankle length cotton blend womens regular jeans - black,Size:38,"Rs
1695",1186,30% off,Westernwear-Women
4553,And,Solid polyester v-neck womens fit and flare top - black,"Size:8,10,12","Rs
1899",949,50% off,Westernwear-Women
4554,Is.u,Printed polyester blend high neck womens regular fit top - green,"Size:Large,Medium,Small,X-Small","Rs
1890",945,50% off,Westernwear-Women
4555,Forever new,Floral linen regular fit womens casual pants - print,"Size:4,6,8,10,12","Rs
4800",3360,30% off,Westernwear-Women
4556,Latin quarters,Dyed round neck nylon womens regular dress - black,Size:L,"Rs
2699",1889,30% off,Westernwear-Women
4557,Zink london,Womens fit and flare printed square neck maxi dress - natural,"Size:X-Large,XX-Large","Rs
2899",899,69% off,Westernwear-Women
4558,Zink london,Checks cotton shirt collar womens straight fit top - blue,"Size:Large,X-Large,XX-Large","Rs
1699",679,60% off,Westernwear-Women
4559,Pepe,Flared fit cotton blend womens jeans - denim,"Size:26,28,30,32,34","Rs
2799",1679,40% off,Westernwear-Women
4560,Adidas,Fitted polyester womens casual shorts - navy,"Size:Large,Medium,Small,X-Large,X-Small","Rs
1799",1259,30% off,Westernwear-Women
4561,Fratini,Printed round neck cotton blend womens sweatshirt - white,"Size:Large,Medium,Small,X-Large,XX-Large","Rs
1299",649,50% off,Westernwear-Women
4562,Rare,Colour blocked 3/4th sleeves polyester womens full length jumpsuit - blue,"Size:Large,Medium,X-Large","Rs
1999",899,55% off,Westernwear-Women
4563,Only,Solid na polyester blend women cardigan - pink,Size:X-Large,"Rs
3299",1649,50% off,Westernwear-Women
4564,And,Solid linen shirt collar womens tie-ups top - black,"Size:14,16","Rs
1899",949,50% off,Westernwear-Women
4565,Life,Printed cotton round neck womens regular t-shirt - charcoal,"Size:Small,X-Small","Rs
399",199,50% off,Westernwear-Women
4566,Faballey,Floral boat neck georgette womens maxi dress - white,Size:XX-Large,"Rs
2950",1475,50% off,Westernwear-Women
4567,Faballey,Solid one shoulder georgette womens flared dresses - black,Size:Small,"Rs
2100",1050,50% off,Westernwear-Women
4568,And,Striped viscose shirt collar womens straight top - white,"Size:8,10,16","Rs
1699",849,50% off,Westernwear-Women
4569,Zink london,Solid v neck acrylic womens sweaters - brown,Size:Medium,"Rs
3999",1599,60% off,Westernwear-Women
4570,Sera,Womens regular fit structure flared skirt - white,Size:Large,"Rs
1294",517,60% off,Westernwear-Women
4571,And,Solid full sleeves rayon womens regular jumpsuits - peach,Size:14,"Rs
4299",2149,50% off,Westernwear-Women
4572,Kraus,Printed rayon v neck womens regular top - peach,"Size:Large,X-Large","Rs
1199",599,50% off,Westernwear-Women
4573,Sera,Solid v neck polyester womens regular dress - blue,Size:Small,"Rs
1998",799,60% off,Westernwear-Women
4574,Zink london,Printed floral polyester womens fit and flare dress - blue,Size:Large,"Rs
2299",699,70% off,Westernwear-Women
4575,Campus sutra,Womens knit regular fit shirt - black,Size:X-Large,Nan,1399,No Discount,Westernwear-Women
4576,Zink london,Solid polyester blend round neck womens top - yellow,"Size:Large,Medium,Small,X-Large","Rs
1599",1279,20% off,Westernwear-Women
4577,Faballey,Floral georgette v neck womens dress - multi,"Size:Large,Medium,Small,X-Large,X-Small","Rs
2900",2320,20% off,Westernwear-Women
4578,Kraus,Womens regular fit rayon checks top - retro navy,"Size:Large,Medium,Small,X-Large","Rs
1299",649,50% off,Westernwear-Women
4579,Gipsy,Womens solid shirt dress - olive,"Size:Small,XX-Large","Rs
2795",1956,30% off,Westernwear-Women
4580,Faballey,Solid polyester blend womens regular dress - green,"Size:Large,Medium,Small,X-Large,X-Small","Rs
2150",1075,50% off,Westernwear-Women
4581,Vero moda,Solid tencel sweetheart neck womens top - blue,"Size:Large,Medium,Small,X-Large,X-Small","Rs
2599",2079,20% off,Westernwear-Women
4582,Vero moda,Mid wash cotton relaxed fit womens jeans - blue,"Size:25,26,27,28,29,31,33","Rs
4799",3359,30% off,Westernwear-Women
4583,Altlife,Printed cotton blend regular neck womens t-shirt - ecru,"Size:Large,Medium,Small,X-Large,X-Small,XX-Large","Rs
499",249,50% off,Westernwear-Women
4584,Zink z,Typographic cotton round neck womens t-shirt - green,"Size:Large,Medium,Small,X-Large,X-Small",Nan,1499,No Discount,Westernwear-Women
4585,Spykar,Regular fit regular length cotton womens jeans - natural,"Size:28,30,32,34,36","Rs
2499",1749,30% off,Westernwear-Women
4586,Stop,Printed polyester womens regular fit top - off white,"Size:Large,Small,X-Large","Rs
1299",649,50% off,Westernwear-Women
4587,Vero moda,Printed cotton sweetheart neck womens top - white,"Size:Large,Medium,Small,X-Large,X-Small",Nan,2299,No Discount,Westernwear-Women
4588,Lovegen,Solid cotton round neck womens straight fit top - mid blue,"Size:Medium,Small,X-Small","Rs
1599",639,60% off,Westernwear-Women
4589,Altlife,Solid cotton regular neck womens westernwear top - butter,"Size:Large,Medium,Small,X-Large,X-Small,XX-Large","Rs
599",299,50% off,Westernwear-Women
4590,Enamor,Womens athleisure swing tank top - baby pink,"Size:XL,Large,Medium,Small","Rs
499",349,30% off,Westernwear-Women
4591,Only,Embroidery cotton womens t-shirt - blue,"Size:Large,Medium,Small,X-Large,X-Small","Rs
1499",749,50% off,Westernwear-Women
4592,Faballey,Floral round neck georgette womens maxi dress - green,"Size:4X-Large,X-Large,XX-Large,XXX-Large","Rs
2800",1400,50% off,Westernwear-Women
4593,Van heusen,Solid stylized polyester womens casual wear jacket - maroon,"Size:Large,Medium,Small,X-Large,X-Small",Nan,4499,No Discount,Westernwear-Women
4594,And,Solid cotton round neck womens straight top - blue,"Size:8,10,12,14,16,18","Rs
1399",1119,20% off,Westernwear-Women
4595,Latin quarters,Dyed round neck polyester blend womens regular blouse - peach,"Size:S,M,L,XL","Rs
1699",849,50% off,Westernwear-Women
4596,Stop,Solid regular neck viscose blend womens pullover - ivory,"Size:Large,Medium,X-Large,XX-Large","Rs
1299",649,50% off,Westernwear-Women
4597,Insense,Womens  round neck  printed t-shirt - mint,"Size:Large,Medium,Small,X-Small","Rs
499",249,50% off,Westernwear-Women
4598,Van heusen,Textured polyester v neck womens jacket - maroon,"Size:Large,Medium,Small,X-Large,X-Small","Rs
3499",1499,57% off,Westernwear-Women
4599,Van heusen,Solid cotton regular fit womens trousers - green,"Size:26,28,30,32,34","Rs
1699",999,41% off,Westernwear-Women
4600,Gipsy,Womens mandarin collar floral print top - grey,"Size:Large,Medium,X-Large","Rs
1695",1186,30% off,Westernwear-Women
4601,Zink london,Solid polyester mandarin womens top - red,"Size:Large,Medium,Small,X-Large,X-Small,XX-Large","Rs
1399",839,40% off,Westernwear-Women
4602,Zink london,Regular fit mini length polyester womens casual skirt - red,"Size:Medium,Small,X-Small","Rs
1699",499,71% off,Westernwear-Women
4603,Zink london,Printed polyester round neck womens straight top - green,"Size:Large,Medium,Small,X-Small,XX-Large","Rs
1599",639,60% off,Westernwear-Women
4604,Zink london,Printed round neck polyester womens a-line dress - red,"Size:Large,Medium,Small,X-Large","Rs
2899",1159,60% off,Westernwear-Women
4605,Zink london,Printed rayon square neck womens casual wear dresses - black,"Size:Large,Medium,X-Large","Rs
2499",999,60% off,Westernwear-Women
4606,Latin quarters,Dyed turtle neck acrylic womens regular top - teal,"Size:S,M,L,XL","Rs
2499",1249,50% off,Westernwear-Women
4607,Zink london,Solid polyester tie up neck� womens top - pink,"Size:Large,Medium,Small,X-Large","Rs
1699",1359,20% off,Westernwear-Women
4608,Zink london,Printed rayon collar neck womens casual shirt - grey,"Size:Large,Medium,Small,X-Large,X-Small,XX-Large","Rs
1499",899,40% off,Westernwear-Women
4609,Gipsy,Floral choker neck rayon womens a-line dress - navy,"Size:Large,Medium,Small,X-Large","Rs
2495",1746,30% off,Westernwear-Women
4610,Altlife,Regular fit thigh length cotton womens active wear shorts - powder blue,"Size:28,30,32,34,36",Nan,499,No Discount,Westernwear-Women
4611,Rare,Printed polyester sweetheart neck womens fitted top - black,"Size:Large,Medium,Small,X-Large,X-Small","Rs
1499",599,60% off,Westernwear-Women
4612,Myshka,Printed cotton blend collar neck womens jacket - purple,"Size:X-Large,XX-Large","Rs
2999",899,70% off,Westernwear-Women
4613,Sera,Floral sweetheart neck polyester womens regular dress - black,Size:Small,"Rs
1998",999,50% off,Westernwear-Women
4614,Latin quarters,Solid cotton regular fit womens pants - black,"Size:S,M,XL","Rs
1799",799,56% off,Westernwear-Women
4615,Fratini,Solid regular neck polyester womens winter wear jacket - white,"Size:Large,X-Small","Rs
2999",1499,50% off,Westernwear-Women
4616,And,Womens regular fit solid trousers - navy,Size:26,"Rs
1799",899,50% off,Westernwear-Women
4617,Latin quarters,Printed polyester round neck womens blouson blouse - black,"Size:S,M","Rs
1499",749,50% off,Westernwear-Women
4618,Latin quarters,Solid polyester round neck womens blouse - black,"Size:S,M","Rs
1699",849,50% off,Westernwear-Women
4619,Emblaze,Womens pink self textured gown - pink,"Size:Large,Medium,Small,X-Small,XX-Large",Nan,3500,No Discount,Westernwear-Women
4620,Faballey,Floral round neck lace womens mini dress - purple,"Size:X-Large,XX-Large,XXX-Large","Rs
2200",1100,50% off,Westernwear-Women
4621,Kraus,Checks rayon tie up neck���� womens regular top - candy,"Size:Large,Medium,Small,X-Large","Rs
1199",839,30% off,Westernwear-Women
4622,Vero moda,Textured cotton collared womens  shirts - natural,"Size:Large,Medium,Small,X-Large,X-Small","Rs
2499",1499,40% off,Westernwear-Women
4623,Pepe,Tie dye & aop viscose jersey crew neck womens t-shirt - gold,"Size:Large,Medium,Small,X-Large","Rs
1699",1019,40% off,Westernwear-Women
4624,Crimsoune club,Graphic round neck polyester blend womens sweatshirt - peach,"Size:Large,Medium,Small,X-Large,XX-Large,XXX-Large","Rs
1799",899,50% off,Westernwear-Women
4625,Faballey,Stripes georgette halter neck womens halter dress - red,"Size:Large,Medium,Small,X-Large,X-Small","Rs
1700",850,50% off,Westernwear-Women
4626,Madame,Womens round neck solid flared dress - multi,"Size:Large,Medium,X-Large,XX-Large","Rs
2199",1099,50% off,Westernwear-Women
4627,Dolce crudo,Womens regular fit keep going slim high rise jeans light blue - light blue,"Size:26,28,32","Rs
2499",1124,55% off,Westernwear-Women
4628,Levis,Solid cotton round neck womens casual shirt - indigo,"Size:Large,Medium,Small,X-Small",Nan,2299,No Discount,Westernwear-Women
4629,Jealous 21,Skinny fit ankle length denim womens jeans - indigo,"Size:26,28,30,32,34,36",Nan,2299,No Discount,Westernwear-Women
4630,Vero moda,Textured cotton round neck womens t-shirt - white,"Size:Large,Medium,Small,X-Large,X-Small","Rs
2299",1839,20% off,Westernwear-Women
4631,Vero moda,Solid cotton one shoulder womens t-shirt - green,"Size:Large,Medium,Small,X-Large,X-Small","Rs
1999",1599,20% off,Westernwear-Women
4632,Faballey,Floral cotton square neck womens dress - yellow,"Size:Large,Medium,Small,X-Large,X-Small","Rs
1950",1560,20% off,Westernwear-Women
4633,Faballey,Solid cotton blend round neck womens t-shirt dress - grey,"Size:Large,Medium,Small,X-Large,X-Small","Rs
1700",850,50% off,Westernwear-Women
4634,Forever new,Solid halter neck polyester womens maxi dress - green,"Size:6,8,10,12,14",Nan,6800,No Discount,Westernwear-Women
4635,Samshek,Solid round neck georgette womens regular dress - grey,"Size:4X-Large,5X-Large,Large,Medium,Small,X-Large,X-Small,XX-Large,XX-Small,XXX-Large",Nan,2690,No Discount,Westernwear-Women
4636,Zink london,Embroidered polyester round neck women's top - white,"Size:Medium,Small","Rs
1599",639,60% off,Westernwear-Women
4637,And,Stripes mandarin collar womens a-line top - yellow,"Size:8,10,14","Rs
1899",949,50% off,Westernwear-Women
4638,And,Solid viscose square neck women regular tops - pink mix,"Size:8,10,12,14,16,18","Rs
2499",1249,50% off,Westernwear-Women
4639,Allen solly,Womens knee length skirt - dark blue,"Size:30,32,34","Rs
1699",1359,20% off,Westernwear-Women
4640,Kraus,Solid tencel collar neck womens casual wear shirt - baby pink,Size:X-Large,"Rs
1299",909,30% off,Westernwear-Women
4641,Faballey,Embellished crepe round neck womens regular top - purple,"Size:Large,Medium,Small,X-Small","Rs
1500",1200,20% off,Westernwear-Women
4642,Aarke,Solid sleeveless polyester blend womens jumpsuit - black,"Size:Large,Medium,Small,X-Small",Nan,2900,No Discount,Westernwear-Women
4643,Levis,Womens round neck printed top - black,"Size:Small,X-Small",Nan,999,No Discount,Westernwear-Women
4644,Stop,Printed satin regular neck womens top - sage,"Size:Large,Medium,Small,X-Large,X-Small,XX-Large",Nan,1299,No Discount,Westernwear-Women
4645,Faballey,Solid  crepe womens regular palazzo - black,"Size:4X-Large,XXX-Large","Rs
1900",1520,20% off,Westernwear-Women
4646,Van heusen,Striped regular fit polyester viscose womens pants - navy,"Size:26,30,32","Rs
2499",999,60% off,Westernwear-Women
4647,Allen solly,Solid regular fit polyester cotton womens formal wear pants - maroon,"Size:28,30,32,34,36",Nan,1799,No Discount,Westernwear-Women
4648,Adidas,Solid polyester crew neck womens t-shirt - burgundy,"Size:Large,Medium,Small,X-Large,X-Small","Rs
2699",1889,30% off,Westernwear-Women
4649,Levis,Solid cotton round neck womens casual shirt - white,"Size:Large,Medium,Small,X-Small",Nan,3199,No Discount,Westernwear-Women
4650,Dolce crudo,Womens regular fit brave soul studded denim pant black - black,"Size:26,28,30,32,34","Rs
2199",989,55% off,Westernwear-Women
4651,Faballey,Embellished georgette round neck womens dress - blue,"Size:Large,Medium,Small,X-Small","Rs
2600",2080,20% off,Westernwear-Women
4652,And,Solid polyester boat neck womens straight top - red,"Size:8,10,12,14,16,18","Rs
1899",1519,20% off,Westernwear-Women
4653,Sera,Womens regular fit solid high neck top - mustard,"Size:Large,Small,X-Large","Rs
1094",547,50% off,Westernwear-Women
4654,Zink london,Regular fit midi length rayon blend womens casual skirt - olive,"Size:Large,X-Large","Rs
1699",679,60% off,Westernwear-Women
4655,Faballey,Printed georgette womens regular dress - black,Size:X-Large,"Rs
2200",1100,50% off,Westernwear-Women
4656,Allen solly,Solid lyocell v neck womens dress - navy,"Size:Large,Medium,Small,X-Large,X-Small,XX-Large","Rs
2499",1499,40% off,Westernwear-Women
4657,Zink london,Checks rayon scoop neck womens tops - blue,"Size:Large,Medium,Small,X-Large","Rs
1499",499,67% off,Westernwear-Women
4658,Sera,Womens regular fit stripes round neck a-line dress - off white,"Size:Medium,Small","Rs
1298",519,60% off,Westernwear-Women
4659,Puma,Printed cotton round neck womens athleisure top - orange,"Size:Large,Medium,Small,X-Large,X-Small","Rs
1999",1399,30% off,Westernwear-Women
4660,Kraus,Solid cotton round neck womens t-shirt - black,Size:Large,"Rs
599",539,10% off,Westernwear-Women
4661,U.s. polo assn.,Unisex adults blue triple layer reversible anti bacterial reusable face masks - pack of 3 - blue,Size:Large,Nan,499,No Discount,Westernwear-Women
4662,Zink london,Printed cotton round neck womens regular fit t-shirt - grey,"Size:Large,Medium,Small,X-Large,X-Small,XX-Large","Rs
1299",399,69% off,Westernwear-Women
4663,Zink london,Printed rayon sweetheart neck women's dress - navy,Size:X-Large,"Rs
2999",999,67% off,Westernwear-Women
4664,And,Solid v neck polyester womens wrap dress - black,"Size:8,10,12,14,16","Rs
2699",2159,20% off,Westernwear-Women
4665,Cover story,Solid viscose spandex v neck womens t-shirt - pink,"Size:Large,Medium,Small,X-Small","Rs
1290",690,47% off,Westernwear-Women
4666,And,Solid boat neck womens a-line top - lemon,"Size:8,10,14","Rs
1299",649,50% off,Westernwear-Women
4667,Kraus,Womens solid shorts - blue,Size:34,"Rs
1295",647,50% off,Westernwear-Women
4668,Latin quarters,Dyed v-neck polyester womens regular blouse - natural,"Size:S,M,L,XL,XX-Large","Rs
1499",749,50% off,Westernwear-Women
4669,Zink london,Lace polyester round neck womens top - pink,"Size:Large,Medium,Small,X-Large","Rs
1899",1519,20% off,Westernwear-Women
4670,Latin quarters,Solid round neck polyester blend womens regular dress - black,"Size:S,X-Small","Rs
2499",799,68% off,Westernwear-Women
4671,Zink london,Embellished polyester round neck womens festive dresses - teal,"Size:Large,Medium,Small,X-Large,X-Small","Rs
2999",1199,60% off,Westernwear-Women
4672,Vero moda,Solid polyester v neck womens  tops - blue,"Size:Large,Medium,Small,X-Large,X-Small","Rs
1999",1399,30% off,Westernwear-Women
4673,Life,Printed cotton round neck womens active wear t-shirt - lime green,"Size:Large,Medium,Small,X-Large,X-Small,XX-Large","Rs
899",449,50% off,Westernwear-Women
4674,Zink london,Solid polyester round neck womens top - pink,"Size:Large,Medium,Small,X-Large,X-Small,XX-Large","Rs
1599",959,40% off,Westernwear-Women
4675,Altlife,Regular fit thigh length cotton womens active wear shorts - lilac,"Size:28,30,32,34,36",Nan,499,No Discount,Westernwear-Women
4676,Rare,Printed polyester square neck womens regular fit top - yellow,"Size:Large,Small,X-Large","Rs
1399",629,55% off,Westernwear-Women
4677,Iti,Womens solid bishop sleeves v neck fit and flare maxi dress - red,"Size:Medium,Small,X-Small",Nan,2599,No Discount,Westernwear-Women
4678,Rare,Printed polyester sweetheart neck womens peplum top - maroon,"Size:Large,Medium,Small","Rs
1399",559,60% off,Westernwear-Women
4679,Madame,Womens solid round neck top - cherry,"Size:Large,Medium,Small,X-Large,XX-Large","Rs
1599",799,50% off,Westernwear-Women
4680,Lovegen,Womens round neck self printed top - wine,"Size:Medium,X-Small","Rs
1299",389,70% off,Westernwear-Women
4681,And,Checked square neck cotton womens evening dress - green,"Size:8,10,12,16","Rs
1899",949,50% off,Westernwear-Women
4682,Kraus,Solid skinny fit cotton nylon womens casual trousers - black,Size:28,"Rs
1595",797,50% off,Westernwear-Women
4683,Faballey,Regular fit calf length length georgette womens casual skirt - red,"Size:Medium,Small","Rs
1800",1440,20% off,Westernwear-Women
4684,Latin quarters,Printed round neck polyester womens dress - black,Size:S,"Rs
2499",799,68% off,Westernwear-Women
4685,Zink london,Solid rayon blend womens shift dress - red,Size:Small,"Rs
2299",919,60% off,Westernwear-Women
4686,And,Solid cotton collar neck women regular top - mid blue,Size:16,"Rs
2499",1249,50% off,Westernwear-Women
4687,Infuse,Regular fit thigh length cotton terry womens athleisure shorts - mint,"Size:28,30,32,34,36","Rs
599",239,60% off,Westernwear-Women
4688,Gipsy,Printed collar neck regular fit womens casual shirt - black,"Size:Large,X-Large,XX-Large","Rs
1395",976,30% off,Westernwear-Women
4689,Vero moda,Relaxed above knee cotton womens casual wear shorts - green,"Size:Large,Medium,Small,X-Large,X-Small","Rs
2799",1679,40% off,Westernwear-Women
4690,And,Solid v neck polyester womens midi dress - multi,"Size:6,8,10,12,14,16",Nan,2499,No Discount,Westernwear-Women
4691,Sera,Printed v-neck cotton womens shirt style dress - white,"Size:Large,Medium,Small","Rs
1594",797,50% off,Westernwear-Women
4692,Only,Straight fit cotton high rise womens jeans - blue,"Size:25,26,27,28,29,30,31,32","Rs
4299",3009,30% off,Westernwear-Women
4693,Jealous 21,Solid round neck cotton womens regular top - red,"Size:Large,Medium,Small,X-Large",Nan,1199,No Discount,Westernwear-Women
4694,109f,Womens spaghetti neck printed top - natural,"Size:Large,Medium,Small,X-Large,XX-Large","Rs
1299",519,60% off,Westernwear-Women
4695,Adidas,Printed cotton crew neck womens t-shirt - rust,"Size:28,32,36,40","Rs
1999",1399,30% off,Westernwear-Women
4696,Indya,Printed georgette womens regular top - orange,"Size:Large,Small,X-Large,X-Small","Rs
1400",700,50% off,Westernwear-Women
4697,Zink z,Textured polyester cotton u neck womens midi dress - blue,"Size:Large,Medium,Small,X-Large,X-Small",Nan,2799,No Discount,Westernwear-Women
4698,Puma,Polyester high rise tight fit womens athleisure tights - pink,"Size:Large,Medium,Small,X-Large,X-Small","Rs
3999",2799,30% off,Westernwear-Women
4699,Faballey,Embellished crepe one shoulder womens regular top - purple,"Size:Large,Medium,Small,X-Large,X-Small","Rs
1400",1120,20% off,Westernwear-Women
4700,Levis,Solid cotton round neck womens t-shirt - pink,"Size:Large,Medium,Small,X-Small",Nan,1399,No Discount,Westernwear-Women
4701,Spykar,Solid cotton spread collar womens casual wear shirt - mid blue,"Size:Large,Medium,Small,X-Large","Rs
2299",1609,30% off,Westernwear-Women
4702,Only,Solid nylon relaxed fit womens pants - brown,"Size:Large,Medium,Small,X-Small","Rs
3299",2309,30% off,Westernwear-Women
4703,Global desi,Solid v neck viscose womens regular jumpsuits - pink,"Size:XL,Large,Medium,Small,X-Small","Rs
3099",2479,20% off,Westernwear-Women
4704,Faballey,Solid cotton blend round neck womens t-shirt dress - black,"Size:Large,Medium,Small,X-Small","Rs
1700",850,50% off,Westernwear-Women
4705,Zink london,Solid cotton round neck womens top - natural,"Size:Large,Medium,Small,X-Large,X-Small,XX-Large","Rs
1299",779,40% off,Westernwear-Women
4706,Vero moda,Relaxed above knee cotton womens casual wear shorts - blue,"Size:Large,Medium,Small,X-Large,X-Small","Rs
1999",1199,40% off,Westernwear-Women
4707,Madame,Womens round neck solid jumpsuit - black,"Size:Large,Small,X-Large","Rs
3299",1649,50% off,Westernwear-Women
4708,And,Solid boat neck viscose womens regular fit top - grey,"Size:8,10,14,16,18","Rs
2699",1349,50% off,Westernwear-Women
4709,Only,Solid viscose v neck womens top - white,"Size:34,36,38,40,42",Nan,2499,No Discount,Westernwear-Women
4710,Iti,Womens red layered maxi - red,"Size:Large,Small,X-Small",Nan,2699,No Discount,Westernwear-Women
4711,And,Checks boat neck polyester womens flared dress - blue,"Size:8,10,12,14,16","Rs
2299",1839,20% off,Westernwear-Women
4712,Zink london,Printed rayon u neck womens top - green,"Size:Large,Medium,Small,X-Large","Rs
1399",839,40% off,Westernwear-Women
4713,Ira soleil,Embellished polyester womens festive wear jacket - gold,"Size:Large,Medium,Small,X-Large,XX-Large",Nan,1799,No Discount,Westernwear-Women
4714,Latin quarters,Solid polyester womens regular blouse - natural,"Size:S,M,L,XL,X-Small","Rs
1499",749,50% off,Westernwear-Women
4715,Spykar,Regular fit regular cotton lycra womens jeans - black,"Size:26,28,30,32,34,36","Rs
2499",1749,30% off,Westernwear-Women
4716,Puma,Printed polyester crew neck womens t-shirt - black,"Size:Large,Medium,Small,X-Large,X-Small","Rs
1799",1259,30% off,Westernwear-Women
4717,Zink london,Solid viscose blend round neck womens top - purple,"Size:Large,Medium,Small,X-Large,X-Small,XX-Large","Rs
1699",1019,40% off,Westernwear-Women
4718,Only,Solid viscose v neck womens top - green,"Size:34,36,38,40,42",Nan,2499,No Discount,Westernwear-Women
4719,Dolce crudo,Womens we were young once bomber jacket - navy,"Size:Large,Medium,Small,X-Large,X-Small","Rs
3799",1519,60% off,Westernwear-Women
4720,Cover story,Solid polyester womens regular dress - pink,"Size:Large,Medium,Small,X-Large","Rs
2890",2023,30% off,Westernwear-Women
4721,Jealous 21,Skinny fit full length denim womens jeans - indigo,"Size:26,28,30,32,34",Nan,2499,No Discount,Westernwear-Women
4722,Fratini,Solid polyester regular fit womens joggers - navy,"Size:26,28,30,32,34,36","Rs
1199",599,50% off,Westernwear-Women
4723,Kraus,Stripes cotton collar neck womens crop shirt - mastic white,"Size:Large,Medium,Small,X-Small","Rs
1199",839,30% off,Westernwear-Women
4724,Madame,Printed rayon blend collar neck womens casual shirt - white,"Size:Large,Medium,Small,X-Large,XX-Large","Rs
1999",999,50% off,Westernwear-Women
4725,Enamor,Cotton womens t-shirt - default color 1,"Size:XL,Large,Medium,Small,XX-Large",Nan,549,No Discount,Westernwear-Women
4726,Fratini,Printed cotton blend collar neck womens regular top - off white,"Size:Large,Medium,Small,X-Large,XX-Large",Nan,1299,No Discount,Westernwear-Women
4727,Iti,Womens geometric high low top - blue,"Size:Large,Small,X-Large",Nan,1099,No Discount,Westernwear-Women
4728,Zink london,Printed cotton womens shift dress - blue,"Size:Large,Medium,X-Large","Rs
2399",959,60% off,Westernwear-Women
4729,Kraus,Skinny fit ankle length cotton womens jeans - black,"Size:28,30,36,38","Rs
1795",1256,30% off,Westernwear-Women
4730,Rare,Solid polyester hood womens jacket - royal blue,"Size:Large,Medium,Small","Rs
4999",1999,60% off,Westernwear-Women
4731,Proline,Cotton round neck womens t-shirt - blue,"Size:Large,Medium,Small,X-Large","Rs
999",499,50% off,Westernwear-Women
4732,Altlife,Colour block cotton regular neck womens t-shirt - blush,"Size:Large,Medium,Small,X-Large,X-Small,XX-Large","Rs
499",249,50% off,Westernwear-Women
4733,And,Solid collar neck linen womens regular dress - wine,"Size:8,10,12,14,16,18","Rs
2899",2319,20% off,Westernwear-Women
4734,Altlife,Solid cotton stretch regular neck womens t-shirt - rust,"Size:Large,Medium,Small,X-Large,X-Small,XX-Large","Rs
799",399,50% off,Westernwear-Women
4735,Latin quarters,Solid polyester round neck womens regular top - green,"Size:S,M,L,X-Small","Rs
1599",499,69% off,Westernwear-Women
4736,Latin quarters,Solid polyester stretch round neck womens regular fit knit top - blue,"Size:S,M,L,XL","Rs
1450",725,50% off,Westernwear-Women
4737,Zink london,Solid cotton sweetheart neck womens top - pink,"Size:Large,Medium,Small,X-Large","Rs
1399",699,50% off,Westernwear-Women
4738,Rare,Regular fit midi length polyester womens casual skirt - wine,"Size:28,30,32,34,36","Rs
1999",799,60% off,Westernwear-Women
4739,Rare,Striped polyester square neck womens regular fit top - black,"Size:Large,Medium,Small","Rs
1399",629,55% off,Westernwear-Women
4740,Crimsoune club,Womens slim fit printed shirt - blue,"Size:Large,Medium,X-Large","Rs
1299",779,40% off,Westernwear-Women
4741,And,Solid choker neck womens a-line top - pink,Size:8,"Rs
1299",649,50% off,Westernwear-Women
4742,And,Womens fit and flare v neck printed midi dress - mullet,Size:16,"Rs
2999",1199,60% off,Westernwear-Women
4743,Faballey,Stripes cotton womens regular top - blue,Size:X-Small,"Rs
837",418,50% off,Westernwear-Women
4744,And,Printed polyester round neck womens blouson top - blue mix light,Size:8,"Rs
1799",1439,20% off,Westernwear-Women
4745,Is.u,Womens beige deconstructed long jacket - natural,Size:Medium,"Rs
3290",1645,50% off,Westernwear-Women
4746,Allen solly,Solid polyester cotton round neck womens regular top - white,Size:XX-Large,Nan,1599,No Discount,Westernwear-Women
4747,Faballey,Embellished georgette halter neck womens regular dress - green,"Size:Large,Small","Rs
2600",2080,20% off,Westernwear-Women
4748,Faballey,Floral georgette round neck womens regular top - green,Size:X-Large,"Rs
1600",800,50% off,Westernwear-Women
4749,Latin quarters,Printed round neck polyester womens dress - maroon,Size:S,"Rs
2499",1249,50% off,Westernwear-Women
4750,Faballey,Crepe half sleeves round neck womens regular length jumpsuit - green,"Size:Small,X-Large","Rs
2400",1920,20% off,Westernwear-Women
4751,And,Solid v-neck womens fit & flare top - black,"Size:8,10,14,16","Rs
1499",749,50% off,Westernwear-Women
4752,Latin quarters,Solid cotton notched collar womens blouson blouse - teal,Size:M,"Rs
1399",499,64% off,Westernwear-Women
4753,Zink london,Printed polyester v-neck womens straight fit top - multi,Size:X-Small,"Rs
1499",599,60% off,Westernwear-Women
4754,Zink london,Printed polyester off shoulder womens straight fit top - red,"Size:Large,Medium","Rs
1599",399,75% off,Westernwear-Women
4755,Lovegen,Solid viscose blend v-neck womens t-shirt - khaki,"Size:Large,Medium,Small","Rs
1190",476,60% off,Westernwear-Women
4756,Zink london,Printed polyester high neck womens straight top - red,Size:Large,"Rs
1499",599,60% off,Westernwear-Women
4757,Vero moda,Printed cotton collared womens  shirts - blue,"Size:Large,Medium,Small,X-Large,X-Small","Rs
2499",1499,40% off,Westernwear-Women
4758,Puma,Printed cotton womens t-shirt - cream,"Size:Large,Medium,Small,X-Large,X-Small","Rs
1599",1119,30% off,Westernwear-Women
4759,Puma,Polyester high rise tight fit womens athleisure tights - black,"Size:Large,Medium,Small,X-Large,X-Small","Rs
3999",2799,30% off,Westernwear-Women
4760,Faballey,Floral georgette square neck womens top - orange,"Size:Large,Medium,Small,X-Large,X-Small","Rs
1500",1200,20% off,Westernwear-Women
4761,Faballey,Printed round neck georgette womens regular dresses - white,Size:Small,"Rs
2200",1100,50% off,Westernwear-Women
4762,Zink london,Printed round neck rayon womens casual wear shrugs - off white,"Size:Large,Medium,Small,X-Large,X-Small,XX-Large","Rs
1899",1139,40% off,Westernwear-Women
4763,Only,Aop polyester v neck womens blouson dress - green,"Size:34,36,38,40,42","Rs
2799",1679,40% off,Westernwear-Women
4764,Zink z,Regular fit regular polyester womens casual shorts - white,"Size:Large,Medium,Small,X-Large,X-Small",Nan,1699,No Discount,Westernwear-Women
4765,Kashish,Solid regular fit polyester blend womens casual pants - light blue,"Size:Large,Medium,Small,X-Small","Rs
3490",1570,55% off,Westernwear-Women
4766,Fratini,Solid polyester blend round neck womens regular t-shirt - anthra melange,"Size:Large,Medium,Small,X-Large,XX-Large","Rs
899",449,50% off,Westernwear-Women
4767,Is.u,Regular fit ankle length cotton blend womens jeans - blue,Size:32,"Rs
2490",1245,50% off,Westernwear-Women
4768,Allen solly,Solid polyester regular neck womens top - green,"Size:Large,Medium,Small,X-Large,X-Small,XX-Large","Rs
1699",1499,12% off,Westernwear-Women
4769,Kraus,Checks skinny fit rayon womens casual trousers - grey,"Size:28,30,32,34,36","Rs
1695",847,50% off,Westernwear-Women
4770,Latin quarters,Dyed v-neck polyester womens regular dress - black,"Size:S,M,X-Small","Rs
2399",1199,50% off,Westernwear-Women
4771,Kraus,Solid tencel collar neck womens regular dress - light olive,"Size:Large,Medium,Small","Rs
1895",1326,30% off,Westernwear-Women
4772,Faballey,Textured satin round neck womens regular dress - black,"Size:Large,Medium,Small,X-Small","Rs
2100",1680,20% off,Westernwear-Women
4773,Vero moda,Checks cotton one shoulder womens top - blue,Size:Small,"Rs
2499",1249,50% off,Westernwear-Women
4774,Life,Printed v-neck rayon womens woven top - lilac,"Size:Large,Medium,Small,X-Large,X-Small","Rs
899",449,50% off,Westernwear-Women
4775,Fratini,Printed polyester blend round neck womens t-shirt - off white,"Size:Large,Medium,Small,X-Large,XX-Large",Nan,799,No Discount,Westernwear-Women
4776,Only,Solid polyester womens top - green,"Size:34,36,38,40,42","Rs
4499",3149,30% off,Westernwear-Women
4777,Pepe,Graphic cotton crew neck womens t-shirt - red,"Size:Large,Medium,Small,X-Large","Rs
1199",719,40% off,Westernwear-Women
4778,Zink london,Floral polyester scoop neck womens straight top - green,"Size:Large,Medium,Small,X-Large,X-Small","Rs
1399",839,40% off,Westernwear-Women
4779,Forever new,Solid polyester v neck womens regular top - champagne,"Size:Medium,Small,XX-Small",Nan,4400,No Discount,Westernwear-Women
4780,Kraus,Solid tencel collar neck womens casual shirt - light blue,"Size:Large,Medium,Small,X-Small","Rs
1299",1169,10% off,Westernwear-Women
4781,Jealous 21,Solid round neck viscose womens regular top - white,"Size:Medium,X-Large",Nan,999,No Discount,Westernwear-Women
4782,Campus sutra,Solid cotton hood womens co-ordinate set - black,"Size:Large,Medium,Small,X-Large",Nan,1599,No Discount,Westernwear-Women
4783,Allen solly,Solid v-neck rayon womens sheath dress - navy,"Size:Large,Small,X-Small","Rs
1999",1199,40% off,Westernwear-Women
4784,Sera,Floral sweetheart neck rayon blend womens regular top - brown,"Size:Large,Medium,Small,X-Large","Rs
1298",649,50% off,Westernwear-Women
4785,Enamor,Polyester stretch skinny fit womens track pants - navy,"Size:XL,Large,Medium,Small,XX-Large","Rs
1699",1189,30% off,Westernwear-Women
4786,Only,Solid short sleeves polyester womens maxi jumpsuits - green,"Size:34,36,38,40,42","Rs
3999",2399,40% off,Westernwear-Women
4787,And,Womens sheath fit v neck check flared jumpsuit - black,"Size:14,16","Rs
2499",999,60% off,Westernwear-Women
4788,Enamor,Graphic cotton lycra relaxed fit womens athleisure t-shirt - purple,"Size:XL,Large,Medium,Small,XX-Large",Nan,899,No Discount,Westernwear-Women
4789,Fratini,Solid regular neck polyester womens winter wear jacket - black,"Size:Large,Medium,Small,X-Small","Rs
2999",1499,50% off,Westernwear-Women
4790,Faballey,Floral georgette round neck womens dress - white,"Size:Large,Medium,Small,X-Large","Rs
1950",975,50% off,Westernwear-Women
4791,Vero moda,Normal fit cotton elastane womens jeans - blue,"Size:26,27,28,29,30,31,32,33,34","Rs
3999",3199,20% off,Westernwear-Women
4792,Crimsoune club,Solid cotton collared womens shirt - blue,"Size:Large,Medium,Small,X-Large,XX-Large","Rs
1599",1119,30% off,Westernwear-Women
4793,Vero moda,Solid cotton round neck womens  tops - black,"Size:Large,Medium,Small,X-Small","Rs
1999",1199,40% off,Westernwear-Women
4794,Only,Textured polyester v neck womens t-shirt - gray,"Size:Large,Medium,Small,X-Large,X-Small","Rs
1999",1199,40% off,Westernwear-Women
4795,Haute curry,Printed rayon round neck womens regular dress - maroon,"Size:Large,Medium,Small,X-Large,X-Small,XX-Large","Rs
1499",749,50% off,Westernwear-Women
4796,Cover story,Solid cotton sweetheart neck womens top - red,"Size:Large,Medium,Small,X-Large,X-Small",Nan,1590,No Discount,Westernwear-Women
4797,And,Solid polyester round neck womens straight top - peach,"Size:8,10,12","Rs
2499",1249,50% off,Westernwear-Women
4798,And,Regular calf length viscose womens fusion wear skirts - white,"Size:24,26,28,30,32","Rs
1899",1519,20% off,Westernwear-Women
4799,Vero moda,Solid polyester boat neck womens  tops - brown,"Size:Large,Medium,Small,X-Large,X-Small","Rs
2599",1819,30% off,Westernwear-Women
4800,Madame,Solid cotton blend round neck womens top - sky blue,"Size:Large,Medium,Small,X-Large","Rs
799",559,30% off,Westernwear-Women
4801,Jealous 21,Skinny fit ankle length denim womens jeans - grey,"Size:26,28,30,32,34,36",Nan,1999,No Discount,Westernwear-Women
4802,Zink london,Printed polyester v neck womens top - pink,"Size:Large,Medium,Small,X-Large,X-Small,XX-Large","Rs
1499",899,40% off,Westernwear-Women
4803,Adidas,Printed cotton round neck womens t-shirt - black,"Size:Large,Medium,Small","Rs
1199",839,30% off,Westernwear-Women
4804,Pepe,Graphic cotton blend hood womens t-shirt - light brown,"Size:Large,Medium,Small,X-Large","Rs
1799",1079,40% off,Westernwear-Women
4805,Vero moda,Solid viscose round neck womens  tops - white,"Size:Large,Medium,Small,X-Large,X-Small","Rs
2599",1559,40% off,Westernwear-Women
4806,Zink london,Regular cotton womens casual wear shorts - green,"Size:Large,Medium,Small,X-Large","Rs
1599",799,50% off,Westernwear-Women
4807,Zink london,Printed v neck polyester womens maxi dress - pink,"Size:Large,Medium,Small,X-Large,XX-Large","Rs
2899",1739,40% off,Westernwear-Women
4808,Vero moda,Solid polyester womens casual jacket - blue,"Size:Large,Medium,Small,X-Large,X-Small",Nan,4999,No Discount,Westernwear-Women
4809,Life,Solid half sleeves viscose womens regular length jumpsuit - olive,"Size:Large,Medium,Small,X-Large,X-Small","Rs
1699",849,50% off,Westernwear-Women
4810,Faballey,Floral cotton sweetheart neck womens tops - blue,"Size:Medium,Small,X-Large","Rs
1500",1200,20% off,Westernwear-Women
4811,Madame,Regular above knee cotton blend womens casual wear shorts - black,"Size:26,28,30,32,34","Rs
1999",1399,30% off,Westernwear-Women
4812,And,Solid v- neck viscose women wrap dress - pink,"Size:8,10,12,14,16","Rs
2499",1749,30% off,Westernwear-Women
4813,Madame,Womens heathered collared top - yellow,"Size:Large,X-Large","Rs
1799",899,50% off,Westernwear-Women
4814,Marie claire,Solid polyester hood womens jacket - khaki,"Size:Medium,Small","Rs
4199",1679,60% off,Westernwear-Women
4815,Zink london,Womens regular fit solid round neck top - pink,Size:X-Small,"Rs
1499",499,67% off,Westernwear-Women
4816,And,Solid polyester key hole neck womens a-line top - teal,Size:8,"Rs
1499",749,50% off,Westernwear-Women
4817,Crimsoune club,Womens navy blue solid shorts - blue,Size:26,"Rs
1499",1049,30% off,Westernwear-Women
4818,Zink london,Solid polyester halter neck womens straight fit top - red,Size:X-Large,"Rs
1599",399,75% off,Westernwear-Women
4819,Enamor,Cotton blend womens lounge pants - herb green,"Size:XL,Large,Medium,Small,XX-Large","Rs
949",664,30% off,Westernwear-Women
4820,Latin quarters,Solid polyester round neck womens regular top - green,Size:X-Small,"Rs
1599",499,69% off,Westernwear-Women
4821,Zink london,Printed polyester womens regular top - red,"Size:Small,X-Small","Rs
1499",599,60% off,Westernwear-Women
4822,Zink london,Solid polyester womens straight fit top - pink,Size:X-Large,"Rs
1499",599,60% off,Westernwear-Women
4823,Zink london,Acrylic women casual shrugs - mustard,"Size:Small,X-Large","Rs
2499",999,60% off,Westernwear-Women
4824,Vero moda,Printed cotton round neck womens t-shirt - brown,"Size:Large,Medium,Small,X-Large,X-Small","Rs
1299",1039,20% off,Westernwear-Women
4825,Cover story,Solid cotton spandex round neck womens t-shirt - fuchsia,"Size:Small,X-Large,X-Small","Rs
890",690,22% off,Westernwear-Women
4826,Fratini,Printed crepe round neck womens top - off white,"Size:Large,Medium,Small,X-Large,XX-Large",Nan,999,No Discount,Westernwear-Women
4827,Life,Printed cotton round neck womens regular t-shirt - off white,"Size:Large,Medium,Small,X-Large,X-Small","Rs
599",299,50% off,Westernwear-Women
4828,Samshek,Solid georgette v neck womens party wear shirt - black,"Size:4X-Large,5X-Large,Large,Medium,Small,X-Large,X-Small,XX-Large,XX-Small,XXX-Large","Rs
2845",1707,40% off,Westernwear-Women
4829,Samshek,Relaxed fit above knee polyester womens party wear skirt - black,"Size:4X-Large,5X-Large,Large,Medium,Small,X-Large,X-Small,XX-Large,XX-Small,XXX-Large",Nan,1790,No Discount,Westernwear-Women
4830,Only,Solid cotton collar neck womens t-shirt - white,"Size:Large,Medium,Small,X-Large,X-Small","Rs
1799",1259,30% off,Westernwear-Women
4831,Faballey,Embellished square neck polyester blend womens regular dress - pink,"Size:Large,Medium,Small,X-Large,X-Small","Rs
2100",1680,20% off,Westernwear-Women
4832,Only,Checks straight fit polyester womens casual pants - green,"Size:Large,Medium,Small,X-Large,X-Small","Rs
3699",1849,50% off,Westernwear-Women
4833,Pepe kids,Textured georgette sweetheart neck womens regular top - white,"Size:Large,Medium,X-Large,X-Small","Rs
1400",1120,20% off,Westernwear-Women
4834,Spykar,Printed viscose spread collar womens casual wear shirt - pink,"Size:Large,Medium,Small,X-Large","Rs
1999",1399,30% off,Westernwear-Women
4835,Kraus,Skinny ankle length cotton womens jeans - blue,"Size:28,30,32,34,36,38","Rs
2095",1466,30% off,Westernwear-Women
4836,Pepe,Graphic cotton blend round neck womens t-shirt - black,"Size:Large,Medium,Small,X-Large","Rs
1699",1019,40% off,Westernwear-Women
4837,Gipsy,Printed collar neck regular fit womens casual shirt - black,"Size:Medium,Small,X-Small","Rs
1395",976,30% off,Westernwear-Women
4838,Faballey,Textured georgette key hole neck womens regular dress - purple,"Size:Large,Medium,Small,X-Large,X-Small","Rs
2100",1680,20% off,Westernwear-Women
4839,And,Solid cotton straight fit womens trousers - grey,"Size:26,28,30,32,34,36",Nan,2699,No Discount,Westernwear-Women
4840,Spykar,Regular fit regular cotton lycra womens jeans - black,"Size:26,28,30,32,34,36","Rs
2299",1609,30% off,Westernwear-Women
4841,Madame,Typographic cotton blend round neck womens top - sky blue,"Size:Large,Medium,X-Large,XX-Large","Rs
899",449,50% off,Westernwear-Women
4842,Stop,Solid polyester regular fit womens top - navy,"Size:Large,Medium,Small,X-Large,X-Small,XX-Large",Nan,1299,No Discount,Westernwear-Women
4843,Only,Skinny fit regular viscose womens jeans - blue,"Size:Large,Medium,Small,X-Large,X-Small","Rs
1999",1599,20% off,Westernwear-Women
4844,Only,Embellished polyester v neck womens top - maroon,"Size:34,36,38,40","Rs
2799",1399,50% off,Westernwear-Women
4845,And,Solid straight rayon women work wear trouser - black,"Size:26,28,30,32,34",Nan,1799,No Discount,Westernwear-Women
4846,Campus sutra,Solid boat neck crepe womens dresses - blue,"Size:Large,Medium,Small,X-Large",Nan,1999,No Discount,Westernwear-Women
4847,Enamor,Cotton blend womens active wear track pants - mango,"Size:XL,Large,Medium,Small,XX-Large","Rs
1049",734,30% off,Westernwear-Women
4848,Only,Washed long sleeves cotton womens regular jacket - blue,"Size:34,36,38,40,42","Rs
3999",3199,20% off,Westernwear-Women
4849,Pepe,Printed cotton blend round neck womens dress - multi,"Size:Large,Medium,Small,X-Large","Rs
2799",1679,40% off,Westernwear-Women
4850,Only,Colour block collarless polyester womens t-shirt - green,"Size:Large,Medium,Small,X-Large,X-Small","Rs
2499",1499,40% off,Westernwear-Women
4851,Vero moda,Stripes cotton blend round neck womens t-shirt - blue,"Size:Large,Medium,Small,X-Small","Rs
1299",649,50% off,Westernwear-Women
4852,Kraus,Solid tencel collar neck womens regular shirt - olive,"Size:Large,Medium,Small,X-Large","Rs
1299",1169,10% off,Westernwear-Women
4853,Infuse,Printed round neck cotton womens regular fit nighty - black,"Size:Large,Medium,Small,X-Large,X-Small,XX-Large","Rs
899",359,60% off,Westernwear-Women
4854,Magre,Solid half sleeves polyester blend womens jumpsuit - green,"Size:Medium,Small,X-Small","Rs
2790",1116,60% off,Westernwear-Women
4855,Global desi,Solid sleeveless viscose womens calf length jumpsuit - natural,"Size:XL,Large,Medium,Small,X-Small,XX-Large","Rs
3699",2959,20% off,Westernwear-Women
4856,Vero moda,Textured polyester round neck womens t-shirt - black,"Size:Large,Medium,Small,X-Large,X-Small","Rs
1999",1599,20% off,Westernwear-Women
4857,Zink london,Stripes collar neck cotton womens casual shirt - multi,"Size:Large,Medium,Small,X-Large,X-Small,XX-Large","Rs
1599",959,40% off,Westernwear-Women
4858,Faballey,Solid regular fit crepe womens casual pants - pink,"Size:Large,Medium,Small,X-Large,X-Small","Rs
1950",1560,20% off,Westernwear-Women
4859,Life,Embroidered round neck cotton lycra womens silhouette top - pink,"Size:Large,Medium,Small,X-Large,X-Small","Rs
699",349,50% off,Westernwear-Women
4860,Reebok,Regular fit regular length polyester blend womens leggings - blue,"Size:Large,Medium,Small,X-Large,X-Small","Rs
1599",799,50% off,Westernwear-Women
4861,Faballey,Solid off shoulder georgette womens regular dresses - pink,"Size:Medium,Small,X-Small","Rs
2400",1200,50% off,Westernwear-Women
4862,Faballey,Solid georgette v neck womens top - blue,"Size:Large,Medium,Small,X-Large,X-Small","Rs
1400",1120,20% off,Westernwear-Women
4863,Latin quarters,Printed polyester collar womens regular top - yellow,"Size:S,M,XL,XX-Large",Nan,1599,No Discount,Westernwear-Women
4864,Only,Stripes cotton womens t-shirt - yellow,"Size:Large,Medium,Small,X-Large,X-Small","Rs
1799",1259,30% off,Westernwear-Women
4865,Zink london,Solid cotton collar neck womens top - yellow,"Size:Large,Medium,Small,X-Large","Rs
1699",1019,40% off,Westernwear-Women
4866,Latin quarters,Solid cotton round neck womens sweater - peach,"Size:S,M,L,XL","Rs
1999",999,50% off,Westernwear-Women
4867,Zink london,Printed viscose square neck womens top - blue,"Size:Large,Medium,Small,X-Large,X-Small,XX-Large","Rs
1999",1199,40% off,Westernwear-Women
4868,Stop,Stripes regular fit viscose womens formal pants - black mix,"Size:28,30,32,34,36","Rs
999",499,50% off,Westernwear-Women
4869,Altlife,Regular fit thigh length cotton womens active wear shorts - mint,"Size:28,30,32,34,36",Nan,499,No Discount,Westernwear-Women
4870,Only,Denim cotton blend womens t-shirt - dark blue,"Size:25,26,27,28,29,30,31,32,33,34","Rs
3699",2959,20% off,Westernwear-Women
4871,Rare,Regular fit midi length polyester womens casual skirt - white,"Size:28,30,32,34","Rs
1990",895,55% off,Westernwear-Women
4872,Marie claire,Solid viscose rayon round neck womens top - white,"Size:Large,Small,X-Small","Rs
1499",674,55% off,Westernwear-Women
4873,Juniper,Printed full sleeves rayon womens full length jumpsuit - olive,"Size:Large,Medium,Small,X-Large","Rs
2799",979,65% off,Westernwear-Women
4874,Marie claire,Floral crepe square neck womens regular fit top - pink,"Size:Large,Medium,Small,X-Large,X-Small","Rs
1599",799,50% off,Westernwear-Women
4875,Cover story,Printed v-neck viscose women regular women dress - yellow,"Size:Medium,Small,X-Small","Rs
3490",2094,40% off,Westernwear-Women
4876,Faballey,Solid halter neck georgette womens a-line dress - pink,"Size:Medium,Small","Rs
2400",1200,50% off,Westernwear-Women
4877,Zink london,Printed rayon round neck womens top - off white,Size:Large,"Rs
1499",899,40% off,Westernwear-Women
4878,Madame,Stripes polyester boat neck womens dress - off white,Size:XX-Large,Nan,2599,No Discount,Westernwear-Women
4879,Crimsoune club,Womens slim fit checks shirt - blue,"Size:Large,Small,X-Large","Rs
1399",559,60% off,Westernwear-Women
4880,Kraus,Skinny fit ankle length cotton blend womens jeans - black,Size:28,"Rs
1695",847,50% off,Westernwear-Women
4881,Latin quarters,Printed v- neck cotton womens regular dress - natural,Size:M,"Rs
2299",1149,50% off,Westernwear-Women
4882,Kraus,Solid cotton blend collar neck womens casual wear jackets - light blue,"Size:Large,X-Large","Rs
2295",1147,50% off,Westernwear-Women
4883,Sera,Womens regular fit printed v neck a-line dress - black,Size:X-Large,"Rs
1494",747,50% off,Westernwear-Women
4884,Iti,Womens green overlap ruffle maxi - green,"Size:Small,X-Small",Nan,2999,No Discount,Westernwear-Women
4885,Sera,Solid round neck cotton womens a-line dress - black,Size:Small,"Rs
1694",677,60% off,Westernwear-Women
4886,Varanga,Black and gold boho print tunic with 3/4th sleeves - black,"Size:X-Large,XX-Large","Rs
1999",799,60% off,Westernwear-Women
4887,Sera,Printed sleeveless viscose rayon womens jumpsuit - natural,Size:Medium,"Rs
1498",749,50% off,Westernwear-Women
4888,Zink london,Printed polyester blend v neck women's jumpsuit - grey,"Size:Large,X-Large","Rs
2899",999,66% off,Westernwear-Women
4889,Cover story,Solid cotton women maxi women dress - red,Size:X-Large,"Rs
3490",2094,40% off,Westernwear-Women
4890,Kraus,Regular fit ankle length cotton womens jeans - blue,"Size:28,30,34","Rs
1695",1186,30% off,Westernwear-Women
4891,Allen solly,Solid polyester cotton round neck womens regular dress - pink,"Size:Medium,Small","Rs
2699",1619,40% off,Westernwear-Women
4892,Iti,Womens floral striper tieup top - white,"Size:Medium,Small",Nan,1599,No Discount,Westernwear-Women
4893,And,Solid tie up neck polyester womens fit & flare dress - black,"Size:14,16","Rs
1899",949,50% off,Westernwear-Women
4894,Vero moda,Solid polyester v neck womens  tops - pink,"Size:Large,Medium,Small,X-Small","Rs
2499",1749,30% off,Westernwear-Women
4895,Lovegen,Womens square neck striped top - white,Size:Medium,"Rs
1499",449,70% off,Westernwear-Women
4896,W,Printed 3/4 sleeves viscose womens full length jumpsuit - yellow,"Size:6,8,10,12,14,16,18",Nan,4599,No Discount,Westernwear-Women
4897,Vero moda,Printed boat neck viscose womens top - white,"Size:Large,Medium,Small,X-Large,X-Small","Rs
1799",1439,20% off,Westernwear-Women
4898,Life,Solid regular neck polyester womens winter wear jacket - olive,"Size:Large,Medium,Small,X-Large,X-Small","Rs
2499",1249,50% off,Westernwear-Women
4899,Is.u,Floral cotton square neck womens regular fit top - lilac,"Size:Large,Medium,Small,X-Large,X-Small,XX-Large","Rs
2190",1095,50% off,Westernwear-Women
4900,Zink london,Printed square neck viscose womens midi dress - blue,"Size:Large,Medium,Small,X-Large,X-Small,XX-Large","Rs
2699",1619,40% off,Westernwear-Women
4901,Only,Loose fit ankle length cotton womens jeans - blue,"Size:34,36,38,40,42","Rs
3999",3199,20% off,Westernwear-Women
4902,Allen solly,Solid cotton v neck womens top - purple,"Size:Large,Medium,Small,X-Large,X-Small,XX-Large","Rs
1499",1199,20% off,Westernwear-Women
4903,W,Printed viscose regular fit womens full length jumpsuit - navy,"Size:6,8,10,12,14,16,18",Nan,3999,No Discount,Westernwear-Women
4904,Forever new,Solid cotton skinny fit womens casual pants - black,Size:8,"Rs
3600",2520,30% off,Westernwear-Women
4905,Stop,Solid mandarin polyester womens coat - black,"Size:Medium,X-Large,XX-Large","Rs
4499",2249,50% off,Westernwear-Women
4906,Life,Printed round neck terry womens sweatshirt - white,"Size:Large,Medium,Small,X-Large,X-Small","Rs
1299",649,50% off,Westernwear-Women
4907,Madame,Solid polyester collar neck womens dress - pink,Size:Medium,Nan,2499,No Discount,Westernwear-Women
4908,Jealous 21,Solid tencel collar neck womens casual shirt - indigo,"Size:Large,Medium,Small,X-Large",Nan,1699,No Discount,Westernwear-Women
4909,Samshek,Solid sleeveless polyester womens ankle length jumpsuit - gold,"Size:4X-Large,5X-Large,Large,Medium,Small,X-Large,X-Small,XX-Large,XX-Small,XXX-Large","Rs
3200",2560,20% off,Westernwear-Women
4910,Zink london,Solid cotton round neck womens top - pink,"Size:Large,Medium,Small,X-Large","Rs
1699",1019,40% off,Westernwear-Women
4911,And,Solid polyester collar neck womens regular top - maroon,"Size:8,10,12,14,16","Rs
1399",909,35% off,Westernwear-Women
4912,Gipsy,Striped polyester v-neck womens wrap top - orange,"Size:Large,Medium,Small,X-Large,XX-Large","Rs
1695",1186,30% off,Westernwear-Women
4913,And,Solid cotton round neck womens straight top - powder blue,"Size:8,10,12,14,16,18","Rs
1399",1119,20% off,Westernwear-Women
4914,Forever new,Solid polyester halter neck womens top - blush,"Size:Large,Medium,Small,X-Small,XX-Small",Nan,3400,No Discount,Westernwear-Women
4915,Only,Solid cotton square neck womens top - blue,"Size:34,36,38","Rs
1999",1199,40% off,Westernwear-Women
4916,Pepe,Cotton blend skinny fit womens jeans - tint,"Size:28,30","Rs
3499",2099,40% off,Westernwear-Women
4917,Allen solly,Solid cotton linen blend round neck womens top - pink,"Size:Large,Medium,Small,X-Large","Rs
1699",1019,40% off,Westernwear-Women
4918,Iti,Womens ruffle embellished maxi - purple,"Size:Medium,X-Small",Nan,2999,No Discount,Westernwear-Women
4919,Reebok,Solid regular fit polyester womens sports tights - black,"Size:Medium,Small,X-Large,X-Small","Rs
1999",999,50% off,Westernwear-Women
4920,Adidas,Solid polyester round neck womens t-shirt - white,"Size:Large,Medium,Small,X-Large","Rs
1799",899,50% off,Westernwear-Women
4921,And,Solid off shoulder viscose womens regular fit midi dress - sage,Size:14,"Rs
2399",1199,50% off,Westernwear-Women
4922,Vero moda,Solid collared cotton womens  dresses - blue,"Size:Large,Medium,Small,X-Large,X-Small","Rs
3799",3039,20% off,Westernwear-Women
4923,Kraus,Solid cotton blend hood womens sweatshirt - fuchsia,"Size:Large,Medium,Small,X-Small","Rs
1499",749,50% off,Westernwear-Women
4924,Kraus,Skinny fit ankle length cotton blend womens jeans - light blue,"Size:28,30,32,34,36,38","Rs
1995",1396,30% off,Westernwear-Women
4925,Fratini,Printed cotton round neck womens regular top - red,"Size:Large,Medium,Small,X-Large","Rs
599",299,50% off,Westernwear-Women
4926,Only,Solid regular fit cotton womens casual wear pants - grey,"Size:34,36,38,40,42","Rs
2999",1799,40% off,Westernwear-Women
4927,Spykar,Printed cotton blend round neck womens regular t-shirt - black,"Size:Large,Medium,Small,X-Large","Rs
999",699,30% off,Westernwear-Women
4928,Vero moda,Solid cotton short sleeves womens above knee jumpsuit - blue,"Size:Large,Medium,Small,X-Large,X-Small",Nan,3799,No Discount,Westernwear-Women
4929,Iti,Womens floral embellished flowy maxi - blue,"Size:Small,X-Small",Nan,2699,No Discount,Westernwear-Women
4930,Dolce crudo,Womens skinny fit nourish the soul high waist jeans - navy,"Size:26,28,30,32","Rs
2299",1034,55% off,Westernwear-Women
4931,Iti,Womens teal blue three way cape - blue,"Size:Large,Medium,Small,X-Large",Nan,1499,No Discount,Westernwear-Women
4932,And,Solid chiffon round neck womens ethnic set - black,"Size:10,12,14","Rs
3699",2589,30% off,Westernwear-Women
4933,Faballey,Floral v neck georgette womens a-line dress - green,Size:Small,"Rs
2100",1050,50% off,Westernwear-Women
4934,Samshek,Solid v neck polyester womens bodycon dress - mustard,"Size:4X-Large,5X-Large,Large,Medium,Small,X-Large,X-Small,XX-Large,XX-Small,XXX-Large","Rs
2990",2392,20% off,Westernwear-Women
4935,Dolce crudo,Skinny fit regular denim womens jeans - navy,"Size:26,28,32","Rs
4249",1274,70% off,Westernwear-Women
4936,Only,Checks cotton womens dress - green,"Size:34,36,38,40,42","Rs
3799",2659,30% off,Westernwear-Women
4937,Zink london,Printed round neck acrylic womens sweater - natural,"Size:Large,Medium,X-Large","Rs
2999",1199,60% off,Westernwear-Women
4938,Zink london,Regular fit ankle length polyester womens casual skirt - green,"Size:Large,Medium,Small,X-Large,X-Small","Rs
1899",1139,40% off,Westernwear-Women
4939,And,Solid linen womens top - dark blue,"Size:8,10,12,14","Rs
2199",1099,50% off,Westernwear-Women
4940,Kraus,Solid collar neck tencel womens casual shirt - dark blue,"Size:Large,Medium,Small,X-Large","Rs
1399",979,30% off,Westernwear-Women
4941,And,Floral round neck rayon womens casual dress - white,"Size:8,10,12,14,16,18","Rs
3099",1549,50% off,Westernwear-Women
4942,Zink london,Solid v neck cotton womens dresses - black,"Size:Large,Medium,X-Large","Rs
2299",919,60% off,Westernwear-Women
4943,Latin quarters,Dyed collar neck rayon womens regular blouse - brown,"Size:S,X-Small","Rs
1299",499,62% off,Westernwear-Women
4944,Zink london,Printed polyester square neck womens dress - green,"Size:Large,Medium,Small,X-Large","Rs
2799",1679,40% off,Westernwear-Women
4945,Dolce crudo,Womens regular fit bringing up cropped skinny fit jeans white - white,"Size:26,30,32,34","Rs
2499",999,60% off,Westernwear-Women
4946,Crimsoune club,Womens black checked top - black,"Size:Large,Medium,Small,X-Large","Rs
1399",699,50% off,Westernwear-Women
4947,Adidas,Striped slim fit polyester womens tights - pink,"Size:104,110,116,128,140,SIZE_164,SIZE_170","Rs
1999",999,50% off,Westernwear-Women
4948,Insense,Solid polyester blend loose fit womens joggers - pink,"Size:28,30,32,34,36","Rs
999",499,50% off,Westernwear-Women
4949,And,Solid v- neck polyester women shift dress - emerald,"Size:8,10","Rs
2299",1149,50% off,Westernwear-Women
4950,And,Solid cotton v- neck women regular top - sage,"Size:10,14","Rs
1699",849,50% off,Westernwear-Women
4951,Madame,Skinny full length cotton blend womens jeans - navy,"Size:30,32,34",Nan,2899,No Discount,Westernwear-Women
4952,Rare,Three quarter sleeves regular fit womens casual top - off white,"Size:Large,Medium,Small","Rs
1699",764,55% off,Westernwear-Women
4953,Global desi,Womens floral v-neck straight fit dress - sage,"Size:Large,Small,X-Small,XX-Large","Rs
2499",999,60% off,Westernwear-Women
4954,Madame,Womens 5 pocket rinse wash pleated skirt - ice blue,"Size:28,30,32","Rs
1999",999,50% off,Westernwear-Women
4955,Global desi,Womens regular fit self pattern tunic - orange,"Size:Large,Medium,Small,X-Small,XX-Large","Rs
1699",679,60% off,Westernwear-Women
4956,Latin quarters,Solid notched collar rayon womens a-line dress - green,Size:S,"Rs
1999",799,60% off,Westernwear-Women
4957,Faballey,Solid half sleeves crepe womens regular length jumpsuit - purple,Size:Small,"Rs
2400",1200,50% off,Westernwear-Women
4958,Kraus,Super skinny fit ankle length cotton blend womens jeans - white,Size:30,"Rs
1795",897,50% off,Westernwear-Women
4959,And,Solid tencel collar neck womens straight top - black,"Size:8,12","Rs
1899",1329,30% off,Westernwear-Women
4960,Latin quarters,Dyed v-neck polyester womens regular dress - maroon,Size:M,"Rs
2899",1449,50% off,Westernwear-Women
4961,Cover story,Solid others viscose womens regular top - brown,Size:Large,"Rs
1990",990,50% off,Westernwear-Women
4962,Faballey,Regular fit ankle length georgette womens casual maxi skirt - pink,"Size:Large,Medium,Small,X-Small","Rs
1800",900,50% off,Westernwear-Women
4963,And,Solid polyester collar neck womens straight dress - wine,"Size:8,10","Rs
2499",1624,35% off,Westernwear-Women
4964,Forever new,Relaxed fit calf length polyester womens casual skirt - print,"Size:8,12,14","Rs
4600",3220,30% off,Westernwear-Women
4965,Insense,Womens  round neck  printed t-shirt - fuchsia,Size:Small,"Rs
399",199,50% off,Westernwear-Women
4966,Rare,Solid pure cotton round neck womens regular fit top - off white,"Size:Large,X-Large","Rs
1599",639,60% off,Westernwear-Women
4967,Fratini,Printed polyester v neck womens regular top - natural,"Size:Large,Medium,Small,X-Large,XX-Large","Rs
1199",599,50% off,Westernwear-Women
4968,Adidas,Stripes crew neck polyester womens t-shirt - grey,"Size:Large,Medium,Small,X-Small","Rs
1399",979,30% off,Westernwear-Women
4969,Zink london,Solid sleeveless polyester womens jumpsuit - black,"Size:Large,Medium,Small,X-Large","Rs
2799",2239,20% off,Westernwear-Women
4970,Sera,Womens printed woven fit and flare dress - coral,"Size:Large,Medium,Small,X-Large","Rs
1494",747,50% off,Westernwear-Women
4971,Kraus,Printed collar neck rayon womens casual shirt - peach,"Size:Large,Medium,Small,X-Small","Rs
1299",909,30% off,Westernwear-Women
4972,Life,Stripes cotton round neck womens regular fit t-shirt - off white,"Size:Large,Medium,Small,X-Small","Rs
499",249,50% off,Westernwear-Women
4973,Sera,Womens regular fit solid v neck kaftan top - black,"Size:Large,Small,X-Large","Rs
1098",439,60% off,Westernwear-Women
4974,Pepe,High rise denim womens shorts - mid blue,"Size:26,28,30,32,34","Rs
2299",1379,40% off,Westernwear-Women
4975,Enamor,Cotton womens active wear t-shirt - royal,"Size:XL,Large,Medium,Small,XX-Large",Nan,799,No Discount,Westernwear-Women
4976,Faballey,Stripes georgette high neck womens blouse - black,"Size:Medium,Small,X-Small","Rs
1600",1280,20% off,Westernwear-Women
4977,Lovegen,Skinny fit ankle length cotton womens jeans - black,"Size:28,30,32,34,36","Rs
1999",999,50% off,Westernwear-Women
4978,Emblaze,Solid v-neck satin womens straight dress - black,"Size:Large,Medium,Small,X-Large,X-Small,XX-Large",Nan,4500,No Discount,Westernwear-Women
4979,Only,Printed cotton round neck womens t-shirt - yellow,"Size:Large,Medium,Small,X-Large,X-Small","Rs
1499",899,40% off,Westernwear-Women
4980,Spykar,Solid cotton blend mandarin womens casual wear shirt - olive,"Size:Large,Medium,Small,X-Large","Rs
1899",1329,30% off,Westernwear-Women
4981,Only,Checks cotton round neck womens top - pink,"Size:34,36,38,40,42","Rs
2499",1749,30% off,Westernwear-Women
4982,Faballey,Solid  crepe womens regular palazzo - purple,"Size:4X-Large,X-Large,XX-Large,XXX-Large","Rs
2100",1050,50% off,Westernwear-Women
4983,Stop,Jacquard open neck acrylic womens poncho - yellow,"Size:Large/X-Large,Small/Medium","Rs
2299",1149,50% off,Westernwear-Women
4984,Zink z,Solid cotton regular fit womens joggers - grey,"Size:Large,Medium,Small,X-Large,X-Small",Nan,1799,No Discount,Westernwear-Women
4985,Only,Placement print 100% cotton round neck womens t-shirt - blue,"Size:Large,Medium,Small,X-Large,X-Small","Rs
1499",899,40% off,Westernwear-Women
4986,Only,Placement print regular fit cotton womens casual wear pants - grey,"Size:Large,Medium,Small,X-Large,X-Small","Rs
2999",1499,50% off,Westernwear-Women
4987,Vero moda,Solid v-neck cotton blend womens t-shirt - pink,"Size:Large,Medium,Small,X-Large,X-Small","Rs
1799",1079,40% off,Westernwear-Women
4988,Only,Graphic polyester round neck womens t-shirt - pink,"Size:Large,Medium,Small,X-Large,X-Small","Rs
1299",649,50% off,Westernwear-Women
4989,Latin quarters,Printed rayon v-neck womens regular blouse - blue,"Size:S,M,L,XL,XX-Large","Rs
1499",749,50% off,Westernwear-Women
4990,Levis,Super skinny regular cotton blend womens jeans - rinse,"Size:26,27,28,30,32,34",Nan,2999,No Discount,Westernwear-Women
4991,Faballey,Polka dots off shoulder georgette womens midi dress - white,"Size:Large,Medium,Small,X-Large,X-Small","Rs
2400",1920,20% off,Westernwear-Women
4992,Campus sutra,Solid regular cotton womens casual wear co-ordinate - wine,"Size:Large,Medium,Small,X-Large",Nan,1599,No Discount,Westernwear-Women
4993,Only,Printed viscose v neck womens top - pink,"Size:34,36,38,40,42","Rs
2799",1959,30% off,Westernwear-Women
4994,Indya,Embellished chiffon regular fit womens regular length jumpsuit - natural,"Size:Large,Medium,Small,X-Large,X-Small,XX-Large","Rs
2600",2080,20% off,Westernwear-Women
4995,Dolce crudo,Womens slim fit wait until black denim jeans - black,"Size:26,28,30,32,34","Rs
2399",959,60% off,Westernwear-Women
4996,Gipsy,Womens high neck solid top - brick,"Size:Large,Medium,Small,X-Large","Rs
1295",906,30% off,Westernwear-Women
4997,Only,Solid polyester v neck womens top - purple,"Size:Large,Medium,Small,X-Small","Rs
1299",779,40% off,Westernwear-Women
4998,Sera,Womens regular fit solid round neck blouson top - navy,"Size:Large,Medium,Small,X-Large","Rs
999",449,55% off,Westernwear-Women
4999,Kraus,Stripes rayon collar neck womens top - mastic white,"Size:Large,Small,X-Small","Rs
1299",1169,10% off,Westernwear-Women
5000,Pepe,Printed classic collar modal womens casual shirt - yellow,"Size:Large,X-Large","Rs
1799",1079,40% off,Westernwear-Women
5001,Enamor,Cotton blend womens lounge pants - grey,"Size:XL,Large,Medium,Small,XX-Large","Rs
949",664,30% off,Westernwear-Women
5002,Vero moda,Solid cotton boat neck womens t-shirt - black,"Size:Large,Medium,Small,X-Large,X-Small","Rs
1999",1399,30% off,Westernwear-Women
5003,And,Solid cotton round neck womens regular dress - red,"Size:8,10,12,14","Rs
2099",1889,10% off,Westernwear-Women
5004,Iti,Womens lace high low top - green,"Size:Large,Medium,Small,X-Large,X-Small","Rs
1899",699,63% off,Westernwear-Women
5005,Samshek,Slim fit calf length polyester womens party wear skirt - blue,"Size:4X-Large,5X-Large,Large,Medium,Small,X-Large,X-Small,XX-Large,XXX-Large",Nan,1490,No Discount,Westernwear-Women
5006,Crimsoune club,Regular mid thigh leather womens casual wear skirt - black,"Size:Large,Medium,Small,X-Large","Rs
2499",2249,10% off,Westernwear-Women
5007,Vero moda,Stripes shoulder strap cotton womens top - natural,"Size:Large,Medium,Small,X-Large,X-Small","Rs
2299",1149,50% off,Westernwear-Women
5008,Faballey,Floral georgette high neck womens blouse - brown,"Size:Large,Medium,Small,X-Small","Rs
1500",1200,20% off,Westernwear-Women
5009,Zink london,Printed polyester collar neck womens dress - yellow,"Size:Large,Medium,Small,X-Large,X-Small,XX-Large","Rs
2199",1099,50% off,Westernwear-Women
5010,Kraus,Clean look cotton blend skinny fit womens jeans - blue,"Size:28,30,32,34,36,38","Rs
2095",1466,30% off,Westernwear-Women
5011,Sera,Printed sweetheart neck polyester womens a-line dress - blue,"Size:Large,Medium,Small,X-Large","Rs
1998",999,50% off,Westernwear-Women
5012,Adidas,Stripes polyester fitted womens casual tights - black,"Size:Large,Medium,Small,X-Large,X-Small","Rs
3799",2659,30% off,Westernwear-Women
5013,Latin quarters,Printed polyester womens regular blouse - black,"Size:S,M,L,XL","Rs
1450",1015,30% off,Westernwear-Women
5014,Zink london,Stripes acrylic womens sweater - white,"Size:Large,Medium,X-Large","Rs
2799",1119,60% off,Westernwear-Women
5015,Only,Solid polyester round neck womens t-shirt - pink,"Size:Large,Medium,Small,X-Large,X-Small","Rs
1999",1399,30% off,Westernwear-Women
5016,Rare,Solid polyester sweetheart neck womens peplum top - navy,"Size:Large,Medium,Small,X-Large","Rs
1399",629,55% off,Westernwear-Women
5017,Rare,Solid polyester square neck womens regular fit top - red,"Size:Large,Medium,Small,X-Large","Rs
1499",599,60% off,Westernwear-Women
5018,And,Floral polyester round neck women blouson top - green,"Size:8,10,12,14,16","Rs
1699",1189,30% off,Westernwear-Women
5019,Zink london,Polyester women regular dress - pink,"Size:Large,Medium,Small,X-Large,X-Small,XX-Large","Rs
2999",1199,60% off,Westernwear-Women
5020,Kraus,Regular fit knee length cotton womens casual skirt - dark blue,Size:28,"Rs
1495",747,50% off,Westernwear-Women
5021,Magre,Solid satin cowl neck womens sheath dress - red,"Size:Small,X-Small","Rs
3890",2139,45% off,Westernwear-Women
5022,Sera,Printed halter neck polyester womens fit and flare dress - pink,Size:Large,"Rs
1694",847,50% off,Westernwear-Women
5023,Cover story,Printed round neck recycle polyester womens regular dress - green,Size:X-Small,"Rs
2990",2093,30% off,Westernwear-Women
5024,And,Floral round neck polyester womens straight top - white,"Size:8,10,16","Rs
2299",1839,20% off,Westernwear-Women
5025,And,Solid polyester round neck womens regular fit top - wine,Size:8,"Rs
1899",949,50% off,Westernwear-Women
5026,Kraus,Solid acrylic turtle neck womens sweater - multi,"Size:Medium,X-Large","Rs
1699",849,50% off,Westernwear-Women
5027,And,Solid polyester square neck womens regular gown - blue mix light,"Size:14,16","Rs
2799",1959,30% off,Westernwear-Women
5028,And,Solid tie up neck polyester womens fit & flare dress - pink mix,"Size:14,16","Rs
1899",949,50% off,Westernwear-Women
5029,Faballey,Solid round neck lace womens a-line dress - purple,"Size:Large,Small","Rs
2650",1325,50% off,Westernwear-Women
5030,And,Floral full sleeves viscose women calf length jumpsuits - blue,"Size:8,12,14","Rs
3299",2144,35% off,Westernwear-Women
5031,Latin quarters,Solid shawl neck polyester stretch womens casual shrug - grey,"Size:S,X-Small","Rs
1599",799,50% off,Westernwear-Women
5032,Latin quarters,Dyed polyester hood womens casual jacket - green,"Size:S,M,L,XL","Rs
2499",1249,50% off,Westernwear-Women
5033,Zink london,Printed rayon womens fit and flare dress - black,"Size:Medium,Small","Rs
2899",1159,60% off,Westernwear-Women
5034,Zink london,Solid hood polyester women casual jackets - rust,"Size:Large,Small","Rs
4499",1799,60% off,Westernwear-Women
5035,Kraus,Skinny fit ankle length cotton womens jeans - pink,"Size:28,30,32,34,36","Rs
1795",1256,30% off,Westernwear-Women
5036,Zink london,Checks cotton womens shift dress - navy,"Size:Large,Medium,X-Large","Rs
2299",919,60% off,Westernwear-Women
5037,Enamor,Cotton womens activewear t-shirt - canal,"Size:XL,Large,Medium,Small",Nan,749,No Discount,Westernwear-Women
5038,Only,Loose fit ankle length cotton womens jeans - blue,"Size:25,26,27,28,29,30,31,32,33,34","Rs
3699",2959,20% off,Westernwear-Women
5039,Is.u,Womens black short sleeve shirt - black,Size:Large,"Rs
1490",745,50% off,Westernwear-Women
5040,Zink london,Geometric polyester u neck womens top - multi,"Size:Large,Medium,Small,X-Large","Rs
1499",749,50% off,Westernwear-Women
5041,Vero moda,Printed polyester v neck womens  tops - blue,"Size:Large,Medium,Small,X-Large,X-Small","Rs
2599",2079,20% off,Westernwear-Women
5042,Gipsy,Solid cotton collared neck womens regular fit tunic - mango,Size:XXX-Large,"Rs
1795",1256,30% off,Westernwear-Women
5043,Spykar,Regular fit regular cotton womens jeans - light blue,"Size:26,28,30,32,34","Rs
2699",1889,30% off,Westernwear-Women
5044,Vero moda,Solid cotton v neck womens shirt - black,"Size:Large,Medium,Small,X-Large,X-Small","Rs
2499",1999,20% off,Westernwear-Women
5045,Gipsy,Womens round neck embroidered top - black,"Size:Medium,Small,XX-Large",Nan,920,No Discount,Westernwear-Women
5046,Zink london,Solid shirt collar polyester womens coat - black,"Size:Large,Medium,Small,X-Large","Rs
5999",2399,60% off,Westernwear-Women
5047,Infuse,Checks viscose v-neck womens regular fit woven top - black,"Size:Large,Medium,Small,X-Large,XX-Large","Rs
999",399,60% off,Westernwear-Women
5048,Gipsy,Embellished boat neck polyester womens flared dress - wine,"Size:X-Large,XX-Large",Nan,2995,No Discount,Westernwear-Women
5049,Stop,Solid regular fit viscose blend womens formal leggings - brown,"Size:28,30,32,34,36","Rs
999",499,50% off,Westernwear-Women
5050,Stop,Regular fit full length acrylic womens leggings - grey,"Size:Large,Medium,Small,X-Large,XX-Large","Rs
999",499,50% off,Westernwear-Women
5051,Stop,Solid regular neck viscose blend womens top - blush,"Size:Large,Medium,Small,X-Large,X-Small","Rs
1499",749,50% off,Westernwear-Women
5052,Latin quarters,Dyed rayon shirt collar womens blouse - black,"Size:S,M,L,XL","Rs
1399",699,50% off,Westernwear-Women
5053,Kraus,Solid tencel collared neck womens regular fit shirt - blue,"Size:Small,X-Large","Rs
1499",749,50% off,Westernwear-Women
5054,Faballey,Solid crepe round neck womens regular top - purple,"Size:Large,Medium,Small,X-Large,X-Small","Rs
1400",1120,20% off,Westernwear-Women
5055,Lovegen,Womens round neck graphic print t-shirt - pink,"Size:Medium,Small,X-Large","Rs
999",399,60% off,Westernwear-Women
5056,Global desi,Checked round neck womens top - natural,"Size:Medium,Small,X-Small","Rs
1999",999,50% off,Westernwear-Women
5057,Vero moda,Textured polyester round neck womens t-shirt - green,"Size:Large,Medium,Small,X-Large","Rs
1799",1439,20% off,Westernwear-Women
5058,Is.u,Womens blue stripe button down shirt - blue,"Size:Medium,Small,X-Large","Rs
1890",661,65% off,Westernwear-Women
5059,Global desi,Solid sleeveless viscose womens regular jumpsuit - indigo,"Size:XL,Large,Medium,Small,X-Small","Rs
2899",2319,20% off,Westernwear-Women
5060,Campus sutra,Solid crepe one shoulder womens dress - yellow,"Size:Large,Medium,Small,X-Large",Nan,1999,No Discount,Westernwear-Women
5061,Zink z,Typographic cotton round neck womens t-shirt - white,"Size:Large,Medium,Small,X-Large,X-Small",Nan,1299,No Discount,Westernwear-Women
5062,Kraus,Checks skinny rayon blend womens casual wear trousers - black,"Size:28,30,32,34,36","Rs
1595",1116,30% off,Westernwear-Women
5063,Dolce crudo,Womens skinny fit know your worth denim jeans - blue,"Size:26,28,30,32,34","Rs
2449",979,60% off,Westernwear-Women
5064,109f,Womens round neck embroidered top - black,"Size:Large,Medium,Small,X-Large,XX-Large,XXX-Large","Rs
2499",999,60% off,Westernwear-Women
5065,Dolce crudo,Womens buy me chocolates colour block jacket - multi,Size:X-Small,"Rs
2499",749,70% off,Westernwear-Women
5066,Allen solly,Solid viscose regular neck womens top - off white,Size:Large,"Rs
1699",1019,40% off,Westernwear-Women
5067,Lovegen,Womens mao collar printed bomber jacket - print,"Size:Medium,Small,X-Large","Rs
1999",599,70% off,Westernwear-Women
5068,Allen solly,Solid rayon womens formal wear blazer - black,"Size:Large,X-Small","Rs
3999",2399,40% off,Westernwear-Women
5069,Life,Womens regular fit checks casual top - blue,"Size:Small,X-Small","Rs
999",499,50% off,Westernwear-Women
5070,Jealous 21,Super skinny fit ankle length denim womens jeans - black,"Size:26,28,30,32,34,36",Nan,2499,No Discount,Westernwear-Women
5071,Life,Printed cotton round neck womens regular fit t-shirt - white,"Size:Large,Medium,Small,X-Large,X-Small","Rs
599",299,50% off,Westernwear-Women
5072,Allen solly,Prints polyester round neck womens regular top - maroon,"Size:Large,Medium,Small,X-Large,X-Small","Rs
1499",899,40% off,Westernwear-Women
5073,Forever new,Flared fit calf length polyester womens casual skirt - blue,"Size:6,8,10,12,14",Nan,4400,No Discount,Westernwear-Women
5074,And,Solid cotton round neck womens fit and flare top - pink,"Size:6,8","Rs
1299",649,50% off,Westernwear-Women
5075,Life,Printed polyester blend round neck womens regular t-shirt - red,"Size:Large,Medium,Small,X-Large,X-Small","Rs
999",499,50% off,Westernwear-Women
5076,Latin quarters,Dyed shirt collar rayon womens regular dress - green,"Size:S,X-Small","Rs
2450",799,67% off,Westernwear-Women
5077,Life,Solid viscose womens regular fit top - mustard,"Size:Large,Medium,Small,X-Large,X-Small","Rs
899",449,50% off,Westernwear-Women
5078,Allen solly,Regular fit regular length cotton blend womens jeans - navy,Size:26,"Rs
2299",1379,40% off,Westernwear-Women
5079,Adidas,Solid polyester round neck womens t-shirt - red,"Size:Large,Medium,Small,X-Small","Rs
1599",1119,30% off,Westernwear-Women
5080,And,Solid round neck viscose womens straight top - yellow,"Size:6,8,10,12,14,16","Rs
1699",1359,20% off,Westernwear-Women
5081,Vero moda,Textured cotton blend round neck womens top - yellow,"Size:Large,Medium,Small,X-Large,X-Small","Rs
1999",1399,30% off,Westernwear-Women
5082,Life,Checks collared neck rayon womens casual shirt - mustard,"Size:Large,Medium,Small,X-Small","Rs
699",349,50% off,Westernwear-Women
5083,Spykar,Regular fit cotton womens casual wear shorts - mid blue,"Size:26,28,30,32,34,36","Rs
1899",1329,30% off,Westernwear-Women
5084,Life,Solid polyester blend ankle length womens active wear tights - blush,"Size:28,30,32,34,36","Rs
999",499,50% off,Westernwear-Women
5085,Stop,Solid polyester round neck womens regular fit top - navy,"Size:Large,Small,X-Large,X-Small,XX-Large","Rs
999",499,50% off,Westernwear-Women
5086,Kraus,Skinny fit full length cotton blend womens jeans - light blue,Size:34,"Rs
1595",797,50% off,Westernwear-Women
5087,And,Solid sleeveless linen womens full length jumpsuit - black mix,"Size:8,10,12","Rs
3499",2274,35% off,Westernwear-Women
5088,Only,All over print polyester v neck womens t-shirt - pink,"Size:Large,Medium,Small,X-Large,X-Small","Rs
1999",1399,30% off,Westernwear-Women
5089,Zink london,Solid polyester tie up neck womens tiered top - red,"Size:Large,Medium","Rs
1599",499,69% off,Westernwear-Women
5090,Latin quarters,Dyed v-neck viscose blend womens regular blouse - peach,"Size:S,M,L,XL,XX-Large","Rs
1450",725,50% off,Westernwear-Women
5091,Zink london,Solid rayon blend womens regular top - navy,"Size:Large,Medium,X-Large","Rs
1599",639,60% off,Westernwear-Women
5092,Zink london,Printed cotton u neck womens dress - orange,"Size:Large,Medium,Small,X-Large,X-Small,XX-Large","Rs
2699",1619,40% off,Westernwear-Women
5093,Zink london,Womens off shoulder neck dot pattern top - mustard,"Size:X-Large,X-Small,XX-Large","Rs
1399",499,64% off,Westernwear-Women
5094,Latin quarters,Solid nylon blend womens regular dress - black,"Size:S,L","Rs
2699",1889,30% off,Westernwear-Women
5095,Zink london,Printed rayon collar neck womens casual wear dresses - black,"Size:Large,Medium,Small,X-Small","Rs
2299",919,60% off,Westernwear-Women
5096,Fratini,Solid regular neck acrylic womens cardigan - pink,"Size:Large,Medium,Small,X-Large,X-Small,XX-Large","Rs
1699",849,50% off,Westernwear-Women
5097,Reebok,Solid cotton round neck womens regular fit t-shirt - blue,"Size:Large,Medium,Small,X-Large,X-Small","Rs
1399",699,50% off,Westernwear-Women
5098,Life,Printed cotton blend round neck womens regular t-shirt - grey melange,"Size:Large,Medium,Small,X-Large,X-Small,XX-Large","Rs
399",199,50% off,Westernwear-Women
5099,Cover story,Solid polyester v-neck women wrap women top - blue,Size:X-Small,"Rs
1990",1194,40% off,Westernwear-Women
5100,Madame,Printed cotton round neck womens top - white,"Size:Large,Medium,Small,X-Large","Rs
1199",839,30% off,Westernwear-Women
5101,Cover story,Solid linen v-neck women regular women t-shirt - green,"Size:Medium,Small,X-Small","Rs
1290",690,47% off,Westernwear-Women
5102,Global desi,Womens a-line applique solid casual wear trousers - off white,Size:Medium,"Rs
1499",899,40% off,Westernwear-Women
5103,Marie claire,Regular fit above knee viscose rayon womens casual shorts - blue,"Size:28,30,32","Rs
1199",599,50% off,Westernwear-Women
5104,Cover story,Printed cotton blend v-neck women regular women top - yellow,"Size:Medium,X-Small","Rs
1990",1194,40% off,Westernwear-Women
5105,Rare,Solid regular fit polyester womens casual trousers - yellow,"Size:28,30,32,34","Rs
1999",699,65% off,Westernwear-Women
5106,Marie claire,Solid square neck cotton womens a-line dress - black,"Size:Large,Medium","Rs
2290",1145,50% off,Westernwear-Women
5107,Faballey,Floral round neck lace womens regular top - red,Size:Small,"Rs
1600",800,50% off,Westernwear-Women
5108,Faballey,Printed round neck georgette womens a-line dress - maroon,Size:Small,"Rs
2100",1050,50% off,Westernwear-Women
5109,Crimsoune club,Womens slim fit printed shirt - red,"Size:Large,X-Large,XXX-Large","Rs
1299",649,50% off,Westernwear-Women
5110,Sera,Regular fit midi length viscose womens casual skirt - navy,"Size:Medium,Small","Rs
1594",637,60% off,Westernwear-Women
5111,Is.u,Womens navy sleeveless frill top - navy,"Size:Large,Medium,X-Large","Rs
1890",945,50% off,Westernwear-Women
5112,Is.u,Womens black short sleeve t-shirt - black,"Size:Large,Medium,Small","Rs
990",297,70% off,Westernwear-Women
5113,Faballey,Embellished square neck georgette womens longline dress - pink,Size:X-Large,"Rs
2800",1400,50% off,Westernwear-Women
5114,Faballey,Solid polyester blend regular fit womens flared trousers - pink,"Size:Medium,Small,X-Small","Rs
2200",1760,20% off,Westernwear-Women
5115,Sera,Womens regular fit printed round neck fit and flare jumpsuit - purple,Size:Small,"Rs
1294",517,60% off,Westernwear-Women
5116,Latin quarters,Solid acrylic round neck womens sweater - peach,"Size:S,M,L","Rs
2299",1609,30% off,Westernwear-Women
5117,Iti,Womens solid sleeveless boat neck fit and flare maxi dress - blue,"Size:Medium,X-Small",Nan,2999,No Discount,Westernwear-Women
5118,Zink z,Textured polyester cotton tie up neck� womens dress - blue,"Size:Large,Medium,Small,X-Large,X-Small",Nan,2799,No Discount,Westernwear-Women
5119,Life,Solid cotton square neck womens regular fit top - red,"Size:Large,Medium,Small,X-Large,X-Small","Rs
699",349,50% off,Westernwear-Women
5120,Sera,Solid round neck polyester womens regular dress - orange,"Size:Medium,Small,X-Large","Rs
2498",999,60% off,Westernwear-Women
5121,Enamor,Solid cotton lycra relaxed fit womens athleisure t-shirt - green,"Size:XL,Large,Medium,Small,XX-Large",Nan,899,No Discount,Westernwear-Women
5122,Vero moda,Printed boat neck viscose womens top - lemon,"Size:Large,Medium,Small,X-Large,X-Small","Rs
1799",1439,20% off,Westernwear-Women
5123,Life,Printed cotton round neck womens regular t-shirt - off white,"Size:Large,Medium,Small,X-Large,X-Small,XX-Large","Rs
399",199,50% off,Westernwear-Women
5124,And,Stripes cotton square neck womens top - blue,"Size:8,10,12,14,16,18",Nan,2299,No Discount,Westernwear-Women
5125,Latin quarters,Printed polyester womens regular blouse - ivory,"Size:S,M,L,XL,X-Small","Rs
1499",1049,30% off,Westernwear-Women
5126,Kraus,Solid tencel collar neck womens casual shirt - lilac,"Size:Large,Medium,Small,X-Small","Rs
1299",1169,10% off,Westernwear-Women
5127,Levis,Tapered fit regular cotton polyester lycra womens jeans - black,"Size:26,28,30,32,34",Nan,3399,No Discount,Westernwear-Women
5128,Only,Solid viscose square neck womens top - pink,"Size:Large,Medium,Small,X-Large,X-Small","Rs
2299",1609,30% off,Westernwear-Women
5129,Altlife,Printed cotton regular neck womens t-shirt - aqua,"Size:Large,Medium,Small,X-Large,X-Small,XX-Large","Rs
499",249,50% off,Westernwear-Women
5130,Faballey,Embellished round neck crepe womens regular dress - black,"Size:Large,Medium,Small","Rs
2200",1100,50% off,Westernwear-Women
5131,Sera,Floral sweetheart neck rayon blend womens a-line dress - brown,"Size:Large,Medium,Small,X-Large","Rs
1998",799,60% off,Westernwear-Women
5132,Van heusen,Womens collared dot pattern shirt - dark blue,Size:X-Small,Nan,1499,No Discount,Westernwear-Women
5133,Gipsy,Printed georgette round neck womens regular fit top - green,"Size:Medium,Small","Rs
1795",718,60% off,Westernwear-Women
5134,Spykar,Checks viscose blend mandarin womens casual wear shirt - red,"Size:Large,Medium,Small,X-Large","Rs
1899",1329,30% off,Westernwear-Women
5135,Crimsoune club,Graphic round neck cotton blend womens sweatshirt - navy,"Size:Large,Medium,Small,X-Large","Rs
1699",849,50% off,Westernwear-Women
5136,Vero moda,Solid polyester round neck womens dress - blue,"Size:Large,Medium,Small,X-Large,X-Small","Rs
2799",2239,20% off,Westernwear-Women
5137,Latin quarters,Printed v-neck polyester womens regular fit dress - ivory,"Size:S,M,L,XL,XX-Large","Rs
2799",1399,50% off,Westernwear-Women
5138,Faballey,Textured poly lycra one shoulder womens regular dress - silver,"Size:Large,Medium,Small,X-Large","Rs
2800",2240,20% off,Westernwear-Women
5139,Proline,Cotton regular fit womens track pants - blue,"Size:Large,Medium,Small,X-Large","Rs
1399",979,30% off,Westernwear-Women
5140,Fratini,Solid polyester regular fit womens joggers - peach,"Size:26,28,30,32,34,36","Rs
1199",599,50% off,Westernwear-Women
5141,Global desi,Printed three quarter sleeves viscose womens regular jumpsuit - black,"Size:XL,Medium,Small,X-Small","Rs
2999",1949,35% off,Westernwear-Women
5142,Vero moda,Solid lyocell v neck womens  shirts - yellow,"Size:Large,Medium,Small,X-Large,X-Small","Rs
2699",2159,20% off,Westernwear-Women
5143,Vero moda,Printed cotton round neck womens  t-shirts - orange,"Size:Large,Medium,Small,X-Large,X-Small","Rs
1799",1259,30% off,Westernwear-Women
5144,Vero moda,Solid round neck viscose womens midi dress - green,"Size:Large,Medium,Small,X-Large,X-Small","Rs
2999",1799,40% off,Westernwear-Women
5145,Adidas,Solid tight fit polyester womens tights - black,"Size:Large,Medium,X-Large,X-Small","Rs
3299",1649,50% off,Westernwear-Women
5146,109f,Womens mandarin collar solid eyelet skater dress - green,"Size:X-Large,XX-Large","Rs
3499",1399,60% off,Westernwear-Women
5147,Life,Printed viscose v neck womens regular top - off white,"Size:Large,Medium,Small,X-Large,X-Small","Rs
1199",599,50% off,Westernwear-Women
5148,Dolce crudo,Womens regular fit highrise dip dye bony jeans light blue - light blue,"Size:28,30,32,34","Rs
2399",959,60% off,Westernwear-Women
5149,Life,Printed polyester round neck womens active wear t-shirt - black,"Size:Large,Medium,Small,X-Large,X-Small,XX-Large","Rs
999",499,50% off,Westernwear-Women
5150,And,Solid polyester collar neck womens straight top - yellow,"Size:8,10,12,14,16,18","Rs
1099",879,20% off,Westernwear-Women
5151,Life,Stripes cotton round neck womens regular t-shirt - red,"Size:Large,Medium,Small,X-Large,X-Small","Rs
499",249,50% off,Westernwear-Women
5152,Enamor,Cotton blend womens active wear track pants - navy,"Size:XL,Large,Medium,Small,XX-Large","Rs
1049",734,30% off,Westernwear-Women
5153,Global desi,Viscose round neck women's top - blue,"Size:XL,Large,Medium,Small,X-Small","Rs
1799",899,50% off,Westernwear-Women
5154,Zink london,Printed polyester high neck womens straight fit top - black,"Size:Large,Medium,Small,X-Small","Rs
1599",639,60% off,Westernwear-Women
5155,Kraus,Skinny fit ankle length cotton blend womens jeggings - grey,"Size:28,30,32,34,36,38","Rs
1495",1046,30% off,Westernwear-Women
5156,Altlife,Regular fit thigh length cotton womens active wear shorts - black,"Size:28,30,32,34,36",Nan,499,No Discount,Westernwear-Women
5157,Marie claire,Regular fit midi length polyester womens casual skirt - mustard,"Size:26,28,30,32","Rs
1799",899,50% off,Westernwear-Women
5158,Dolce crudo,Womens vintage acidic glaze skinny jeggings - light blue,Size:26,"Rs
2199",879,60% off,Westernwear-Women
5159,Faballey,Solid v neck polyester blend womens regular dresses - black,Size:Small,"Rs
2500",1250,50% off,Westernwear-Women
5160,Pepe,Statement melange jersey crew neck womens t-shirt - blue,"Size:Small,X-Large","Rs
999",599,40% off,Westernwear-Women
5161,Faballey,Floral halter neck georgette womens a-line dress - white,Size:X-Large,"Rs
2600",1300,50% off,Westernwear-Women
5162,Zink london,Solid high neck acrylic womens sweater - off white,Size:X-Large,"Rs
3499",1399,60% off,Westernwear-Women
5163,And,Solid collar neck polyester women shift dress - pink,"Size:8,12","Rs
2899",1449,50% off,Westernwear-Women
5164,Enamor,Womens hooded neck slub sweatshirt - blue melange,Size:XL,"Rs
1599",1119,30% off,Westernwear-Women
5165,109f,Womens off shoulder solid shift dress - blue,"Size:Small,X-Small","Rs
1799",539,70% off,Westernwear-Women
5166,Dolce crudo,Womens dancing on my own denim dungaree - blue,"Size:26,28,30,32,34","Rs
2799",1259,55% off,Westernwear-Women
5167,Sera,Womens regular fit printed trousers - yellow,"Size:Large,Medium,Small,X-Large","Rs
1494",597,60% off,Westernwear-Women
5168,And,Solid rayon shirt collar womens woven top - lemon,"Size:8,14,16","Rs
1699",849,50% off,Westernwear-Women
5169,Vero moda,Checks round neck viscose womens dress - white,"Size:Large,Medium,Small,X-Large,X-Small","Rs
3299",1649,50% off,Westernwear-Women
5170,Dolce crudo,Womens regular fit cloudnine skinny fit jeans white - white,"Size:26,28,30,32,34","Rs
2499",999,60% off,Westernwear-Women
5171,W,Printed sleeveless viscose womens full length jumpsuit - orange,"Size:6,8,10,12,14,16,18",Nan,3799,No Discount,Westernwear-Women
5172,Spykar,Regular fit regular cotton lycra womens jeans - dark blue,"Size:26,28,30,32,34","Rs
2599",1819,30% off,Westernwear-Women
5173,Only,All over print cotton regular fit womens shorts - white,"Size:Large,Medium,Small,X-Small","Rs
1999",1399,30% off,Westernwear-Women
5174,Vero moda,Solid round neck viscose womens knits knit top - blue,"Size:Large,Medium,Small,X-Large,X-Small","Rs
2299",1839,20% off,Westernwear-Women
5175,Life,Printed cotton round neck womens regular top - off white,"Size:Large,Medium,Small,X-Large,X-Small","Rs
1199",599,50% off,Westernwear-Women
5176,Dolce crudo,Womens rule of joy denim joggers - blue,"Size:26,28,30,32","Rs
2449",1224,50% off,Westernwear-Women
5177,Van heusen,Printed polyester round neck womens top - natural,"Size:Large,Medium,Small,X-Large,X-Small",Nan,1699,No Discount,Westernwear-Women
5178,Faballey,Floral georgette off shoulder womens midi dress - black,"Size:Large,Medium,Small,X-Large,X-Small","Rs
2400",1920,20% off,Westernwear-Women
5179,Magre,Solid polyester blend regular fit womens casual pants - black,"Size:Large,Medium","Rs
2390",1434,40% off,Westernwear-Women
5180,Only,Solid skinny fit viscose womens casual wear pants - black,"Size:Large,Medium,Small,X-Large,X-Small","Rs
2699",2159,20% off,Westernwear-Women
5181,Crimsoune club,Womens grey printed top - grey,"Size:Large,Medium,Small,X-Large,XX-Large","Rs
1599",959,40% off,Westernwear-Women
5182,Ira soleil,Solid dupion round neck womens casual jacket - wine,"Size:Large,Medium,Small,X-Large",Nan,1998,No Discount,Westernwear-Women
5183,Zink london,Solid v neck polyester womens casual jackets - black,"Size:Large,Medium,X-Large","Rs
1899",759,60% off,Westernwear-Women
5184,And,Solid cotton round neck womens dress - sage,"Size:8,10,12,14,16",Nan,2499,No Discount,Westernwear-Women
5185,Iti,Womens olive grommet maxi - green,"Size:Large,Medium,Small",Nan,2699,No Discount,Westernwear-Women
5186,Enamor,Graphic cotton lycra relaxed fit womens athleisure t-shirt - violet,"Size:XL,Large,Medium,Small,XX-Large",Nan,899,No Discount,Westernwear-Women
5187,Vero moda,Solid viscose nylon regular fit womens casual pants - green,"Size:Large,Medium,Small,X-Large,X-Small",Nan,1999,No Discount,Westernwear-Women
5188,Vero moda,Solid polyester round neck womens top - blue,"Size:Large,Medium,Small,X-Large,X-Small","Rs
1999",1399,30% off,Westernwear-Women
5189,Spykar,Solid cotton spread collar womens casual wear shirt - navy,"Size:Large,Medium,Small,X-Large","Rs
2299",1609,30% off,Westernwear-Women
5190,Zink london,Solid polyester womens a-line dress - blue,Size:X-Small,"Rs
2699",1079,60% off,Westernwear-Women
5191,Cover story,Solid polyester round neck womens casual jacket - lilac,"Size:Medium,Small","Rs
4990",3493,30% off,Westernwear-Women
5192,Levis,Super skinny fit regular length cotton polyester womens jeans - denim indigo light,"Size:26,28,30,32,34",Nan,2399,No Discount,Westernwear-Women
5193,Kraus,Solid comfort fit cotton blend womens casual wear trousers - dark blue,"Size:26,28,30","Rs
1595",1116,30% off,Westernwear-Women
5194,Latin quarters,Dyed rayon shirt collar womens regular top - maroon,"Size:M,L","Rs
1399",499,64% off,Westernwear-Women
5195,Only,Placement print cotton round neck womens t-shirt - white,"Size:Large,Medium,Small,X-Small","Rs
1799",1259,30% off,Westernwear-Women
5196,Sera,Solid sweetheart neck cotton womens regular dress - brown,"Size:Large,Medium,Small,X-Large","Rs
1698",849,50% off,Westernwear-Women
5197,Emblaze,Solid satin collar neck womens party wear shirt - white,"Size:Large,Medium,Small,X-Large,X-Small,XX-Large",Nan,2800,No Discount,Westernwear-Women
5198,Magre,Floral polyester blend regular fit womens shorts - multi,"Size:Large,Small,X-Small","Rs
1990",895,55% off,Westernwear-Women
5199,Latin quarters,Solid nylon blend womens regular dress - black,"Size:S,M,L,XL,X-Small","Rs
2499",1749,30% off,Westernwear-Women
5200,Vero moda,Solid cotton v neck womens dress - blue,"Size:Large,Medium,Small,X-Large,X-Small",Nan,3299,No Discount,Westernwear-Women
5201,Stop,Womens 2 pocket slub formal trousers - charcoal,"Size:34,36",Nan,1299,No Discount,Westernwear-Women
5202,And,Floral round neck rayon womens wrap dress - sage,"Size:8,12,14","Rs
2899",1449,50% off,Westernwear-Women
5203,Lovegen,Embroidered collared neck cotton womens casual jacket - blue,"Size:Large,Medium,Small,X-Large,X-Small","Rs
1999",999,50% off,Westernwear-Women
5204,Only,Self design polyester stand collar womens top - brown,"Size:34,36,38,40","Rs
2299",1609,30% off,Westernwear-Women
5205,And,Floral square neck womens a-line top - white,Size:16,"Rs
1899",949,50% off,Westernwear-Women
5206,Kraus,Skinny fit ankle length cotton blend womens jeans - blue,"Size:28,30,32,36,38","Rs
1895",1326,30% off,Westernwear-Women
5207,Emblaze,Solid satin round neck womens straight top - rose,"Size:Large,Medium,Small,X-Large,X-Small,XX-Large",Nan,3000,No Discount,Westernwear-Women
5208,Vero moda,Printed cotton blend round neck womens t-shirts - orange,"Size:Large,Medium,Small,X-Large,X-Small","Rs
2499",1249,50% off,Westernwear-Women
5209,And,Floral linen womens straight jumpsuits - pink,"Size:6,8,10,12,14","Rs
4899",3919,20% off,Westernwear-Women
5210,Cover story,Womens solid  ankle length trousers - black,"Size:26,28,30",Nan,2290,No Discount,Westernwear-Women
5211,Puma,Printed cotton round neck womens athleisure top - black,"Size:Large,Medium,Small,X-Small","Rs
1799",1259,30% off,Westernwear-Women
5212,Kami kubi,Solid cotton boat neck womens a line top - yellow,"Size:Large,Medium,Small,X-Small","Rs
1399",629,55% off,Westernwear-Women
5213,Latin quarters,Printed rayon spread collar womens regular blouse - blue,"Size:S,M,L,XL","Rs
1399",699,50% off,Westernwear-Women
5214,Kraus,Solid rayon round neck womens top - peach,"Size:Large,Medium,Small","Rs
1399",699,50% off,Westernwear-Women
5215,Faballey,Textured v neck satin womens mini dress - blue,"Size:Large,Medium,Small,X-Small","Rs
2100",1680,20% off,Westernwear-Women
5216,Enamor,Womens athleisure swing tank top - ice blue,"Size:XL,Large,Medium,Small","Rs
499",349,30% off,Westernwear-Women
5217,Vero moda,Printed cotton blend round neck womens t-shirt - natural,"Size:Medium,Small,X-Small","Rs
1299",649,50% off,Westernwear-Women
5218,And,Solid viscose round neck womens cropped top - coral,"Size:8,12,14","Rs
1699",1189,30% off,Westernwear-Women
5219,Crimsoune club,Regular mid thigh leather womens casual wear skirt - pink,"Size:Large,Medium,X-Large,XX-Large","Rs
2499",2249,10% off,Westernwear-Women
5220,Latin quarters,Solid collar neck polyester stretch womens jacket - rust,"Size:S,M,L,XL","Rs
2999",1499,50% off,Westernwear-Women
5221,Latin quarters,Solid polyester stretch mandarin womens regular top - green,"Size:S,XL","Rs
1650",825,50% off,Westernwear-Women
5222,Latin quarters,Solid polyester stretch shirt collar womens regular fit knit top - brown,"Size:S,M,L,XL","Rs
1599",799,50% off,Westernwear-Women
5223,Zink london,Solid polyester round neck womens top - black,"Size:Large,Medium,Small,X-Large,X-Small,XX-Large","Rs
1599",959,40% off,Westernwear-Women
5224,Zink london,Printed polyester v neck womens top - pink,"Size:Large,Medium,Small,X-Large","Rs
1599",799,50% off,Westernwear-Women
5225,Zink london,Floral sleeveless polyester womens jumpsuit - cream,"Size:Large,Medium,Small,X-Large","Rs
2699",1619,40% off,Westernwear-Women
5226,Van heusen,Solid cotton round neck womens top - black,"Size:Large,Medium,Small,X-Large,X-Small",Nan,849,No Discount,Westernwear-Women
5227,Cover story,Solid regular fit linen women casual women trousers - olive,Size:32,"Rs
2790",1674,40% off,Westernwear-Women
5228,Marie claire,Solid polyester round neck womens top - black,"Size:Large,Medium,Small,X-Large,X-Small","Rs
1499",599,60% off,Westernwear-Women
5229,And,Solid viscose square neck women regular top - burgundy,"Size:8,10,16,18","Rs
2299",1149,50% off,Westernwear-Women
5230,Rare,Stripes crepe sweetheart neck womens regular fit top - black,"Size:Large,Medium,Small,X-Large,X-Small","Rs
1499",599,60% off,Westernwear-Women
5231,Latin quarters,Solid square neck polyester womens regular fit dress - blue,"Size:S,XL","Rs
2999",2099,30% off,Westernwear-Women
5232,Kraus,Super skinny fit full length cotton womens jeans - blue,Size:32,"Rs
1895",947,50% off,Westernwear-Women
5233,Iti,Womens purple layered asymetrical maxi - purple,Size:X-Small,Nan,2999,No Discount,Westernwear-Women
5234,Zink london,Printed round neck polyester womens shift dress - black,"Size:Small,X-Small","Rs
2499",999,60% off,Westernwear-Women
5235,Global desi,Solid sleeveless viscose womens knee length jumpsuit - yellow,"Size:XL,Large,Medium,Small,X-Small",Nan,7999,No Discount,Westernwear-Women
5236,W,Printed 3/4 sleeves viscose womens full length jumpsuit - orange,"Size:6,8,10,12,14,16,18",Nan,3999,No Discount,Westernwear-Women
5237,Levis,Solid boat neck cotton womens casual shirt - white,"Size:Large,Medium,Small,X-Small",Nan,1599,No Discount,Westernwear-Women
5238,Sera,Floral sweetheart neck rayon blend womens regular dress - black,"Size:Large,Medium,Small,X-Large","Rs
1998",999,50% off,Westernwear-Women
5239,Samshek,Printed square neck satin womens bodycon dress - multi,"Size:4X-Large,5X-Large,Large,Medium,Small,X-Large,X-Small,XX-Large,XX-Small,XXX-Large",Nan,3200,No Discount,Westernwear-Women
5240,Zink london,Abstract polyester square neck womens top - green,"Size:Large,Medium,Small,X-Large,X-Small","Rs
1499",899,40% off,Westernwear-Women
5241,Zink london,Stripes cotton collared womens casual shirt - green,"Size:Large,Medium,Small,X-Small","Rs
1499",899,40% off,Westernwear-Women
5242,Van heusen,Printed modal stylized womens woven top - navy,"Size:Large,Medium,Small,X-Large,X-Small","Rs
1999",799,60% off,Westernwear-Women
5243,Pepe,Printed viscose crew neck womens t-shirt - multi,"Size:Large,Medium,Small,X-Large","Rs
1699",1019,40% off,Westernwear-Women
5244,W,Solid rayon collar neck womens casual jacket - black,"Size:6,8,10,12,14,16,18",Nan,2999,No Discount,Westernwear-Women
5245,Fratini,Regular fit regular length polyester blend womens culottes - natural,"Size:28,30,32,34,36",Nan,1499,No Discount,Westernwear-Women
5246,Emblaze,Solid satin cowl neck womens straight co-ordinate set - peach,"Size:Large,Medium,Small,X-Large,X-Small,XX-Large",Nan,5000,No Discount,Westernwear-Women
5247,Spykar,Printed cotton blend round neck womens regular t-shirt - black,"Size:Large,Medium,Small,X-Large","Rs
1199",839,30% off,Westernwear-Women
5248,Reebok,Solid polyester blend round neck womens regular fit t-shirt - black,"Size:Large,Medium,Small,X-Large,X-Small","Rs
1299",649,50% off,Westernwear-Women
5249,Allen solly,Textured rayon regular fit womens casual pants - charcoal,"Size:28,30,32","Rs
1999",1199,40% off,Westernwear-Women
5250,Cover story,Solid round neck viscose elastane poly womens regular dress - rust,"Size:Medium,Small,X-Small","Rs
2290",1374,40% off,Westernwear-Women
5251,Faballey,Solid georgette halter neck womens top - blue,"Size:Large,Medium,Small,X-Large,X-Small","Rs
1500",1200,20% off,Westernwear-Women
5252,Insense,Solid regular neck polyester womens pullover - powder blue,"Size:Large,Medium,Small,X-Large,X-Small","Rs
1299",649,50% off,Westernwear-Women
5253,Vero moda,Stripes cotton round neck womens t-shirt - yellow,"Size:Large,Medium,Small,X-Large,X-Small","Rs
1299",1039,20% off,Westernwear-Women
5254,Fratini,Solid regular fit nr roma womens casual pants - black,"Size:26,28,30,32,34,36","Rs
1299",649,50% off,Westernwear-Women
5255,Levis,Solid cotton tapered fit womens casual shorts - white,"Size:26,28,30,32",Nan,2899,No Discount,Westernwear-Women
5256,Van heusen,Solid regular fit polyester womens casual trousers - mid blue,"Size:30,32,34","Rs
1699",999,41% off,Westernwear-Women
5257,Cover story,Solid cotton regular fit womens casual trousers - pink,"Size:26,28,30,32,34",Nan,1990,No Discount,Westernwear-Women
5258,Campus sutra,Solid crepe boat neck womens dress - black,"Size:Large,Medium,Small,X-Large",Nan,1299,No Discount,Westernwear-Women
5259,Zink london,Floral polyester collar neck womens top - green,"Size:Large,Medium,Small,X-Large,X-Small,XX-Large","Rs
1799",1079,40% off,Westernwear-Women
5260,Faballey,Solid cotton blend round neck womens top - red,Size:Large,"Rs
950",475,50% off,Westernwear-Women
5261,W,Womens solid casual pants - black,"Size:6,8,10,12,14,16",Nan,999,No Discount,Westernwear-Women
5262,Gipsy,Womens floral casual shirt - black,"Size:Large,Medium,Small,X-Large","Rs
1595",797,50% off,Westernwear-Women
5263,Magre,Solid satin v neck womens top - natural,"Size:Large,Medium,Small,X-Small","Rs
1790",1163,35% off,Westernwear-Women
5264,Vero moda,Printed cotton round neck womens t-shirt - green,"Size:Large,Medium,Small,X-Large,X-Small","Rs
1299",909,30% off,Westernwear-Women
5265,Reebok,Solid regular fit polyester womens sports top - red,"Size:Large,Medium,Small,X-Large,X-Small","Rs
1799",899,50% off,Westernwear-Women
5266,Levis,Skinny fit regular cotton blend womens jeans - indigo,"Size:28,30,32,34",Nan,3399,No Discount,Westernwear-Women
5267,Spykar,Printed cotton blend round neck womens regular t-shirt - navy,"Size:Large,Medium,Small,X-Large,XX-Large","Rs
1299",909,30% off,Westernwear-Women
5268,Samshek,Printed boat neck satin womens regular dress - multi,"Size:4X-Large,5X-Large,Large,Medium,Small,X-Large,X-Small,XX-Large,XX-Small,XXX-Large","Rs
2290",1832,20% off,Westernwear-Women
5269,Only,All over print cotton round neck womens sweatshirt - white,"Size:Large,Medium,Small,X-Large,X-Small","Rs
2499",1749,30% off,Westernwear-Women
5270,Vero moda,Textured polyester round neck womens dress - natural,"Size:Large,Medium,Small,X-Large,X-Small","Rs
3999",3199,20% off,Westernwear-Women
5271,Only,Cotton relaxed fit womens jeans - blue,"Size:Large,Medium,Small,X-Large,X-Small","Rs
3999",3199,20% off,Westernwear-Women
5272,And,Solid viscose collar neck womens regular top - sage,"Size:8,10,12,14,16,18","Rs
1899",1519,20% off,Westernwear-Women
5273,Dolce crudo,Womens regular fit chasing life denim jeans navy blue - navy,"Size:26,28,30,32,34","Rs
2399",959,60% off,Westernwear-Women
5274,109f,Womens round neck embroidered top - cream,"Size:Large,Medium,Small,X-Large,XX-Large,XXX-Large","Rs
1999",799,60% off,Westernwear-Women
5275,Vero moda,Printed viscose v neck womens casual shirt - natural,"Size:Large,Medium,Small,X-Large,X-Small",Nan,2499,No Discount,Westernwear-Women
5276,Vip,6 layer protection mask l size black - black,"Size:Large,Medium",Nan,130,No Discount,Westernwear-Women
5277,Zink london,Floral viscose u neck womens top - cream,"Size:Large,Medium,Small,X-Large,X-Small","Rs
1499",899,40% off,Westernwear-Women
5278,109f,Womens 2 pocket solid pants - navy,"Size:Small,X-Small","Rs
1899",759,60% off,Westernwear-Women
5279,Magre,Solid polyester blend regular fit womens festive skirt - pink,"Size:Large,Medium,Small","Rs
1490",670,55% off,Westernwear-Women
5280,Lovegen,Embellished collared neck cotton womens casual jacket - mid blue,"Size:Large,Medium,Small","Rs
2799",1399,50% off,Westernwear-Women
5281,Only,Embellished polyester womens top - gold,"Size:34,36,38,40,42","Rs
2499",1499,40% off,Westernwear-Women
5282,Enamor,Cotton blend womens active wear track pants - island blue,"Size:XL,Large,Medium,Small,XX-Large","Rs
1049",734,30% off,Westernwear-Women
5283,Only,All over print polyester round neck womens dress - green,"Size:34,36,38,40,42","Rs
3499",2449,30% off,Westernwear-Women
5284,Kraus,Solid tencel collar neck womens crop shirt - baby pink,"Size:Large,Medium,Small,X-Small","Rs
1199",839,30% off,Westernwear-Women
5285,Vero moda,Printed cotton round neck womens t-shirt - white,"Size:Large,Medium,Small,X-Large,X-Small","Rs
1299",1039,20% off,Westernwear-Women
5286,Life,Embroidered cotton v-neck womens regular top - natural,"Size:Large,Medium,Small,X-Large,X-Small","Rs
1299",649,50% off,Westernwear-Women
5287,Vero moda,Solid polyester round neck womens dress - brown,"Size:Large,Medium,Small,X-Large,X-Small","Rs
4299",3439,20% off,Westernwear-Women
5288,Is.u,Checks cotton round neck womens top - red,"Size:Medium,Small","Rs
2299",1149,50% off,Westernwear-Women
5289,And,Self pattern cotton  women's casual wear pants - grey,"Size:28,30,32,34,36","Rs
2499",1999,20% off,Westernwear-Women
5290,Adidas,Solid blended round neck womens t-shirt - grey,"Size:Large,Medium,Small,X-Large,X-Small","Rs
2999",1499,50% off,Westernwear-Women
5291,Magre,Solid satin v neck womens top - rust,"Size:Large,Medium,Small,X-Small","Rs
1790",1074,40% off,Westernwear-Women
5292,And,Solid v-neck polyester womens fit & flare dress - peach,"Size:8,10,12,14,16","Rs
2499",1249,50% off,Westernwear-Women
5293,Van heusen,Printed polyester round neck womens top - navy,"Size:Large,Medium,Small,X-Large,X-Small","Rs
1999",999,50% off,Westernwear-Women
5294,Fratini,Solid skinny fit nr roma womens casual pants - anthra,"Size:26,28,30,32,34,36","Rs
999",499,50% off,Westernwear-Women
5295,Vero moda,Stripes viscose blended square neck womens top - white,"Size:Large,Medium,Small,X-Large,X-Small","Rs
2299",1379,40% off,Westernwear-Women
5296,Puma,Cotton mid rise regular fit womens athleisure pants - black,"Size:Large,Medium,Small,X-Large,X-Small","Rs
3499",2449,30% off,Westernwear-Women
5297,Latin quarters,Solid polyester stretch surplice neck womens regular fit knit top - pink,"Size:S,M,L,XL,X-Small","Rs
1599",799,50% off,Westernwear-Women
5298,Zink london,Solid sleeveless polyester womens jumpsuit - green,"Size:Large,Medium,Small,X-Large","Rs
2799",2239,20% off,Westernwear-Women
5299,Only,Solid collar neck polyester womens casual shirt - white,"Size:34,36,38,40,42","Rs
2499",1999,20% off,Westernwear-Women
5300,Reebok,Solid regular fit cotton womens active wear tights - black,"Size:Large,Medium,Small,X-Small","Rs
2999",1499,50% off,Westernwear-Women
5301,Rare,Solid cotton round neck womens regular fit top - white,"Size:Large,Medium,Small","Rs
1599",639,60% off,Westernwear-Women
5302,Latin quarters,Solid round neck polyester womens longline dress - blue,"Size:S,M,XX-Large","Rs
2699",1349,50% off,Westernwear-Women
5303,Kraus,Checks rayon collar neck womens regular shirt - black,Size:Medium,"Rs
1399",699,50% off,Westernwear-Women
5304,Insense,Solid cotton blend loose fit womens joggers - black,Size:36,"Rs
1299",649,50% off,Westernwear-Women
5305,Adidas,Printed regular fit polyester womens active wear tights - pink,"Size:Small,X-Small","Rs
2499",1249,50% off,Westernwear-Women
5306,Sera,Printed viscose rayon tie up neck womens top - natural,Size:X-Large,"Rs
1098",494,55% off,Westernwear-Women
5307,Lovegen,Embroidered collared neck cotton womens casual jacket - ecru,Size:Large,"Rs
2499",999,60% off,Westernwear-Women
5308,Kraus,Skinny fit ankle length rayon blend womens jeggings - grey,Size:36,"Rs
1595",797,50% off,Westernwear-Women
5309,Global desi,Womens floral tie up neck straight fit top - mustard,Size:XX-Large,"Rs
1899",759,60% off,Westernwear-Women
5310,Zink london,Structured polyester regular fit womens top - white,Size:Large,"Rs
1699",499,71% off,Westernwear-Women
5311,And,Striped straight fit viscose womens casual wear trousers - black mix,"Size:26,30","Rs
1699",849,50% off,Westernwear-Women
5312,Global desi,Geometric boat neck viscose womens straight jumpsuits - indigo,"Size:Medium,Small,X-Small","Rs
2499",1999,20% off,Westernwear-Women
5313,Vero moda,Solid round neck viscose womens sweatshirts - purple,"Size:Large,Medium,Small,X-Large,X-Small","Rs
2799",1679,40% off,Westernwear-Women
5314,Kraus,Skinny ankle length cotton blend womens regular jeans - blue,"Size:28,30","Rs
1895",947,50% off,Westernwear-Women
5315,Vero moda,Printed cotton round neck womens t-shirt - purple,"Size:Large,Medium,Small,X-Large,X-Small","Rs
1299",909,30% off,Westernwear-Women
5316,Zink london,Embroidered polyester regular fit womens shrug - blue,"Size:Large,Medium,Small","Rs
1999",799,60% off,Westernwear-Women
5317,Faballey,Self design georgette womens regular dress - black,"Size:Large,Medium,Small,X-Small","Rs
2600",1300,50% off,Westernwear-Women
5318,And,Floral polyester boat neck womens straight gown - pink mix,Size:8,"Rs
4499",3599,20% off,Westernwear-Women
5319,And,Womens v- neck floral top - blue,Size:16,"Rs
999",499,50% off,Westernwear-Women
5320,Madame,Solid rayon blend collar neck womens casual shirt - pink,"Size:Large,Medium,Small,X-Large,XX-Large","Rs
1999",999,50% off,Westernwear-Women
5321,Vero moda,Clean look cotton straight fit womens jeans - blue,"Size:26,27,28,29,30,31,32,33,34","Rs
3999",2799,30% off,Westernwear-Women
5322,Vero moda,Printed cotton modal round neck womens t-shirt - blue,"Size:Large,Medium,Small,X-Large,X-Small","Rs
999",699,30% off,Westernwear-Women
5323,Lovegen,Skinny fit ankle length cotton nylon womens jeans - white,"Size:28,30,32","Rs
1599",639,60% off,Westernwear-Women
5324,Insense,Womens  round neck  printed t-shirt - red,"Size:Large,Medium,Small,X-Small","Rs
499",249,50% off,Westernwear-Women
5325,Lovegen,Womens v-neck slub t-shirt - grey melange,"Size:Medium,Small,X-Small","Rs
999",399,60% off,Westernwear-Women
5326,Fratini,Patch work cotton round neck womens regular top - pink,"Size:Large,Medium,Small,X-Large","Rs
699",349,50% off,Westernwear-Women
5327,Vero moda,Printed viscose v neck womens dress - yellow,"Size:Large,Medium,Small,X-Large,X-Small","Rs
3799",3039,20% off,Westernwear-Women
5328,Faballey,Solid georgette womens regular dress - blue,"Size:Small,X-Small","Rs
2800",1400,50% off,Westernwear-Women
5329,Vero moda,Mid wash cotton slim fit womens jeans - blue,"Size:25,26,27,28,29,30,31,32,33,34","Rs
3999",3199,20% off,Westernwear-Women
5330,Pepe,Tencel tie up neck� womens casual shirt - indigo,"Size:Large,Small,X-Large","Rs
2199",1319,40% off,Westernwear-Women
5331,Zink london,Printed round neck polyester womens maxi dress - pink,"Size:Large,Medium,Small,X-Large","Rs
2999",1799,40% off,Westernwear-Women
5332,And,Self design cotton shirt collar womens woven top - light blue,"Size:8,10,12,14,16","Rs
2299",1149,50% off,Westernwear-Women
5333,Emblaze,Solid satin one shoulder womens straight top - black,"Size:Large,Medium,Small,X-Large,X-Small,XX-Large",Nan,3500,No Discount,Westernwear-Women
5334,Janasya,Printed collared neck cotton regular fit womens night suit - blue,"Size:Medium,X-Large,X-Small,XX-Large,XXX-Large","Rs
1999",999,50% off,Westernwear-Women
5335,Vero moda,Textured shirt collar cotton womens casual shirt - green,"Size:Large,Medium,Small,X-Large,X-Small","Rs
2999",2099,30% off,Westernwear-Women
5336,Sera,Floral sweetheart neck cotton womens regular dress - multi,"Size:Large,X-Large","Rs
1998",999,50% off,Westernwear-Women
5337,Zink london,Checks rayon round neck womens top - blue,"Size:Large,Medium,Small","Rs
1399",839,40% off,Westernwear-Women
5338,Only,Skinny fit regular viscose womens jeans - black,"Size:Large,Medium,Small,X-Large,X-Small","Rs
1999",1599,20% off,Westernwear-Women
5339,And,Self pattern cotton  women's casual wear pants - ice blue,"Size:28,30,32,34,36","Rs
2499",1999,20% off,Westernwear-Women
5340,Life,Jacquard regular neck cotton womens sweatshirt - mustard,"Size:Large,Medium,Small,X-Large,X-Small","Rs
1699",849,50% off,Westernwear-Women
5341,Spykar,Printed cotton round neck womens t-shirt - pink,"Size:Large,Medium,Small,X-Large","Rs
1199",839,30% off,Westernwear-Women
5342,Vero moda,Clean look cotton skinny fit womens jeans - green,"Size:26,27,28,29,30,31,32,33,34","Rs
3999",3199,20% off,Westernwear-Women
5343,Dolce crudo,Womens regular fit walk with pride denim jeans black - black,"Size:26,28,30,32,34","Rs
2399",1199,50% off,Westernwear-Women
5344,Stop,Textured round neck acrylic womens sweater - grey,"Size:Large,Medium,Small,X-Large,XX-Large","Rs
1999",999,50% off,Westernwear-Women
5345,Latin quarters,Dyed round neck polyester womens regular dress - black,"Size:S,M,L,XL,XX-Large","Rs
2999",1499,50% off,Westernwear-Women
5346,Life,Printed round neck cotton womens silhouette top - dark brown,"Size:Large,Medium,Small,X-Small","Rs
599",299,50% off,Westernwear-Women
5347,Life,Solid cotton round neck womens regular t-shirt - turquoise,"Size:Large,Medium,Small,X-Large,X-Small,XX-Large","Rs
399",199,50% off,Westernwear-Women
5348,Vero moda,Solid lyocell relaxed fit womens pants - light blue,"Size:Large,Medium,Small,X-Large,X-Small","Rs
2999",2399,20% off,Westernwear-Women
5349,Levis,Solid cotton collar neck womens casual shirt - white,"Size:Large,Medium,Small,X-Small",Nan,2499,No Discount,Westernwear-Women
5350,Madame,Solid cotton blend womens top - pink,"Size:Large,X-Large","Rs
1599",1119,30% off,Westernwear-Women
5351,Cover story,Solid others viscose spandex womens regular top - pink,"Size:Medium,Small,X-Small","Rs
1890",1134,40% off,Westernwear-Women
5352,Faballey,Floral round neck crepe womens flared dress - green,"Size:Large,X-Large","Rs
1900",950,50% off,Westernwear-Women
5353,Lovegen,Skinny fit ankle length cotton stretch womens jeans - black,Size:X-Large,"Rs
999",699,30% off,Westernwear-Women
5354,Fratini,Printed rayon collar neck womens casual shirt - black,"Size:Medium,Small","Rs
999",499,50% off,Westernwear-Women
5355,Spykar,Regular fit regular cotton lycra womens jeans - mid blue,"Size:26,28,30,32,34,36","Rs
2499",1749,30% off,Westernwear-Women
5356,Dolce crudo,Womens regular fit just the right madness denim joggers - light blue,"Size:26,28,30,32","Rs
2349",939,60% off,Westernwear-Women
5357,Campus sutra,Solid off shoulder crepe womens dresses - royal blue,"Size:Large,Medium,Small,X-Large",Nan,1999,No Discount,Westernwear-Women
5358,Stop,Regular fit full length acrylic womens leggings - maroon,"Size:Large,Medium,Small,X-Large,XX-Large","Rs
999",499,50% off,Westernwear-Women
5359,Puma,Polyester mid rise tight fit womens athleisure tights - black,"Size:Large,Medium,Small,X-Large,X-Small","Rs
3999",2799,30% off,Westernwear-Women
5360,Allen solly,Solid cotton womens casual t-shirt - green,"Size:Large,Medium,Small,X-Large,X-Small,XX-Large","Rs
1299",779,40% off,Westernwear-Women
5361,Levis,Graphic cotton regular womens t-shirt - yellow,"Size:Large,Medium,Small,X-Small",Nan,1199,No Discount,Westernwear-Women
5362,Zink london,Printed polyester off shoulder womens top - yellow,"Size:Large,Medium,Small,X-Large,X-Small,XX-Large","Rs
1699",849,50% off,Westernwear-Women
5363,Crimsoune club,Womens slim fit printed shirt - yellow,"Size:Large,Medium,X-Large","Rs
1399",979,30% off,Westernwear-Women
5364,Crimsoune club,Womens slim fit printed shirt - black,"Size:Large,Medium","Rs
1499",1049,30% off,Westernwear-Women
5365,Global desi,Solid viscose rayon shirt collar womens straight tunic - black,"Size:XL,Large,Medium,Small,X-Small,XX-Large","Rs
1999",1199,40% off,Westernwear-Women
5366,And,Floral round neck polyester womens jacket - cream,"Size:8,10,12,14,16,18","Rs
4199",2099,50% off,Westernwear-Women
5367,Life,Printed jersey round neck womens regular fit top - black,"Size:Medium,Small,X-Small","Rs
499",249,50% off,Westernwear-Women
5368,Sera,Printed round neck cotton womens fit and flare dress - navy,"Size:Small,X-Large","Rs
1894",947,50% off,Westernwear-Women
5369,Zink london,Floral cotton v neck womens dress - yellow,"Size:Large,Medium","Rs
2599",1299,50% off,Westernwear-Women
5370,Zink london,Printed rayon square neck womens dress - yellow,"Size:Large,Medium,Small,X-Large","Rs
2399",1439,40% off,Westernwear-Women
5371,Zink london,Printed polyester mandarin neck womens straight fit top - green,"Size:Small,X-Small","Rs
1699",679,60% off,Westernwear-Women
5372,Adidas,Solid crew neck polyester womens t-shirt - purple,"Size:Large,Medium,Small,X-Small","Rs
2299",1609,30% off,Westernwear-Women
5373,Latin quarters,Solid collar neck cotton womens jacket - navy,"Size:S,M,L,XL","Rs
3299",2309,30% off,Westernwear-Women
5374,Latin quarters,Dyed round neck nylon womens regular knit top - blue,"Size:S,M,L,XL","Rs
1599",1119,30% off,Westernwear-Women
5375,Zink london,Floral viscose square neck womens dress - off white,"Size:Large,Medium,Small,X-Large","Rs
2699",1619,40% off,Westernwear-Women
5376,Zink london,Solid polyester v neck womens dress - purple,"Size:Medium,Small,X-Large","Rs
2599",1559,40% off,Westernwear-Women
5377,Dolce crudo,Womens repeat the goodpart denim jacket - navy,"Size:Large,Small,X-Large,X-Small","Rs
4199",1469,65% off,Westernwear-Women
5378,Zink london,Stripes round neck cotton womens midi dress - multi,"Size:Large,Medium,Small,X-Small,XX-Large","Rs
2299",1379,40% off,Westernwear-Women
5379,Allen solly,Solid polyester v-neck womens top - green,"Size:Large,Medium,X-Large",Nan,1399,No Discount,Westernwear-Women
5380,Madame,Womens polka print high neck top - off white,"Size:Large,Small","Rs
1799",899,50% off,Westernwear-Women
5381,Miss chase,Striped sleeveless premium crepe womens regular length jumpsuits - navy,"Size:Large,Small,X-Large",Nan,2399,No Discount,Westernwear-Women
5382,Madame,Mid wash denim regular fit womens jeans - navy,"Size:Large,Medium,X-Large,XX-Large",Nan,1899,No Discount,Westernwear-Women
5383,Lovegen,Womens 4 pocket check skirt - checks,"Size:Large,X-Small","Rs
1699",509,70% off,Westernwear-Women
5384,Allen solly,Solid polyester womens casual jacket - multi,Size:X-Large,"Rs
5999",3599,40% off,Westernwear-Women
5385,And,Womens a line fit key hole neck stripe embroidered midi dress - blue,Size:8,"Rs
2799",1399,50% off,Westernwear-Women
5386,And,Floral polyester v-neck womens asymmetric top - pink,"Size:8,12,16","Rs
1999",999,50% off,Westernwear-Women
5387,And,Floral v- neck polyester women flared dress - blue mix light,Size:8,"Rs
3499",2449,30% off,Westernwear-Women
5388,Latin quarters,Dyed round neck cotton womens regular dress - pink,Size:S,"Rs
2499",1249,50% off,Westernwear-Women
5389,Allen solly,Solid polyester v-neck womens top - off white,Size:X-Small,Nan,1599,No Discount,Westernwear-Women
5390,Enamor,Cotton blend womens active wear track pants - dark brown,"Size:XL,Large,Medium,Small,XX-Large","Rs
1699",1189,30% off,Westernwear-Women
5391,Zink london,Printed rayon womens regular top - navy,"Size:Large,X-Large","Rs
1399",559,60% off,Westernwear-Women
5392,Madame,Womens floral round neck top - blush,"Size:Medium,X-Large","Rs
2399",1199,50% off,Westernwear-Women
5393,Varanga,Womens black and golden quirky block printed crop-top with short ruffle sleeves - black,"Size:Large,X-Large","Rs
1399",559,60% off,Westernwear-Women
5394,Vero moda,Solid collared cotton womens  dresses - green,"Size:Large,Medium,Small,X-Large,X-Small","Rs
3799",3039,20% off,Westernwear-Women
5395,Levis,Womens 5 pocket coated jeans - multi,"Size:26,27,28,30,32",Nan,2799,No Discount,Westernwear-Women
5396,Magre,Solid regular fit poly blend womens jeggings - brown,"Size:Medium,Small,X-Small","Rs
2490",1369,45% off,Westernwear-Women
5397,Zink london,Checks round neck cotton womens midi dress - green,"Size:Large,Medium,Small,X-Large","Rs
2599",2079,20% off,Westernwear-Women
5398,Van heusen,Solid cotton scoop neck womens top - navy,"Size:Large,Medium,Small,X-Large,X-Small",Nan,1999,No Discount,Westernwear-Women
5399,Cover story,Womens skinny fit solid leggings - black,"Size:26,28,30,32",Nan,1490,No Discount,Westernwear-Women
5400,Crimsoune club,Printed cotton blend round neck womens t-shirt - white,"Size:Large,Medium,X-Large,XX-Large","Rs
1049",944,10% off,Westernwear-Women
5401,Samshek,Solid regular fit polyester womens party wear pants - black,"Size:4X-Large,5X-Large,Large,Medium,Small,X-Large,X-Small,XX-Large,XXX-Large","Rs
1999",1399,30% off,Westernwear-Women
5402,Levis,Solid cowl neck cotton women casual jackets - grey,"Size:Large,Medium,Small,X-Small",Nan,4599,No Discount,Westernwear-Women
5403,Crimsoune club,Womens blue solid denim - blue,"Size:28,32,34,36","Rs
2199",1099,50% off,Westernwear-Women
5404,Gipsy,Womens round neck floral print top - mustard,"Size:Large,Medium,Small,X-Large,XX-Large","Rs
1695",847,50% off,Westernwear-Women
5405,Faballey,Textured polyester square neck womens dress - orange,"Size:Large,Medium,Small,X-Large,X-Small","Rs
2100",1680,20% off,Westernwear-Women
5406,Jealous 21,Skinny fit ankle length denim womens jeans - light blue,"Size:26,28,30,32,34",Nan,2199,No Discount,Westernwear-Women
5407,Samshek,Solid mandarin crepe womens regular dress - black,"Size:4X-Large,5X-Large,Large,Medium,Small,X-Large,X-Small,XX-Large,XXX-Large","Rs
2490",1743,30% off,Westernwear-Women
5408,Vero moda,Textured high neck cotton womens  dresses - black,"Size:Large,Medium,Small,X-Large,X-Small","Rs
3499",2449,30% off,Westernwear-Women
5409,Kraus,Embroidered polyester round neck womens top - green mix,"Size:Large,Medium,Small,X-Small","Rs
1299",909,30% off,Westernwear-Women
5410,Jealous 21,Super skinny fit ankle length denim womens jeans - grey,"Size:26,28,30,32,34,36",Nan,2299,No Discount,Westernwear-Women
5411,Van heusen,Solid modal slim fit womens pants - red,"Size:26,28,30,32,34",Nan,1999,No Discount,Westernwear-Women
5412,Allen solly,Solid cotton round neck womens top - green,"Size:Large,Medium,Small,X-Large,X-Small,XX-Large","Rs
1999",1199,40% off,Westernwear-Women
5413,Van heusen,Womens collared slub shirt - navy,"Size:X-Small,XX-Large",Nan,1499,No Discount,Westernwear-Women
5414,Zink london,Stripes cotton regular womens casual shorts - multi,"Size:Large,Medium,Small,X-Large","Rs
1799",1079,40% off,Westernwear-Women
5415,Fratini,Printed viscose round neck womens regular top - white,"Size:Large,Medium,Small,X-Large,XX-Large","Rs
999",499,50% off,Westernwear-Women
5416,Spykar,Stripes viscose spread collar womens casual wear shirt - yellow,"Size:Large,Medium,Small,X-Large","Rs
1899",1329,30% off,Westernwear-Women
5417,Puma,Printed cotton collar neck womens t-shirt - black,"Size:Large,Medium,Small,X-Large","Rs
1999",1399,30% off,Westernwear-Women
5418,Cover story,Solid cotton regular fit womens casual trousers - mint,"Size:26,28,30,32,34",Nan,1990,No Discount,Westernwear-Women
5419,Faballey,Printed square neck georgette womens regular dress - red,"Size:Large,Small,X-Small","Rs
2100",1050,50% off,Westernwear-Women
5420,Iti,Womens teal cowrie jacket - green,"Size:Large,Medium,Small,X-Small",Nan,1899,No Discount,Westernwear-Women
5421,Proline,Cotton round neck womens t-shirt - pink,"Size:Large,Medium,Small,X-Large","Rs
999",499,50% off,Westernwear-Women
5422,Zink london,Stripes cotton womens shift dress - black,"Size:Large,Medium,Small,X-Large","Rs
2499",999,60% off,Westernwear-Women
5423,Faballey,Printed crepe round neck womens straight fit top - pink,"Size:Small,X-Large,X-Small","Rs
1200",600,50% off,Westernwear-Women
5424,Jealous 21,Skinny fit ankle length denim womens jeans - light blue,"Size:26,28,30,32,34,36",Nan,2099,No Discount,Westernwear-Women
5425,Vero moda,Cotton bootcut fit womens jeans - black,"Size:26,27,28,29,30,31,32,33,34","Rs
3799",3039,20% off,Westernwear-Women
5426,Vero moda,Cotton straight fit womens jeans - blue,"Size:26,27,28,29,30,31,32,33,34","Rs
3999",2799,30% off,Westernwear-Women
5427,Sera,Floral sweetheart neck rayon blend womens regular dress - purple,"Size:Large,Medium,X-Large","Rs
2998",1349,55% off,Westernwear-Women
5428,Latin quarters,Printed viscose blend womens regular dress - natural,"Size:S,M,L,XL","Rs
2699",1889,30% off,Westernwear-Women
5429,And,Solid cotton round neck womens dress - white,"Size:8,10,12,14,16,18",Nan,2699,No Discount,Westernwear-Women
5430,Only,Viscose mandarin womens regular top - green,"Size:34,36,38,40,42","Rs
2299",1839,20% off,Westernwear-Women
5431,Life,Skinny fit ankle length cotton lycra womens jeans - blue,"Size:26,28,30,32,34,36","Rs
1499",749,50% off,Westernwear-Women
5432,Faballey,Solid georgette collar neck womens dress - pink,"Size:Large,Medium,Small,X-Large,X-Small","Rs
1950",1560,20% off,Westernwear-Women
5433,Life,Regular fit mid thigh cotton lycra womens casual shorts - indigo,"Size:26,28,30,32,34","Rs
999",499,50% off,Westernwear-Women
5434,Enamor,Cotton blend fleece womens active wear track pants - print,"Size:XL,Large,Medium,Small,XX-Large","Rs
1599",1119,30% off,Westernwear-Women
5435,Insense,Half sleeves night wear womens t-shirt - olive,"Size:Small,X-Small","Rs
399",199,50% off,Westernwear-Women
5436,Allen solly,Solid viscose regular fit womens jumpsuit - charcoal,"Size:Large,Medium,Small,X-Small","Rs
3299",2639,20% off,Westernwear-Women
5437,Vero moda,Cotton straight fit womens jeans - blue,"Size:26,27,28,29,30,31,32,33,34","Rs
4499",2699,40% off,Westernwear-Women
5438,Faballey,Textured crepe halter neck womens regular dress - blue,"Size:Large,Medium,Small,X-Large,X-Small","Rs
1950",1560,20% off,Westernwear-Women
5439,Fratini,Solid regular neck viscose blend womens cardigan - ivory,"Size:Large,Medium,Small,X-Large,X-Small,XX-Large","Rs
1699",849,50% off,Westernwear-Women
5440,Life,Printed cotton round neck womens active wear t-shirt - navy,"Size:Large,Medium,Small,X-Large,X-Small,XX-Large","Rs
499",249,50% off,Westernwear-Women
5441,Levis,Skinny fit regular cotton womens jeans - dk indigo,"Size:28,30,32,34",Nan,3699,No Discount,Westernwear-Women
5442,Samshek,Regular fit knee length georgette womens party wear skirt - black,"Size:4X-Large,5X-Large,Large,Medium,Small,X-Large,X-Small,XX-Large,XX-Small,XXX-Large","Rs
2890",2023,30% off,Westernwear-Women
5443,Dolce crudo,Womens skinny fit the great night mid rise jeans - white,"Size:26,28,30,32,34","Rs
2549",1019,60% off,Westernwear-Women
5444,Dolce crudo,Bootcut crop denim womens jeans - light blue,"Size:26,28,30,32,34","Rs
4149",1244,70% off,Westernwear-Women
5445,Is.u,Solid cotton blend round neck womens top - blue,"Size:Large,Medium,Small,X-Small","Rs
1999",999,50% off,Westernwear-Women
5446,Dolce crudo,Womens made in heaven denim joggers - light blue,"Size:26,28,30,32,34","Rs
2549",1274,50% off,Westernwear-Women
5447,Spykar,Regular fit regular cotton lycra womens jeans - light blue,"Size:26,28,30,32,34,36","Rs
2399",1679,30% off,Westernwear-Women
5448,Fratini,Embroidered cotton blend round neck womens t-shirt - yellow,"Size:Large,Medium,Small,X-Large,XX-Large",Nan,999,No Discount,Westernwear-Women
5449,Vero moda,Regular fit polyester blend womens jeans - blue,"Size:25,26,27,28,29,30,31,32,33,34","Rs
3299",2639,20% off,Westernwear-Women
5450,Faballey,Printed georgette womens regular top - yellow,"Size:Medium,Small,X-Small","Rs
1400",700,50% off,Westernwear-Women
5451,Is.u,Womens black high rise skinny jeans - black,"Size:26,28,30,32,36","Rs
2490",871,65% off,Westernwear-Women
5452,And,Womens notched neck striped asymmetrical dress - yellow,Size:8,"Rs
2999",1499,50% off,Westernwear-Women
5453,Allen solly,Solid cotton regular fit womens casual pants - red,"Size:26,28,30,32,34,36","Rs
1599",959,40% off,Westernwear-Women
5454,Altlife,Printed cotton stretch regular neck womens sweatshirt - lilac,"Size:Large,Medium,Small,X-Large,X-Small","Rs
1299",649,50% off,Westernwear-Women
5455,Magre,Solid velvet v neck womens dress - blue,"Size:Large,Medium,Small,X-Small","Rs
1990",1094,45% off,Westernwear-Women
5456,Zink london,Printed polyester round neck womens casual wear dresses - navy,"Size:Large,Medium,Small,X-Large,X-Small","Rs
2299",919,60% off,Westernwear-Women
5457,Vero moda,Skinny fit regular cotton womens jeggings - dark blue,"Size:26,27,28,29,30,31,32,33,34","Rs
1999",1599,20% off,Westernwear-Women
5458,Latin quarters,Solid polyester womens regular blouse - ivory,"Size:S,M,L,XL,X-Small,XX-Large","Rs
1699",1189,30% off,Westernwear-Women
5459,Vero moda,Solid cotton round neck womens top - yellow,"Size:Large,Medium,Small,X-Large","Rs
2499",1999,20% off,Westernwear-Women
5460,Altlife,Printed cotton regular neck womens t-shirt - blush,"Size:Large,Medium,Small,X-Large,X-Small,XX-Large","Rs
499",249,50% off,Westernwear-Women
5461,Zink london,Acrylic women sweaters - peach,"Size:Large,Medium,Small,X-Large","Rs
2799",1119,60% off,Westernwear-Women
5462,Latin quarters,Dyed round neck cotton womens regular dress - blue,"Size:S,M","Rs
2499",1749,30% off,Westernwear-Women
5463,Crimsoune club,Solid slim cotton womens casual wear pants - natural,"Size:26,34,36","Rs
1499",1049,30% off,Westernwear-Women
5464,And,Solid shirt collar womens a-line top - lilac,"Size:8,10","Rs
1699",849,50% off,Westernwear-Women
5465,Latin quarters,Dyed rayon round neck womens blouson blouse - pink,"Size:S,M,L","Rs
1299",649,50% off,Westernwear-Women
5466,Zink london,Womens mandarin collar printed top - blue,Size:X-Small,"Rs
1599",499,69% off,Westernwear-Women
5467,And,Womens regular fit solid dress - natural,Size:8,"Rs
3499",1749,50% off,Westernwear-Women
5468,Fratini,Solid skinny fit nr roma womens casual pants - navy,"Size:26,28,30,32,34,36","Rs
999",499,50% off,Westernwear-Women
5469,And,Self design round neck nylon womens party dress - black,"Size:8,10,18","Rs
3799",2659,30% off,Westernwear-Women
5470,Zink london,Stripes polyester square neck women's dress - red,Size:Large,"Rs
2499",699,72% off,Westernwear-Women
5471,Faballey,Floral georgette square neck womens midi dress - brown,Size:Small,"Rs
2200",1100,50% off,Westernwear-Women
5472,Kraus,Skinny fit full length cotton blend womens jeans - dark blue,"Size:28,30","Rs
1895",947,50% off,Westernwear-Women
5473,And,Striped shirt collar womens woven top - black mix,"Size:8,10,14","Rs
1999",999,50% off,Westernwear-Women
5474,Crimsoune club,Womens pink striped dress - pink,"Size:Large,X-Large,XX-Large","Rs
1999",999,50% off,Westernwear-Women
5475,Latin quarters,Dyed round neck cotton womens regular dress - blue,"Size:S,M,XL","Rs
2499",1249,50% off,Westernwear-Women
5476,Crimsoune club,Solid round neck poly cotton womens sweatshirt - red,"Size:Small,X-Large,XX-Large","Rs
1399",699,50% off,Westernwear-Women
5477,Faballey,Regular fit regular polyester blend womens jeggings - black,Size:Small,"Rs
2100",1050,50% off,Westernwear-Women
5478,Zink london,Printed polyester womens shift dress - navy,"Size:Large,Medium","Rs
2299",919,60% off,Westernwear-Women
5479,Zink london,Solid open front acrylic womens casual shrug - orange,"Size:Medium,X-Large","Rs
2499",999,60% off,Westernwear-Women
5480,Zink london,Checks cotton v-neck womens straight fit top - blue,"Size:Large,X-Large","Rs
1499",499,67% off,Westernwear-Women
5481,Cover story,Solid regular fit cotton rayon linen womens casual trousers - olive,Size:26,"Rs
2490",690,72% off,Westernwear-Women
5482,Zink london,Acrylic women sweaters - sea green,Size:X-Large,"Rs
2499",999,60% off,Westernwear-Women
5483,Life,Regular fit ankle length cotton lycra womens athleisure tracks - black,"Size:28,30,32,34,36","Rs
999",499,50% off,Westernwear-Women
5484,Faballey,Solid square neck polyester blend womens straight fit midi dress - green,"Size:Large,Medium,X-Large","Rs
1900",950,50% off,Westernwear-Women
5485,Faballey,Embellished crepe womens regular top - green,"Size:Large,Small,X-Large","Rs
1500",750,50% off,Westernwear-Women
5486,Zink london,Solid viscose blend square neck womens top - pink,"Size:Large,Medium,Small,X-Large,X-Small,XX-Large","Rs
1699",1019,40% off,Westernwear-Women
5487,Forever new,Regular regular cotton womens jeans - blue,"Size:8,10",Nan,5000,No Discount,Westernwear-Women
5488,And,Solid round neck polyester womens shift dress - blue,"Size:8,10,12,14,16,18","Rs
2499",1249,50% off,Westernwear-Women
5489,Fratini,Solid regular neck acrylic blend womens pullover - off white,"Size:Large,Medium,X-Large,XX-Large","Rs
1499",749,50% off,Westernwear-Women
5490,Magre,Solid polyester blend regular fit womens casual pants - black,Size:Small,"Rs
2290",1374,40% off,Westernwear-Women
5491,Vero moda,Stripes viscose collared womens  shirts - white,"Size:Large,Medium,Small,X-Large,X-Small","Rs
2499",1999,20% off,Westernwear-Women
5492,Only,Printed cotton round neck womens sweatshirt - green,"Size:Large,Medium,Small,X-Large,X-Small","Rs
2499",1749,30% off,Westernwear-Women
5493,Life,Solid viscose round neck womens regular fit top - red,"Size:Large,Medium,Small,X-Large,X-Small","Rs
1299",649,50% off,Westernwear-Women
5494,Zink london,Floral cotton collar neck womens top - blue,"Size:Large,Medium,Small,X-Large,X-Small,XX-Large","Rs
1599",959,40% off,Westernwear-Women
5495,Zink london,Printed cotton womens shift dress - green,"Size:Large,Medium","Rs
2399",959,60% off,Westernwear-Women
5496,Insense,Half sleeves night wear womens t-shirt - navy,"Size:Small,X-Small","Rs
399",199,50% off,Westernwear-Women
5497,And,Self design cotton womens calf length dress - pink,Size:10,"Rs
2399",1199,50% off,Westernwear-Women
5498,Crimsoune club,Regular knee length leather womens casual wear skirt - natural,"Size:Large,Medium,Small,X-Large,XX-Large","Rs
2299",2069,10% off,Westernwear-Women
5499,Faballey,Printed v neck georgette womens regular dresses - blue,"Size:Medium,Small,X-Small","Rs
2100",1050,50% off,Westernwear-Women
5500,Rare,Solid polyester mandarin womens jacket - maroon,"Size:Large,Medium,Small","Rs
4599",1839,60% off,Westernwear-Women
5501,Jealous 21,Stripes round neck cotton womens regular top - white,"Size:Large,Medium,Small,X-Large",Nan,999,No Discount,Westernwear-Women
5502,Life,Printed cotton blend hood womens sweatshirt - purple,"Size:Large,Medium,Small,X-Large,X-Small","Rs
1299",649,50% off,Westernwear-Women
5503,Van heusen,Cotton polyester fleece regular fit womens t-shirt - blush,"Size:Large,Medium,Small,X-Large",Nan,999,No Discount,Westernwear-Women
5504,Vero moda,Solid polyester v neck womens  tops - white,"Size:Large,Medium,Small,X-Large,X-Small",Nan,3299,No Discount,Westernwear-Women
5505,Faballey,Stripes sleeveless viscose womens ankle length jumpsuit - red,"Size:Large,Medium,Small,X-Large,X-Small","Rs
2200",1100,50% off,Westernwear-Women
5506,Is.u,Floral cotton v-neck womens regular fit top - brown,"Size:Large,Medium,Small,X-Small","Rs
2190",1095,50% off,Westernwear-Women
5507,Lovegen,Skinny fit ankle length cotton nylon womens jeans - grey,Size:26,"Rs
1599",639,60% off,Westernwear-Women
5508,109f,Womens ruffled collar self printed top - natural,"Size:Large,Medium,Small,X-Large,XX-Large","Rs
1499",599,60% off,Westernwear-Women
5509,Vero moda,Stripes cotton off shoulder womens t-shirt - white,"Size:Large,Medium,Small,X-Large,X-Small","Rs
1799",1439,20% off,Westernwear-Women
5510,Jealous 21,Solid denim skinny womens casual wear capris - black,"Size:26,28,30,32",Nan,1699,No Discount,Westernwear-Women
5511,And,Womens linen shirt collar dresses - navy,Size:8,"Rs
2999",1499,50% off,Westernwear-Women
5512,Gipsy,Womens v neck sequined flared dress - pink,"Size:Large,Medium,Small","Rs
3495",2446,30% off,Westernwear-Women
5513,Crimsoune club,Blue checked jumpsuit - navy,Size:XX-Large,"Rs
1999",799,60% off,Westernwear-Women
5514,Faballey,Embellished round neck crepe womens mini dress - green,"Size:Large,Medium,Small,X-Large,X-Small","Rs
2200",1760,20% off,Westernwear-Women
5515,Global desi,Embroidered polyester collar neck womens casual jacket - grey,"Size:XL,Large,Medium,Small,X-Small","Rs
4499",2249,50% off,Westernwear-Women
5516,Dolce crudo,Womens regular fit try something denim jeans blue - blue,"Size:26,28,30,32,34","Rs
2399",959,60% off,Westernwear-Women
5517,Allen solly,Textured cotton regular fit womens blazer - maroon,"Size:Large,Medium,Small,X-Large,X-Small,XX-Large","Rs
3799",3039,20% off,Westernwear-Women
5518,And,Floral polyester square neck womens regular fit top - multi,Size:16,"Rs
1799",899,50% off,Westernwear-Women
5519,Faballey,Floral georgette square neck womens maxi dress - white,"Size:Small,X-Small","Rs
2600",1300,50% off,Westernwear-Women
5520,Faballey,Printed cotton square neck womens mini dress - purple,"Size:Large,Medium,Small,X-Large,X-Small","Rs
2200",1760,20% off,Westernwear-Women
5521,Spykar,Printed cotton round neck womens t-shirt - pink,"Size:Large,Medium,Small,X-Large","Rs
1099",769,30% off,Westernwear-Women
5522,Fratini,Printed polyester v neck womens regular top - off white,"Size:Large,Medium,Small,X-Large,XX-Large","Rs
1199",599,50% off,Westernwear-Women
5523,Jealous 21,Skinny fit ankle length denim womens jeans - grey,"Size:26,28,30,32,34,36",Nan,2199,No Discount,Westernwear-Women
5524,Stop,Womens regular fit solid formal culottes - black,"Size:26,28,30,32,36",Nan,1299,No Discount,Westernwear-Women
5525,Emblaze,Womens black dress with fur detail - black,"Size:Large,Medium,Small,X-Large,X-Small,XX-Large",Nan,2400,No Discount,Westernwear-Women
5526,Jealous 21,Solid denim skinny womens casual wear capris - indigo,"Size:26,28,30,32",Nan,2499,No Discount,Westernwear-Women
5527,Iti,Womens colourblock pleated maxi - red,"Size:Large,Medium,Small",Nan,2499,No Discount,Westernwear-Women
5528,Fratini,Solid viscose blend round neck womens t-shirt - navy,"Size:Large,Medium,Small,X-Large,XX-Large",Nan,699,No Discount,Westernwear-Women
5529,Infuse,Solid cotton blend square neck womens regular fit woven top - white,"Size:Large,Medium,Small,X-Small","Rs
899",359,60% off,Westernwear-Women
5530,Reebok,Solid polyester turtle neck womens t-shirt - black,"Size:Large,Medium,Small,X-Small","Rs
2799",1399,50% off,Westernwear-Women
5531,Zink london,Printed sweetheart neck polyester womens midi dress - white,"Size:Large,Medium,Small,X-Large,X-Small,XX-Large","Rs
2699",1619,40% off,Westernwear-Women
5532,And,Checked cotton boat neck womens top - coral,"Size:8,10,12,14,16,18","Rs
1899",949,50% off,Westernwear-Women
5533,Crimsoune club,Womens black solid joggers - black,"Size:Medium,X-Large,XX-Large","Rs
1599",1119,30% off,Westernwear-Women
5534,Faballey,Solid cotton womens casual wear shrugs - blue,"Size:Large,Medium,X-Large","Rs
2200",1100,50% off,Westernwear-Women
5535,Emblaze,Solid satin collar neck womens formal shirt - gold,"Size:Large,Medium,Small,X-Large,X-Small,XX-Large",Nan,2500,No Discount,Westernwear-Women
5536,Vero moda,Solid cotton collar neck womens dress - blue,"Size:Large,Medium,Small,X-Large,X-Small","Rs
3999",3199,20% off,Westernwear-Women
5537,Spykar,Printed cotton round neck womens t-shirt - white,"Size:Large,Medium,Small,X-Large","Rs
1099",769,30% off,Westernwear-Women
5538,Only,Regular knee length polyester womens casual skirt - black,"Size:Large,Medium,Small,X-Large,X-Small","Rs
2499",1749,30% off,Westernwear-Women
5539,Faballey,Polka dots round neck georgette womens regular dress - pink,"Size:Large,Medium,Small,X-Large,X-Small","Rs
2200",1760,20% off,Westernwear-Women
5540,Vero moda,Solid cotton v neck womens  shirts - blue,"Size:Large,Medium,Small,X-Large","Rs
2499",1749,30% off,Westernwear-Women
5541,Jealous 21,Super skinny fit ankle length denim womens jeans - dk indigo,"Size:26,28,30,32,34,36",Nan,2299,No Discount,Westernwear-Women
5542,Stop,Solid rayon blend tailored fit womens culottes - rust,"Size:28,30,32,34,36",Nan,1299,No Discount,Westernwear-Women
5543,Campus sutra,Solid crepe round neck womens dress - black,"Size:Large,Medium,Small,X-Large",Nan,1999,No Discount,Westernwear-Women
5544,Janasya,Cotton womens western dresses with pocket - white,"Size:Large,Medium,Small,X-Large,XX-Large,XXX-Large","Rs
2298",1263,45% off,Westernwear-Women
5545,Faballey,Embroidered cotton v neck womens tops - white,Size:Large,"Rs
1500",1200,20% off,Westernwear-Women
5546,Zink london,Printed round neck polyester womens shift dress - multi,Size:X-Small,"Rs
2799",1119,60% off,Westernwear-Women
5547,Zink london,Solid eco liva boat neck womens regular top - red,Size:X-Small,"Rs
1499",499,67% off,Westernwear-Women
5548,Sera,Printed tie up neck viscose womens fit and flare dress - black,Size:X-Large,"Rs
1594",797,50% off,Westernwear-Women
5549,Magre,Solid regular fit polyester blend womens casual pants - mid blue,"Size:Large,Medium,Small,X-Small","Rs
3490",1570,55% off,Westernwear-Women
5550,And,Striped square neck cotton womens crop length dress - black,"Size:8,10,12,14","Rs
2399",1199,50% off,Westernwear-Women
5551,Crimsoune club,Skinny crop length cotton blend womens jeans - blue,"Size:28,30,32,34","Rs
2199",1099,50% off,Westernwear-Women
5552,And,Self pattern cotton  women's casual wear pants - black,"Size:26,28,30,32,34,36","Rs
2299",1379,40% off,Westernwear-Women
5553,Latin quarters,Printed v-neck polyester womens regular fit dress - ivory,"Size:S,M,L,XL,XX-Large",Nan,2899,No Discount,Westernwear-Women
5554,Vero moda,Printed v-neck viscose womens top - white,"Size:Large,Medium,Small,X-Large,X-Small",Nan,1899,No Discount,Westernwear-Women
5555,Pepe,Statement cotton viscose jersey crew neck womens t-shirt - white,"Size:Large,Medium,Small,X-Large","Rs
1199",719,40% off,Westernwear-Women
5556,Latin quarters,Solid polyester boat neck womens regular dress - black,"Size:S,M,L","Rs
2499",1249,50% off,Westernwear-Women
5557,Stop,Solid nr roma skinny fit womens treggings - navy,"Size:26,28,30,32,34,36",Nan,1299,No Discount,Westernwear-Women
5558,Reebok,Solid slim fit cotton womens athleisure track pants - grey,"Size:Large,Medium,Small,X-Small","Rs
2999",1499,50% off,Westernwear-Women
5559,Life,Solid cotton round neck womens regular t-shirt - red,"Size:Large,Medium,Small,X-Large,X-Small,XX-Large","Rs
399",199,50% off,Westernwear-Women
5560,And,Floral v- neck polyester women flared gown - sage,Size:8,"Rs
3099",2169,30% off,Westernwear-Women
5561,And,Solid polyester round neck women a line top - sage,"Size:8,10","Rs
1899",1329,30% off,Westernwear-Women
5562,Varanga,Womens indigo blue and silver printed sleeveless crop top with asymmetrical hemline - blue,"Size:Large,X-Large","Rs
1299",519,60% off,Westernwear-Women
5563,Madame,Mid wash denim regular fit womens jeans - black,"Size:Large,Medium,X-Large,XX-Large",Nan,1899,No Discount,Westernwear-Women
5564,Rare,Printed polyester v-neck womens regular fit top - navy,"Size:Large,Medium,Small,X-Large","Rs
1499",599,60% off,Westernwear-Women
5565,And,Floral round neck polyester women shift dress - grey,"Size:8,10","Rs
3299",1649,50% off,Westernwear-Women
5566,Marie claire,Regular fit calf length georgette womens casual skirt - green,"Size:28,30","Rs
1799",899,50% off,Westernwear-Women
5567,Marie claire,Self design polyester square neck womens top - black,"Size:Large,Small,X-Large,X-Small","Rs
1499",674,55% off,Westernwear-Women
5568,Faballey,Solid half sleeves crepe womens regular length jumpsuit - blue,Size:X-Small,"Rs
2400",1200,50% off,Westernwear-Women
5569,Kraus,Womens regular fit polyester stripe t-shirt - navy,"Size:Small,X-Large","Rs
1049",524,50% off,Westernwear-Women
5570,Faballey,Printed georgette square neck womens straight fit top - pink,"Size:Large,Medium","Rs
1650",825,50% off,Westernwear-Women
5571,Faballey,Floral halter neck georgette womens a-line dress - blue,"Size:Large,X-Large","Rs
2500",1250,50% off,Westernwear-Women
5572,And,Womens viscose rayon round neck striped dresses - black,"Size:20,22",Nan,2999,No Discount,Westernwear-Women
5573,Sera,Floral sleeveless cotton womens regular jumpsuits - black,Size:X-Large,"Rs
2998",1499,50% off,Westernwear-Women
5574,Global desi,Self design cotton tie-up neck womens straight top - pink,Size:Small,"Rs
2599",1689,35% off,Westernwear-Women
5575,Sera,Womens regular fit printed flared capris - blue,"Size:Medium,Small","Rs
1294",582,55% off,Westernwear-Women
5576,Zink london,Printed square neck polyester womens shift dress - black,"Size:Large,Medium,X-Large","Rs
2999",1199,60% off,Westernwear-Women
5577,And,Floral v-neck polyester womens casual dress - mint,Size:8,"Rs
3499",1749,50% off,Westernwear-Women
5578,Zink london,Stripes polyester boat neck womens casual wear dresses - black,Size:Large,"Rs
2399",959,60% off,Westernwear-Women
5579,109f,Womens round neck solid top - birch,Size:X-Small,"Rs
1199",479,60% off,Westernwear-Women
5580,Sera,Regular fit mini length cotton womens casual skirt - pink,Size:X-Large,"Rs
1294",517,60% off,Westernwear-Women
5581,Iti,Solid crepe collar neck womens casual jacket - olive,Size:Medium,Nan,2899,No Discount,Westernwear-Women
5582,And,Solid polyester collar neck womens straight top - lilac,"Size:8,10,12,14,16,18","Rs
1099",879,20% off,Westernwear-Women
5583,Zink london,Womens regular fit solid round neck cropped t-shirt - orange,Size:Large,"Rs
1199",399,67% off,Westernwear-Women
5584,Marie claire,Regular fit calf length crepe womens casual skirt - maroon,"Size:28,32","Rs
1799",899,50% off,Westernwear-Women
5585,Varanga,Womens charcoal crop top with quirky bird print on front panel and full length placket at back - charcoal,"Size:Large,Medium,X-Large","Rs
1299",519,60% off,Westernwear-Women
5586,Zink london,Printed polyester round neck womens top - black,"Size:Large,Medium,Small,X-Large","Rs
1399",839,40% off,Westernwear-Women
5587,Faballey,Solid georgette sweetheart neck womens top - pink,"Size:Large,Medium,Small,X-Large,X-Small","Rs
1400",1120,20% off,Westernwear-Women
5588,Magre,Printed poly blend v neck womens top - brown,"Size:Large,Medium,Small,X-Small","Rs
1790",1163,35% off,Westernwear-Women
5589,Cover story,Solid cotton poly round neck womens sweatshirt - orange,"Size:Large,Medium,Small,X-Large","Rs
1790",1074,40% off,Westernwear-Women
5590,Kraus,Checks rayon round neck womens top - red,"Size:Large,Small,X-Large","Rs
1199",599,50% off,Westernwear-Women
5591,Vero moda,Solid cotton v neck womens  tops - pink,"Size:Large,Medium,Small,X-Large,X-Small","Rs
2599",1819,30% off,Westernwear-Women
5592,Crimsoune club,Womens navy blue striped top - navy,"Size:Large,Medium,Small,X-Large,XX-Large,XXX-Large","Rs
1599",1119,30% off,Westernwear-Women
5593,And,Womens solid shirt collar fit and flare jacket - blue,Size:18,"Rs
2599",1299,50% off,Westernwear-Women
5594,Kraus,Printed cotton blend tie up neck� womens regular top - off white,"Size:Large,Medium,Small,X-Large","Rs
1299",1169,10% off,Westernwear-Women
5595,Vero moda,Solid relaxed polyester womens casual wear pants - green,"Size:Large,Medium,Small,X-Large,X-Small","Rs
2499",1749,30% off,Westernwear-Women
5596,Only,Solid acrylic v neck womens sweater - blue,"Size:Large,Medium,X-Small","Rs
2499",1249,50% off,Westernwear-Women
5597,Vero moda,Solid polyester straight fit womens pants - yellow,"Size:Large,Medium,Small,X-Large,X-Small","Rs
2999",2099,30% off,Westernwear-Women
5598,Levis,Solid cotton round neck womens t-shirt - yellow,"Size:Large,Medium,Small,X-Small",Nan,1899,No Discount,Westernwear-Women
5599,Zink london,Solid polyester regular fit womens pants - brown,"Size:Large,Medium,Small,X-Large","Rs
1899",999,47% off,Westernwear-Women
5600,Samshek,Printed sweetheart neck polyester womens bodycon dress - multi,"Size:4X-Large,5X-Large,Large,Medium,Small,X-Large,X-Small,XX-Large,XX-Small,XXX-Large","Rs
2290",1145,50% off,Westernwear-Women
5601,Faballey,Tropical crepe sweetheart neck womens dress - blue,"Size:Large,Medium,Small,X-Large,X-Small","Rs
1950",1560,20% off,Westernwear-Women
5602,Life,Printed cotton round neck womens regular fit top - grey melange,"Size:Large,Medium,Small,X-Large,X-Small","Rs
699",349,50% off,Westernwear-Women
5603,Enamor,Womens athleisure swing tank top - charcoal,"Size:XL,Large,Medium,Small","Rs
499",349,30% off,Westernwear-Women
5604,Adidas,Striped regular fit polyester womens track pants - black,"Size:Large,Medium,Small,X-Large,X-Small","Rs
3299",2309,30% off,Westernwear-Women
5605,Jealous 21,Solid cotton collar neck womens casual shirt - indigo,"Size:Large,Medium,Small,X-Large",Nan,1999,No Discount,Westernwear-Women
5606,Vero moda,Solid round neck cotton womens top - green,"Size:Large,Medium,Small,X-Large,X-Small","Rs
2299",1149,50% off,Westernwear-Women
5607,Faballey,Polka dots georgette sweetheart neck womens wrap top - pink,"Size:Large,Small,X-Large,X-Small","Rs
1500",750,50% off,Westernwear-Women
5608,Dolce crudo,Womens the mean girl patch denim joggers - blue,"Size:26,28,30,32,34","Rs
2349",1174,50% off,Westernwear-Women
5609,Vero moda,Solid polyester collared womens  shirts - green,"Size:Large,Medium,Small,X-Large,X-Small",Nan,2599,No Discount,Westernwear-Women
5610,Madame,Solid denim fabric womens regular dress - black,"Size:28,30,32,34","Rs
2899",2029,30% off,Westernwear-Women
5611,Is.u,Womens black short sleeve midi dress - black,"Size:Large,Medium,Small,X-Large,X-Small","Rs
2490",1245,50% off,Westernwear-Women
5612,Magre,Solid polyester blend regular fit womens casual pants - blue,"Size:Medium,Small,X-Small","Rs
2390",1434,40% off,Westernwear-Women
5613,Crimsoune club,Printed y neck lyocell womens jumpsuits - green,"Size:Large,Medium,Small,X-Large","Rs
1999",1199,40% off,Westernwear-Women
5614,Pepe,Colour block viscose collar neck womens t-shirt - pink,"Size:Large,Medium,Small,X-Large","Rs
2499",1499,40% off,Westernwear-Women
5615,Jealous 21,Super skinny fit ankle length denim womens jeans - blue,"Size:26,28,30,32,34",Nan,2099,No Discount,Westernwear-Women
5616,Zink london,Printed rayon regular fit womens trousers - black,"Size:Large,Medium,Small,X-Large","Rs
1799",719,60% off,Westernwear-Women
5617,Infuse,Floral rayon v neck womens strappy dress - light blue,"Size:Large,Medium,Small,X-Large,X-Small,XX-Large","Rs
1499",749,50% off,Westernwear-Women
5618,Gipsy,Solid linen square neck womens top - cream,"Size:Large,Medium,X-Large,XX-Large","Rs
1495",1196,20% off,Westernwear-Women
5619,Zink london,Striped sleeveless polyester womens full length jumpsuit - pink,"Size:Large,Medium,X-Large,XX-Large","Rs
2899",1159,60% off,Westernwear-Women
5620,Pepe,Skinny fit cotton blend womens jeans - denim,"Size:26,28,30,32,34","Rs
3499",2099,40% off,Westernwear-Women
5621,Pepe,Printed cotton crew neck womens t-shirt - white,"Size:Large,Medium,Small,X-Large","Rs
1499",899,40% off,Westernwear-Women
5622,Cover story,Solid rayon nylon spandex regular fit womens trousers - black,"Size:28,30,32,34",Nan,2290,No Discount,Westernwear-Women
5623,Gipsy,Self design polyester choker neck womens blouson top - cream,"Size:Large,XX-Large","Rs
1895",1326,30% off,Westernwear-Women
5624,And,Floral polyester v neck womens regular dress - blue,"Size:8,10,12,14,16,18","Rs
2699",2159,20% off,Westernwear-Women
5625,Jealous 21,Solid cotton collar neck womens casual jacket - indigo,"Size:Large,Medium,Small,X-Large",Nan,2299,No Discount,Westernwear-Women
5626,Samshek,Solid georgette collar neck womens party wear shirt - black,"Size:4X-Large,5X-Large,Large,Medium,Small,X-Large,X-Small,XX-Large,XX-Small,XXX-Large","Rs
1399",1259,10% off,Westernwear-Women
5627,Global desi,Solid round neck womens tunic - light blue,"Size:XL,Medium,Small,X-Small","Rs
2399",1199,50% off,Westernwear-Women
5628,Faballey,Checks georgette v neck womens regular top - black,"Size:Large,Medium,Small,X-Large","Rs
1500",750,50% off,Westernwear-Women
5629,Life,Womens tencel stripes culottes - black & white,"Size:26,28,30,32,34","Rs
1499",749,50% off,Westernwear-Women
5630,Faballey,Printed cotton womens regular top - pink,"Size:Large,Medium,Small,X-Large","Rs
1500",750,50% off,Westernwear-Women
5631,Madame,Solid choker neck polyester womens casual shirt - wine,"Size:Large,Medium,X-Large","Rs
1899",949,50% off,Westernwear-Women
5632,Puma,Polyester mid rise tight fit womens athleisure tights - purple,"Size:Large,Medium,Small,X-Large,X-Small","Rs
3999",2799,30% off,Westernwear-Women
5633,Vero moda,Solid polyester straight fit womens pants - purple,"Size:Large,Medium,Small,X-Large,X-Small","Rs
3799",2659,30% off,Westernwear-Women
5634,Zink london,Printed v neck polyester womens midi dress - white,"Size:Large,Medium,Small,X-Large,X-Small,XX-Large","Rs
2699",1619,40% off,Westernwear-Women
5635,Levis,Checks hood nylon womens casual jacket - ochre,"Size:Large,Medium,Small,X-Small",Nan,4599,No Discount,Westernwear-Women
5636,Faballey,Solid polyester blend round neck womens shift dress - black,"Size:Large,Medium,Small,X-Large,X-Small","Rs
2200",1100,50% off,Westernwear-Women
5637,Vero moda,Solid cotton collar neck womens shirt - blue,"Size:Large,Medium,Small,X-Large,X-Small","Rs
2799",2239,20% off,Westernwear-Women
5638,Latin quarters,Printed rayon v neck womens blouse - peach,"Size:S,M,L,XL,XX-Large","Rs
1450",725,50% off,Westernwear-Women
5639,Latin quarters,Solid polyester stretch v neck womens regular top - black,"Size:S,M,L,XL,X-Small",Nan,1599,No Discount,Westernwear-Women
5640,Zink london,Printed round neck polyester womens shift dress - blue,"Size:Large,Medium,Small,X-Large,X-Small","Rs
2499",999,60% off,Westernwear-Women
5641,Zink london,Womens boat neck solid top - yellow,"Size:Large,Medium,X-Large,XX-Large","Rs
1299",499,62% off,Westernwear-Women
5642,Madame,Womens solid collared top - coral,"Size:Large,Medium,Small,X-Large","Rs
1599",799,50% off,Westernwear-Women
5643,Rare,Solid v-neck polyester womens jumpsuit dress - maroon,"Size:Large,Medium,Small,X-Large","Rs
2099",944,55% off,Westernwear-Women
5644,Zink london,Acrylic women sweaters - salmon,"Size:Large,Medium,X-Large","Rs
2499",999,60% off,Westernwear-Women
5645,Rare,Printed polyester v-neck womens wrap top - blue,"Size:Large,Medium,Small,X-Large","Rs
1599",639,60% off,Westernwear-Women
5646,And,Womens mandarin collar floral top - blue,Size:8,"Rs
1999",999,50% off,Westernwear-Women
5647,And,Womens shirt type fit v neck stripe top - pink,Size:18,"Rs
1499",749,50% off,Westernwear-Women
5648,Faballey,Solid sleeveless viscose womens regular length jumpsuit - natural,Size:Large,"Rs
2100",1050,50% off,Westernwear-Women
5649,And,Floral v-neck womens shift dress - blue mix light,"Size:10,12,14,16","Rs
2499",1249,50% off,Westernwear-Women
5650,Zink london,Solid notched collar acrylic womens casual shrug - green,Size:X-Large,"Rs
2299",919,60% off,Westernwear-Women
5651,Is.u,Womens royal blue pleated midi skirt - royal blue,"Size:Small,X-Small,XX-Large","Rs
2490",1245,50% off,Westernwear-Women
5652,Zink london,Printed polyester peter pan collar women's dress - blue,"Size:Large,X-Small","Rs
2299",919,60% off,Westernwear-Women
5653,And,Women solid work sheath bottom - khaki,Size:26,"Rs
1999",999,50% off,Westernwear-Women
5654,Faballey,Embellished one shoulder polyester blend womens regular dress - blue,"Size:Medium,Small","Rs
2200",1100,50% off,Westernwear-Women
5655,Zink london,Womens off shoulder neck floral print top - yellow,Size:Large,"Rs
1499",499,67% off,Westernwear-Women
5656,Faballey,Solid halter neck georgette womens comfort fit gown - green,"Size:Medium,Small","Rs
2200",1100,50% off,Westernwear-Women
5657,And,Solid collar neck polyester women flared dress - red,"Size:8,16","Rs
3099",2169,30% off,Westernwear-Women
5658,Faballey,Solid square neck crepe womens a-line dress - pink,"Size:Large,X-Small","Rs
2100",1050,50% off,Westernwear-Women
5659,Sera,Womens regular fit printed v neck a-line jumpsuit - black,"Size:Small,X-Large","Rs
1694",847,50% off,Westernwear-Women
5660,And,Solid polyester square neck women a line tops - black,"Size:8,10,12,14,16,18","Rs
1199",839,30% off,Westernwear-Women
5661,Faballey,Floral georgette v neck womens wrap dress - blue,Size:Small,"Rs
2600",1300,50% off,Westernwear-Women
5662,Reebok,Solid cotton polo collar womens t-shirt - black,Size:X-Small,"Rs
1099",549,50% off,Westernwear-Women
5663,Faballey,Solid sleeveless georgette womens regular jumpsuits - green,"Size:Medium,X-Large","Rs
2200",1100,50% off,Westernwear-Women
5664,And,Solid round neck polyester womens fit & flare dress - sage,"Size:8,10,12,14","Rs
2199",1099,50% off,Westernwear-Women
5665,Zink london,Regular fit mid thigh polyester womens party shorts - black,"Size:Large,Medium","Rs
1499",599,60% off,Westernwear-Women
5666,Kraus,Solid acrylic turtle neck womens sweater - multi,Size:Small,"Rs
1699",849,50% off,Westernwear-Women
5667,Faballey,Floral georgette halter neck womens midi dress - blue,Size:Small,"Rs
2200",1100,50% off,Westernwear-Women
5668,Is.u,Printed polyester blend square neck womens bodycon blouse - red,"Size:Large,X-Large","Rs
990",495,50% off,Westernwear-Women
5669,And,Solid round neck polyester women shift dress - purple,"Size:8,10,12,14","Rs
2499",1249,50% off,Westernwear-Women
5670,Lovegen,Womens round neck printed t-shirt - black,Size:X-Large,"Rs
899",359,60% off,Westernwear-Women
5671,Vero moda,Solid polyester round neck womens top - blue,"Size:Large,Medium,Small,X-Large,X-Small","Rs
2999",2099,30% off,Westernwear-Women
5672,Vero moda,Solid round neck cotton womens top - blue,"Size:Large,Medium,Small,X-Large,X-Small","Rs
2299",1149,50% off,Westernwear-Women
5673,Zink london,Regular fit regular viscose womens casual skirt - pink,"Size:Large,Medium,Small,X-Large","Rs
1999",1199,40% off,Westernwear-Women
5674,Enamor,Cotton blend womens active wear track pants - shrimp,"Size:XL,Large,Medium,Small,XX-Large","Rs
1049",734,30% off,Westernwear-Women
5675,Stop,Womens textured cardigan for winter wear - black,"Size:Large,Medium,Small,XX-Large","Rs
1699",849,50% off,Westernwear-Women
5676,Gipsy,Floral round neck polyester womens front open dress - sage,Size:XX-Large,"Rs
3195",1597,50% off,Westernwear-Women
5677,Lovegen,Skinny fit ankle length cotton stretch womens jeans - wine,Size:X-Large,"Rs
1599",639,60% off,Westernwear-Women
5678,Faballey,Printed round neck crepe womens regular dress - red,"Size:Large,Medium,Small,X-Small","Rs
1850",925,50% off,Westernwear-Women
5679,Allen solly,Solid cotton round neck womens t-shirt - yellow,"Size:Large,Medium,Small,X-Small,XX-Large","Rs
1099",659,40% off,Westernwear-Women
5680,And,Solid viscose v neck womens straight top - lilac,"Size:6,8,10,12,14,16","Rs
1399",1119,20% off,Westernwear-Women
5681,Spykar,Checks viscose blend spread collar womens casual wear shirt - lilac,"Size:Large,Medium,Small,X-Large","Rs
1999",1399,30% off,Westernwear-Women
5682,Enamor,Cotton blend fleece womens active wear track pants - navy,"Size:XL,Large,Medium,Small,XX-Large","Rs
1599",1119,30% off,Westernwear-Women
5683,Samshek,Solid cotton collar neck womens party wear shirt - white,"Size:4X-Large,5X-Large,Large,Medium,Small,X-Large,X-Small,XX-Large,XX-Small,XXX-Large","Rs
1890",1701,10% off,Westernwear-Women
5684,Van heusen,Solid viscose asymmetric womens top - pink,Size:Medium,Nan,2099,No Discount,Westernwear-Women
5685,And,Solid cotton straight fit womens fusion trousers - black,"Size:26,28,30,32,34,36",Nan,2699,No Discount,Westernwear-Women
5686,Latin quarters,Printed viscose blend womens regular dress - white,"Size:S,M,L","Rs
2699",1889,30% off,Westernwear-Women
5687,Latin quarters,Solid viscose blend round neck womens regular t-shirt - ivory,"Size:M,L,XL","Rs
1599",799,50% off,Westernwear-Women
5688,Levis,Solid cotton regular womens t-shirt - grey,"Size:Large,Medium,Small,X-Small",Nan,1199,No Discount,Westernwear-Women
5689,Faballey,Polka dots georgette v neck womens tops - white,Size:Small,"Rs
1500",750,50% off,Westernwear-Women
5690,Only,Round neck nylon womens pullover - green,Size:Medium,"Rs
2999",1499,50% off,Westernwear-Women
5691,Only,Printed cotton round neck womens t-shirt - white,"Size:Large,Medium,Small,X-Large,X-Small","Rs
1299",909,30% off,Westernwear-Women
5692,Allen solly,Solid cotton round neck womens t-shirt - off white,"Size:Large,Medium,Small,X-Large,X-Small,XX-Large","Rs
1099",659,40% off,Westernwear-Women
5693,Crimsoune club,Printed lyocell y neck womens top - green,"Size:Large,Medium,X-Large,XX-Large","Rs
1299",1039,20% off,Westernwear-Women
5694,Lovegen,Embellished collared neck cotton womens casual jacket - light blue,"Size:Large,Medium,Small","Rs
2399",1199,50% off,Westernwear-Women
5695,Stop,Solid nr roma skinny fit womens treggings - grey,"Size:26,28,30,32,34,36",Nan,1299,No Discount,Westernwear-Women
5696,Fratini,Solid regular fit tencel womens casual pants - dusty pink,"Size:26,28,30,32,34,36","Rs
1199",599,50% off,Westernwear-Women
5697,Zink london,Solid cotton round neck womens tops - white,Size:Small,"Rs
1299",399,69% off,Westernwear-Women
5698,Puma,Printed polyester slim fit womens casual wear tights - wine,"Size:Large,Medium,Small,X-Large,X-Small","Rs
2999",2099,30% off,Westernwear-Women
5699,Zink london,Solid polyester collar neck womens top - white,"Size:Large,Medium,Small,X-Large,X-Small","Rs
1399",839,40% off,Westernwear-Women
5700,Vero moda,Clean look cotton straight fit womens jeans - purple,"Size:26,27,28,29,30,31,32,33,34","Rs
4299",3009,30% off,Westernwear-Women
5701,Magre,Floral polyester blend sweetheart neck womens dress - white,"Size:Large,Medium,Small","Rs
2690",1345,50% off,Westernwear-Women
5702,Zink london,Regular fit regular polyester blend womens casual skirt - green,"Size:Large,Medium,Small,X-Large","Rs
1799",1079,40% off,Westernwear-Women
5703,Sera,Floral off shoulder polyester womens regular dress - blue,"Size:Large,Medium,Small,X-Large","Rs
1998",999,50% off,Westernwear-Women
5704,Latin quarters,Solid v neck polyester womens dress - black,"Size:S,M,L,XL","Rs
2999",1499,50% off,Westernwear-Women
5705,Only,Solid cotton round neck womens t-shirt - orange,"Size:Large,Medium,Small,X-Small","Rs
1999",999,50% off,Westernwear-Women
5706,Stop,Textured round neck acrylic womens sweater - mustard,"Size:Large,Medium,Small,X-Large","Rs
1999",999,50% off,Westernwear-Women
5707,Magre,Floral polyester blend sweetheart neck womens dress - green,"Size:Medium,Small,X-Small","Rs
3690",1660,55% off,Westernwear-Women
5708,Vero moda,Printed cotton round neck womens t-shirt - green,"Size:Large,Medium,Small,X-Large,X-Small","Rs
1299",1039,20% off,Westernwear-Women
5709,Is.u,Womens red button down midi dress - red,"Size:Large,Medium,X-Large","Rs
2490",1245,50% off,Westernwear-Women
5710,Faballey,Floral cotton square neck womens top - white,"Size:Large,Medium,Small,X-Large","Rs
1600",1280,20% off,Westernwear-Women
5711,Faballey,Solid cotton square neck womens regular top - purple,"Size:Large,Medium,Small,X-Large,X-Small","Rs
1500",1200,20% off,Westernwear-Women
5712,Van heusen,Womens regular fit solid pencil skirt - grey,"Size:26,28,30,32,34,36",Nan,2199,No Discount,Westernwear-Women
5713,Magre,Solid satin cowl neck womens top - wine,"Size:Large,Medium,Small,X-Small","Rs
1690",1098,35% off,Westernwear-Women
5714,Magre,Floral polyester blend v neck womens dress - multi,"Size:Large,Medium,Small,X-Small","Rs
3590",1795,50% off,Westernwear-Women
5715,And,Solid cotton round neck womens regular dress - cream,"Size:8,16","Rs
2699",2429,10% off,Westernwear-Women
5716,Magre,Solid satin cowl neck womens top - rust,"Size:Large,Medium,Small,X-Small","Rs
1690",1098,35% off,Westernwear-Women
5717,Is.u,Solid cotton blend shirt collar womens shirt - white,"Size:Large,Medium,Small","Rs
2199",1099,50% off,Westernwear-Women
5718,Juniper,Solid slim fit cotton womens casual trousers - off white,"Size:4X-Large,5X-Large,X-Large","Rs
1899",759,60% off,Westernwear-Women
5719,Crimsoune club,Stripes round neck polyester womens dresses - blue,"Size:Large,Medium,Small,X-Large,XX-Large","Rs
1999",999,50% off,Westernwear-Women
5720,Faballey,Floral v neck georgette womens regular dresses - blue,Size:XX-Large,"Rs
2600",1300,50% off,Westernwear-Women
5721,Vero moda,Stripes cotton round neck womens t-shirt - blue,"Size:Large,Medium,Small,X-Large,X-Small","Rs
1299",1039,20% off,Westernwear-Women
5722,Faballey,Solid cotton square neck womens straight fit top - yellow,"Size:Large,Medium,Small,X-Small","Rs
1500",750,50% off,Westernwear-Women
5723,Magre,Solid denim square neck womens corset - light blue,Size:Small,"Rs
1690",676,60% off,Westernwear-Women
5724,Sera,Womens regular fit solid round neck peplum top - mustard,"Size:Large,X-Large","Rs
1099",494,55% off,Westernwear-Women
5725,Adidas,Solid regular fit polyester womens skirt - black,"Size:Large,Medium,Small,X-Small","Rs
2499",1249,50% off,Westernwear-Women
5726,Only,Solid cotton regular fit womens pants - natural,"Size:Large,Medium,Small,X-Large,X-Small","Rs
3999",2799,30% off,Westernwear-Women
5727,And,Self design regular fit womens casual wear trousers - mid blue,"Size:28,30,32,34","Rs
2799",2239,20% off,Westernwear-Women
5728,Latin quarters,Printed v neck cotton womens regular fit dress - white,Size:M,"Rs
2499",1249,50% off,Westernwear-Women
5729,Life,Stripes cotton round neck womens regular fit t-shirt - ribbon red,"Size:Large,Medium,Small,X-Small","Rs
499",249,50% off,Westernwear-Women
5730,Emblaze,Solid v-neck satin womens straight dress - pink,"Size:Large,Medium,Small,X-Large,X-Small,XX-Large",Nan,3800,No Discount,Westernwear-Women
5731,Vero moda,Solid cotton v neck womens  t-shirts - green,"Size:Large,Medium,Small,X-Large,X-Small","Rs
1299",779,40% off,Westernwear-Women
5732,Life,Solid round neck cotton lycra womens regular fit top - olive,"Size:X-Large,X-Small","Rs
599",299,50% off,Westernwear-Women
5733,Allen solly,Solid viscose regular fit womens trousers - charcoal,"Size:26,28,30,32,34,36","Rs
1799",1439,20% off,Westernwear-Women
5734,And,Solid linen mandarin womens regular fit top - natural,Size:8,"Rs
1899",949,50% off,Westernwear-Women
5735,Vero moda,Printed cotton round neck womens t-shirt - black,"Size:Large,Medium,Small,X-Large,X-Small","Rs
1299",1039,20% off,Westernwear-Women
5736,Dolce crudo,Womens hear the world denim jacket - light blue,"Size:Large,Small,X-Small","Rs
2999",1199,60% off,Westernwear-Women
5737,Gipsy,Womens round neck lace top - rust,"Size:Large,Medium,Small","Rs
1595",797,50% off,Westernwear-Women
5738,And,Striped polyester collar neck womens regular fit top - white,"Size:10,12","Rs
1799",899,50% off,Westernwear-Women
5739,Global desi,Solid cotton tie-up neck womens straight tunic - mustard,"Size:Small,X-Small","Rs
2699",1349,50% off,Westernwear-Women
5740,Samshek,Solid crepe collar neck womens party wear shirt - black,"Size:4X-Large,5X-Large,Large,Medium,Small,X-Large,X-Small,XX-Large,XX-Small,XXX-Large","Rs
2490",1992,20% off,Westernwear-Women
5741,Crimsoune club,Stripes y neck lyocell womens dresses - yellow,"Size:Large,Medium,Small,X-Large,XXX-Large","Rs
1799",1079,40% off,Westernwear-Women
5742,And,Solid linen shirt collar womens a-line top - mid blue,"Size:8,10,12,14","Rs
2399",1199,50% off,Westernwear-Women
5743,Zink london,Solid cotton square neck womens regular top - peach,Size:Large,"Rs
1399",559,60% off,Westernwear-Women
5744,Latin quarters,Solid cotton collar neck womens casual jacket - sky blue,"Size:S,M,L,XL","Rs
3299",2309,30% off,Westernwear-Women
5745,Zink london,Self design short sleeves polyester blend womens full length jumpsuit - peach,"Size:Large,X-Large,X-Small,XX-Large","Rs
3199",1279,60% off,Westernwear-Women
5746,Dolce crudo,Solid fleece and rib round neck womens sweatshirt - black,"Size:Large,Medium,Small","Rs
2399",959,60% off,Westernwear-Women
5747,Zink london,Printed round neck cotton blend womens sweatshirt - pink,"Size:Large,Medium","Rs
1999",799,60% off,Westernwear-Women
5748,Rare,Full sleeves regular fit womens casual top - lilac,"Size:Large,Medium,Small,X-Large","Rs
1599",719,55% off,Westernwear-Women
5749,Global desi,Womens solid top - teal,"Size:XL,Large,Small,X-Small","Rs
2099",839,60% off,Westernwear-Women
5750,Samshek,Printed sweetheart neck polyester womens regular dress - black,Size:XX-Small,Nan,2999,No Discount,Westernwear-Women
5751,Zink london,Printed rayon regular fit womens shorts - black,Size:Large,"Rs
1399",559,60% off,Westernwear-Women
5752,Crimsoune club,Womens slim fit solid top - orange,"Size:Large,X-Large","Rs
899",449,50% off,Westernwear-Women
5753,Only,Loose fit cotton high rise womens jeans - blue,Size:Small,"Rs
4999",3499,30% off,Westernwear-Women
5754,Only,Solid polyester - recycled round neck womens pullover - pink,Size:X-Large,"Rs
2999",1499,50% off,Westernwear-Women
5755,Insense,Womens  round neck  printed t-shirt - navy,Size:Small,"Rs
399",199,50% off,Westernwear-Women
5756,Crimsoune club,Womens slim fit solid t-shirt - pink,"Size:Large,Small","Rs
999",499,50% off,Westernwear-Women
5757,And,Checks viscose square neck womens cropped top - sage,Size:14,"Rs
1699",1189,30% off,Westernwear-Women
5758,Sera,Printed polyester womens shrug - black,Size:X-Large,"Rs
1494",747,50% off,Westernwear-Women
5759,109f,Womens round neck solid knee length dress - black,Size:X-Small,"Rs
1999",799,60% off,Westernwear-Women
5760,Van heusen,Printed viscose asymmetric womens top - navy,"Size:Small,X-Small","Rs
2299",1499,35% off,Westernwear-Women
5761,Allen solly,Solid polyester round neck womens top - dark blue,"Size:Large,Medium","Rs
1499",899,40% off,Westernwear-Women
5762,Zink london,Solid rayon blend womens straight fit top - purple,"Size:Large,X-Small","Rs
1599",639,60% off,Westernwear-Women
5763,Crimsoune club,Solid cotton blend collared womens shirt - blue,"Size:Large,Medium","Rs
1599",959,40% off,Westernwear-Women
5764,Magre,Animal print polyester blend square neck womens dress - black,"Size:Small,X-Small","Rs
3590",1974,45% off,Westernwear-Women
5765,Faballey,Solid collar neck synthetic leather womens casual wear jacket - brown,"Size:Medium,X-Small","Rs
3200",1600,50% off,Westernwear-Women
5766,Life,Printed cotton round neck womens regular t-shirt - mustard,"Size:Medium,X-Small","Rs
399",199,50% off,Westernwear-Women
5767,Faballey,Solid crepe round neck womens regular top - black,"Size:Small,X-Small","Rs
1450",725,50% off,Westernwear-Women
5768,Allen solly,Printed cotton round neck womens top - black,Size:Large,"Rs
1499",899,40% off,Westernwear-Women
5769,And,Solid mandarin collar linen womens casual dress - white,Size:14,"Rs
2699",1349,50% off,Westernwear-Women
5770,Latin quarters,Solid polyester round neck womens knit top - white,"Size:S,M,L,XL","Rs
1799",899,50% off,Westernwear-Women
5771,Puma,Regular fit above knee polyester womens active wear shorts - red,"Size:Large,Medium,Small,X-Large","Rs
2499",1749,30% off,Westernwear-Women
5772,Altlife,Colour block cotton regular neck womens t-shirt - royal blue,"Size:Large,Medium,Small,X-Large,X-Small,XX-Large","Rs
599",299,50% off,Westernwear-Women
5773,Vero moda,Solid sleeveless polyester womens full length jumpsuits - green,"Size:Large,Medium,Small,X-Large,X-Small","Rs
4999",2999,40% off,Westernwear-Women
5774,Magre,Solid satin v neck womens top - lavender,"Size:Large,Medium,Small,X-Small","Rs
1790",1163,35% off,Westernwear-Women
5775,And,Solid straight linen womens fusion wear trousers - black,"Size:26,28,30,32,34,36",Nan,2299,No Discount,Westernwear-Women
5776,Enamor,Polyester stretch skinny fit womens track pants - multi,"Size:XL,Large,Medium,Small",Nan,1799,No Discount,Westernwear-Women
5777,Sera,Floral v neck polyester womens regular dress - navy,"Size:Large,Medium,Small,X-Large","Rs
1698",764,55% off,Westernwear-Women
5778,Zink london,Solid round neck viscose blend womens midi dress - pink,"Size:Large,Medium,Small,X-Large,X-Small,XX-Large","Rs
2499",1499,40% off,Westernwear-Women
5779,Faballey,Solid crepe collared womens draped shrug - green,"Size:4X-Large,X-Large,XX-Large,XXX-Large",Nan,1800,No Discount,Westernwear-Women
5780,Faballey,Floral satin sweetheart neck womens midi dress - white,"Size:Large,Medium,Small,X-Large,X-Small","Rs
2500",2000,20% off,Westernwear-Women
5781,Zink london,Solid polyester regular fit womens casual pants - maroon,"Size:Large,Medium,Small,X-Large","Rs
1899",1519,20% off,Westernwear-Women
5782,Spykar,Regular fit regular cotton lycra womens jeans - white,"Size:26,28,30,32,34,36","Rs
3499",2449,30% off,Westernwear-Women
5783,Magre,Floral polyester blend sweetheart neck womens top - multi,"Size:Large,Medium,Small,X-Small","Rs
1890",850,55% off,Westernwear-Women
5784,Faballey,Floral round neck georgette womens regular dresses - black,"Size:Medium,Small,X-Small","Rs
2100",1050,50% off,Westernwear-Women
5785,And,Solid v-neck viscose womens straight top - sage,"Size:8,10,12,14,16,18",Nan,1399,No Discount,Westernwear-Women
5786,Only,Solid polyester square neck womens top - gold,"Size:34,36,38,40,42","Rs
2699",1619,40% off,Westernwear-Women
5787,Enamor,Solid cotton lycra slim fit womens track pants - ultramarine,"Size:XL,Large,Medium,Small,XX-Large","Rs
999",699,30% off,Westernwear-Women
5788,Is.u,Womens grey slip-on pleated trousers - grey,"Size:Large,Medium,Small,X-Large","Rs
2490",1245,50% off,Westernwear-Women
5789,109f,Womens scoop neck lace top - dark brown,"Size:Large,Medium,Small,X-Large,X-Small,XX-Large","Rs
1799",719,60% off,Westernwear-Women
5790,Magre,Polka dots georgette v neck womens top - white,"Size:Medium,Small,X-Small","Rs
1690",1098,35% off,Westernwear-Women
5791,Stop,Textured round neck acrylic womens sweater - natural,"Size:Large,Medium,Small,X-Large","Rs
1999",999,50% off,Westernwear-Women
5792,Sera,Solid cotton blend mandarin neck womens regular fit top - black,"Size:Large,Medium,Small,X-Large","Rs
1094",547,50% off,Westernwear-Women
5793,Cover story,Solid cotton poly spandex round neck womens dress - black,"Size:Large,Medium,Small,X-Large,X-Small","Rs
2490",1743,30% off,Westernwear-Women
5794,Elliza donatein,Womens round neck solid top - black,Size:XX-Large,Nan,399,No Discount,Westernwear-Women
5795,Crimsoune club,Printed y neck lyocell womens dresses - white,"Size:Large,Medium,X-Large","Rs
1899",1709,10% off,Westernwear-Women
5796,Adidas,Stripes polyester slim fit womens casual pants - black,"Size:Large,Medium,Small,X-Large,X-Small","Rs
2699",1889,30% off,Westernwear-Women
5797,Only,Skinny fit regular cotton womens jeans - blue,"Size:25,26,27,28,29,30,31,32,33,34","Rs
3499",2799,20% off,Westernwear-Women
5798,Vero moda,Printed flared polyester womens casual wear pants - green,"Size:Large,Medium,Small,X-Large,X-Small","Rs
3999",2399,40% off,Westernwear-Women
5799,Samshek,Printed off shoulder satin womens regular dress - multi,"Size:4X-Large,5X-Large,Large,Medium,Small,X-Large,X-Small,XX-Large,XX-Small,XXX-Large",Nan,3200,No Discount,Westernwear-Women
5800,Enamor,Cotton lycra womens t-shirt - light blue,"Size:XL,Large,Medium,Small",Nan,799,No Discount,Westernwear-Women
5801,Magre,Solid collar neck satin womens festive shirt - white,"Size:Large,Medium,Small","Rs
1990",895,55% off,Westernwear-Women
5802,Life,Printed cotton round neck womens regular t-shirt - black,"Size:Large,Medium,Small,X-Large,X-Small,XX-Large","Rs
499",249,50% off,Westernwear-Women
5803,Fratini,Solid regular neck viscose blend womens pullover - nude,"Size:Large,Medium,Small,X-Large,X-Small","Rs
1499",749,50% off,Westernwear-Women
5804,Dolce crudo,Solid full sleeves fleece and rib womens regular jacket - navy,"Size:Large,Medium,Small,X-Large,X-Small","Rs
2995",1198,60% off,Westernwear-Women
5805,Lovegen,Women round neck printed top - charcoal,Size:X-Large,"Rs
999",399,60% off,Westernwear-Women
5806,Faballey,Solid pu collared womens cropped jacket - grey,"Size:Large,Medium,X-Large","Rs
3200",1600,50% off,Westernwear-Women
5807,Gipsy,Womens mandarin neck printed tunic - blue,"Size:Large,Medium,XX-Large",Nan,1595,No Discount,Westernwear-Women
5808,And,Regular fit cotton womens casual pants - mid blue,"Size:26,28,30,32,34,36",Nan,2699,No Discount,Westernwear-Women
5809,Spykar,Printed cotton round neck womens regular t-shirt - off white,"Size:Large,Medium,Small,X-Large,XX-Large","Rs
1199",839,30% off,Westernwear-Women
5810,Stop,Solid polyester round neck womens regular fit dress - navy,"Size:Large,Medium,Small,X-Large","Rs
1699",849,50% off,Westernwear-Women
5811,Gipsy,Striped cotton blend v-neck womens top - mustard,"Size:Large,XX-Large","Rs
1695",847,50% off,Westernwear-Women
5812,Magre,Solid polyester blend regular fit womens casual pants - black,"Size:Large,Medium,Small,X-Small","Rs
2190",1204,45% off,Westernwear-Women
5813,Zink london,Printed round neck cotton womens dresses - peach,"Size:Large,Medium,Small,X-Small","Rs
2299",919,60% off,Westernwear-Women
5814,Vero moda,Stripes cotton round neck womens t-shirt - black,"Size:Large,Medium,Small,X-Large,X-Small","Rs
1599",1279,20% off,Westernwear-Women
5815,Iti,Womens pleated back button top - orange,"Size:Large,Medium,Small,X-Large,X-Small",Nan,1799,No Discount,Westernwear-Women
5816,109f,Printed polyester cowl neck womens dress - multi,"Size:Large,Medium,X-Large",Nan,2199,No Discount,Westernwear-Women
5817,Faballey,Printed sleeveless crepe womens regular jumpsuit - purple,"Size:Large,Medium,Small,X-Large,X-Small","Rs
2200",1100,50% off,Westernwear-Women
5818,Madame,Solid polyester round neck womens regular fit top - black,"Size:Large,XX-Large","Rs
1399",699,50% off,Westernwear-Women
5819,Pepe,Tie dye & aop poly linen slub jersey crew neck womens t-shirt - rose,"Size:Large,Medium,Small,X-Large","Rs
899",539,40% off,Westernwear-Women
5820,Zink london,Printed polyester scoop neck womens tiered top - pink,"Size:Large,Medium,Small,X-Large,X-Small,XX-Large","Rs
1399",839,40% off,Westernwear-Women
5821,Faballey,Floral georgette square neck womens dress - multi,"Size:Large,Medium,Small,X-Large,X-Small","Rs
2200",1760,20% off,Westernwear-Women
5822,Sera,Womens grey melange high-rise harem pants - grey melange,"Size:Medium,Small,X-Large","Rs
1099",549,50% off,Westernwear-Women
5823,Gipsy,Solid polyester round neck womens top - pink,"Size:Small,X-Large,XX-Large","Rs
1495",1046,30% off,Westernwear-Women
5824,Enamor,Cotton blend compression fit womens active wear track pants - brick,"Size:XL,Large,Medium,Small",Nan,849,No Discount,Westernwear-Women
5825,Zink london,Printed round neck cotton blend womens sweatshirt - green,"Size:Large,Medium,Small,X-Large","Rs
2299",919,60% off,Westernwear-Women
5826,Zink london,Solid polyester regular fit womens casual pants - black,"Size:Large,Medium,Small,X-Large","Rs
1799",1439,20% off,Westernwear-Women
5827,Gipsy,Womens v neck printed high low dress - green,"Size:Large,Medium,Small,X-Large","Rs
2795",1397,50% off,Westernwear-Women
5828,Stop,Printed regular neck cotton stretch womens formal shirt - wine,"Size:Large,Medium,Small,X-Large,X-Small,XX-Large",Nan,999,No Discount,Westernwear-Women
5829,Marie claire,Solid collared neck cotton womens a-line dress - black,"Size:Medium,Small,X-Small","Rs
2399",1199,50% off,Westernwear-Women
5830,Juniper,Printed full sleeves rayon womens full length jumpsuit - peacock,"Size:Large,Medium,Small,X-Large","Rs
2799",979,65% off,Westernwear-Women
5831,Global desi,Womens regular fit solid pallazos - natural,"Size:Large,Medium,Small,X-Small","Rs
2799",1399,50% off,Westernwear-Women
5832,Kraus,Solid collar neck tencel womens casual shirt - dusty pink,"Size:Large,Small","Rs
1299",909,30% off,Westernwear-Women
5833,And,Self design choker neck cotton womens calf length dress - black mix,Size:8,"Rs
3099",1549,50% off,Westernwear-Women
5834,And,Floral round neck linen womens straight dress - white,"Size:14,16","Rs
3099",1549,50% off,Westernwear-Women
5835,Reebok,Regular fit regular length polyester blend womens leggings - grey,"Size:Medium,Small","Rs
1599",799,50% off,Westernwear-Women
5836,Sera,Polka dots sweetheart neck polyester womens wrap top - brown,"Size:Large,X-Large","Rs
1498",599,60% off,Westernwear-Women
5837,Allen solly,Solid cotton regular neck womens dress - mid blue,"Size:Large,X-Small","Rs
2499",1499,40% off,Westernwear-Women
5838,Only,Placement print cotton womens t-shirt - white,"Size:Small,X-Small","Rs
1999",1199,40% off,Westernwear-Women
5839,And,Womens self pattern straight bottoms - black,"Size:26,30,32","Rs
2299",1379,40% off,Westernwear-Women
5840,Zink london,Womens regular fit tie up neck slub top - yellow,Size:X-Small,"Rs
1499",499,67% off,Westernwear-Women
5841,Indya,Printed sleeveless georgette womens regular jumpsuit - pink,Size:X-Small,"Rs
3200",2560,20% off,Westernwear-Women
5842,And,Solid viscose round neck womens straight dress - black,"Size:8,10,12,14","Rs
2699",1349,50% off,Westernwear-Women
5843,Kraus,Slim fit cotton polyester womens shorts - black,Size:34,"Rs
1295",647,50% off,Westernwear-Women
5844,Faballey,Solid sleeveless viscose womens regular length jumpsuit - yellow,Size:Small,"Rs
2200",1100,50% off,Westernwear-Women
5845,And,Womens shirt type fit v neck stripe top - olive,Size:8,"Rs
1999",999,50% off,Westernwear-Women
5846,And,Solid skinny fit cotton womens trousers - black,"Size:26,28,30","Rs
1799",899,50% off,Westernwear-Women
5847,Kraus,Skinny fit ankle length cotton blend womens jeans - white,"Size:28,30,38","Rs
1795",897,50% off,Westernwear-Women
5848,Latin quarters,Solid round neck blended womens a-line dress - maroon,Size:S,"Rs
2499",1249,50% off,Westernwear-Women
5849,Zink london,Womens stripes v neck shift dress - multi,Size:Large,"Rs
2299",919,60% off,Westernwear-Women
5850,Zink london,Striped cotton round neck womens regular fit t-shirt - multi,"Size:Small,X-Small","Rs
1299",399,69% off,Westernwear-Women
5851,Rare,Half sleeves regular fit womens casual dress - peach,Size:Small,"Rs
2199",879,60% off,Westernwear-Women
5852,Rare,Striped polyester round neck womens regular fit top - pink,"Size:Large,Medium","Rs
1399",559,60% off,Westernwear-Women
5853,Crimsoune club,Womens multi striped parallel trousers - white,"Size:Large,X-Large","Rs
1999",799,60% off,Westernwear-Women
5854,Ira soleil,Womens yellow all over printed jacket - purple,"Size:Large,Medium,Small,X-Large",Nan,1999,No Discount,Westernwear-Women
5855,Levis,Solid collar neck cotton blend womens casual jacket - black,"Size:Large,Medium,Small,X-Small",Nan,3599,No Discount,Westernwear-Women
5856,Vero moda,Solid cotton v neck womens  tops - yellow,"Size:Large,Medium,Small,X-Large,X-Small","Rs
1899",1329,30% off,Westernwear-Women
5857,Zink london,Stripes cotton round neck womens top - multi,"Size:Large,Medium,Small,X-Large","Rs
1499",899,40% off,Westernwear-Women
5858,Zink london,Structured polyester womens casual shrug - grey,Size:Small,"Rs
1799",719,60% off,Westernwear-Women
5859,Global desi,Solid half sleeves cotton womens ankle length jumpsuit - mustard,"Size:XL,Large,Medium,Small,X-Small","Rs
3599",2519,30% off,Westernwear-Women
5860,Samshek,Solid round neck polyester womens bodycon dress - purple,"Size:4X-Large,5X-Large,Large,Medium,Small,X-Large,X-Small,XX-Large,XX-Small,XXX-Large","Rs
2890",2312,20% off,Westernwear-Women
5861,Forever new,Solid cotton round neck womens top - pink,"Size:Large,Medium,Small,X-Small",Nan,2600,No Discount,Westernwear-Women
5862,Zink london,Solid polyester v neck womens casual wear shrugs - maroon,Size:Large,"Rs
2299",919,60% off,Westernwear-Women
5863,Magre,Solid regular fit denim womens casual pants - light blue,"Size:Large,Small,X-Small","Rs
3490",1919,45% off,Westernwear-Women
5864,Campus sutra,Solid v neck crepe womens dresses - green,"Size:Large,Medium,Small,X-Large",Nan,1999,No Discount,Westernwear-Women
5865,Vero moda,Printed cotton round neck womens  t-shirts - pink,"Size:Large,Medium,Small,X-Large,X-Small","Rs
1799",1259,30% off,Westernwear-Women
5866,Crimsoune club,Solid cotton blend womens jumpsuits - blue,"Size:Large,Medium,Small,X-Large","Rs
2499",1749,30% off,Westernwear-Women
5867,Spykar,Printed cotton blend collar neck womens regular t-shirt - lime green,"Size:Large,Medium,Small,X-Large,XX-Large","Rs
1399",979,30% off,Westernwear-Women
5868,Samshek,Solid round neck polyester womens bodycon dress - black,"Size:4X-Large,5X-Large,Large,Medium,Small,X-Large,X-Small,XX-Large,XX-Small,XXX-Large",Nan,2990,No Discount,Westernwear-Women
5869,Gipsy,Solid regular fit knitted womens casual pants - black,"Size:30,32,34",Nan,1995,No Discount,Westernwear-Women
5870,Levis,Womens 5 pocket mild wash jeans - mid blue,"Size:26,28,30,32",Nan,2799,No Discount,Westernwear-Women
5871,Adidas,Printed crew neck polyester womens t-shirt - green,"Size:Large,Medium,Small","Rs
1799",1259,30% off,Westernwear-Women
5872,Faballey,Printed crepe halter neck womens comfort fit top - black,"Size:Medium,X-Large,X-Small","Rs
1400",700,50% off,Westernwear-Women
5873,Reebok,Solid polyester round neck womens t-shirt - natural,"Size:Large,Medium,Small,X-Large,X-Small","Rs
2999",1499,50% off,Westernwear-Women
5874,Vero moda,Printed half sleeves viscose womens full length jumpsuit - lavender,"Size:Large,Medium,Small,X-Large,X-Small","Rs
4499",3149,30% off,Westernwear-Women
5875,Vero moda,Solid viscose round neck womens t-shirt - pink,"Size:Large,Medium,Small,X-Large,X-Small","Rs
2299",1609,30% off,Westernwear-Women
5876,Zink london,Womens regular fit printed round neck top - white,"Size:Small,X-Small","Rs
1499",499,67% off,Westernwear-Women
5877,Vero moda,Solid round neck viscose womens knits knit top - green,"Size:Large,Medium,Small,X-Large,X-Small","Rs
2299",1839,20% off,Westernwear-Women
5878,Global desi,Solid viscose round neck womens flared top - lilac,"Size:XL,Large,Medium,Small,X-Small,XX-Large","Rs
2499",1999,20% off,Westernwear-Women
5879,Fratini,Embroidered cotton round neck womens regular fit knit top - blush,"Size:Large,Medium,Small,X-Large,XX-Large","Rs
699",349,50% off,Westernwear-Women
5880,Adidas,Cotton round neck womens t-shirt - white,"Size:110,116,128,140,SIZE_152,SIZE_164,SIZE_170","Rs
1199",599,50% off,Westernwear-Women
5881,Zink london,Printed rayon tie up neck women's dress - black,Size:X-Small,"Rs
2399",999,58% off,Westernwear-Women
5882,Faballey,Printed v neck georgette womens regular fit maxi dress - green,"Size:Medium,Small,X-Small","Rs
2500",1250,50% off,Westernwear-Women
5883,Vero moda,Cotton relaxed fit womens jeans - blue,"Size:26,27,28,29,30,31,32,33,34","Rs
5499",3849,30% off,Westernwear-Women
5884,Faballey,Solid crepe round neck womens dress - pink,"Size:Large,Medium,Small,X-Large,X-Small","Rs
2100",1680,20% off,Westernwear-Women
5885,Faballey,Floral square neck georgette womens midi dress - black,"Size:Large,Medium,Small,X-Large,X-Small","Rs
2200",1760,20% off,Westernwear-Women
5886,Spykar,Skinny fit womens jeans - black,"Size:26,28,30,32,34,36","Rs
2499",1749,30% off,Westernwear-Women
5887,Campus sutra,Womens short sleeves printed top - blue,"Size:Large,Medium,Small,X-Large",Nan,1099,No Discount,Westernwear-Women
5888,Only,Checks cotton double collar womens casual wear shirt - yellow,"Size:34,36,38,40,42","Rs
2499",1249,50% off,Westernwear-Women
5889,Spykar,Printed cotton round neck womens regular t-shirt - black,"Size:Large,Medium,Small,X-Large","Rs
1199",839,30% off,Westernwear-Women
5890,Allen solly,Stripes polyester regular fit womens trousers - black,"Size:26,28,30,32,34,36","Rs
1999",1599,20% off,Westernwear-Women
5891,Emblaze,Womens sheath dress with side pockets - green,"Size:Large,Medium,Small,X-Large,X-Small,XX-Large",Nan,2800,No Discount,Westernwear-Women
5892,Samshek,Solid round neck crepe womens regular dress - red,"Size:4X-Large,5X-Large,Large,Medium,Small,X-Large,X-Small,XX-Large,XX-Small,XXX-Large",Nan,2090,No Discount,Westernwear-Women
5893,Kami kubi,Floral cotton round neck womens a line top - blue,"Size:Large,Medium,Small,X-Small","Rs
1599",879,45% off,Westernwear-Women
5894,Zink london,Printed round neck cotton blend womens sweatshirt - green,Size:Large,"Rs
1999",799,60% off,Westernwear-Women
5895,Lovegen,Womens round neck printed t-shirt - white,Size:Large,"Rs
999",399,60% off,Westernwear-Women
5896,Zink london,Printed polyester scoop neck womens straight fit top - grey,Size:Medium,"Rs
1399",499,64% off,Westernwear-Women
5897,Is.u,Womens blue button down shirt - blue,Size:X-Small,"Rs
2490",1245,50% off,Westernwear-Women
5898,And,Solid boat neck viscose womens regular fit top - ink blue,"Size:8,10,12,14,16,18","Rs
2699",1349,50% off,Westernwear-Women
5899,Gipsy,Womens round neck striped top - brown,"Size:Large,Medium,Small,X-Large,XX-Large","Rs
1695",1186,30% off,Westernwear-Women
5900,109f,Printed rayon round neck womens top - print,"Size:Large,Medium,Small,X-Large,XX-Large",Nan,1699,No Discount,Westernwear-Women
5901,Only,Printed cotton round neck womens t-shirt - black,"Size:Large,Medium,Small,X-Large,X-Small","Rs
1499",1049,30% off,Westernwear-Women
5902,Global desi,Solid 3/4 sleeves viscose womens regular length jumpsuit - teal,"Size:XL,Large,Medium,Small,X-Small,XX-Large","Rs
3699",2959,20% off,Westernwear-Women
5903,Vero moda,Solid viscose round neck womens  tops - black,"Size:Large,Medium,Small,X-Large,X-Small",Nan,2299,No Discount,Westernwear-Women
5904,Juniper,Solid slim fit cotton womens casual trousers - gold,"Size:4X-Large,5X-Large,X-Large,XXX-Large","Rs
1899",759,60% off,Westernwear-Women
5905,Sera,Womens regular fit printed round neck blouson top - navy,Size:Small,"Rs
999",399,60% off,Westernwear-Women
5906,Indya,Embellished 3/4 sleeves viscose womens full length jumpsuit - blue,"Size:Large,Medium,Small,X-Large,X-Small",Nan,2400,No Discount,Westernwear-Women
5907,Indya,Embroidered georgette womens regular top - pink,"Size:Large,Medium,Small,X-Large,X-Small,XX-Large","Rs
1600",800,50% off,Westernwear-Women
5908,Van heusen,Solid viscose asymmetric womens top - navy,"Size:Large,Medium,Small,X-Large,X-Small",Nan,2099,No Discount,Westernwear-Women
5909,Vero moda,Solid cotton square neck womens  tops - orange,"Size:Large,Medium,Small,X-Large,X-Small","Rs
2299",1609,30% off,Westernwear-Women
5910,Fratini,Solid regular neck acrylic womens cardigan - walnut,"Size:Large,Medium,Small,X-Large,X-Small","Rs
1999",999,50% off,Westernwear-Women
5911,109f,Womens round neck textured maxi dress - black,"Size:Large,Small","Rs
2899",1159,60% off,Westernwear-Women
5912,Zink london,Solid cotton blend regular fit womens pants - blue,"Size:Large,Medium,Small,X-Large","Rs
2499",1499,40% off,Westernwear-Women
5913,Zink z,Solid cotton blend round neck womens crop top - maroon,"Size:Large,Medium,Small,X-Large,X-Small",Nan,999,No Discount,Westernwear-Women
5914,Faballey,Solid square neck crepe womens a-line dress - blue,Size:X-Small,"Rs
2200",1100,50% off,Westernwear-Women
5915,Madame,Womens key hole neck solid jumpsuit - brown,Size:X-Large,"Rs
3499",1749,50% off,Westernwear-Women
5916,Global desi,Geometric square neck polyester womens straight jumpsuits - blue,"Size:XL,Large,Medium,Small,X-Small,XX-Large","Rs
3699",2959,20% off,Westernwear-Women
5917,Jealous 21,Dark wash denim fit womens jeans - grey,"Size:26,28,30,32,34,36",Nan,2299,No Discount,Westernwear-Women
5918,Kraus,Solid polyester round neck womens regular top - peach,"Size:Large,Medium,Small,X-Large,X-Small","Rs
1199",839,30% off,Westernwear-Women
5919,Dolce crudo,Womens be a stardust high waist twill treggings - navy,"Size:Large,Medium,X-Small","Rs
2199",769,65% off,Westernwear-Women
5920,Adidas,Striped cotton round neck womens t-shirt - white,"Size:92,98,104,110,116,122,128,134","Rs
1999",999,50% off,Westernwear-Women
5921,Iti,Womens olive ruffled sleeve dress - green,"Size:Small,X-Small",Nan,1899,No Discount,Westernwear-Women
5922,Vero moda,Printed cotton round neck womens  t-shirts - fuschia,"Size:Large,Medium,Small,X-Large,X-Small","Rs
1299",909,30% off,Westernwear-Women
5923,Vero moda,Skinny fit regular cotton womens jeggings - black,"Size:26,27,28,29,30,31,32,33,34","Rs
1999",1599,20% off,Westernwear-Women
5924,Latin quarters,Dyed polyester collar neck womens casual jacket - black,"Size:S,M,L,XL","Rs
4899",3429,30% off,Westernwear-Women
5925,Kraus,Clean look cotton blend skinny fit womens jeans - blue,"Size:28,30,32,34,36,38","Rs
1995",1795,10% off,Westernwear-Women
5926,Reebok,Printed slim fit polyester womens athleisure track pants - blue,"Size:Large,Medium,Small,X-Small,XX-Small","Rs
2799",1399,50% off,Westernwear-Women
5927,Rare,Printed v-neck polyester womens fit and flare dress - green,"Size:Large,Medium,Small,X-Large","Rs
2399",1079,55% off,Westernwear-Women
5928,And,Solid v- neck polyester women flared gown - wine,"Size:8,10,12,14,16","Rs
4699",3759,20% off,Westernwear-Women
5929,Erotissch,Womens golden solid bralette top - gold,"Size:Large,Small,X-Large","Rs
1790",805,55% off,Westernwear-Women
5930,Cover story,Printed square cotton women flared women dress - white,Size:X-Large,"Rs
3490",1745,50% off,Westernwear-Women
5931,Global desi,Womens regular fit floral tunic - yellow,"Size:Medium,Small","Rs
1899",759,60% off,Westernwear-Women
5932,Iti,Womens solid flutter sleeves boat neck fit and flare maxi dress - brown,Size:X-Small,Nan,2999,No Discount,Westernwear-Women
5933,Global desi,Womens regular fit floral tunic - yellow,"Size:XL,Large,Medium,Small,X-Small","Rs
2299",689,70% off,Westernwear-Women
5934,Marie claire,Solid regular fit viscose rayon womens casual pants - navy,Size:28,"Rs
1799",899,50% off,Westernwear-Women
5935,And,Floral collar neck viscose women a line dress - multi,"Size:8,16","Rs
2299",1149,50% off,Westernwear-Women
5936,And,Solid cotton round neck womens regular dress - navy,"Size:8,10,12,14","Rs
2899",2319,20% off,Westernwear-Women
5937,Allen solly,Solid regular fit polyester womens formal wear trousers - black,"Size:26,28","Rs
1899",1139,40% off,Westernwear-Women
5938,Kraus,Solid collared neck cotton blend womens casual shirt - blue,"Size:Medium,Small","Rs
1399",699,50% off,Westernwear-Women
5939,Global desi,Geometric shoulder straps viscose womens flared dress - yellow,"Size:Large,Small","Rs
3299",1649,50% off,Westernwear-Women
5940,Faballey,Printed lace womens regular top - green,Size:X-Large,"Rs
1500",750,50% off,Westernwear-Women
5941,Zink london,Structured halter neck polyester womens straight fit dress - pink,"Size:Large,X-Large","Rs
2499",999,60% off,Westernwear-Women
5942,Latin quarters,Solid polyester v- neck womens regular top - pink,"Size:S,M","Rs
1499",749,50% off,Westernwear-Women
5943,Crimsoune club,Printed cotton collared womens shirt - red,"Size:Large,Medium,X-Large","Rs
1399",1259,10% off,Westernwear-Women
5944,Magre,Solid polyester blend regular fit womens casual pants - maroon,"Size:Medium,X-Small","Rs
2390",1434,40% off,Westernwear-Women
5945,Life,Printed cotton ankle length womens active wear joggers - pink,"Size:32,34,36","Rs
899",449,50% off,Westernwear-Women
5946,And,Solid v-neck womens peplum top - yellow,"Size:8,10,12","Rs
1499",749,50% off,Westernwear-Women
5947,Faballey,Solid round neck cotton womens comfort fit gown - brown,"Size:Small,X-Small","Rs
2650",1325,50% off,Westernwear-Women
5948,Latin quarters,Printed collar neck polyester womens regular dress - blue,"Size:S,M,L",Nan,2499,No Discount,Westernwear-Women
5949,Zink london,Solid high neck polyester womens casual jackets - pink,"Size:Large,Medium","Rs
2499",999,60% off,Westernwear-Women
5950,Zink london,Structured rayon blend regular fit womens top - yellow,Size:XX-Large,"Rs
1599",599,63% off,Westernwear-Women
5951,And,Striped rayon round neck womens regular fit top - yellow,Size:8,"Rs
1999",999,50% off,Westernwear-Women
5952,Zink london,Solid shirt collar polyester womens a-line dress - red,Size:X-Small,"Rs
2499",999,60% off,Westernwear-Women
5953,Faballey,Solid round neck crepe womens regular top - yellow,Size:Medium,"Rs
1400",700,50% off,Westernwear-Women
5954,And,Solid cotton round neck womens top - purple,"Size:8,10","Rs
1899",1519,20% off,Westernwear-Women
5955,Latin quarters,Solid polyester turtle neck womens casual jacket - wine,"Size:S,M,L","Rs
3699",1849,50% off,Westernwear-Women
5956,Latin quarters,Printed polyester mandarin womens regular blouse - black,"Size:S,M","Rs
1499",749,50% off,Westernwear-Women
5957,And,Solid viscose square neck women regular top - black,"Size:8,10,16,18","Rs
2299",1149,50% off,Westernwear-Women
5958,Rare,Striped shirt collar polyester womens jumpsuit dress - multi,"Size:Large,Small","Rs
1999",799,60% off,Westernwear-Women
5959,Life,Printed cotton round neck womens sweatshirt - black,"Size:Large,Medium,Small,X-Small","Rs
999",499,50% off,Westernwear-Women
5960,Vero moda,Printed viscose v neck womens top - green,"Size:Large,Medium,Small,X-Large,X-Small",Nan,2599,No Discount,Westernwear-Women
5961,Jealous 21,Solid round neck viscose womens regular top - blue,"Size:Large,Medium,Small,X-Large",Nan,899,No Discount,Westernwear-Women
5962,Zink london,Solid cotton v neck womens top - pink,"Size:Large,Medium,Small,X-Large","Rs
1499",899,40% off,Westernwear-Women
5963,Spykar,Printed cotton round neck womens t-shirt - black,"Size:Large,Medium,Small","Rs
1199",839,30% off,Westernwear-Women
5964,Fratini,Printed round neck polyester womens regular dress - off white,"Size:Large,Medium,Small,X-Large,X-Small","Rs
1499",749,50% off,Westernwear-Women
5965,Gipsy,Solid cotton blend round neck womens top - pink,"Size:Large,Medium,Small,X-Large",Nan,1595,No Discount,Westernwear-Women
5966,Jealous 21,Solid round neck viscose womens regular top - blue,"Size:Large,Medium,Small,X-Large",Nan,999,No Discount,Westernwear-Women
5967,Magre,Printed cotton v neck womens top - multi,"Size:Large,Medium,Small,X-Small","Rs
1690",929,45% off,Westernwear-Women
5968,Puma,Printed polyester crew neck womens t-shirt - peach,"Size:Large,Medium,Small,X-Large","Rs
1799",1259,30% off,Westernwear-Women
5969,Insense,Womens  round neck  printed t-shirt - anthra,"Size:Large,Medium,Small,X-Large,X-Small","Rs
499",249,50% off,Westernwear-Women
5970,Enamor,Cotton womens activewear t-shirt - sugar,"Size:XL,Large,Medium,Small",Nan,799,No Discount,Westernwear-Women
5971,Faballey,Printed georgette womens regular top - brown,"Size:Small,X-Large,X-Small","Rs
1400",700,50% off,Westernwear-Women
5972,And,Solid cotton round neck womens regular dress - multi,"Size:8,10,12,14,16,18","Rs
2699",2429,10% off,Westernwear-Women
5973,Faballey,Floral georgette round neck womens dress - multi,"Size:Large,Medium,Small,X-Large,X-Small","Rs
1950",1560,20% off,Westernwear-Women
5974,Spykar,Regular fit cotton womens casual wear shorts - light blue,"Size:26,28,30,32,34,36","Rs
1899",1329,30% off,Westernwear-Women
5975,Only,Solid polyester womens regular jumpsuit - black,"Size:34,36,38,40,42","Rs
4499",3149,30% off,Westernwear-Women
5976,Vero moda,Solid cotton round neck womens top - white,"Size:Large,Medium,Small,X-Large,X-Small","Rs
2299",1839,20% off,Westernwear-Women
5977,Faballey,Solid georgette round neck womens straight fit top - orange,"Size:Large,Small,X-Large","Rs
1300",650,50% off,Westernwear-Women
5978,Campus sutra,Solid regular cotton womens casual wear co-ordinate - grey,"Size:Large,Medium,Small,X-Large",Nan,1599,No Discount,Westernwear-Women
5979,Zink london,Floral polyester square neck womens top - pink,"Size:Large,Medium,Small,X-Large,X-Small","Rs
1699",1019,40% off,Westernwear-Women
5980,Zink london,Solid polyester u neck womens top - green,"Size:Large,Medium,Small,X-Large","Rs
1499",1199,20% off,Westernwear-Women
5981,Kraus,Solid collar neck cotton blend womens casual wear jacket - black,"Size:Large,Medium,Small,X-Large","Rs
2995",1497,50% off,Westernwear-Women
5982,Sera,Womens regular fit printed shorts - off white,"Size:Large,Medium,Small,X-Large","Rs
1094",437,60% off,Westernwear-Women
5983,Reebok,Solid polyster round neck womens regular fit t-shirt - black,"Size:Large,Medium,Small,X-Small","Rs
1099",549,50% off,Westernwear-Women
5984,Crimsoune club,Solid cotton blend collared womens shirt - navy,"Size:Large,Medium,Small,X-Large,XX-Large","Rs
1299",909,30% off,Westernwear-Women
5985,Puma,Cotton mid rise regular fit womens athleisure pants - purple,"Size:Large,Medium,Small,X-Large,X-Small","Rs
3499",2449,30% off,Westernwear-Women
5986,Jealous 21,Super skinny fit ankle length denim womens jeans - black,"Size:26,28,30,32,36",Nan,2099,No Discount,Westernwear-Women
5987,Enamor,Solid cotton lycra relaxed fit womens athleisure t-shirt - cream,"Size:XL,Large,Medium,Small,XX-Large",Nan,999,No Discount,Westernwear-Women
5988,Adidas,Printed cotton round neck womens t-shirt - white,"Size:Large,Medium,Small,X-Large,X-Small","Rs
1599",1119,30% off,Westernwear-Women
5989,Crimsoune club,Printed regular cotton womens casual wear pants - white,"Size:Large,Medium,Small,X-Large,XX-Large,XXX-Large","Rs
1999",799,60% off,Westernwear-Women
5990,Iti,Womens teal pleated flowy maxi - blue,"Size:Medium,Small,X-Large,X-Small",Nan,2999,No Discount,Westernwear-Women
5991,Sera,Printed sweetheart neck polyester womens bodycon dress - black,"Size:Large,Medium,Small,X-Large","Rs
1294",582,55% off,Westernwear-Women
5992,Spykar,Sleeveless cotton womens regular jacket - light blue,"Size:Large,Medium,Small,X-Large","Rs
2699",1889,30% off,Westernwear-Women
5993,Enamor,Graphic cotton lycra relaxed fit womens athleisure t-shirt - black,"Size:XL,Large,Medium,Small,XX-Large",Nan,899,No Discount,Westernwear-Women
5994,Emblaze,Solid off shoulder viscose womens regular dress - lilac,"Size:Large,Medium,Small,X-Large,X-Small,XX-Large",Nan,3000,No Discount,Westernwear-Women
5995,Only,Sleeveless rayon womens ankle length jumpsuits - pink,"Size:34,36,38,40,42","Rs
4499",2699,40% off,Westernwear-Women
5996,Reebok,Regular fit regular length polyester womens active wear tights - black,"Size:Large,Medium,X-Large,X-Small","Rs
2999",1499,50% off,Westernwear-Women
5997,Is.u,Womens blue ruffle high low skirt - blue,"Size:26,28,30,32,34","Rs
2490",1245,50% off,Westernwear-Women
5998,Zink london,Solid viscose blend collar neck womens top - pink,"Size:Large,Medium,Small,X-Large,X-Small,XX-Large","Rs
1999",1199,40% off,Westernwear-Women
5999,Vero moda,Printed sleeveless polyester womens knee length playsuit - red,"Size:Large,Medium,Small,X-Large,X-Small","Rs
3299",2309,30% off,Westernwear-Women
6000,Zink london,Solid square neck rayon blend womens shift dress - mustard,"Size:X-Large,XX-Large","Rs
2599",1039,60% off,Westernwear-Women
6001,Faballey,Floral crepe off shoulder womens dress - pink,"Size:Large,Medium,Small,X-Large,X-Small","Rs
2100",1680,20% off,Westernwear-Women
6002,Latin quarters,Printed shawl neck polyester blend womens regular fit dresses - blue,"Size:S,M,L,XL,X-Small",Nan,2499,No Discount,Westernwear-Women
6003,Zink london,Printed collar neck polyester womens midi dress - pink,"Size:Large,Medium,Small,X-Large,X-Small,XX-Large","Rs
2699",1619,40% off,Westernwear-Women
6004,Puma,Printed cotton round neck womens athleisure top - white,"Size:Large,Medium,Small,X-Large,X-Small","Rs
1799",1259,30% off,Westernwear-Women
6005,Marie claire,Printed polyester v-neck womens top - mustard,"Size:Large,Medium,Small,X-Large,X-Small","Rs
1399",699,50% off,Westernwear-Women
6006,Zink london,Acrylic women sweaters - rust,"Size:Large,Medium,Small,X-Large","Rs
2799",1119,60% off,Westernwear-Women
6007,Magre,Solid sleeveless polyester blend womens regular length jumpsuit - white,"Size:Medium,X-Small","Rs
3190",1754,45% off,Westernwear-Women
6008,And,Floral rayon square neck womens a-line top - black,"Size:10,12,14,16","Rs
1399",699,50% off,Westernwear-Women
6009,Faballey,Solid sleeveless polyester blend womens regular length jumpsuit - black,"Size:Medium,Small","Rs
2600",1300,50% off,Westernwear-Women
6010,Biba,Printed round neck rayon flax womens casual wear jacket - multi,Size:34,"Rs
2599",2079,20% off,Westernwear-Women
6011,Faballey,Solid v neck crepe womens a-line dress - green,"Size:Medium,Small","Rs
1950",975,50% off,Westernwear-Women
6012,Faballey,Solid polyester blend v neck womens straight fit top - pink,"Size:Medium,X-Large","Rs
1500",750,50% off,Westernwear-Women
6013,Zink london,Solid square neck rayon blend womens a-line dress - olive,Size:X-Large,"Rs
2499",999,60% off,Westernwear-Women
6014,Is.u,Womens yellow balloon sleeve top - yellow,Size:Large,"Rs
2190",1095,50% off,Westernwear-Women
6015,Faballey,Abstract georgette collared womens shirt dress - red,Size:Small,"Rs
1900",950,50% off,Westernwear-Women
6016,Zink london,Stripes shirt collar polyester womens a-line dress - multi,"Size:Large,Medium,X-Small","Rs
2499",999,60% off,Westernwear-Women
6017,And,Self pattern v neck nylon womens regular fit midi dress - navy,Size:8,"Rs
2899",1449,50% off,Westernwear-Women
6018,Madame,Structured polyester choker neck womens sweater - pink,Size:Large,"Rs
2499",1499,40% off,Westernwear-Women
6019,And,Solid cotton round neck womens regular dress - red,Size:8,"Rs
2499",2249,10% off,Westernwear-Women
6020,Life,Printed cotton round neck womens regular t-shirt - olive,"Size:Small,X-Small","Rs
599",299,50% off,Westernwear-Women
6021,Zink london,Womens round neck floral print top - yellow,"Size:X-Large,XX-Large","Rs
1599",499,69% off,Westernwear-Women
6022,Faballey,Polka dots collared neck cotton womens - white,Size:Small,"Rs
2400",1200,50% off,Westernwear-Women
6023,Kraus,Checks skinny fit rayon nylon womens trousers - black,Size:34,"Rs
1595",797,50% off,Westernwear-Women
6024,Crimsoune club,Printed lyocell mandarin womens shirt - navy,"Size:Medium,Small","Rs
1399",979,30% off,Westernwear-Women
6025,Latin quarters,Solid 100% rayon round neck womens blouson casual top - pink,"Size:S,M","Rs
1499",499,67% off,Westernwear-Women
6026,And,Womens regular fit striped top - red mix,"Size:14,16","Rs
1899",949,50% off,Westernwear-Women
6027,Rare,Striped viscose rayon round neck womens regular fit top - off white,Size:Large,"Rs
1499",599,60% off,Westernwear-Women
6028,Rare,Regular fit above knee crepe womens casual skirt - maroon,Size:32,"Rs
1699",764,55% off,Westernwear-Women
6029,Marie claire,Solid regular fit cotton womens casual pants - sky blue,"Size:26,28","Rs
1699",849,50% off,Westernwear-Women
6030,Only,Solid round neck acrylic women pullover - pink,Size:Large,"Rs
2799",1399,50% off,Westernwear-Women
6031,Miss chase,Solid cotton round neck womens t-shirt - black,"Size:Large,X-Large,X-Small",Nan,1099,No Discount,Westernwear-Women
6032,Sera,Above knee viscose rayon womens casual skirt - white,Size:Medium,"Rs
1098",439,60% off,Westernwear-Women
6033,Emblaze,Solid satin round neck womens straight top - gold,"Size:Large,Medium,Small,X-Large,X-Small,XX-Large",Nan,3000,No Discount,Westernwear-Women
6034,Vero moda,Skinny fit regular cotton womens jeggings - blue denim,"Size:26,27,28,29,30,31,32,33,34","Rs
1999",1599,20% off,Westernwear-Women
6035,Proline,Polyester regular fit womens leggings - black,"Size:Large,Medium,Small,X-Large","Rs
1199",839,30% off,Westernwear-Women
6036,Vero moda,Solid viscose round neck womens top - brown,"Size:Large,Medium,Small,X-Large,X-Small","Rs
2599",2079,20% off,Westernwear-Women
6037,Faballey,Floral round neck georgette womens flared dress - green,Size:X-Small,"Rs
2600",1300,50% off,Westernwear-Women
6038,Faballey,Abstract georgette high neck womens top - blue,Size:X-Large,"Rs
1700",850,50% off,Westernwear-Women
6039,Faballey,Textured lace sweetheart neck womens top - brown,"Size:Large,Medium,Small,X-Large","Rs
1800",1440,20% off,Westernwear-Women
6040,Dolce crudo,Womens secret somedays denim dungaree - light blue,"Size:26,28,30,32,34","Rs
2799",1119,60% off,Westernwear-Women
6041,Vero moda,Solid viscose womens dress - green,"Size:Large,Medium,Small,X-Large,X-Small","Rs
3999",3199,20% off,Westernwear-Women
6042,Sera,Printed polyester womens shrug - navy,Size:Small,"Rs
1494",597,60% off,Westernwear-Women
6043,Emblaze,Womens short skirt with long net trail - black,"Size:Large,Medium,Small,X-Small",Nan,2200,No Discount,Westernwear-Women
6044,Kraus,Skinny ankle length cotton womens regular jeans - grey,Size:28,"Rs
1695",847,50% off,Westernwear-Women
6045,Cover story,Solid viscose spandex round neck womens t-shirt - black,"Size:X-Large,X-Small","Rs
1290",690,47% off,Westernwear-Women
6046,Magre,Solid satin regular fit womens festive skirt - rust,"Size:Large,Medium,Small,X-Small","Rs
1990",796,60% off,Westernwear-Women
6047,And,Womens regular fit striped dress - red mix,Size:12,"Rs
2499",1249,50% off,Westernwear-Women
6048,Sera,Womens regular fit printed flared skirt - natural,"Size:Large,Medium,Small,X-Large","Rs
1494",597,60% off,Westernwear-Women
6049,Sera,Womens regular fit printed trousers - purple,"Size:Large,Medium,Small,X-Large","Rs
1494",597,60% off,Westernwear-Women
6050,Dolce crudo,Womens regular fit flower child denim jeans navy blue - navy,"Size:26,28,30,32,34","Rs
2399",1199,50% off,Westernwear-Women
6051,Life,Solid viscose round neck womens boxy fit top - navy,"Size:Large,Medium,Small,X-Large,X-Small","Rs
799",399,50% off,Westernwear-Women
6052,Vero moda,Clean look cotton straight fit womens jeans - blue,"Size:26,27,28,29,30,31,32,33,34","Rs
4299",3009,30% off,Westernwear-Women
6053,Dolce crudo,Womens sway your way tie-up crop t-shirt - multi,"Size:Large,Medium,Small,X-Large,X-Small","Rs
1149",574,50% off,Westernwear-Women
6054,Only,Printed viscose regular womens a-line dress - blue,"Size:34,36,38,40,42","Rs
3699",2589,30% off,Westernwear-Women
6055,And,Solid cotton round neck womens regular dress - multi,"Size:8,10,12,14,16","Rs
2699",2429,10% off,Westernwear-Women
6056,Van heusen,Skinny fit ankle length cotton stretch womens leggings - charcoal,"Size:Large,Medium,Small,X-Large",Nan,999,No Discount,Westernwear-Women
6057,Faballey,Regular fit calf length polyester womens casual midi skirt - blue,Size:Small,"Rs
1700",850,50% off,Westernwear-Women
6058,Ira soleil,Solid tissue round neck womens ethnic top - pink,"Size:Large,Medium,Small,X-Large",Nan,2499,No Discount,Westernwear-Women
6059,Spykar,Stripes cotton round neck womens t-shirt - lime green,"Size:Large,Medium,Small,X-Large","Rs
1399",979,30% off,Westernwear-Women
6060,Samshek,Printed polyester boat neck womens regular top - multi,"Size:4X-Large,5X-Large,Large,Medium,Small,X-Large,X-Small,XX-Large,XX-Small,XXX-Large",Nan,1490,No Discount,Westernwear-Women
6061,Dolce crudo,Solid v neck fleece womens casual wear jacket - lavender,"Size:Large,Medium,Small,X-Large,X-Small","Rs
2995",1198,60% off,Westernwear-Women
6062,Magre,Printed chiffon v neck womens top - pink,"Size:Large,Medium,Small,X-Small","Rs
1690",1098,35% off,Westernwear-Women
6063,Global desi,Floral round neck womens top - maroon,Size:X-Small,"Rs
2099",1259,40% off,Westernwear-Women
6064,Adidas,Stripes slim fit cotton womens casual wear track pants - red,"Size:Large,Medium,Small,X-Large,X-Small","Rs
1799",1259,30% off,Westernwear-Women
6065,Puma,Printed cotton regular fit womens casual wear track pants - blue,"Size:Large,Medium,Small,X-Large,X-Small","Rs
2799",1959,30% off,Westernwear-Women
6066,Emblaze,Womens white top with front buttons and tieup - white,Size:X-Small,Nan,1400,No Discount,Westernwear-Women
6067,Stop,Womens regular fit solid formal culottes - black & white,"Size:32,36",Nan,1299,No Discount,Westernwear-Women
6068,Fratini,Solid collar viscose womens regular top - peach,"Size:Large,Medium,Small,X-Large,XX-Large","Rs
1499",749,50% off,Westernwear-Women
6069,Faballey,Textured polyester halter neck womens crop top - green,"Size:Large,Medium,Small,X-Large","Rs
1500",750,50% off,Westernwear-Women
6070,W,Printed cotton round neck womens casual jacket - natural,"Size:6,8,10,12,14,16,18",Nan,3999,No Discount,Westernwear-Women
6071,Jealous 21,Skinny fit ankle length denim womens jeans - light blue,"Size:26,28,30,32,34,36",Nan,2499,No Discount,Westernwear-Women
6072,Puma,Printed polyester round neck womens athleisure top - black,"Size:Large,Medium,Small,X-Large,X-Small","Rs
2299",1609,30% off,Westernwear-Women
6073,De moza,Skinny fit ankle length length viscose womens leggings - white,"Size:Large,Medium,Small,X-Large,XX-Large",Nan,799,No Discount,Westernwear-Women
6074,Crimsoune club,Womens dark green printed top - green,"Size:Large,Medium","Rs
1599",1119,30% off,Westernwear-Women
6075,Only,Stripes acrylic round neck womens top - natural,"Size:Large,Medium,Small,X-Small","Rs
2299",1609,30% off,Westernwear-Women
6076,Latin quarters,Solid surplice neck polyester stretch womens shift dress - navy,"Size:S,M,L,XL","Rs
2399",1679,30% off,Westernwear-Women
6077,Vero moda,Mid wash cotton straight fit womens jeans - blue,"Size:25,26,27,28,29,30,31,32,33,34","Rs
4299",3439,20% off,Westernwear-Women
6078,Puma,Polyester round neck womens athleisure top - purple,"Size:Large,Medium,Small,X-Large,X-Small","Rs
2499",1749,30% off,Westernwear-Women
6079,Zink london,Stripes square neck cotton womens a-line dress - off white,"Size:Large,Medium,Small,X-Large,X-Small","Rs
2699",1349,50% off,Westernwear-Women
6080,Enamor,Cotton blend activewear womens track pants - denimex,"Size:XL,Large,Medium,Small",Nan,849,No Discount,Westernwear-Women
6081,Crimsoune club,Slim mid thigh cotton womens casual wear shorts - black,"Size:26,28,30,32,34","Rs
1199",479,60% off,Westernwear-Women
6082,Faballey,Regular fit calf length mesh womens casual skirt - pink,"Size:Large,Medium,Small,X-Large,X-Small","Rs
1700",1360,20% off,Westernwear-Women
6083,Allen solly,Printed polyester regular neck womens top - pink,"Size:Large,Medium,Small,X-Large,X-Small,XX-Large","Rs
1699",1019,40% off,Westernwear-Women
6084,And,Floral linen v-neck womens straight fit top - off white,Size:16,"Rs
1799",899,50% off,Westernwear-Women
6085,109f,Solid polyester halter neck womens top - olive,"Size:Large,Medium,X-Large,XX-Large",Nan,1499,No Discount,Westernwear-Women
6086,Vero moda,Printed cotton round neck womens t-shirt - purple,"Size:Large,Medium,Small,X-Large,X-Small","Rs
1599",1279,20% off,Westernwear-Women
6087,Sera,Dyed polyester round neck womens top - black,"Size:Large,Medium,Small,X-Large","Rs
1298",519,60% off,Westernwear-Women
6088,Emblaze,Womens white sequence dress - white,"Size:Large,Medium,Small,X-Large,X-Small,XX-Large",Nan,2800,No Discount,Westernwear-Women
6089,Samshek,Solid collar neck crepe womens regular dress - natural,"Size:4X-Large,5X-Large,Large,Medium,Small,X-Large,X-Small,XX-Large,XXX-Large",Nan,2490,No Discount,Westernwear-Women
6090,Crimsoune club,Womens slim fit solid trousers - black,"Size:26,30,32,34,36","Rs
1699",1019,40% off,Westernwear-Women
6091,Stop,Textured mandarin polyester womens coat - black,"Size:Large,Medium,Small,X-Large","Rs
2999",1499,50% off,Westernwear-Women
6092,Cover story,Solid v-neck polyester womens regular dress - natural,"Size:Large,Medium,Small,X-Large,X-Small","Rs
3790",1895,50% off,Westernwear-Women
6093,Zink london,Printed round neck acrylic womens sweater - pink,"Size:Large,Medium,Small,X-Large","Rs
3499",1399,60% off,Westernwear-Women
6094,Forever new,Solid polyester cowl neck womens top - amber,"Size:6,8,10,12",Nan,2400,No Discount,Westernwear-Women
6095,Iti,Womens plum pleated flowy maxi - purple,Size:Small,Nan,3499,No Discount,Westernwear-Women
6096,Madame,Solid cotton square neck womens casual top - natural,"Size:Large,Medium,Small,XX-Large","Rs
1599",799,50% off,Westernwear-Women
6097,Latin quarters,Dyed v-neck polyester womens regular blouse - maroon,Size:S,Nan,1499,No Discount,Westernwear-Women
6098,Dolce crudo,Womens the gossip girl denim joggers - navy,"Size:26,28,30,32,34","Rs
2349",939,60% off,Westernwear-Women
6099,Faballey,Floral sleeveless georgette womens regular length jumpsuit - white,"Size:Large,Small,X-Large,X-Small","Rs
2200",1100,50% off,Westernwear-Women
6100,Faballey,Floral georgette square neck womens tops - natural,"Size:Large,Medium,Small,X-Large","Rs
1400",700,50% off,Westernwear-Women
6101,Crimsoune club,Womens slim fit solid trousers - blue,"Size:28,32,34,36","Rs
1499",1049,30% off,Westernwear-Women
6102,Allen solly,Printed polyester stylized womens top - off white,"Size:Large,Medium,Small,X-Small","Rs
1499",899,40% off,Westernwear-Women
6103,Only,Washed 100% polyester womens top - green,"Size:34,36,38,40,42","Rs
2999",1799,40% off,Westernwear-Women
6104,Magre,Printed polyester blend square neck womens dress - black,"Size:Medium,Small,X-Small","Rs
2490",1245,50% off,Westernwear-Women
6105,Van heusen,Printed polyester cotton v neck womens dress - black,Size:Small,"Rs
2999",1499,50% off,Westernwear-Women
6106,Crimsoune club,Checks cotton collared womens shirt - multi,"Size:Large,Medium,Small,X-Large,XX-Large","Rs
1399",1259,10% off,Westernwear-Women
6107,Cover story,Regular fit cotton spandex womens jeans - black,"Size:26,28,32","Rs
1890",1134,40% off,Westernwear-Women
6108,And,Womens stripes shirt collar dress - black,Size:8,"Rs
3299",1319,60% off,Westernwear-Women
6109,Latin quarters,Solid square neck blended womens regular fit dress - black,"Size:S,M,L,XL","Rs
1999",999,50% off,Westernwear-Women
6110,Latin quarters,Solid cotton womens regular dress - green,"Size:S,M,L,X-Small","Rs
2499",1749,30% off,Westernwear-Women
6111,Adidas,Printed cotton round neck womens t-shirt - white,"Size:Large,Small,X-Large,X-Small","Rs
1399",979,30% off,Westernwear-Women
6112,Adidas,Printed cotton round neck womens t-shirt - white,"Size:Large,Medium,X-Large",Nan,1499,No Discount,Westernwear-Women
6113,Adidas,Printed cotton round neck womens t-shirt - orange,"Size:Large,Medium,Small,X-Large","Rs
1999",1399,30% off,Westernwear-Women
6114,Life,Regular fit regular length denim womens jeans - ice,"Size:26,28,30,32,34,36",Nan,1999,No Discount,Westernwear-Women
6115,Only,Straight cropped cotton blend women jeans - blue,Size:34,"Rs
3499",2799,20% off,Westernwear-Women
6116,Rare,Polka dots crepe square neck womens regular fit top - white,"Size:Large,Medium,Small","Rs
1799",629,65% off,Westernwear-Women
6117,And,Floral polyester round neck women a line top - sage,Size:8,"Rs
1799",1259,30% off,Westernwear-Women
6118,Global desi,Womens fit and flare gathered pleated geometric casual wear dress - red,"Size:XL,Small,X-Small","Rs
2199",879,60% off,Westernwear-Women
6119,And,Solid tapered polyester women work wear trouser - navy,"Size:26,28,30,32,34","Rs
2499",1624,35% off,Westernwear-Women
6120,Zink london,Solid hood polyester women casual jackets - blue,Size:Large,"Rs
4999",1999,60% off,Westernwear-Women
6121,Sera,Printed polyester v-neck womens regular fit top - navy,Size:Small,"Rs
1294",582,55% off,Westernwear-Women
6122,Cover story,Solid round neck cotton spandex womens t-shirt - white,Size:Small,"Rs
1190",690,42% off,Westernwear-Women
6123,Global desi,Floral sleeveless womens long length jumpsuit - dark blue,"Size:XL,Small","Rs
2799",1819,35% off,Westernwear-Women
6124,Faballey,Solid cotton blend v neck womens crop top - grey,"Size:Small,X-Small","Rs
950",475,50% off,Westernwear-Women
6125,Only,Regular fit ankle length cotton womens jeans - blue,Size:Large,"Rs
4299",3009,30% off,Westernwear-Women
6126,Zink london,Womens v neck floral print a-line dress - black,Size:X-Small,"Rs
2499",699,72% off,Westernwear-Women
6127,Allen solly,Solid square neck cotton linen womens regular dress - natural,"Size:Large,Medium","Rs
2499",1499,40% off,Westernwear-Women
6128,Faballey,Floral georgette one shoulder womens regular top - green,Size:X-Large,"Rs
1500",750,50% off,Westernwear-Women
6129,Magre,Polka dots half sleeves polyester blend womens jumpsuit - black,Size:X-Small,"Rs
2190",876,60% off,Westernwear-Women
6130,Lovegen,Solid viscose blend turtle neck womens t-shirt - pink,Size:X-Large,"Rs
990",396,60% off,Westernwear-Women
6131,Van heusen,Solid cotton collar neck womens dress - navy,"Size:Large,Small","Rs
3299",1999,39% off,Westernwear-Women
6132,Magre,Polka dots satin cowl neck womens dress - black,Size:Small,"Rs
3190",1595,50% off,Westernwear-Women
6133,Latin quarters,Dyed collar neck cotton womens regular dress - maroon,"Size:S,M","Rs
2499",1249,50% off,Westernwear-Women
6134,Zink london,Acrylic women sweaters - red,Size:Large,"Rs
2199",879,60% off,Westernwear-Women
6135,Marie claire,Regular fit knee length polyester womens casual skirt - wine,Size:32,"Rs
1399",699,50% off,Westernwear-Women
6136,Global desi,Womens regular fit floral top - off white,"Size:XL,XX-Large","Rs
2099",839,60% off,Westernwear-Women
6137,Rare,Solid cotton round neck womens regular fit top - grey,Size:XX-Large,"Rs
1399",559,60% off,Westernwear-Women
6138,Marie claire,Regular fit above knee cotton womens casual shorts - blue,Size:26,"Rs
999",499,50% off,Westernwear-Women
6139,Vero moda,Printed cotton off shoulder womens top - pink,"Size:Large,Medium,Small,X-Large,X-Small","Rs
2599",1819,30% off,Westernwear-Women
6140,Pepe,Graphic cotton blend regular fit womens joggers - black,"Size:Large,Medium,Small,X-Large","Rs
2599",1559,40% off,Westernwear-Women
6141,Magre,Floral polyester blend v neck womens dress - pink,"Size:Large,Medium,Small,X-Small","Rs
3790",1895,50% off,Westernwear-Women
6142,Latin quarters,Printed v- neck polyester womens regular dress - ivory,"Size:S,M,L,XL","Rs
1999",999,50% off,Westernwear-Women
6143,Pepe,Skinny fit cotton blend womens jeans - denim,"Size:26,28,30,32,34","Rs
2199",1319,40% off,Westernwear-Women
6144,Myshka,Printed cotton mandarin womens jacket - navy,",Medium,Small,X-Large,XX-Large","Rs
1899",949,50% off,Westernwear-Women
6145,Faballey,Solid sleeveless crepe womens regular length jumpsuits - black,"Size:Large,Medium,Small,X-Small","Rs
2400",1920,20% off,Westernwear-Women
6146,Puma,Polyester mid rise performance fit womens athleisure tights - rose,"Size:Large,Medium,Small,X-Large,X-Small","Rs
2499",1749,30% off,Westernwear-Women
6147,Vero moda,Solid cotton relaxed fit womens pants - green,"Size:Large,Medium,Small,X-Large,X-Small","Rs
2999",2399,20% off,Westernwear-Women
6148,Magre,Solid sleeveless polyester blend womens regular length jumpsuit - black,"Size:Large,Medium,Small,X-Small","Rs
3190",1914,40% off,Westernwear-Women
6149,Pepe,Solid viscose key hole neck womens top - red,"Size:Large,Medium,Small,X-Large","Rs
1999",1199,40% off,Westernwear-Women
6150,Is.u,Womens pleated ruffle green top - green,"Size:Large,Medium,X-Large","Rs
1490",745,50% off,Westernwear-Women
6151,Kraus,Printed collar neck rayon womens casual wear shirts - black,"Size:Large,Medium,Small,X-Small","Rs
1299",1169,10% off,Westernwear-Women
6152,Is.u,Printed cotton womens regular fit top - yellow,"Size:Large,Medium,Small,X-Small,XX-Large","Rs
2190",1095,50% off,Westernwear-Women
6153,Crimsoune club,Printed hood poly cotton womens sweatshirt - purple,"Size:Large,Medium,Small,X-Large,XX-Large","Rs
2499",1249,50% off,Westernwear-Women
6154,Vero moda,Stripes boat neck cotton viscose womens t-shirt - red,"Size:Large,Medium,Small,X-Large,X-Small","Rs
1999",1599,20% off,Westernwear-Women
6155,Gipsy,Womens solid tie up neck casual shirt - brick,"Size:Large,Medium,X-Large,XX-Large","Rs
1795",1256,30% off,Westernwear-Women
6156,Magre,Solid satin cowl neck womens top - lavender,"Size:Large,Small,X-Small","Rs
1590",715,55% off,Westernwear-Women
6157,Jealous 21,Solid round neck cotton womens regular top - green,"Size:Large,Medium,Small,X-Large",Nan,1199,No Discount,Westernwear-Women
6158,Only,Denim cotton blend womens t-shirt - blue,"Size:25,26,27,28,29,30,31,32,33,34","Rs
3699",2959,20% off,Westernwear-Women
6159,Ed hardy,Solid fitted fit polyester womens tights - red,"Size:Large,Medium,Small,X-Large,X-Small","Rs
2999",2099,30% off,Westernwear-Women
6160,Sera,Womens regular fit printed v neck blouson top - off white,"Size:Large,Small,X-Large","Rs
1098",494,55% off,Westernwear-Women
6161,Enamor,Cotton activewear womens track pants - khaki,"Size:XL,Large,Medium,Small",Nan,1699,No Discount,Westernwear-Women
6162,Faballey,Floral georgette square neck womens dress - peach,"Size:Large,Medium,Small,X-Large,X-Small","Rs
2200",1760,20% off,Westernwear-Women
6163,Gipsy,Printed polyester v-neck womens top - sage,"Size:Small,XX-Large",Nan,1495,No Discount,Westernwear-Women
6164,Crimsoune club,Printed y neck lyocell womens dresses - orange,"Size:Large,Medium,Small,X-Large,XX-Large","Rs
1699",1189,30% off,Westernwear-Women
6165,Only,Solid cotton round neck womens t-shirt - black,"Size:Large,Medium,Small,X-Large,X-Small","Rs
1799",1079,40% off,Westernwear-Women
6166,Life,Embroidered round neck polyester blend womens sweatshirt - lilac,"Size:Large,Medium,Small,X-Large,X-Small","Rs
799",399,50% off,Westernwear-Women
6167,Lovegen,Solid shoulder straps cotton womens short length dungarees - ecru,"Size:Large,Medium,Small,X-Large","Rs
1999",999,50% off,Westernwear-Women
6168,Lovegen,Women round neck printed front knot top - grey melange,Size:Small,"Rs
999",399,60% off,Westernwear-Women
6169,Zink london,Embroidered cotton regular fit womens casual pants - multi,"Size:Large,Medium,Small,X-Large","Rs
1899",1139,40% off,Westernwear-Women
6170,Vero moda,Textured viscose round neck womens  tops - blue,"Size:Large,Medium,Small,X-Large,X-Small",Nan,2299,No Discount,Westernwear-Women
6171,Samshek,Solid polyester round neck womens bodycon top - pink,"Size:4X-Large,5X-Large,Large,Medium,Small,X-Large,X-Small,XX-Large,XX-Small,XXX-Large","Rs
2090",1881,10% off,Westernwear-Women
6172,Zink london,Solid round neck acrylic womens casual shrug - pink,"Size:Large,Medium,Small","Rs
2499",999,60% off,Westernwear-Women
6173,Pepe,Stripes ht crinkle viscose round neck womens top - multi,"Size:Large,Medium,Small,X-Large","Rs
1999",1199,40% off,Westernwear-Women
6174,Lovegen,Womens checked casual shirt - checks,"Size:Medium,Small","Rs
1599",639,60% off,Westernwear-Women
6175,Emblaze,Womens red drape dress - red,"Size:Large,Medium,Small,X-Large,X-Small,XX-Large",Nan,4000,No Discount,Westernwear-Women
6176,Kraus,Solid lyocell collar neck womens casual shirt - dark blue,"Size:Large,Medium,Small,X-Large","Rs
1499",1049,30% off,Westernwear-Women
6177,Only,Textured nylon polyester v neck womens top - yellow,"Size:34,36,38,40","Rs
1499",899,40% off,Westernwear-Women
6178,Only,Textured cotton womens top - white,"Size:34,36,38,40,42","Rs
1999",1199,40% off,Westernwear-Women
6179,Faballey,Womens blue white striped crop top - blue,"Size:Small,X-Large","Rs
1200",600,50% off,Westernwear-Women
6180,Vero moda,Textured strapless cotton womens top - blue,"Size:Medium,Small,X-Small","Rs
1999",999,50% off,Westernwear-Women
6181,Life,Regular fit mid thigh cotton lycra womens casual shorts - black,"Size:26,28,30,32,34","Rs
999",499,50% off,Westernwear-Women
6182,Gipsy,Solid polyester key hole neck womens blouson top - dusty pink,"Size:Medium,XX-Large","Rs
1795",1256,30% off,Westernwear-Women
6183,Faballey,Solid net high neck womens regular top - purple,"Size:Large,Medium,Small,X-Large,X-Small","Rs
1500",1200,20% off,Westernwear-Women
6184,Vero moda,Solid viscose round neck womens casual jacket - blue,"Size:Large,Medium,Small,X-Large,X-Small","Rs
3499",2449,30% off,Westernwear-Women
6185,Sera,Printed v-neck viscose womens a-line dress - black,"Size:Large,Medium,Small,X-Large","Rs
1494",747,50% off,Westernwear-Women
6186,Gipsy,Solid linen square neck womens top - rust,"Size:Large,Medium,X-Large,XX-Large","Rs
1495",1196,20% off,Westernwear-Women
6187,Zink london,Womens structure v neck shift dress - blue,"Size:Large,Medium,Small,X-Small,XX-Large","Rs
2499",999,60% off,Westernwear-Women
6188,Levis,Solid hood cotton polyester womens casual jacket - pink,"Size:Large,Medium,Small,X-Large,X-Small",Nan,3599,No Discount,Westernwear-Women
6189,Sera,Womens regular fit solid pants - red,"Size:Large,Medium,Small,X-Large","Rs
1099",549,50% off,Westernwear-Women
6190,Madame,Solid cotton collar neck womens top - green,"Size:Large,Medium,Small,X-Large,XX-Large",Nan,1099,No Discount,Westernwear-Women
6191,Faballey,Floral cotton square neck womens mini dress - yellow,"Size:Large,Medium,Small,X-Large,X-Small","Rs
2200",1760,20% off,Westernwear-Women
6192,Vero moda,Solid polyester halter neck womens top - white,"Size:Large,Medium,Small,X-Small","Rs
2799",2239,20% off,Westernwear-Women
6193,Vero moda,Solid flared cotton womens casual wear pants - purple,"Size:Large,Medium,Small,X-Large,X-Small","Rs
2999",2399,20% off,Westernwear-Women
6194,Fratini,Solid cotton blend square neck womens regular fit top - olive,"Size:Large,Medium,Small,X-Small","Rs
899",449,50% off,Westernwear-Women
6195,Global desi,Floral mandarin collar womens tunic - pink,"Size:XL,Large,Medium,Small,X-Small","Rs
2399",1199,50% off,Westernwear-Women
6196,Gipsy,Printed polyester choker neck womens top - green,"Size:Large,Medium,Small,X-Large",Nan,1495,No Discount,Westernwear-Women
6197,Cover story,Solid cotton poly spandex womens regular dress - yellow,"Size:Large,Medium,Small,X-Large,X-Small","Rs
1990",1393,30% off,Westernwear-Women
6198,Global desi,Solid v-neck womens tunic - aqua,"Size:Large,Medium,Small,X-Small","Rs
1999",1199,40% off,Westernwear-Women
6199,Stop,Stripes regular fit viscose womens formal pants - navy,"Size:28,30,32,34,36","Rs
999",499,50% off,Westernwear-Women
6200,Stop,Printed viscose regular fit womens top - mustard,"Size:Large,Medium,Small,X-Large,X-Small,XX-Large",Nan,1299,No Discount,Westernwear-Women
6201,Latin quarters,Dyed v-neck acrylic womens regular top - wine,"Size:S,M,L,XL","Rs
2399",1679,30% off,Westernwear-Women
6202,Puma,Printed cotton round neck womens athleisure top - purple,"Size:Large,Medium,Small,X-Large,X-Small","Rs
1799",1259,30% off,Westernwear-Women
6203,Zink london,Embellished round neck acrylic women shift dress - grey,"Size:Large,Medium,X-Large","Rs
3499",1399,60% off,Westernwear-Women
6204,Only,Flared regular cotton blend women jeans - blue,Size:34,"Rs
2799",2239,20% off,Westernwear-Women
6205,Rare,Three quarter sleeves regular fit womens casual top - black,"Size:Large,Medium,Small,X-Large","Rs
1599",639,60% off,Westernwear-Women
6206,And,Floral polyester women flared dress - lilac,"Size:8,10,12,14,16","Rs
2299",1609,30% off,Westernwear-Women
6207,Miss chase,Womens regular fit printed top - multi,"Size:Large,Medium,Small,X-Large,X-Small",Nan,2099,No Discount,Westernwear-Women
6208,Faballey,Solid georgette round neck womens comfort fit top - purple,"Size:Large,X-Large","Rs
1200",600,50% off,Westernwear-Women
6209,Kraus,Skinny fit ankle length cotton blend womens jeans - blue,"Size:28,36","Rs
1895",947,50% off,Westernwear-Women
6210,Allen solly,Checks regular fit polyester blend womens trousers - mid blue,Size:36,"Rs
1899",1139,40% off,Westernwear-Women
6211,Crimsoune club,Printed lyocell mandarin womens top - green,"Size:Small,X-Large,XX-Large",Nan,1499,No Discount,Westernwear-Women
6212,And,Polka dots v-neck womens a-line top - blue mix light,Size:8,"Rs
1699",849,50% off,Westernwear-Women
6213,Global desi,Solid viscose mandarin collar womens straight tunic - off white,"Size:XL,Small,X-Small","Rs
2399",1439,40% off,Westernwear-Women
6214,Sera,Regular fit regular cotton womens festive wear skirt - navy,"Size:Medium,Small","Rs
2498",1249,50% off,Westernwear-Women
6215,And,Floral round neck polyester womens evening dress - multi,Size:8,"Rs
4999",3249,35% off,Westernwear-Women
6216,Madame,Checks round neck regular fit womens pullover - yellow,Size:Large,"Rs
2399",1439,40% off,Westernwear-Women
6217,And,Solid polyester square neck women straight tops - blue mix light,"Size:12,16","Rs
1499",1049,30% off,Westernwear-Women
6218,And,Solid polyester tie up neck womens a-line top - orange,Size:8,"Rs
1699",849,50% off,Westernwear-Women
6219,Crimsoune club,Regular regular cotton womens casual wear skirt - brown,"Size:Large,Medium,X-Large","Rs
2299",2069,10% off,Westernwear-Women
6220,Latin quarters,Printed round neck polyester womens regular dress - red,"Size:S,M","Rs
2799",1399,50% off,Westernwear-Women
6221,Samshek,Printed one shoulder polyester womens bodycon dress - black,Size:XX-Small,Nan,4000,No Discount,Westernwear-Women
6222,And,Stripes shirt collar womens jacket - navy,"Size:10,16,18","Rs
2499",1249,50% off,Westernwear-Women
6223,Indya,Embellished sleeveless viscose womens full length jumpsuit - green,"Size:Medium,Small,XX-Large",Nan,2700,No Discount,Westernwear-Women
6224,And,Solid viscose collar neck women regular top - peach,Size:8,"Rs
1899",1329,30% off,Westernwear-Women
6225,Marie claire,Printed viscose rayon square neck womens top - black,"Size:Large,X-Large","Rs
1599",719,55% off,Westernwear-Women
6226,Faballey,Solid cotton collared womens belted coat - blue,"Size:Large,Medium,Small","Rs
3800",1900,50% off,Westernwear-Women
6227,Kraus,Solid cotton blend wide fit womens casual pants - green mix,"Size:Large,Medium,Small,X-Small","Rs
1795",1615,10% off,Westernwear-Women
6228,Adidas,Printed cotton round neck womens t-shirt - white,"Size:104,110,116,128,140","Rs
1799",899,50% off,Westernwear-Women
6229,Faballey,Printed square neck crepe womens regular top - green,Size:Medium,"Rs
1400",700,50% off,Westernwear-Women
6230,Vero moda,Printed cotton round neck womens  t-shirts - white,"Size:Large,Medium,Small,X-Large,X-Small","Rs
999",699,30% off,Westernwear-Women
6231,And,Self design v-neck womens peplum top - gold,"Size:8,10","Rs
1799",899,50% off,Westernwear-Women
6232,Faballey,Solid high neck viscose womens comfort fit midi dress - purple,Size:Small,"Rs
2500",1250,50% off,Westernwear-Women
6233,Adidas,Stripes cotton regular fit womens tights - grey,"Size:110,116,128,140","Rs
2699",1889,30% off,Westernwear-Women
6234,Indya,Printed georgette regular fit womens festive wear jacket - purple,Size:Small,"Rs
2000",1000,50% off,Westernwear-Women
6235,Global desi,Geometric v-neck womens tunic - pink,"Size:XL,Large,Medium,Small,X-Small,XX-Large","Rs
1699",849,50% off,Westernwear-Women
6236,And,Solid tapered fit rayon womens trousers - navy,"Size:26,28,30,32,34,36",Nan,1999,No Discount,Westernwear-Women
6237,Faballey,Floral v neck georgette womens regular dresses - grey,"Size:Small,X-Small","Rs
2600",1300,50% off,Westernwear-Women
6238,Magre,Floral polyester blend sweetheart neck womens dress - green,"Size:Large,Small,X-Small","Rs
3690",1660,55% off,Westernwear-Women
6239,Kraus,Wide fit ankle length cotton womens jeans - blue,Size:32,"Rs
1595",1116,30% off,Westernwear-Women
6240,Crimsoune club,Womens yellow striped parallel trousers - mustard,"Size:Large,Medium,X-Large,XX-Large,XXX-Large","Rs
1999",999,50% off,Westernwear-Women
6241,Faballey,Animal print collared neck cotton womens pyjama shirt set - purple,"Size:Large,Medium,Small,X-Small","Rs
2400",1200,50% off,Westernwear-Women
6242,Cover story,Stripes blended round neck womens t-shirt - yellow,"Size:Large,Medium,Small,X-Large,X-Small","Rs
1490",1043,30% off,Westernwear-Women
6243,Faballey,Floral v neck georgette womens mini dress - blue,Size:XXX-Large,"Rs
2100",1050,50% off,Westernwear-Women
6244,Faballey,Floral georgette boat neck womens regular top - brown,Size:Small,"Rs
1400",700,50% off,Westernwear-Women
6245,Vero moda,Solid linen shoulder straps womens top - blue,"Size:Large,Medium,Small,X-Small","Rs
1999",1599,20% off,Westernwear-Women
6246,Dolce crudo,Womens regular fit girl at work denim jeans navy blue - navy,"Size:26,34","Rs
2299",919,60% off,Westernwear-Women
6247,Only,Comfort fit polyester womens casual wear pants - black,"Size:Large,Medium,Small,X-Large,X-Small","Rs
2499",1499,40% off,Westernwear-Women
6248,Adidas,Printed cotton skinny fit womens tights - multi,"Size:Large,Medium,Small,X-Large,X-Small","Rs
3299",2309,30% off,Westernwear-Women
6249,Is.u,Solid polyester womens casual shirt - white,"Size:Medium,Small","Rs
1800",900,50% off,Westernwear-Women
6250,Gipsy,Solid satin round neck womens regular fit top - olive,Size:Large,"Rs
1495",747,50% off,Westernwear-Women
6251,Gipsy,Womens v neck sequined flared dress - sage,"Size:Large,Medium,Small,X-Large","Rs
3495",2446,30% off,Westernwear-Women
6252,Sera,Solid collar neck rayon blend womens top - yellow,"Size:Large,Small,X-Large","Rs
1094",547,50% off,Westernwear-Women
6253,Faballey,Embellished round neck net womens regular dress - grey,"Size:Large,Medium,Small,X-Large,X-Small","Rs
2600",2080,20% off,Westernwear-Women
6254,Sera,Womens regular fit printed shorts - blue,"Size:Large,Medium,Small,X-Large","Rs
1094",437,60% off,Westernwear-Women
6255,Magre,Solid regular fit poly blend womens jeggings - black,"Size:Large,Medium,Small,X-Small","Rs
2490",1494,40% off,Westernwear-Women
6256,Adidas,Printed fitted fit polyester womens tights - white,"Size:128,140,SIZE_152,SIZE_164","Rs
2999",1499,50% off,Westernwear-Women
6257,Only,Checks cotton round neck womens top - pink,"Size:34,36,38,40,42","Rs
2299",1609,30% off,Westernwear-Women
6258,Vero moda,Printed cotton round neck womens t-shirt - orange,"Size:Large,Medium,Small,X-Large,X-Small","Rs
1299",1039,20% off,Westernwear-Women
6259,Mystere paris,Activewear/nightwear womens t-shirt - grey,"Size:Large,Medium,Small,X-Large,XX-Large","Rs
599",359,40% off,Westernwear-Women
6260,Samshek,Solid crepe collar neck womens casual wear shirt - black,"Size:4X-Large,5X-Large,Large,Medium,Small,X-Large,X-Small,XX-Large,XXX-Large",Nan,1490,No Discount,Westernwear-Women
6261,Van heusen,Skinny fit ankle length cotton stretch womens leggings - ocean,"Size:Large,Medium,Small,X-Large",Nan,999,No Discount,Westernwear-Women
6262,Adidas,Stripes polyester slim fit womens pants - black,"Size:Large,Medium,Small,X-Large,X-Small","Rs
2499",1249,50% off,Westernwear-Women
6263,Puma,Printed cotton collar neck womens t-shirt - orange,"Size:Large,Medium,Small,X-Large,X-Small","Rs
1499",1049,30% off,Westernwear-Women
6264,Puma,Polyester mid rise performance fit womens athleisure tights - rose,"Size:Large,Medium,Small,X-Large,X-Small","Rs
2799",1959,30% off,Westernwear-Women
6265,Only,Graphic cotton collarless womens sweater - purple,"Size:Large,Medium,Small,X-Large,X-Small","Rs
2299",1379,40% off,Westernwear-Women
6266,Puma,Polyester mid rise tailored fit womens athleisure pants - black,"Size:Large,Medium,Small,X-Large,X-Small","Rs
4999",3499,30% off,Westernwear-Women
6267,Zink london,Lace u neck polyester womens midi dress - pink,"Size:Large,Medium,Small,X-Large","Rs
2599",2079,20% off,Westernwear-Women
6268,Iti,Womens solid pleated top - green,"Size:Medium,Small,X-Large",Nan,1899,No Discount,Westernwear-Women
6269,Reebok,Solid slim fit cotton womens athleisure track pants - black,"Size:Small,X-Small","Rs
1499",749,50% off,Westernwear-Women
6270,Van heusen,Solid v-neck polyester womens top - pink,Size:X-Small,"Rs
1049",799,24% off,Westernwear-Women
6271,Latin quarters,Printed collar neck cotton womens regular dress - brown,"Size:S,M,L","Rs
2499",1249,50% off,Westernwear-Women
6272,Indya,Floral viscose regular fit womens regular length jumpsuit - blue,Size:Small,Nan,2100,No Discount,Westernwear-Women
6273,Zink london,Printed off shoulder polyester womens straight fit dress - white,Size:Medium,"Rs
2299",699,70% off,Westernwear-Women
6274,Zink london,Regular fit mid thigh polyester womens casual skirt - green,"Size:Large,Medium,Small,X-Large","Rs
1699",1359,20% off,Westernwear-Women
6275,Fratini,Solid regular neck viscose blend womens cardigan - taupe,"Size:Large,Medium,Small,X-Large,X-Small","Rs
1699",849,50% off,Westernwear-Women
6276,Van heusen,Cotton regular fit womens active wear capri pants - dark blue,"Size:Large,Medium,Small,X-Large,XX-Large",Nan,979,No Discount,Westernwear-Women
6277,Dolce crudo,Womens skinny fit shake it off slit jeans - white,"Size:26,28,30,32,34","Rs
2499",1124,55% off,Westernwear-Women
6278,Sera,Floral sweetheart neck polyester womens regular dress - blue,"Size:Large,Medium,Small,X-Large","Rs
2998",1499,50% off,Westernwear-Women
6279,Allen solly,Solid polyester regular neck womens dress - off white,"Size:Large,Medium,Small,X-Large,X-Small,XX-Large","Rs
3999",2799,30% off,Westernwear-Women
6280,Crimsoune club,Printed round neck cotton blend womens dresses - navy,"Size:Large,Medium,Small,X-Large,XX-Large","Rs
2299",1149,50% off,Westernwear-Women
6281,Madame,Printed chiffon round neck womens casual top - off white,Size:Medium,"Rs
1699",849,50% off,Westernwear-Women
6282,Latin quarters,Womens twill no sleeves dress in green color with belt - green,Size:S,"Rs
1899",799,58% off,Westernwear-Women
6283,Madame,Stripes polyester square neck womens top - white,"Size:Large,Medium,Small,X-Large","Rs
1299",779,40% off,Westernwear-Women
6284,And,Floral polyester one shoulder womens woven top - multi,Size:14,"Rs
1299",909,30% off,Westernwear-Women
6285,Puma,Cotton mid rise slim fit womens athleisure pants - rose,"Size:Large,Medium,Small,X-Large,X-Small","Rs
2499",1749,30% off,Westernwear-Women
6286,Vero moda,Printed viscose modal round neck womens top - green,"Size:Large,Medium,Small,X-Large,X-Small","Rs
2499",1999,20% off,Westernwear-Women
6287,Latin quarters,Solid boat neck cotton blend womens a-line dress - red,Size:S,"Rs
2499",1249,50% off,Westernwear-Women
6288,109f,Womens tie up neck embroidered top - black,"Size:Large,Medium,Small,X-Large,XX-Large,XXX-Large",Nan,1799,No Discount,Westernwear-Women
6289,Samshek,Solid flared sleeves crepe womens full length jumpsuit - black,"Size:4X-Large,5X-Large,Large,Medium,Small,X-Large,X-Small,XX-Large,XXX-Large","Rs
2890",2023,30% off,Westernwear-Women
6290,Kraus,Printed cotton blend round neck womens top - green mix,"Size:Large,Medium,Small,X-Small","Rs
1295",1165,10% off,Westernwear-Women
6291,Van heusen,Solid polyester wool collar neck womens jacket - black,"Size:Large,Medium",Nan,5499,No Discount,Westernwear-Women
6292,Crimsoune club,Slim mid thigh cotton womens casual wear shorts - white,"Size:26,28,30,32,34","Rs
1199",479,60% off,Westernwear-Women
6293,Faballey,Geometric polyester sweetheart neck womens blouse - blue,"Size:Large,Medium,Small,X-Large,X-Small","Rs
1400",1120,20% off,Westernwear-Women
6294,Madame,Solid polyester round neck womens top - brown,Size:XX-Large,"Rs
1699",849,50% off,Westernwear-Women
6295,Van heusen,Printed cotton round neck womens top - mid blue,"Size:Large,Medium,Small,X-Large,X-Small",Nan,1999,No Discount,Westernwear-Women
6296,Crimsoune club,Womens white solid palazzo - white,"Size:Large,Medium,X-Large,XX-Large","Rs
1599",1119,30% off,Westernwear-Women
6297,Dolce crudo,Solid hood fleece womens casual wear jacket - rust,"Size:Small,X-Small","Rs
2995",1198,60% off,Westernwear-Women
6298,Vero moda,Light wash cotton straight fit womens jeans - pink,"Size:26,27,28,29,30,31,32,33,34","Rs
3999",2799,30% off,Westernwear-Women
6299,Kraus,Skinny fit ankle length cotton womens jeans - blue,Size:28,"Rs
1795",897,50% off,Westernwear-Women
6300,Kraus,Skinny fit ankle length cotton womens jeans - black,"Size:28,30,38","Rs
1695",1186,30% off,Westernwear-Women
6301,Latin quarters,Solid polyester round neck womens regular top - ivory,"Size:S,M,X-Small","Rs
1699",849,50% off,Westernwear-Women
6302,Samshek,Solid round neck crepe womens regular dress - black,"Size:4X-Large,5X-Large,Large,Medium,Small,X-Large,X-Small,XX-Large,XXX-Large","Rs
3600",2520,30% off,Westernwear-Women
6303,And,Womens solid embroidered mandarin collar fit and flare gown - lilac,Size:20,Nan,4999,No Discount,Westernwear-Women
6304,Reebok,Solid regular fit polyester womens sports top - black,"Size:Large,Medium,Small,X-Large,X-Small","Rs
1799",899,50% off,Westernwear-Women
6305,Crimsoune club,Womens red printed top - red,"Size:Large,Medium,Small,X-Large,XX-Large","Rs
1299",1039,20% off,Westernwear-Women
6306,Van heusen,Cotton polyester fleece regular fit womens t-shirt - black,"Size:Large,Medium,Small,X-Large",Nan,999,No Discount,Westernwear-Women
6307,Is.u,Womens black v-neck button down dress - black,"Size:Large,Small","Rs
2190",1095,50% off,Westernwear-Women
6308,Vero moda,Printed polyester one shoulder womens dress - red,"Size:Large,Medium,Small,X-Large,X-Small","Rs
3499",2449,30% off,Westernwear-Women
6309,Zink london,Printed rayon collared neck womens regular fit top - black,"Size:Large,Medium,Small,X-Small","Rs
1599",639,60% off,Westernwear-Women
6310,Zink london,Printed polyester womens shift dress - multi,Size:Large,"Rs
2299",919,60% off,Westernwear-Women
6311,Latin quarters,Dyed rayon shirt collar womens regular top - pink,Size:S,"Rs
1299",499,62% off,Westernwear-Women
6312,Madame,Womens fitted polka dots high neck top - wine,"Size:Large,Small,X-Large","Rs
1899",949,50% off,Westernwear-Women
6313,Life,Womens 5 pocket washed shorts - denim regular,"Size:28,34,36",Nan,999,No Discount,Westernwear-Women
6314,Iti,Womens solid cape sleeves boat neck straight top - electric,"Size:Large,Medium,Small,X-Large,X-Small",Nan,1799,No Discount,Westernwear-Women
6315,Miss chase,Womens skinny fit clean look jeans - white,"Size:26,28,30,32,34",Nan,1949,No Discount,Westernwear-Women
6316,Marie claire,Polka dots v-neck rayon womens wrap dress - grey,"Size:Small,X-Small","Rs
2499",1249,50% off,Westernwear-Women
6317,Puma,Solid crew neck cotton women activewear jackets - pink,Size:Small,"Rs
4999",3499,30% off,Westernwear-Women
6318,Marie claire,Solid boat neck crepe womens a-line dress - wine,"Size:Large,X-Small","Rs
2490",1245,50% off,Westernwear-Women
6319,Lovegen,Womens skinny fit whiskered effect jeans - light blue,Size:X-Small,"Rs
1699",679,60% off,Westernwear-Women
6320,Cover story,Striped round neck viscose women bodycon women dress - wine,Size:Large,"Rs
2290",1145,50% off,Westernwear-Women
6321,Vero moda,Stripes off shoulder cotton womens top - natural,"Size:Large,X-Large","Rs
2299",1149,50% off,Westernwear-Women
6322,Faballey,Polka dots round neck georgette womens regular fit top - yellow,Size:X-Large,"Rs
1400",700,50% off,Westernwear-Women
6323,And,Solid polyester square neck womens straight top - lilac,Size:8,"Rs
1699",849,50% off,Westernwear-Women
6324,Kraus,Solid collared neck cotton blend womens casual shirt - peach,Size:Medium,"Rs
1299",649,50% off,Westernwear-Women
6325,Faballey,Floral georgette square neck womens skater dress - natural,"Size:Medium,Small","Rs
2200",1100,50% off,Westernwear-Women
6326,Latin quarters,Solid round neck polyester womens dress - peach,Size:S,"Rs
2999",1499,50% off,Westernwear-Women
6327,Zink london,Printed polyester v-neck womens regular fit top - white,Size:Small,"Rs
1799",719,60% off,Westernwear-Women
6328,And,Striped viscose shirt collar womens woven top - blue,"Size:14,16","Rs
1499",749,50% off,Westernwear-Women
6329,Zink london,Printed rayon square neck women's dress - navy,"Size:X-Large,XX-Large","Rs
2999",1199,60% off,Westernwear-Women
6330,Faballey,Solid georgette round neck womens regular top - blue,"Size:XX-Large,XXX-Large","Rs
1400",700,50% off,Westernwear-Women
6331,Is.u,Womens black wrap top - black,Size:X-Small,"Rs
2190",1095,50% off,Westernwear-Women
6332,Gipsy,Solid round neck cotton womens sweatshirt - pink,"Size:Large,XX-Large","Rs
1995",1396,30% off,Westernwear-Women
6333,And,Solid polyester v- neck women a line tops - sage,"Size:8,10,14,16","Rs
1699",1189,30% off,Westernwear-Women
6334,Faballey,Stripes cotton square neck womens midi dress - grey,"Size:Medium,Small","Rs
2500",1250,50% off,Westernwear-Women
6335,Iti,Womens geo high low top - multi,"Size:Small,X-Small",Nan,1899,No Discount,Westernwear-Women
6336,Rare,Printed polyester round neck womens regular fit top - peach,Size:Large,"Rs
1499",599,60% off,Westernwear-Women
6337,Rare,Printed round neck polyester womens fit and flare dress - cream,Size:Small,"Rs
1899",664,65% off,Westernwear-Women
6338,Is.u,Floral round neck cotton womens flared dress - red,"Size:Medium,Small,X-Large,XX-Large","Rs
2790",1395,50% off,Westernwear-Women
6339,Spykar,Regular fit regular cotton lycra womens jeans - black,"Size:26,28,30,32,34,36","Rs
2699",1889,30% off,Westernwear-Women
6340,Iti,Solid georgette mandarin womens top - pink,"Size:Medium,Small,X-Small",Nan,1599,No Discount,Westernwear-Women
6341,Faballey,Solid crepe square neck womens top - orange,"Size:Large,Medium,Small,X-Large,X-Small","Rs
1300",1040,20% off,Westernwear-Women
6342,Is.u,Womens high neck top - white,"Size:Large,Medium,Small,X-Small","Rs
1599",799,50% off,Westernwear-Women
6343,And,Stripes cotton collar neck womens regular top - yellow,"Size:8,10,12,14,16,18","Rs
1899",1519,20% off,Westernwear-Women
6344,Proline,Polyester cotton regular fit womens track pants - black,"Size:Large,Medium,Small,X-Large","Rs
1499",1049,30% off,Westernwear-Women
6345,Crimsoune club,Womens slim fit printed top - white,"Size:Large,Medium,Small,X-Large","Rs
1599",799,50% off,Westernwear-Women
6346,Van heusen,Cotton regular fit womens active wear capri pants - black,"Size:Large,Medium,Small,X-Large,XX-Large",Nan,979,No Discount,Westernwear-Women
6347,Gipsy,Checked round neck cotton womens fit and flare dress - black,"Size:Large,Medium,Small,X-Large",Nan,2795,No Discount,Westernwear-Women
6348,Fratini,Solid cotton blend v-neck womens regular top - natural,"Size:Large,Medium,Small,X-Large,XX-Large",Nan,1199,No Discount,Westernwear-Women
6349,Gipsy,Solid cotton shirt collar womens blouson top - black,"Size:Large,Medium,X-Large,XX-Large","Rs
1995",1396,30% off,Westernwear-Women
6350,Only,Stripes cotton off shoulder womens top - white,"Size:Large,Medium,Small,X-Large,X-Small","Rs
1699",849,50% off,Westernwear-Women
6351,Lovegen,Solid shoulder straps cotton womens short length dungarees - baby pink,"Size:Large,Medium,Small,X-Large,X-Small","Rs
1999",999,50% off,Westernwear-Women
6352,Faballey,Printed round neck crepe womens regular dress - pink,"Size:Large,Medium,Small,X-Large","Rs
1900",950,50% off,Westernwear-Women
6353,Is.u,Printed cotton sweetheart neck womens fit and flare top - blue,"Size:Large,Small,X-Large,XX-Large","Rs
2190",1095,50% off,Westernwear-Women
6354,Life,Solid viscose womens regular fit top - red,"Size:Large,Medium,Small,X-Large,X-Small","Rs
899",449,50% off,Westernwear-Women
6355,Emblaze,Solid satin round neck womens straight top - black,"Size:Large,Medium,Small,X-Large,X-Small,XX-Large",Nan,3000,No Discount,Westernwear-Women
6356,Jockey,Women cotton v-neck t-shirt - black,Size:Error Size,Nan,399,No Discount,Westernwear-Women
6357,Only,Solid viscose collar neck womens shirt - white,"Size:34,36,38,40,42",Nan,2799,No Discount,Westernwear-Women
6358,Samshek,Solid georgette collar neck womens casual wear shirt - black,"Size:4X-Large,5X-Large,Large,Medium,Small,X-Large,X-Small,XX-Large,XXX-Large","Rs
1690",1521,10% off,Westernwear-Women
6359,Van heusen,Cotton slim fit womens athleisure t-shirt - grey melange,"Size:Large,Medium,Small,X-Large,XX-Large",Nan,479,No Discount,Westernwear-Women
6360,Gipsy,Self design spread collar polyester womens casual jacket - olive,Size:XX-Large,"Rs
4995",3496,30% off,Westernwear-Women
6361,Spykar,Printed cotton blend collar neck womens regular t-shirt - black,"Size:Large,Medium,Small,X-Large,XX-Large","Rs
1399",979,30% off,Westernwear-Women
6362,Campus sutra,Floral boat neck polyester womens dresses - multi,"Size:Large,Medium,Small,X-Large",Nan,2599,No Discount,Westernwear-Women
6363,Latin quarters,Solid cotton halter neck womens blouson blouse - blue,"Size:S,M,L,X-Small","Rs
1399",499,64% off,Westernwear-Women
6364,Kraus,Skinny fit full length cotton blend womens jeans - olive,"Size:28,30,32,34,36","Rs
1895",1326,30% off,Westernwear-Women
6365,Zink london,Lace polyester u neck womens top - pink,"Size:Large,Medium,Small,X-Large","Rs
1599",1279,20% off,Westernwear-Women
6366,Lovegen,Womens spaghetti neck printed crop top - print,Size:Large,"Rs
999",399,60% off,Westernwear-Women
6367,Adidas,Printed polyester v neck womens t-shirt - carbon,"Size:128,140","Rs
1799",1259,30% off,Westernwear-Women
6368,Puma,Polyester round neck womens athleisure top - purple,"Size:Large,Medium,Small,X-Large,X-Small","Rs
1499",1049,30% off,Westernwear-Women
6369,And,Solid straight rayon women work wear trouser - navy,"Size:26,28,30,32,34",Nan,1799,No Discount,Westernwear-Women
6370,Stop,Textured round neck acrylic womens sweater - grey,"Size:Large,Medium,Small,X-Large","Rs
1999",999,50% off,Westernwear-Women
6371,Campus sutra,Solid crepe off shoulder womens dress - lilac,"Size:Large,Medium,X-Large",Nan,1999,No Discount,Westernwear-Women
6372,Levis,Solid cotton hood womens sweatshirt - blue,"Size:Large,Medium,Small,X-Small",Nan,4599,No Discount,Westernwear-Women
6373,Only,Light wash cotton straight fit womens jeans - blue,"Size:25,26,27,28,29,30,31,32,33,34","Rs
3499",2449,30% off,Westernwear-Women
6374,Only,Solid front open polyester womens casual wear jacket - yellow,Size:Small,"Rs
3999",1999,50% off,Westernwear-Women
6375,Enamor,Solid polyester stretch relaxed fit womens track pants - flamingo,"Size:XL,Large,Medium,Small,XX-Large","Rs
1099",769,30% off,Westernwear-Women
6376,Lovegen,Womens round neck printed top - black mix,"Size:Medium,Small","Rs
1299",389,70% off,Westernwear-Women
6377,109f,Womens 2 pocket solid trousers - green,Size:X-Small,"Rs
1499",599,60% off,Westernwear-Women
6378,Sera,Floral sweetheart neck polyester womens a-line dress - black,"Size:Large,Medium,X-Large","Rs
1998",899,55% off,Westernwear-Women
6379,Samshek,Solid round neck polyester womens a line dress - grey,"Size:4X-Large,5X-Large,Large,Medium,Small,X-Large,X-Small,XX-Large,XX-Small,XXX-Large","Rs
1590",1272,20% off,Westernwear-Women
6380,Madame,Solid cotton blend round neck womens top - peach,"Size:Large,Medium,X-Large","Rs
1699",1189,30% off,Westernwear-Women
6381,Emblaze,Womens black top with fur pocket - black,"Size:Large,Medium,Small,X-Large,X-Small,XX-Large",Nan,2200,No Discount,Westernwear-Women
6382,Rare,Solid polyester mandarin womens jacket - blue,"Size:Large,Medium,Small","Rs
4599",1839,60% off,Westernwear-Women
6383,Spykar,Stripes cotton round neck womens t-shirt - lime green,"Size:Large,Medium,Small,X-Large","Rs
1199",839,30% off,Westernwear-Women
6384,Life,Printed terry zip neck womens sweatshirt - black,"Size:Large,Medium,Small,X-Large,X-Small","Rs
1299",649,50% off,Westernwear-Women
6385,Vero moda,Solid lyocell off shoulder womens top - lavender,"Size:Large,Medium,X-Small","Rs
2599",1299,50% off,Westernwear-Women
6386,Samshek,Printed polyester boat neck womens bodysuit - multi,"Size:4X-Large,5X-Large,Large,Medium,Small,X-Large,X-Small,XX-Large,XX-Small,XXX-Large",Nan,1590,No Discount,Westernwear-Women
6387,Faballey,Womens grey drawstring waist jumpsuit - grey,Size:Large,"Rs
2300",1150,50% off,Westernwear-Women
6388,Sera,Floral sweetheart neck polyester womens a-line dress - white,"Size:Large,Medium,Small,X-Large","Rs
1998",999,50% off,Westernwear-Women
6389,Zink london,Stripes polyester halter neck womens top - black,"Size:Large,Medium,Small,X-Large","Rs
1599",1279,20% off,Westernwear-Women
6390,Haute curry,Quilted open neck cotton womens jacket - black,"Size:Large,Medium,Small,X-Large","Rs
1999",999,50% off,Westernwear-Women
6391,Only,Printed cotton round neck womens t-shirt - purple,"Size:Large,Medium,Small,X-Large,X-Small","Rs
1499",1049,30% off,Westernwear-Women
6392,Magre,Printed polyester blend womens dress - green,"Size:Large,Medium,Small,X-Small","Rs
2190",1314,40% off,Westernwear-Women
6393,Fratini,Solid round neck polyester blend womens sweatshirt - peach,"Size:Large,Medium,Small,X-Large,XX-Large","Rs
1499",749,50% off,Westernwear-Women
6394,And,Solid tapered polyester women work wear trouser - black mix,"Size:26,28,30,32,34,36","Rs
2299",1609,30% off,Westernwear-Women
6395,Vero moda,Printed sleeveless viscose womens full length jumpsuit - blue,"Size:Large,Medium,Small,X-Large,X-Small","Rs
4499",3149,30% off,Westernwear-Women
6396,Zink london,Colour blocked round neck acrylic womens sweater - multi,"Size:Large,Medium,Small,X-Large","Rs
2999",1199,60% off,Westernwear-Women
6397,Crimsoune club,Womens white checked top - white,"Size:Large,Medium,Small,X-Large","Rs
1399",699,50% off,Westernwear-Women
6398,Miss chase,Solid round neck polyester womens casual dress - green,"Size:Large,Medium,Small,X-Large",Nan,2249,No Discount,Westernwear-Women
6399,Zink london,Printed polyester sweetheart neck womens straight fit top - white,Size:Large,"Rs
1299",499,62% off,Westernwear-Women
6400,And,Floral v neck polyester womens midi dress - sage,Size:8,"Rs
2199",1099,50% off,Westernwear-Women
6401,Crimsoune club,Solid cotton collared womens shirt - black,"Size:Large,X-Large,XX-Large","Rs
1299",909,30% off,Westernwear-Women
6402,Kraus,Skinny fit ankle length cotton blend womens jeans - blue,"Size:28,30","Rs
1795",897,50% off,Westernwear-Women
6403,Crimsoune club,Womens navy blue striped parallel trousers - navy,"Size:Large,X-Large,XX-Large","Rs
1999",999,50% off,Westernwear-Women
6404,Life,Solid georgette v neck womens dress - coral,Size:Medium,Nan,2699,No Discount,Westernwear-Women
6405,And,Tie and dye polyester halter neck womens regular dress - blue mix light,"Size:8,10,12,14","Rs
2699",2159,20% off,Westernwear-Women
6406,Faballey,Solid half sleeves polyester blend womens calf length jumpsuit - brown,"Size:Large,Small","Rs
2600",1300,50% off,Westernwear-Women
6407,Faballey,Floral boat neck georgette womens mini dress - black,Size:X-Large,"Rs
2100",1050,50% off,Westernwear-Women
6408,Fratini,Solid regular neck polyester womens winter wear jacket - wine,"Size:Small,X-Small","Rs
2999",1499,50% off,Westernwear-Women
6409,Faballey,Embellished sleeveless crepe womens regular jumpsuit - blue,"Size:Small,X-Large","Rs
2700",2160,20% off,Westernwear-Women
6410,Pepe,Skinny-high women jeans - blue,Size:34,"Rs
2499",1499,40% off,Westernwear-Women
6411,Magre,Printed polyester blend square neck womens dress - black,Size:X-Small,"Rs
2490",1369,45% off,Westernwear-Women
6412,Enamor,Solid cotton lycra slim fit womens track pants - charcoal,"Size:XL,Large,Medium,Small,XX-Large","Rs
999",699,30% off,Westernwear-Women
6413,Pepe,Skinny fit high rise womens jeans - black,"Size:28,30","Rs
3199",1919,40% off,Westernwear-Women
6414,Is.u,Womens knitted lace bodycon dress - green,"Size:Medium,X-Large","Rs
2299",1149,50% off,Westernwear-Women
6415,Crimsoune club,Solid hooded poly womens casual jacket - red,"Size:Small,X-Large","Rs
3499",1399,60% off,Westernwear-Women
6416,Sera,Womens regular fit printed boat neck blouson top - white,"Size:Medium,Small","Rs
1198",539,55% off,Westernwear-Women
6417,Global desi,Floral 3/4 sleeves viscose womens ankle length jumpsuit - aqua,Size:X-Small,"Rs
2999",1799,40% off,Westernwear-Women
6418,And,Solid polyester shirt collar women's formal wear tops - black,Size:10,"Rs
1899",949,50% off,Westernwear-Women
6419,Pepe,Statement cotton single jersey crew neck womens t-shirt - black,Size:Small,"Rs
1199",719,40% off,Westernwear-Women
6420,Zink london,Solid high neck acrylic womens sweater - blue,"Size:Medium,X-Large","Rs
2799",1119,60% off,Westernwear-Women
6421,Vero moda,Printed cotton blend round neck womens t-shirt - green,Size:Large,"Rs
999",499,50% off,Westernwear-Women
6422,Monte carlo,Plain blended yarn collar neck womens casual coat - olive,"Size:38,40",Nan,5795,No Discount,Westernwear-Women
6423,And,Floral square neck polyester womens casual dress - pink,Size:10,"Rs
2299",1609,30% off,Westernwear-Women
6424,Allen solly,Solid regular fit polyester cotton womens formal wear pants - dark green,"Size:28,30,36","Rs
1999",1199,40% off,Westernwear-Women
6425,And,Solid v-neck nylon womens evening dress - navy,"Size:8,10,12","Rs
2999",1499,50% off,Westernwear-Women
6426,Crimsoune club,Womens super skinny fit solid jeans - blue,Size:34,"Rs
2199",879,60% off,Westernwear-Women
6427,Zink london,Solid polyester womens regular top - maroon,Size:Small,"Rs
1799",719,60% off,Westernwear-Women
6428,Miss chase,Solid v neck fleece womens casual jacket - black,Size:Medium,Nan,4995,No Discount,Westernwear-Women
6429,Juniper,Womens sage green cotton flex printed ethnic jumpsuit with bell sleeves and add-on belt - sage,"Size:X-Large,XX-Large","Rs
1999",999,50% off,Westernwear-Women
6430,W,Solid front open cotton flax womens non festive jacket - black,"Size:8,12,16,18","Rs
1999",999,50% off,Westernwear-Women
6431,Sera,Printed v-neck polyester womens two piece dress - red,"Size:Large,Medium,Small,X-Large","Rs
2494",872,65% off,Westernwear-Women
6432,Vero moda,Solid cotton round neck womens dress - black,"Size:Large,Medium,Small,X-Large,X-Small","Rs
3999",3199,20% off,Westernwear-Women
6433,Allen solly,Solid rayon regular fit womens casual pants - black,"Size:28,30,32","Rs
1999",1499,25% off,Westernwear-Women
6434,And,Floral square neck rayon womens workwear dress - emerald,"Size:8,10","Rs
2699",1889,30% off,Westernwear-Women
6435,Sera,Floral v neck polyester womens regular dress - purple,"Size:Large,Small,X-Large","Rs
1998",899,55% off,Westernwear-Women
6436,Campus sutra,Solid crepe boat neck womens dress - green,"Size:Large,Medium,Small,X-Large",Nan,1299,No Discount,Westernwear-Women
6437,Faballey,Regular fit regular polyester blend womens jeggings - purple,Size:Small,"Rs
2100",1680,20% off,Westernwear-Women
6438,Enamor,Cotton womens activewear t-shirt - carmine,"Size:XL,Large,Medium,Small",Nan,799,No Discount,Westernwear-Women
6439,Latin quarters,Womens round neck printed top - grey,"Size:S,X-Small","Rs
1499",499,67% off,Westernwear-Women
6440,Faballey,Stripes cotton round neck womens maxi dress - blue,"Size:Medium,Small","Rs
2100",1050,50% off,Westernwear-Women
6441,Latin quarters,Solid boat neck polyester blend womens regular fit dress - black,"Size:S,M,L,XL","Rs
2899",1449,50% off,Westernwear-Women
6442,Gipsy,Womens v- neck printed top - coffee,"Size:Small,X-Large","Rs
1795",897,50% off,Westernwear-Women
6443,And,Solid cotton choker neck womens a-line top - white,"Size:8,10","Rs
1299",909,30% off,Westernwear-Women
6444,Sera,Floral sweetheart neck polyester womens a-line dress - white,"Size:Large,Medium,Small,X-Large","Rs
1998",899,55% off,Westernwear-Women
6445,De moza,Skinny fit regular length cotton womens jeggings - blue,"Size:Large,Medium,Small,X-Large,XX-Large",Nan,999,No Discount,Westernwear-Women
6446,Puma,Printed polyester crew neck womens t-shirt - peach,"Size:Large,Medium,Small,X-Large","Rs
2499",1749,30% off,Westernwear-Women
6447,Dolce crudo,Womens be different hooded sweatshirt - multi,Size:X-Small,"Rs
2199",659,70% off,Westernwear-Women
6448,Zink london,Solid polyester collar neck womens top - yellow,"Size:Large,Medium,Small,X-Large","Rs
1499",1199,20% off,Westernwear-Women
6449,Crimsoune club,Womens blue printed lounge pants - blue,"Size:Medium,Small,X-Large,XX-Large","Rs
1199",599,50% off,Westernwear-Women
6450,Faballey,Solid round neck crepe womens regular dresses - blue,"Size:Large,Medium,Small,X-Large","Rs
2100",1050,50% off,Westernwear-Women
6451,Vero moda,Printed cotton round neck womens dress - natural,"Size:Large,Medium,Small,X-Large,X-Small","Rs
3299",2309,30% off,Westernwear-Women
6452,Vero moda,Stripes polyester off shoulder womens dress - white,"Size:Large,Medium,Small,X-Large,X-Small","Rs
4299",3439,20% off,Westernwear-Women
6453,Dolce crudo,Womens with the heart denim shorts - blue,"Size:26,28,30,32,34","Rs
1999",999,50% off,Westernwear-Women
6454,Lovegen,Graphic viscose round neck womens t-shirt - black,"Size:Large,Small,X-Large","Rs
999",499,50% off,Westernwear-Women
6455,Crimsoune club,Graphic round neck cotton blend womens sweatshirt - off_white,"Size:Large,X-Large,XX-Large","Rs
1699",849,50% off,Westernwear-Women
6456,Vero moda,Textured cotton round neck womens  tops - white,"Size:Large,Medium,Small,X-Large,X-Small",Nan,2799,No Discount,Westernwear-Women
6457,Spykar,Regular fit regular cotton lycra womens jeans - mid blue,"Size:26,28,30,32,34,36","Rs
2599",1819,30% off,Westernwear-Women
6458,Vero moda,Printed viscose v neck womens top - green,"Size:Large,Medium,Small,X-Large,X-Small","Rs
1999",1199,40% off,Westernwear-Women
6459,Madame,Structured polyester round neck womens regular top - sky,"Size:Small,X-Large","Rs
1299",779,40% off,Westernwear-Women
6460,Life,Printed cotton round neck womens active wear t-shirt - black,"Size:Large,Medium,Small,X-Large,X-Small,XX-Large","Rs
499",249,50% off,Westernwear-Women
6461,Vero moda,Solid round neck viscose womens top - pink,"Size:Large,Medium,Small,X-Large,X-Small","Rs
1799",899,50% off,Westernwear-Women
6462,Adidas,Stripes slim cotton womens casual wear pants - grey,"Size:Large,Medium,Small,X-Large","Rs
2799",1959,30% off,Westernwear-Women
6463,Only,Solid polyester round neck womens t-shirt - red,"Size:Large,Medium,Small,X-Large,X-Small","Rs
1999",1399,30% off,Westernwear-Women
6464,Zink z,Solid cotton blend round neck womens crop top - pink,"Size:Large,Medium,Small,X-Large,X-Small",Nan,999,No Discount,Westernwear-Women
6465,And,Stripes collar neck cotton womens regular fit top - light blue,Size:8,"Rs
2499",1749,30% off,Westernwear-Women
6466,And,Floral choker neck polyester womens evening dress - green,Size:8,"Rs
3099",2169,30% off,Westernwear-Women
6467,Vero moda,Dark wash cotton skinny fit womens jeans - blue,"Size:26,27,28,29,30,31,32,33,34","Rs
3799",3039,20% off,Westernwear-Women
6468,Iti,Womens navy blue pleated maxi - blue,"Size:Small,X-Small",Nan,2299,No Discount,Westernwear-Women
6469,Crimsoune club,Womens black solid track pants - black,"Size:Large,Medium,Small,XXX-Large","Rs
1499",899,40% off,Westernwear-Women
6470,And,Solid regular fit cotton womens shorts - white,"Size:26,28,30,32",Nan,1899,No Discount,Westernwear-Women
6471,Fratini,Solid regular fit tencel womens casual pants - olive,"Size:26,28,30,32,34,36","Rs
1199",599,50% off,Westernwear-Women
6472,Kraus,Solid regular fit cotton polyester womens casual jacket - peach,Size:Large,"Rs
1199",599,50% off,Westernwear-Women
6473,Crimsoune club,Slim mid thigh cotton womens casual wear shorts - pink,"Size:26,28,30,32,34","Rs
1199",599,50% off,Westernwear-Women
6474,Faballey,Printed georgette womens regular dress - blue,"Size:Large,Medium,Small,X-Large,X-Small","Rs
2200",1100,50% off,Westernwear-Women
6475,Only,Printed cotton regular fit womens pants - orange,"Size:Large,Medium,Small,X-Large,X-Small","Rs
2999",2099,30% off,Westernwear-Women
6476,Crimsoune club,Womens slim fit solid shirt - black,"Size:Large,X-Large","Rs
1399",979,30% off,Westernwear-Women
6477,Faballey,Embellished crepe round neck womens dress - blue,"Size:Large,Medium,Small,X-Large,X-Small","Rs
2200",1760,20% off,Westernwear-Women
6478,Zink london,Lace polyester u neck womens top - navy,"Size:Large,Medium,Small,X-Large","Rs
1499",1199,20% off,Westernwear-Women
6479,Louis philippe,Solid cotton square neck womens regular top - black,"Size:Medium,Small,X-Small","Rs
2490",1245,50% off,Westernwear-Women
6480,Magre,Solid velvet regular fit womens festive skirt - black,"Size:Large,Medium,Small,X-Small","Rs
1990",895,55% off,Westernwear-Women
6481,Faballey,Solid georgette round neck womens dress - green,"Size:Large,Medium,Small,X-Large,X-Small","Rs
1900",1520,20% off,Westernwear-Women
6482,Fratini,Printed viscose blend round neck womens a-line dress - off white,"Size:Large,Medium,Small,X-Large,XX-Large",Nan,1699,No Discount,Westernwear-Women
6483,Samshek,Solid one shoulder polyester womens bodycon dress - burgundy,"Size:4X-Large,5X-Large,Large,Medium,Small,X-Large,X-Small,XX-Large,XX-Small,XXX-Large",Nan,2590,No Discount,Westernwear-Women
6484,Samshek,Solid mandarin polyester womens bodycon dress - black,Size:5X-Large,Nan,2999,No Discount,Westernwear-Women
6485,Adidas,Printed cotton round neck womens t-shirt - green,"Size:Medium,X-Small","Rs
1199",839,30% off,Westernwear-Women
6486,Samshek,Solid boat neck crepe womens regular dress - navy,"Size:4X-Large,5X-Large,Large,Medium,Small,X-Large,X-Small,XX-Large,XXX-Large","Rs
2560",2048,20% off,Westernwear-Women
6487,Vero moda,Printed cotton round neck womens t-shirt - pink,"Size:Large,Medium,Small,X-Large,X-Small","Rs
1599",1279,20% off,Westernwear-Women
6488,Vero moda,Printed cotton blend round neck womens t-shirt - green,"Size:Large,Medium,Small,X-Large,X-Small","Rs
999",699,30% off,Westernwear-Women
6489,Faballey,Solid square neck crepe womens regular dress - purple,"Size:Large,Medium,Small,X-Large,X-Small","Rs
2200",1760,20% off,Westernwear-Women
6490,Allen solly,Solid regular fit rayon womens formal wear trousers - maroon,"Size:28,30,32,34","Rs
1599",959,40% off,Westernwear-Women
6491,And,Solid viscose round neck women regular tops - black mix,"Size:10,12","Rs
2199",1099,50% off,Westernwear-Women
6492,Faballey,Solid crepe square neck womens a-line dress - blue,"Size:Medium,Small,X-Large","Rs
2500",1250,50% off,Westernwear-Women
6493,Kraus,Solid tencel collar neck womens casual shirt - dark blue,"Size:Large,Medium,Small,X-Small","Rs
1299",909,30% off,Westernwear-Women
6494,Kraus,Solid cotton round neck womens top - teal,"Size:Large,Medium,Small,X-Small","Rs
999",899,10% off,Westernwear-Women
6495,Vero moda,Normal fit cotton elastane womens jeans - black,"Size:25,26,27,28,29,30,31,32,33,34","Rs
3999",3199,20% off,Westernwear-Women
6496,Faballey,Womens black satin sleeveless blouse - black,"Size:Medium,Small,X-Small","Rs
1200",600,50% off,Westernwear-Women
6497,Iti,Solid georgette v neck womens top - green,"Size:Large,Medium,Small",Nan,1499,No Discount,Westernwear-Women
6498,Pepe,Solid modal viscose collar neck womens shirt - red,Size:Large,"Rs
1599",959,40% off,Westernwear-Women
6499,Insense,Womens  round neck  printed t-shirt - off white,"Size:Large,Medium,Small,X-Large,X-Small","Rs
499",249,50% off,Westernwear-Women
6500,Faballey,Abstract sleeveless georgette womens regular length jumpsuit - natural,"Size:Large,Medium,Small,X-Large","Rs
2400",1200,50% off,Westernwear-Women
6501,Zink london,Stripes cotton u neck womens top - multi,"Size:Large,Medium,Small,X-Large","Rs
1699",1019,40% off,Westernwear-Women
6502,Global desi,Solid viscose rayon round neck womens asymmetric top - indigo,"Size:Large,Medium,Small,X-Small","Rs
1399",839,40% off,Westernwear-Women
6503,Crimsoune club,Printed round neck lyocell womens dresses - orange,"Size:Large,Medium,Small,X-Large,XX-Large","Rs
2299",919,60% off,Westernwear-Women
6504,Crimsoune club,Printed lyocell tie up neck� womens top - natural,"Size:Large,Medium,Small,X-Large,XXX-Large","Rs
1499",1349,10% off,Westernwear-Women
6505,Vero moda,Textured viscose modal square neck womens dress - green,"Size:Large,Medium,Small,X-Large,X-Small","Rs
3499",2799,20% off,Westernwear-Women
6506,And,Solid straight cotton womens fusion wear trousers - indigo,"Size:26,28,30,32,34,36",Nan,2699,No Discount,Westernwear-Women
6507,Enamor,Polyester stretch skinny fit womens track pants - merc black,"Size:XL,Large,Medium,Small,XX-Large","Rs
1699",1189,30% off,Westernwear-Women
6508,Kraus,Clean look cotton blend skinny fit womens jeans - light blue,"Size:28,30,32,34,36,38","Rs
2095",1885,10% off,Westernwear-Women
6509,Adidas,Printed cotton regular fit womens tights - mauve,"Size:128,140","Rs
2799",1959,30% off,Westernwear-Women
6510,And,Polka dots polyester shirt collar womens a-line top - green mix,"Size:8,10","Rs
1899",949,50% off,Westernwear-Women
6511,Infuse,Regular fit regular length cotton womens casual skirt - olive,"Size:26,28,30,32","Rs
1199",719,40% off,Westernwear-Women
6512,Fratini,Printed regular fit satin womens midi dress - peach,"Size:Large,Medium,Small,X-Large,XX-Large",Nan,2499,No Discount,Westernwear-Women
6513,Only,Solid viscose peter pan collar womens blouse top - pink,"Size:34,36,38,40,42","Rs
2299",1149,50% off,Westernwear-Women
6514,Allen solly,Solid cotton regular fit womens shorts - green,"Size:26,28,30,32,34,36","Rs
1199",799,33% off,Westernwear-Women
6515,Magre,Polka dots cotton regular fit womens casual skirt - wine,"Size:Large,Medium,Small,X-Small","Rs
1990",796,60% off,Westernwear-Women
6516,Faballey,Polka dots halter neck georgette womens regular dress - natural,"Size:Large,Medium,Small,X-Large,X-Small","Rs
2300",1840,20% off,Westernwear-Women
6517,Kraus,Clean look cotton blend skinny fit womens jeans - navy,"Size:28,30,32,34,36,38","Rs
1995",1795,10% off,Westernwear-Women
6518,W,Printed sleeveless viscose womens full length jumpsuit - lavender,"Size:6,8,10,12,14,16,18",Nan,3799,No Discount,Westernwear-Women
6519,Gipsy,Solid round neck polyester womens jacket - cream,Size:Medium,"Rs
3995",2796,30% off,Westernwear-Women
6520,Vero moda,Solid polyester boat neck womens  tops - green,"Size:Large,Medium,Small,X-Large,X-Small","Rs
2599",1819,30% off,Westernwear-Women
6521,Faballey,Solid georgette square neck womens straight fit top - pink,"Size:Large,X-Large","Rs
1400",700,50% off,Westernwear-Women
6522,Latin quarters,Solid round neck polyester blend womens shift dress - black,"Size:S,M,X-Small","Rs
2499",799,68% off,Westernwear-Women
6523,Cover story,Printed viscose v neck womens dress - black,"Size:Large,Medium,Small,X-Large,X-Small",Nan,2590,No Discount,Westernwear-Women
6524,Vero moda,Textured viscose round neck womens  tops - pink,"Size:Large,Medium,Small,X-Large,X-Small",Nan,2299,No Discount,Westernwear-Women
6525,Faballey,Solid high neck crepe womens regular dress - purple,"Size:Large,Medium,Small,X-Large,X-Small","Rs
2100",1680,20% off,Westernwear-Women
6526,Vero moda,Printed polyester off shoulder womens top - green,"Size:Large,Medium,Small,X-Large,X-Small","Rs
2999",1499,50% off,Westernwear-Women
6527,Crimsoune club,Striped lyocell round neck womens regular fit top - white,"Size:Large,Medium,Small,X-Large,XX-Large,XXX-Large","Rs
1299",1039,20% off,Westernwear-Women
6528,Cover story,Solid viscose spandex round neck womens t-shirt - wine,"Size:Medium,Small,X-Small","Rs
1290",690,47% off,Westernwear-Women
6529,Latin quarters,Solid boat neck blended womens regular fit dress - navy,"Size:L,XL","Rs
2499",1249,50% off,Westernwear-Women
6530,Latin quarters,Solid round neck blended womens regular fit dress - black,"Size:S,M,L,XL","Rs
2499",1249,50% off,Westernwear-Women
6531,Latin quarters,Dyed acrylic round neck womens casual shrug - natural,"Size:S,M,L,XL","Rs
2399",1199,50% off,Westernwear-Women
6532,Zink london,Stripes shirt collar cotton womens dresses - white,"Size:Large,Medium","Rs
2199",879,60% off,Westernwear-Women
6533,Vero moda,Solid cotton v neck womens top - white,"Size:Large,Medium,Small,X-Large,X-Small","Rs
2499",1749,30% off,Westernwear-Women
6534,Zink london,Checks polyester womens cropped culottes - black,"Size:Large,Small,X-Small","Rs
1899",759,60% off,Westernwear-Women
6535,Zink london,Lace polyester off shoulder womens top - white,"Size:Large,Medium,Small,X-Large","Rs
1799",1439,20% off,Westernwear-Women
6536,Stop,Solid round neck polyester blend womens regular dress - black,"Size:Large,Medium,Small,X-Large,XX-Large","Rs
1499",749,50% off,Westernwear-Women
6537,Iti,Womens solid sleeveless off shoulder straight top - blue,"Size:Large,Medium,Small,X-Large,X-Small",Nan,1399,No Discount,Westernwear-Women
6538,Cover story,Solid straight fit viscose rayon women party women trousers - wine,"Size:26,28,30,32","Rs
2490",1494,40% off,Westernwear-Women
6539,Zink london,Acrylic women sweaters - black,"Size:Large,X-Large","Rs
3999",1599,60% off,Westernwear-Women
6540,Madame,Regular above knee cotton blend womens casual wear shorts - indigo,"Size:26,28,30,32,34","Rs
1999",1399,30% off,Westernwear-Women
6541,And,Solid round neck polyester women flared gown - black,"Size:8,10","Rs
4499",3599,20% off,Westernwear-Women
6542,Madame,Womens round neck solid top - natural,Size:Medium,"Rs
2299",1149,50% off,Westernwear-Women
6543,Cover story,Solid polyester round neck womens casual jacket - green,Size:Small,"Rs
4990",3493,30% off,Westernwear-Women
6544,Kraus,Womens solid pants - blue,"Size:28,32","Rs
1599",799,50% off,Westernwear-Women
6545,Faballey,Embellished halter neck georgette womens regular dress - blue,Size:Large,"Rs
2800",1400,50% off,Westernwear-Women
6546,Iti,Womens flowy sleeve dress - yellow,"Size:Medium,X-Small",Nan,1899,No Discount,Westernwear-Women
6547,And,Floral v-neck womens woven top - off white,Size:16,"Rs
2099",1469,30% off,Westernwear-Women
6548,Crimsoune club,Printed cotton y neck womens shirt - natural,"Size:Large,Medium,X-Large","Rs
1399",839,40% off,Westernwear-Women
6549,And,Floral square neck polyester women flared dress - sage,Size:8,"Rs
3099",2169,30% off,Westernwear-Women
6550,Iti,Womens olive overlap flowy maxi - green,Size:X-Small,Nan,2699,No Discount,Westernwear-Women
6551,Faballey,Solid v neck georgette womens midi dress - red,Size:X-Large,"Rs
2600",1300,50% off,Westernwear-Women
6552,Kraus,Solid collared neck cotton blend womens casual shirt - olive,Size:X-Small,"Rs
1299",649,50% off,Westernwear-Women
6553,Zink london,Checks cotton v neck womens flared top - brown,Size:Large,"Rs
1599",639,60% off,Westernwear-Women
6554,Sera,Womens regular fit solid sweetheart neck fit and flare dress - black,Size:Large,"Rs
1494",747,50% off,Westernwear-Women
6555,Zink london,Floral print short sleeves polyester womens full length jumpsuit - peach,"Size:X-Large,XX-Large","Rs
2899",1159,60% off,Westernwear-Women
6556,Kraus,Solid tencel collar neck womens casual wear dresses - light blue,Size:Medium,"Rs
1795",1256,30% off,Westernwear-Women
6557,Global desi,Geometric viscose v-neck womens straight top - pink,Size:X-Small,"Rs
1799",899,50% off,Westernwear-Women
6558,Faballey,Embellished crepe halter neck womens regular length jumpsuits - black,Size:Large,"Rs
2400",1200,50% off,Westernwear-Women
6559,Faballey,Printed v neck georgette womens regular dresses - blue,"Size:Large,Small","Rs
1950",975,50% off,Westernwear-Women
6560,Faballey,Solid v neck cotton womens straight fit midi dress - green,Size:Large,"Rs
2500",1250,50% off,Westernwear-Women
6561,And,Printed collar neck viscose womens flared dress - black,Size:8,"Rs
2699",1889,30% off,Westernwear-Women
6562,Allen solly,Solid viscose round neck womens knit top - black,Size:Large,"Rs
1299",779,40% off,Westernwear-Women
6563,Latin quarters,Dyed blended v neck womens regular fit knit top - black,"Size:L,X-Small",Nan,1399,No Discount,Westernwear-Women
6564,Is.u,Printed cotton round neck womens regular t-shirt - pink,"Size:Large,Medium","Rs
990",495,50% off,Westernwear-Women
6565,Global desi,Womens regular fit geometric dress - yellow,Size:XL,"Rs
2699",1079,60% off,Westernwear-Women
6566,Crimsoune club,Womens blue printed t-shirt - sky blue,"Size:Large,Medium,Small,X-Large","Rs
999",499,50% off,Westernwear-Women
6567,Adidas,Printed polyester crew neck womens t-shirt - black,"Size:Large,Medium,Small,X-Large,X-Small","Rs
1999",1399,30% off,Westernwear-Women
6568,Indya,Printed georgette round neck womens regular dress - green,"Size:Large,Medium,Small,X-Large,X-Small,XX-Large","Rs
2600",2080,20% off,Westernwear-Women
6569,Latin quarters,Womens round neck printed top - pink,"Size:S,X-Small","Rs
1499",499,67% off,Westernwear-Women
6570,Janasya,Checks collared neck cotton regular fit womens night suit - white,"Size:Large,Medium,Small,X-Large,X-Small","Rs
2399",959,60% off,Westernwear-Women
6571,Dolce crudo,Wide leg regular denim womens jeans - light blue,"Size:26,28,30,32,34","Rs
3995",1598,60% off,Westernwear-Women
6572,Gipsy,Womens v neck embellished top - pink,"Size:Large,Medium","Rs
1995",1396,30% off,Westernwear-Women
6573,And,Solid boat neck viscose womens regular fit top - teal,"Size:8,10,12,14,16,18","Rs
2699",1349,50% off,Westernwear-Women
6574,Puma,Printed cotton regular fit womens casual wear track pants - red,"Size:Large,Medium,Small,X-Large,X-Small","Rs
2299",1609,30% off,Westernwear-Women
6575,Dolce crudo,Womens regular fit haters regret sheer patch highrise jeans black - black,"Size:26,28,30,32,34","Rs
2699",1214,55% off,Westernwear-Women
6576,Zink london,Printed rayon collar neck womens dress - navy,"Size:Large,Medium,Small,X-Large","Rs
2299",1379,40% off,Westernwear-Women
6577,Spykar,Printed cotton round neck womens regular t-shirt - yellow,"Size:Large,Medium,Small,X-Large,XX-Large","Rs
1099",769,30% off,Westernwear-Women
6578,Stop,Womens textured knee length winter wear tunic - maroon,"Size:Large,Medium,Small,X-Large,XX-Large","Rs
1499",749,50% off,Westernwear-Women
6579,Campus sutra,Womens knit regular fit shirt - maroon,"Size:Small,X-Large",Nan,1399,No Discount,Westernwear-Women
6580,Infuse,Regular fit regular length cotton womens casual skirt - white,"Size:26,28,30,32","Rs
1199",719,40% off,Westernwear-Women
6581,Faballey,Solid viscose collared womens belted coat - blue,"Size:Large,Medium,Small","Rs
4200",2100,50% off,Westernwear-Women
6582,Vero moda,Skinny fit regular cotton womens jeggings - light blue,"Size:26,27,28,29,30,31,32,33,34","Rs
1999",1599,20% off,Westernwear-Women
6583,Emblaze,Womens black dress with pleat details - black,"Size:Large,Medium,Small,X-Large,X-Small,XX-Large",Nan,2500,No Discount,Westernwear-Women
6584,109f,Womens off shoulder neck embroidered top - blue,"Size:Large,Medium,Small,X-Large,XX-Large","Rs
1499",599,60% off,Westernwear-Women
6585,Proline,Polyester cotton regular fit womens track pants - purple,"Size:Large,Medium,Small,X-Large","Rs
1499",1049,30% off,Westernwear-Women
6586,Jealous 21,Solid round neck viscose womens regular top - maroon,"Size:Large,Medium,Small,X-Large",Nan,999,No Discount,Westernwear-Women
6587,Iti,Solid georgette v neck womens dress - blue,"Size:Large,Medium,Small,X-Large,X-Small",Nan,3499,No Discount,Westernwear-Women
6588,Emblaze,Womens silver satin puff sleeve top with neck tie up - grey,"Size:Large,Medium,Small,X-Large,X-Small,XX-Large",Nan,2800,No Discount,Westernwear-Women
6589,Van heusen,Printed v-neck polyester womens top - black,"Size:Large,Medium,Small,X-Large,X-Small",Nan,1499,No Discount,Westernwear-Women
6590,Kraus,Solid collar neck tencel womens midi dress - light blue,"Size:Large,Medium,Small","Rs
1895",1705,10% off,Westernwear-Women
6591,Only,Solid polyester womens top - green,"Size:34,36,38,40,42","Rs
2699",1889,30% off,Westernwear-Women
6592,Van heusen,Solid polyester regular fit womens pants - wine,"Size:26,28,30,32,34",Nan,2199,No Discount,Westernwear-Women
6593,Vero moda,Light wash cotton bootcut fit womens jeans - blue,"Size:26,27,28,29,30,31,32,33,34","Rs
4299",3009,30% off,Westernwear-Women
6594,Only,Solid polyester v neck womens dress - purple,"Size:34,36,38,40,42","Rs
4299",3009,30% off,Westernwear-Women
6595,Dolce crudo,Womens regular fit invader story skinny midrise denim pant navy blue - navy,"Size:26,28,30,32,34","Rs
2299",1149,50% off,Westernwear-Women
6596,Sera,Solid round neck cotton womens bodycon dress - fuschia,"Size:Large,Medium,Small,X-Large","Rs
1694",847,50% off,Westernwear-Women
6597,Sera,Solid collar neck polyester womens peplum top - brown,"Size:Large,Medium,X-Large","Rs
1298",584,55% off,Westernwear-Women
6598,Enamor,Cotton activewear womens track pants - sage,"Size:XL,Large,Medium,Small",Nan,1599,No Discount,Westernwear-Women
6599,Crimsoune club,Regular calf length lyocell womens casual wear skirt - green,"Size:Large,Medium,Small,XX-Large","Rs
1499",899,40% off,Westernwear-Women
6600,Faballey,Solid georgette round neck womens top - blue,"Size:Large,Medium,Small,X-Large,X-Small","Rs
1500",1200,20% off,Westernwear-Women
6601,Samshek,Solid round neck polyester womens bodycon dress - black,"Size:4X-Large,5X-Large,Large,Medium,Small,X-Large,X-Small,XX-Large,XXX-Large","Rs
2299",1609,30% off,Westernwear-Women
6602,Vero moda,Solid round neck viscose womens sweatshirts - natural,"Size:Large,Medium,Small,X-Large,X-Small","Rs
2799",1679,40% off,Westernwear-Women
6603,Zink z,Solid cotton blend sweetheart neck womens crop top - black,"Size:Large,Medium,Small,X-Large,X-Small",Nan,899,No Discount,Westernwear-Women
6604,Vero moda,Straight ankle length cotton womens jeans - blue,"Size:26,27,28,29,30,31,32,33,34","Rs
3999",3199,20% off,Westernwear-Women
6605,Enamor,Womens athleisure swing tank top - pink,"Size:XL,Large,Medium,Small","Rs
499",349,30% off,Westernwear-Women
6606,Dolce crudo,Womens regular fit stay a mystery skinny fit jeans white - white,"Size:26,28,30,32,34","Rs
2499",1249,50% off,Westernwear-Women
6607,Crimsoune club,Womens pink checked shirt - pink,"Size:Large,Medium,Small,XX-Large","Rs
1399",979,30% off,Westernwear-Women
6608,Spykar,Full sleeves cotton womens regular jacket - mid blue,"Size:Large,Medium,Small,X-Large","Rs
2899",2029,30% off,Westernwear-Women
6609,Only,Jacquard round neck cotton womens sweatshirts - yellow,"Size:Large,Medium,Small,X-Large,X-Small","Rs
2799",1399,50% off,Westernwear-Women
6610,Faballey,Printed round neck crepe womens straight fit midi dress - black,"Size:Large,Medium,Small,X-Large,X-Small","Rs
1950",975,50% off,Westernwear-Women
6611,Faballey,Solid crepe v neck womens mini dress - blue,"Size:Large,Medium,Small,X-Large,X-Small","Rs
2500",1250,50% off,Westernwear-Women
6612,Global desi,Striped round neck cotton womens straight dress - aqua,"Size:Large,Medium,Small,X-Small","Rs
2799",1819,35% off,Westernwear-Women
6613,Emblaze,Solid round neck viscose womens dress - white,"Size:Large,Medium,Small,X-Large,X-Small,XX-Large",Nan,3000,No Discount,Westernwear-Women
6614,Is.u,Solid polyester v-neck womens top - black,"Size:Medium,Small","Rs
1699",849,50% off,Westernwear-Women
6615,Global desi,Geometric round neck viscose womens flared jumpsuits - pink,"Size:XL,Large,Medium,Small,X-Small","Rs
3999",3199,20% off,Westernwear-Women
6616,Only,Solid polyester regular fit womens pants - green,"Size:Large,Small,X-Small","Rs
3299",2309,30% off,Westernwear-Women
6617,Vero moda,Solid relaxed polyester womens casual wear pants - brown,"Size:Large,Medium,Small,X-Large,X-Small","Rs
2999",1799,40% off,Westernwear-Women
6618,Van heusen,Skinny fit ankle length cotton stretch womens leggings - purple,"Size:Large,Medium,Small,X-Large",Nan,999,No Discount,Westernwear-Women
6619,Zink london,Embroidered round neck cotton blend womens sweatshirt - green,"Size:Large,Medium,Small,X-Large","Rs
1999",799,60% off,Westernwear-Women
6620,Life,Printed cotton round neck womens active wear t-shirt - lime green,"Size:Large,Medium,Small,X-Large,X-Small,XX-Large","Rs
499",249,50% off,Westernwear-Women
6621,Dolce crudo,Womens regular fit small wins denim jeans light blue - light blue,"Size:26,28,30,32,34","Rs
2299",919,60% off,Westernwear-Women
6622,Kraus,Solid tencel womens regular dress - baby pink,"Size:Large,Medium,Small","Rs
1895",1326,30% off,Westernwear-Women
6623,Enamor,Solid polyester stretch slim fit womens athleisure t-shirt - blasted navy,"Size:XL,Large,Medium,Small","Rs
649",454,30% off,Westernwear-Women
6624,Enamor,Cotton womens activewear t-shirt - candy,"Size:XL,Large,Medium,Small",Nan,749,No Discount,Westernwear-Women
6625,Crimsoune club,Slim mid thigh cotton womens casual wear shorts - blue,"Size:26,28,30,32,34,36","Rs
1599",799,50% off,Westernwear-Women
6626,Vero moda,Dark wash cotton skinny fit womens jeans - blue,"Size:26,27,28,29,30,31,32,33,34","Rs
3299",2639,20% off,Westernwear-Women
6627,Vero moda,Printed viscose round neck womens top - lavender,"Size:Large,Medium,Small,X-Large,X-Small","Rs
2599",2079,20% off,Westernwear-Women
6628,Zink london,Printed polyester regular fit womens skater dress - maroon,"Size:Large,Small,X-Large,XX-Large","Rs
2299",919,60% off,Westernwear-Women
6629,Zink london,Solid polyester one shoulder womens top - black,"Size:Large,Medium,Small,X-Large","Rs
1599",1279,20% off,Westernwear-Women
6630,Pepe,Fit regular length denim womens jeans - grey,"Size:26,28,30,32,34","Rs
3499",2099,40% off,Westernwear-Women
6631,Allen solly,Womens mandarin collar solid shirt - black,"Size:Large,Medium,Small,X-Large,X-Small,XX-Large","Rs
1499",1199,20% off,Westernwear-Women
6632,Varanga,Womens off white mughal floral printed sleeveless crop top with full length placket at back - off white,"Size:Large,Medium,Small,X-Large","Rs
1299",519,60% off,Westernwear-Women
6633,Global desi,Womens self pattern tunic - pink,"Size:XL,Large,Medium,Small,XX-Large","Rs
3999",1199,70% off,Westernwear-Women
6634,Mimosa,Floral polyester blend sweetheart neck womens dress - black,Size:Small,"Rs
2490",1120,55% off,Westernwear-Women
6635,Is.u,Womens black v-neck button down dress - black,Size:Large,"Rs
2190",1095,50% off,Westernwear-Women
6636,Global desi,Womens self pattern round neck regular fit jacket - teal,Size:Small,"Rs
3499",1399,60% off,Westernwear-Women
6637,And,Solid polyester v-neck womens tie-ups top - navy,Size:8,"Rs
1699",849,50% off,Westernwear-Women
6638,And,Stripes shirt collar womens fit & flare top - black mix,"Size:8,10","Rs
1899",949,50% off,Westernwear-Women
6639,And,Checks round neck polyester womens fit & flare dress - sage,Size:14,"Rs
2699",1349,50% off,Westernwear-Women
6640,Forever new,Printed polyester v neck womens regular top - print,Size:8,"Rs
4000",2800,30% off,Westernwear-Women
6641,Spykar,Slim fit cotton high rise womens jeans - dark blue,Size:XXX-Large,"Rs
1999",1399,30% off,Westernwear-Women
6642,Magre,Solid denim regular fit womens shorts - light blue,Size:X-Small,"Rs
1890",850,55% off,Westernwear-Women
6643,Faballey,Animal georgette round neck womens regular top - blue,"Size:Medium,Small","Rs
1600",800,50% off,Westernwear-Women
6644,Faballey,Solid half sleeves crepe womens regular length jumpsuit - pink,Size:Small,"Rs
2400",1200,50% off,Westernwear-Women
6645,109f,Womens peter pan collar solid a-line dress - black,Size:Small,"Rs
2399",959,60% off,Westernwear-Women
6646,Crimsoune club,Womens grey striped parallel trousers - sky blue,"Size:Large,X-Large","Rs
1899",949,50% off,Westernwear-Women
6647,Sera,Dyed polyester off shoulder womens top - yellow,"Size:Large,X-Large","Rs
1498",749,50% off,Westernwear-Women
6648,And,Floral mandarin collar polyester womens straight dress - pink,"Size:12,14,16","Rs
2399",1199,50% off,Westernwear-Women
6649,And,Womens regular fit solid dress - light olive,"Size:8,10","Rs
2499",1249,50% off,Westernwear-Women
6650,Faballey,Solid collar neck cotton womens regular dresses - red,"Size:Large,Medium,Small,X-Small","Rs
1900",1520,20% off,Westernwear-Women
6651,Latin quarters,Solid pu mandarin womens casual jacket - red,"Size:S,M,L,XL","Rs
4499",3149,30% off,Westernwear-Women
6652,Zink london,Printed polyester blend womens regular top - natural,Size:Large,"Rs
1599",639,60% off,Westernwear-Women
6653,Marie claire,Solid mandarin neck suede womens casual jacket - maroon,Size:Small,"Rs
3799",1899,50% off,Westernwear-Women
6654,Enamor,Cotton blend womens active wear track pants - spice,"Size:XL,Large,Medium,Small,XX-Large","Rs
1049",734,30% off,Westernwear-Women
6655,Pepe,Solid cotton blend regular fit womens shorts - black,"Size:26,28,30,32,34","Rs
2499",1499,40% off,Westernwear-Women
6656,Faballey,Embellished halter neck georgette womens regular dress - purple,Size:X-Small,"Rs
2800",1400,50% off,Westernwear-Women
6657,Zink london,Solid round neck acrylic womens sweater - yellow,"Size:Large,Medium,Small,X-Large","Rs
1899",759,60% off,Westernwear-Women
6658,Zink london,Solid polyester square neck womens top - yellow,"Size:Large,Medium,Small,X-Large","Rs
1399",1119,20% off,Westernwear-Women
6659,And,Floral polyester v- neck women a line tops - red,Size:16,"Rs
1799",1259,30% off,Westernwear-Women
6660,Faballey,Printed georgette square neck womens regular top - green,"Size:Large,Medium,Small,X-Large,X-Small","Rs
1400",1120,20% off,Westernwear-Women
6661,Magre,Printed polyester blend womens dress - brown,"Size:Small,X-Small","Rs
2190",985,55% off,Westernwear-Women
6662,Janasya,Solid round neck cotton flex regular fit womens night suit - navy,"Size:Large,Medium,Small,X-Large,X-Small,XX-Large","Rs
1999",899,55% off,Westernwear-Women
6663,Dolce crudo,Solid hood fleece womens relaxed dress - navy,"Size:Medium,Small,X-Small","Rs
3199",1599,50% off,Westernwear-Women
6664,Adidas,Solid fitted fit polyester womens track pants - black,"Size:X-Large,XX-Large,XXX-Large","Rs
2699",1889,30% off,Westernwear-Women
6665,Crimsoune club,Womens red solid shirt - maroon,"Size:Large,Medium,X-Large,XX-Large","Rs
1299",1039,20% off,Westernwear-Women
6666,And,Womens regular fit solid jumpsuit - burgundy,Size:16,"Rs
3299",1649,50% off,Westernwear-Women
6667,W,Womens solid casual pants - natural,"Size:6,8,10,12,14,16,18",Nan,999,No Discount,Westernwear-Women
6668,Crimsoune club,Solid mandarin neck poly cotton womens casual jacket - navy,"Size:X-Large,XX-Large","Rs
2699",1079,60% off,Westernwear-Women
6669,Kraus,Solid collared neck tencel womens casual shirt - light blue,Size:Large,"Rs
1499",749,50% off,Westernwear-Women
6670,Adidas,Solid polyester round neck womens t-shirt - purple,Size:Small,"Rs
1599",1119,30% off,Westernwear-Women
6671,Faballey,Solid v neck crepe womens regular jumpsuits - red,"Size:Large,Medium,Small,X-Small","Rs
2200",1760,20% off,Westernwear-Women
6672,Is.u,Womens black ruffled sleeve shirt - black,Size:XX-Large,"Rs
2490",1245,50% off,Westernwear-Women
6673,Life,Stripes cotton round neck womens regular t-shirt - ocean,"Size:Large,Medium,Small,X-Large,X-Small,XX-Large","Rs
499",249,50% off,Westernwear-Women
6674,Madame,Womens checked jeggings - blue,"Size:26,28,30,32,34","Rs
2199",1099,50% off,Westernwear-Women
6675,Pepe,Skinny fit cotton blend womens jeans - denim,"Size:26,28,30,32,34","Rs
2999",1799,40% off,Westernwear-Women
6676,Crimsoune club,Slim fit thigh length cotton womens casual shorts - brown,"Size:Large,Medium,X-Large","Rs
1399",979,30% off,Westernwear-Women
6677,Vero moda,Solid cotton v neck womens  tops - green,"Size:Large,Medium,Small,X-Large,X-Small","Rs
1899",1329,30% off,Westernwear-Women
6678,Only,Aop cotton round neck womens t-shirt - green,"Size:Large,Medium,Small,X-Large,X-Small","Rs
1499",749,50% off,Westernwear-Women
6679,Faballey,Floral off shoulder georgette womens a-line dress - pink,Size:Medium,"Rs
2250",1125,50% off,Westernwear-Women
6680,Zink london,Solid shirt collar polyester womens casual jacket - blue,"Size:Large,Medium,Small,X-Large","Rs
2699",1079,60% off,Westernwear-Women
6681,Vero moda,Solid v neck rayon womens midi dress - peach,"Size:Large,Medium,Small,X-Large,X-Small",Nan,4799,No Discount,Westernwear-Women
6682,Van heusen,Skinny fit ankle length nylon fleece womens leggings - sage,"Size:Large,Medium,Small,X-Large",Nan,1399,No Discount,Westernwear-Women
6683,Altlife,Printed cotton regular neck womens t-shirt - navy,"Size:Large,Medium,Small,X-Large,X-Small,XX-Large","Rs
499",249,50% off,Westernwear-Women
6684,Sera,Printed viscose rayon v-neck womens top - orange,"Size:Large,Medium,Small,X-Large","Rs
1398",699,50% off,Westernwear-Women
6685,Campus sutra,Womens hooded top - white,"Size:Large,Medium,Small,X-Large",Nan,899,No Discount,Westernwear-Women
6686,Faballey,Solid cotton v neck womens shift dress - black,"Size:Large,Medium,Small,X-Small","Rs
1800",900,50% off,Westernwear-Women
6687,Kraus,Skinny fit ankle length cotton womens jeans - light blue,"Size:28,30,32,34,36,38","Rs
2095",1466,30% off,Westernwear-Women
6688,Faballey,Embellished georgette square neck womens top - black,"Size:Large,Medium,Small,X-Large,X-Small","Rs
1400",1120,20% off,Westernwear-Women
6689,Allen solly,Womens round neck solid a-line dress - fuschia,Size:X-Small,"Rs
2299",1379,40% off,Westernwear-Women
6690,Samshek,Solid v-neck crepe womens regular dress - yellow,"Size:4X-Large,5X-Large,Large,Medium,Small,X-Large,X-Small,XX-Large,XX-Small,XXX-Large","Rs
2490",1992,20% off,Westernwear-Women
6691,Crimsoune club,Stripes collared cotton blend womens jumpsuits - grey,"Size:Large,Medium,Small,X-Large,XX-Large","Rs
1899",949,50% off,Westernwear-Women
6692,Faballey,Solid round neck cotton womens tiered dress - red,"Size:Medium,X-Small","Rs
2200",1100,50% off,Westernwear-Women
6693,Campus sutra,Solid crepe v neck womens top - pink,"Size:Large,Medium,Small,X-Large",Nan,1299,No Discount,Westernwear-Women
6694,Zink z,Regular fit mid thigh cotton womens casual shorts - black,"Size:Large,Medium,Small,X-Large,X-Small",Nan,1499,No Discount,Westernwear-Women
6695,Dolce crudo,Womens perfect statement colourblock jacket - multi,"Size:Large,Small,X-Small","Rs
2349",1291,45% off,Westernwear-Women
6696,Vero moda,Solid viscose v neck womens top - natural,"Size:Large,Medium,Small,X-Large,X-Small","Rs
2599",2079,20% off,Westernwear-Women
6697,Faballey,Floral sweetheart neck georgette womens regular fit top - blue,"Size:Large,Medium,Small,X-Small","Rs
1400",700,50% off,Westernwear-Women
6698,Fratini,Solid cotton round neck womens t-shirt - pink mix,"Size:Large,Medium,Small,X-Large,XX-Large",Nan,799,No Discount,Westernwear-Women
6699,Zink london,Printed viscose u neck womens dress - orange,"Size:Large,Medium,Small,X-Large,X-Small,XX-Large","Rs
2299",1379,40% off,Westernwear-Women
6700,Gipsy,Solid v-neck polyester womens fit and flare dress - brick,"Size:Large,Medium,X-Large",Nan,2595,No Discount,Westernwear-Women
6701,Gipsy,Solid hooded neck cotton womens sweatshirt - blue,"Size:Large,X-Large,XX-Large","Rs
2195",1536,30% off,Westernwear-Women
6702,Jealous 21,Super skinny fit ankle length denim womens jeans - black,"Size:26,28,30,32,34",Nan,1899,No Discount,Westernwear-Women
6703,Crimsoune club,Printed y neck lyocell womens dresses - natural,"Size:Large,Medium,Small,X-Large,XX-Large,XXX-Large","Rs
1899",1519,20% off,Westernwear-Women
6704,Life,Solid regular neck cotton womens cardigan - olive,"Size:Large,Medium,Small,X-Large,X-Small","Rs
1699",849,50% off,Westernwear-Women
6705,Only,Solid cotton round neck womens t-shirt - natural,"Size:Large,Medium,Small,X-Large,X-Small","Rs
1699",1189,30% off,Westernwear-Women
6706,109f,Womens embroidered casual skirt - grey,"Size:Small,XX-Large","Rs
2499",999,60% off,Westernwear-Women
6707,Zink london,Tie and dye viscose square neck womens top - pink,"Size:Large,Medium,Small,X-Large,X-Small","Rs
1699",1019,40% off,Westernwear-Women
6708,Reebok,Solid regular fit polyester womens sports top - pink,"Size:Large,Medium,Small,X-Large,X-Small","Rs
3799",1899,50% off,Westernwear-Women
6709,Global desi,Ethnic motifs full sleeves viscose womens full length jumpsuit - black,"Size:Large,Medium,Small,X-Small","Rs
3499",2799,20% off,Westernwear-Women
6710,Juniper,Printed boat neck cotton womens tiered dress - mustard,"Size:5X-Large,X-Large,XXX-Large","Rs
3399",1529,55% off,Westernwear-Women
6711,Puma,Printed polyester crew neck womens t-shirt - black,"Size:Large,Medium,X-Large,X-Small","Rs
2499",1749,30% off,Westernwear-Women
6712,Iti,Womens pink pleated top - pink,"Size:Large,Small,X-Small",Nan,1699,No Discount,Westernwear-Women
6713,Fila,Cotton round neck womens t-shirt - white,Size:Large,Nan,999,No Discount,Westernwear-Women
6714,Crimsoune club,Womens beige solid cigarette trousers - navy,"Size:X-Large,XX-Large,XXX-Large","Rs
1499",1049,30% off,Westernwear-Women
6715,Sera,Printed pure cotton v-neck womens top - white,"Size:Large,Medium,X-Large","Rs
1398",699,50% off,Westernwear-Women
6716,Allen solly,Checks polyester regular fit womens blazer - mid blue,"Size:Large,Medium,Small,X-Large","Rs
3999",3199,20% off,Westernwear-Women
6717,Sera,Solid cotton blend v-neck womens blouson top - magenta,"Size:Large,Medium,Small","Rs
1294",647,50% off,Westernwear-Women
6718,Kraus,Solid cotton round neck womens t-shirt - fuchsia,"Size:Medium,Small,X-Small","Rs
999",699,30% off,Westernwear-Women
6719,Latin quarters,Printed round neck polyester womens regular fit dress - yellow,"Size:S,M","Rs
2699",1349,50% off,Westernwear-Women
6720,Vero moda,Solid viscose v neck womens top - green,"Size:Large,Medium,Small,X-Large,X-Small","Rs
2599",1819,30% off,Westernwear-Women
6721,Pepe,Loose fit cotton womens casual shorts - denim,"Size:26,28,30,32,34","Rs
2499",1499,40% off,Westernwear-Women
6722,Campus sutra,Womens knit regular fit shirt - navy,"Size:Medium,X-Large",Nan,1399,No Discount,Westernwear-Women
6723,Faballey,Printed collar neck georgette womens straight fit maxi dress - pink,"Size:Small,X-Large","Rs
2300",1150,50% off,Westernwear-Women
6724,Samshek,Solid round neck polyester womens regular dress - purple,"Size:4X-Large,5X-Large,Large,Medium,Small,X-Large,X-Small,XX-Large,XX-Small,XXX-Large",Nan,2790,No Discount,Westernwear-Women
6725,Louis philippe,Floral cotton v- neck womens a line dress - white,"Size:Medium,Small,X-Small","Rs
3290",1645,50% off,Westernwear-Women
6726,Forever new,Floral viscose sweetheart neck womens regular dress - print,"Size:6,8","Rs
6200",4340,30% off,Westernwear-Women
6727,Indya,Solid regular fit georgette womens festive wear pants - pink,"Size:Small,X-Small","Rs
2100",1050,50% off,Westernwear-Women
6728,Vero moda,Solid shirt collar cotton womens dress - blue,"Size:Large,Medium,Small,X-Large,X-Small","Rs
3299",1649,50% off,Westernwear-Women
6729,Sera,Floral sleeveless rayon blend womens regular jumpsuits - blue,Size:X-Large,"Rs
3998",1799,55% off,Westernwear-Women
6730,Fratini,Printed polyester off shoulder womens regular top - mustard,"Size:Large,Medium,Small,X-Large,XX-Large","Rs
899",449,50% off,Westernwear-Women
6731,Latin quarters,Solid polyester boat neck womens regular dress - black,Size:S,"Rs
2499",1249,50% off,Westernwear-Women
6732,Enamor,Cotton womens active wear t-shirt - midnight blue,"Size:XL,Large,Medium,Small,XX-Large",Nan,799,No Discount,Westernwear-Women
6733,Faballey,Solid square neck crepe womens regular top - green,Size:Large,"Rs
1400",700,50% off,Westernwear-Women
6734,Crimsoune club,Skinny ankle length cotton blend womens jeans - blue,"Size:28,30,32,34,36","Rs
1999",1599,20% off,Westernwear-Women
6735,Samshek,Solid collar neck polyester womens casual jacket - black,"Size:4X-Large,5X-Large,Large,Medium,Small,X-Large,X-Small,XX-Large,XX-Small,XXX-Large","Rs
2900",2320,20% off,Westernwear-Women
6736,Spykar,Printed viscose spread collar womens casual wear shirt - black,"Size:Large,Medium,Small,X-Large","Rs
1699",1189,30% off,Westernwear-Women
6737,Levis,Skinny fit regular cotton womens jeans - indigo,"Size:28,30,32,34",Nan,4599,No Discount,Westernwear-Women
6738,Global desi,Womens solid tie-up neck top - off white,Size:XL,"Rs
2299",919,60% off,Westernwear-Women
6739,Sera,Checks sleeveless polyester womens midi length jumpsuit - white,"Size:Medium,Small","Rs
1694",677,60% off,Westernwear-Women
6740,Iti,Womens flowy kaftan top - red,Size:Small,Nan,1499,No Discount,Westernwear-Women
6741,De moza,Solid round neck cotton womens sweatshirt - lime green,Size:XX-Large,Nan,1499,No Discount,Westernwear-Women
6742,Crimsoune club,Womens green solid sweat shirt - green,Size:Medium,"Rs
1899",759,60% off,Westernwear-Women
6743,Sera,Printed polyester v-neck womens top - black,"Size:Large,Medium,Small,X-Large","Rs
1298",584,55% off,Westernwear-Women
6744,Adidas,Printed regular fit polyester womens track pants - red,"Size:Large,Medium,Small,X-Large,X-Small","Rs
2999",2099,30% off,Westernwear-Women
6745,Dolce crudo,Womens regular fit coolest on internet skinny jeans navy blue - navy,"Size:26,28,30,32,34","Rs
2349",1057,55% off,Westernwear-Women
6746,Sera,Womens regular fit printed trousers - black,Size:Large,"Rs
1494",597,60% off,Westernwear-Women
6747,Spykar,Printed cotton round neck womens t-shirt - mustard,"Size:Large,Medium,Small,X-Large","Rs
1099",769,30% off,Westernwear-Women
6748,Allen solly,Stripes polyester womens formal wear blazer - black,"Size:Large,XX-Large",Nan,3799,No Discount,Westernwear-Women
6749,Enamor,Cotton womens active wear t-shirt - salmon,"Size:XL,Large,Medium,Small,XX-Large",Nan,899,No Discount,Westernwear-Women
6750,Only,Solid sleeveless polyester womens maxi jumpsuits - green,"Size:34,36,38,40,42","Rs
4499",2249,50% off,Westernwear-Women
6751,Jealous 21,Solid cotton collar neck womens casual shirt - indigo,"Size:Large,Medium,Small,X-Large",Nan,2199,No Discount,Westernwear-Women
6752,And,Solid viscose round neck women regular tops - blue mix light,"Size:8,10,12,14,16,18","Rs
2499",1249,50% off,Westernwear-Women
6753,Crimsoune club,Womens blue striped shorts - navy,"Size:26,28,32","Rs
1899",1139,40% off,Westernwear-Women
6754,And,Solid viscose mandarin collar womens straight top - lilac,Size:8,"Rs
1699",849,50% off,Westernwear-Women
6755,And,Solid cotton round neck women regular tops - black & white,"Size:14,16","Rs
2699",1349,50% off,Westernwear-Women
6756,Only,Solid rayon round neck womens t-shirt - pink,"Size:Large,Medium,Small,X-Large,X-Small",Nan,1999,No Discount,Westernwear-Women
6757,And,Solid full sleeves polyester womens knee length jacket - black,"Size:8,10,12,16,18","Rs
2899",1449,50% off,Westernwear-Women
6758,Life,Solid viscose blend round neck womens active wear top - lime green,"Size:Large,Medium,Small,X-Large,X-Small","Rs
899",449,50% off,Westernwear-Women
6759,Latin quarters,Solid rayon blend round neck womens regular casual top - pink,"Size:S,M,L,X-Small","Rs
799",499,38% off,Westernwear-Women
6760,Vero moda,Printed cotton v neck womens dress - white,"Size:Large,Medium,Small,X-Large,X-Small","Rs
3499",2449,30% off,Westernwear-Women
6761,Zink london,Structured acrylic high neck womens tops - green,"Size:Large,X-Large","Rs
1999",799,60% off,Westernwear-Women
6762,Latin quarters,Printed rayon v- neck womens regular top - natural,"Size:M,L,XL","Rs
1399",499,64% off,Westernwear-Women
6763,Zink london,Printed round neck rayon womens dresses - maroon,"Size:Large,Medium,Small,X-Large","Rs
3299",1319,60% off,Westernwear-Women
6764,Miss chase,Womens skinny fit clean look jeans - light blue,"Size:26,28,30,32,34",Nan,2299,No Discount,Westernwear-Women
6765,And,Printed v- neck polyester women flared dress - multi,"Size:8,12,14,16","Rs
2899",1449,50% off,Westernwear-Women
6766,Rare,Solid crepe sweetheart neck womens regular fit top - black,"Size:Large,Medium,Small,X-Large,X-Small","Rs
1499",599,60% off,Westernwear-Women
6767,Cover story,Solid cotton round neck women regular women t-shirt - blue,"Size:Small,X-Small","Rs
1290",690,47% off,Westernwear-Women
6768,Miss chase,Womens regular fit joggers - blue,"Size:26,28,30,32,34",Nan,2299,No Discount,Westernwear-Women
6769,Rare,Printed polyester v-neck womens regular fit top - black,"Size:Large,Medium,X-Large","Rs
1499",599,60% off,Westernwear-Women
6770,Global desi,Womens geometric top - natural,"Size:Medium,Small,X-Small","Rs
1699",509,70% off,Westernwear-Women
6771,Rare,Striped regular fit polyester womens casual shorts - black,"Size:28,30,32","Rs
1399",629,55% off,Westernwear-Women
6772,Allen solly,Womens 3 pocket solid trousers - dark blue,"Size:26,30,32,34,36","Rs
1799",1439,20% off,Westernwear-Women
6773,Kraus,Slim fit cotton blend womens casual wear shorts - mid blue,Size:28,"Rs
1395",697,50% off,Westernwear-Women
6774,And,Womens striped fit and flare dress - black mix,Size:8,Nan,2999,No Discount,Westernwear-Women
6775,Faballey,Solid round neck georgette womens a line dresses - purple,Size:X-Small,"Rs
2600",1300,50% off,Westernwear-Women
6776,Faballey,Printed round neck georgette womens shift dress - blue,Size:Large,"Rs
2100",1050,50% off,Westernwear-Women
6777,Magre,Solid satin square neck womens front slit dress - rust,"Size:Small,X-Small","Rs
3690",2029,45% off,Westernwear-Women
6778,Is.u,Solid round neck cotton womens regular fit dress - black,Size:Large,"Rs
990",495,50% off,Westernwear-Women
6779,And,Solid half sleeves viscose womens three quarter length jumpsuit - light blue,"Size:8,10,12,14",Nan,2699,No Discount,Westernwear-Women
6780,Iti,Womens ruffle sleeve shirt - brown,"Size:Medium,Small",Nan,1699,No Discount,Westernwear-Women
6781,Faballey,Printed halter neck crepe womens straight fit maxi dress - black,Size:Medium,"Rs
2200",1100,50% off,Westernwear-Women
6782,Global desi,Self design key hole neck womens top - sage,"Size:Medium,Small,X-Small","Rs
1599",959,40% off,Westernwear-Women
6783,Is.u,Regular fit ankle length cotton blend womens jeans - blue,Size:36,"Rs
2490",1245,50% off,Westernwear-Women
6784,109f,Womens open front neck slub long shrug - grey,Size:Small,"Rs
1799",719,60% off,Westernwear-Women
6785,Faballey,Embellished round neck crepe womens regular dress - pink,"Size:Medium,Small","Rs
2200",1100,50% off,Westernwear-Women
6786,Faballey,Solid cotton round neck womens peplum top - blue,Size:Small,"Rs
1600",800,50% off,Westernwear-Women
6787,Iti,Womens purple embellished pleat maxi - purple,"Size:Small,X-Small",Nan,3499,No Discount,Westernwear-Women
6788,Global desi,Womens viscose rayon trousers - indigo,"Size:Large,Small,X-Small","Rs
1599",639,60% off,Westernwear-Women
6789,Puma,Polyester round neck womens athleisure top - blue,"Size:Small,X-Large","Rs
1499",1049,30% off,Westernwear-Women
6790,Lovegen,Womens checked casual long shirt - checks,Size:Small,"Rs
1899",569,70% off,Westernwear-Women
6791,Zink london,Dyed rayon regular fit womens top - white,"Size:Large,X-Large","Rs
1499",599,60% off,Westernwear-Women
6792,Latin quarters,Printed v- neck polyester womens regular dress - ivory,Size:S,"Rs
2799",799,71% off,Westernwear-Women
6793,Is.u,Womens black side slit ribbed dress - black,Size:Medium,"Rs
1890",945,50% off,Westernwear-Women
6794,Sera,Womens regular fit solid high neck top - grey,"Size:Large,Medium,Small,X-Large","Rs
1094",547,50% off,Westernwear-Women
6795,Latin quarters,Solid polyester v neck womens regular dress - black,"Size:S,M","Rs
2999",2099,30% off,Westernwear-Women
6796,Is.u,Printed cotton womens regular fit top - yellow,"Size:Large,X-Large,XX-Large","Rs
2190",985,55% off,Westernwear-Women
6797,Zink london,Womens regular fit structure round neck top - pink,Size:X-Small,"Rs
1399",499,64% off,Westernwear-Women
6798,Madame,Womens round neck striped top - navy,Size:Large,"Rs
1899",949,50% off,Westernwear-Women
6799,Latin quarters,Dyed boat neck polyester womens regular dress - black,"Size:S,M","Rs
2399",1679,30% off,Westernwear-Women
6800,Zink london,Solid eco liva v-neck womens regular top - mint,"Size:X-Small,XX-Large","Rs
1399",559,60% off,Westernwear-Women
6801,Indya,Embroidered cotton womens casual wear jackets - grey,"Size:Medium,Small","Rs
1600",800,50% off,Westernwear-Women
6802,And,Womens solid round neck straight jumpsuit - navy,Size:18,Nan,2499,No Discount,Westernwear-Women
6803,Latin quarters,Dyed rayon shirt collar womens regular top - ivory,Size:M,"Rs
1399",499,64% off,Westernwear-Women
6804,Latin quarters,Solid off shoulder polyester blend womens regular fit dress - black,"Size:S,M,XL",Nan,2999,No Discount,Westernwear-Women
6805,Latin quarters,Solid pu mandarin womens casual jacket - green,"Size:S,M,L,XL","Rs
4499",3149,30% off,Westernwear-Women
6806,And,Solid square neck polyester women flared dress - blue mix light,Size:14,"Rs
2999",2099,30% off,Westernwear-Women
6807,And,Floral v- neck polyester women flared dress - white,"Size:8,14,16","Rs
2899",2029,30% off,Westernwear-Women
6808,Marie claire,Solid polyester round neck womens top - peach,Size:X-Small,"Rs
1899",949,50% off,Westernwear-Women
6809,Van heusen,Checks polyester womens formal jacket - mid blue,"Size:Large,Medium,Small,X-Large,X-Small",Nan,3999,No Discount,Westernwear-Women
6810,Jealous 21,Structured round neck cotton womens regular top - yellow,"Size:Large,Medium,Small,X-Large",Nan,1099,No Discount,Westernwear-Women
6811,Global desi,Solid straight fit viscose rayon womens work wear trousers - white,"Size:XL,Large,Medium,Small,X-Small","Rs
2699",1349,50% off,Westernwear-Women
6812,Faballey,Floral georgette v neck womens dress - purple,"Size:Large,Medium,X-Large,X-Small","Rs
1950",1560,20% off,Westernwear-Women
6813,Global desi,Floral tie up neck womens top - aqua,"Size:Large,Medium,Small,X-Small","Rs
1699",849,50% off,Westernwear-Women
6814,Vero moda,Printed cotton round neck womens t-shirt - purple,"Size:Large,Medium,Small,X-Large,X-Small","Rs
2299",1609,30% off,Westernwear-Women
6815,109f,Womens mandarin collar striped long shirt - lime green,Size:Small,"Rs
1599",639,60% off,Westernwear-Women
6816,Dolce crudo,Womens regular fit put your positive denim jeans black - black,"Size:26,28,30,34","Rs
2399",1079,55% off,Westernwear-Women
6817,Vero moda,Printed cotton round neck womens t-shirt - black,"Size:Large,Medium,Small,X-Large,X-Small","Rs
2499",1999,20% off,Westernwear-Women
6818,Samshek,Solid v neck polyester womens regular dress - maroon,"Size:4X-Large,5X-Large,Large,Medium,Small,X-Large,X-Small,XX-Large,XX-Small,XXX-Large","Rs
2490",2241,10% off,Westernwear-Women
6819,Fratini,Printed cotton round neck womens regular t-shirt - red,"Size:Large,Medium,Small","Rs
599",299,50% off,Westernwear-Women
6820,Zink z,Regular fit mid thigh cotton womens casual shorts - grey,"Size:Large,Medium,Small,X-Large,X-Small",Nan,1399,No Discount,Westernwear-Women
6821,Madame,Womens band collar slub ruffle top - maroon,"Size:Large,Medium,X-Large","Rs
2299",1149,50% off,Westernwear-Women
6822,Stop,Textured mandarin polyester womens coat - off white,"Size:Large,Medium,Small,X-Large","Rs
2999",1499,50% off,Westernwear-Women
6823,Van heusen,Printed cotton collar neck womens dress - mid blue,"Size:Large,Medium,Small,X-Large,X-Small",Nan,3299,No Discount,Westernwear-Women
6824,Reebok,Printed regular fit polyester womens sports top - black,"Size:Large,Medium,Small,X-Large,X-Small","Rs
2999",1499,50% off,Westernwear-Women
6825,Levis,Solid cotton round neck womens t-shirt - blue,"Size:Large,Medium,Small,X-Small",Nan,1599,No Discount,Westernwear-Women
6826,Enamor,Cotton activewear womens track pants - acid green,"Size:XL,Large,Medium,Small",Nan,1599,No Discount,Westernwear-Women
6827,Zink london,Solid notched polyester womens casual jacket - blue,"Size:Large,Medium,Small,X-Large,X-Small","Rs
2299",919,60% off,Westernwear-Women
6828,Magre,Animal print polyester blend turtle neck womens top - multi,"Size:Large,Medium,Small,X-Small","Rs
1590",874,45% off,Westernwear-Women
6829,Fratini,Solid regular neck viscose blend womens cardigan - blush,"Size:Large,Medium,Small,X-Large,X-Small,XX-Large","Rs
1699",849,50% off,Westernwear-Women
6830,Samshek,Solid one shoulder crepe womens bodycon dress - red,"Size:4X-Large,5X-Large,Large,Medium,Small,X-Large,X-Small,XX-Large,XX-Small,XXX-Large","Rs
2990",2093,30% off,Westernwear-Women
6831,Reebok,Regular fit polyester cotton womens track pants - grey,"Size:Large,Medium,Small,X-Large,X-Small","Rs
2499",1249,50% off,Westernwear-Women
6832,Madame,Floral polyester collared neck womens regular fit top - white,Size:XX-Large,"Rs
1799",899,50% off,Westernwear-Women
6833,Global desi,Womens solid bodycon top - black,"Size:XL,Large,Medium,Small,X-Small","Rs
1599",639,60% off,Westernwear-Women
6834,Puma,Printed polyester round neck womens athleisure top - purple,"Size:Large,Medium,Small,X-Large,X-Small","Rs
2299",1609,30% off,Westernwear-Women
6835,Van heusen,Skinny fit knee length cotton stretch womens leggings - black,"Size:Large,Medium,Small,X-Large",Nan,1199,No Discount,Westernwear-Women
6836,Cover story,Solid polyester v neck womens dress - lilac,"Size:Large,Medium,Small,X-Large,X-Small",Nan,2890,No Discount,Westernwear-Women
6837,Van heusen,Printed viscose round neck womens regular fit top - off white,"Size:Large,Medium,Small,X-Large",Nan,1499,No Discount,Westernwear-Women
6838,Emblaze,Womens green sheath dress - green,"Size:Large,Medium,Small,X-Large,X-Small,XX-Large",Nan,3000,No Discount,Westernwear-Women
6839,Sera,Floral sweetheart neck rayon blend womens regular dress - black,"Size:Large,Medium,Small,X-Large","Rs
2998",1349,55% off,Westernwear-Women
6840,Jealous 21,Solid round neck viscose womens regular top - black,"Size:Large,Medium,Small,X-Large",Nan,899,No Discount,Westernwear-Women
6841,Allen solly,Solid viscose round neck womens t-shirt - yellow,"Size:Large,Medium,Small,X-Large,X-Small,XX-Large","Rs
1699",1499,12% off,Westernwear-Women
6842,Crimsoune club,Slim mid thigh cotton blend womens casual wear shorts - black,"Size:26,28,30,32,34,36","Rs
1799",1079,40% off,Westernwear-Women
6843,Kraus,Solid collared neck cotton womens casual jacket - olive,"Size:Large,Medium,Small,X-Large","Rs
2095",1047,50% off,Westernwear-Women
6844,Sera,Floral sweetheart neck polyester womens regular dress - black,"Size:Large,Medium,X-Large","Rs
1998",899,55% off,Westernwear-Women
6845,Dolce crudo,Womens regular fit tell me what to do colour block t-shirt dress - multi,"Size:Large,Medium,Small,X-Large,X-Small","Rs
1799",719,60% off,Westernwear-Women
6846,Van heusen,Solid regular fit polyester womens formal pants - turquoise,"Size:26,28,30,32,34",Nan,1999,No Discount,Westernwear-Women
6847,Pepe,Washed tencel round neck womens top - indigo,"Size:Large,Medium,Small,X-Large","Rs
2199",1319,40% off,Westernwear-Women
6848,Samshek,Solid cotton collar neck womens regular top - yellow,"Size:4X-Large,5X-Large,Large,Medium,Small,X-Large,X-Small,XX-Large,XX-Small,XXX-Large",Nan,1649,No Discount,Westernwear-Women
6849,Emblaze,Solid viscose round neck womens top - olive,"Size:Large,Medium,Small,X-Large,X-Small,XX-Large",Nan,2500,No Discount,Westernwear-Women
6850,Lovegen,Patch collared neck cotton womens casual wear jacket - mid blue,"Size:Large,Medium,Small,X-Large,X-Small","Rs
2699",1349,50% off,Westernwear-Women
6851,Dolce crudo,Solid notch collar fleece womens casual wear jacket - black,"Size:Large,Medium,Small,X-Small","Rs
4995",1998,60% off,Westernwear-Women
6852,De moza,Solid cotton regular fit womens joggers - peach,"Size:Large,Medium,Small,X-Large,XX-Large",Nan,1499,No Discount,Westernwear-Women
6853,Emblaze,Solid round neck viscose womens dress - pink,"Size:Large,Medium,Small,X-Large,X-Small,XX-Large",Nan,2600,No Discount,Westernwear-Women
6854,Levis,Skinny fit regular length cotton polyester womens jeans - dk indigo,"Size:26,28,30,32",Nan,2399,No Discount,Westernwear-Women
6855,Sera,Womens printed mid-rise regular shorts - purple,"Size:Large,Medium,Small,X-Large","Rs
1094",437,60% off,Westernwear-Women
6856,Puma,Printed polyester round neck womens athleisure top - black,"Size:Large,Medium,Small,X-Large,X-Small","Rs
1999",1399,30% off,Westernwear-Women
6857,Crimsoune club,Printed poly cotton round neck womens t-shirt - green,"Size:Large,Medium,Small,X-Large","Rs
899",629,30% off,Westernwear-Women
6858,109f,Stripes shirt collar rayon womens casual shirt - off white,"Size:Large,Medium,Small,XX-Large",Nan,1599,No Discount,Westernwear-Women
6859,Stop,Printed regular neck cotton womens formal shirt - peach,"Size:Large,Medium,Small,X-Large,X-Small,XX-Large",Nan,899,No Discount,Westernwear-Women
6860,Sera,Solid collar neck cotton womens blouson top - pink,"Size:Large,Medium,Small,X-Large","Rs
1498",749,50% off,Westernwear-Women
6861,Levis,Womens 5 pocket rinse wash jeans - light blue,"Size:26,27,28,30,32,34",Nan,2799,No Discount,Westernwear-Women
6862,Samshek,Solid crepe scoop neck womens regular top - black,"Size:4X-Large,5X-Large,Large,Medium,Small,X-Large,X-Small,XX-Large,XX-Small,XXX-Large","Rs
1390",1112,20% off,Westernwear-Women
6863,Campus sutra,Solid crepe v neck womens top - wine,"Size:Large,Medium,Small,X-Large",Nan,1299,No Discount,Westernwear-Women
6864,Only,Solid cotton round neck womens t-shirt - green,"Size:Large,Medium,Small,X-Small","Rs
1999",999,50% off,Westernwear-Women
6865,Vero moda,Solid modal v neck womens top - blue,"Size:Large,Medium,Small,X-Large,X-Small","Rs
1999",1399,30% off,Westernwear-Women
6866,Zink london,Solid viscose blend round neck womens top - purple,"Size:Large,Medium,Small,X-Large,X-Small,XX-Large","Rs
1399",839,40% off,Westernwear-Women
6867,Only,Solid cotton v neck womens top - pink,"Size:Large,Medium,Small,X-Large,X-Small","Rs
1999",1399,30% off,Westernwear-Women
6868,Crimsoune club,Womens white polka dot printed parallel trousers - black,"Size:Large,Medium,Small,X-Large","Rs
1999",999,50% off,Westernwear-Women
6869,Madame,Solid cotton round neck womens regular top - dusty pink,"Size:Large,Medium,Small,X-Large,XX-Large",Nan,999,No Discount,Westernwear-Women
6870,Cover story,Solid cotton spandex round neck womens t-shirt - pink,"Size:Large,Medium,Small,X-Large,X-Small","Rs
1290",903,30% off,Westernwear-Women
6871,Crimsoune club,Printed y neck lyocell womens jumpsuits - pink,"Size:Large,Medium,Small,X-Large,XX-Large","Rs
1999",1199,40% off,Westernwear-Women
6872,Stop,Printed polyester regular neck womens top - natural,"Size:Large,Medium,Small,X-Large,X-Small,XX-Large",Nan,899,No Discount,Westernwear-Women
6873,Samshek,Solid half sleeves crepe womens mid thigh jumpsuit - yellow,"Size:4X-Large,5X-Large,Large,Medium,Small,X-Large,X-Small,XX-Large,XX-Small,XXX-Large","Rs
2490",1992,20% off,Westernwear-Women
6874,Crimsoune club,Stripes collared cotton blend womens jumpsuits - blue,"Size:Large,Medium,Small,X-Large,XX-Large","Rs
1899",949,50% off,Westernwear-Women
6875,Sera,Solid round neck polyester womens regular dress - blue,"Size:Large,Medium,Small,X-Large","Rs
1998",799,60% off,Westernwear-Women
6876,Vero moda,Printed relaxed cotton womens casual wear pants - white,"Size:Large,Medium,Small,X-Large,X-Small","Rs
2999",1799,40% off,Westernwear-Women
6877,Faballey,Printed crepe boat neck womens tops - green,"Size:4X-Large,X-Large,XX-Large,XXX-Large","Rs
1800",900,50% off,Westernwear-Women
6878,And,Solid polyester collar neck womens straight top - black,"Size:8,10,14,16,18","Rs
1899",1519,20% off,Westernwear-Women
6879,Madame,Womens round neck solid tie up top - red,"Size:Large,Medium,X-Large","Rs
1899",949,50% off,Westernwear-Women
6880,Miss chase,Womens skinny fit clean look jeans - navy,"Size:26,28,30,32,34",Nan,2249,No Discount,Westernwear-Women
6881,Cover story,Solid viscose rayon square women regular women top - pink,"Size:Medium,Small,X-Small","Rs
1490",690,54% off,Westernwear-Women
6882,And,Solid tencel v- neck women regular tops - pink,"Size:8,10","Rs
1799",1259,30% off,Westernwear-Women
6883,Latin quarters,Dyed collared 100% rayon womens casual shirt - pink,"Size:XL,XX-Large","Rs
1299",649,50% off,Westernwear-Women
6884,Sera,Womens regular fit printed v neck wrap dress - white,Size:X-Large,"Rs
1498",599,60% off,Westernwear-Women
6885,Latin quarters,Printed round neck polyester womens dress - maroon,"Size:S,M,L","Rs
1999",999,50% off,Westernwear-Women
6886,And,Solid round neck womens workwear dress - black,Size:8,"Rs
2899",1449,50% off,Westernwear-Women
6887,Van heusen,Solid cotton round neck womens regular fit top - off white,"Size:Large,Medium","Rs
1299",999,23% off,Westernwear-Women
6888,Dolce crudo,Womens savage blow boat neck t-shirt - black,"Size:Large,X-Small","Rs
1149",574,50% off,Westernwear-Women
6889,Allen solly,Solid round neck cotton womens regular fit dress - pink,Size:Large,"Rs
2499",1499,40% off,Westernwear-Women
6890,Allen solly,Printed polyester keyhole womens top - navy,Size:X-Small,Nan,1499,No Discount,Westernwear-Women
6891,Iti,Solid georgette mandarin womens casual shirt - blue,"Size:Medium,X-Small",Nan,1599,No Discount,Westernwear-Women
6892,Kraus,Solid collared neck cotton blend womens casual jacket - black,Size:Small,"Rs
2095",1047,50% off,Westernwear-Women
6893,Faballey,Regular fit regular length polyester blend womens jeggings - black,Size:Medium,"Rs
2200",1760,20% off,Westernwear-Women
6894,Magre,Solid polyester blend regular fit womens casual pants - black,Size:Large,"Rs
2290",1374,40% off,Westernwear-Women
6895,Is.u,Womens pink wrap neck dress - pink,"Size:Large,Medium,Small","Rs
2790",1395,50% off,Westernwear-Women
6896,And,Solid cotton choker neck womens a-line top - black,"Size:8,10","Rs
1299",909,30% off,Westernwear-Women
6897,And,Printed floral rayon round neck womens cropped top - multi,Size:10,"Rs
1699",1189,30% off,Westernwear-Women
6898,And,Solid womens workwear trousers - navy,"Size:30,32,34",Nan,1899,No Discount,Westernwear-Women
6899,And,Solid round neck polyester womens a-line top - black,"Size:8,10,12,14","Rs
2199",1759,20% off,Westernwear-Women
6900,Zink london,Checks polyester round neck women's top - lime green,"Size:Small,X-Small","Rs
1499",599,60% off,Westernwear-Women
6901,And,Solid tapered fit polyester womens workwear pants - navy,Size:26,"Rs
2599",1299,50% off,Westernwear-Women
6902,Faballey,Solid v neck crepe womens regular dresses - orange,Size:Small,"Rs
1950",975,50% off,Westernwear-Women
6903,Magre,Solid polyester blend regular fit womens casual pants - black,"Size:Large,Small","Rs
2490",1494,40% off,Westernwear-Women
6904,Latin quarters,Solid shirt collar nylon womens regular dress - pink,Size:S,"Rs
1999",799,60% off,Westernwear-Women
6905,Kraus,Slim fit mid thigh cotton blend womens casual shorts - black,Size:36,"Rs
1295",647,50% off,Westernwear-Women
6906,And,Solid v-neck viscose womens shift dress - yellow,"Size:8,10,12,14","Rs
2699",1349,50% off,Westernwear-Women
6907,Iti,Womens maroon pleated shirt maxi - red,Size:X-Large,Nan,2499,No Discount,Westernwear-Women
6908,Crimsoune club,Printed spread collar cotton spandex womens casual shirt - navy,"Size:Large,Medium","Rs
1299",779,40% off,Westernwear-Women
6909,Crimsoune club,Printed round neck lyocell womens jumpsuits - navy,"Size:Large,X-Large,XX-Large","Rs
1999",1399,30% off,Westernwear-Women
6910,Sera,Womens regular fit solid high neck top - navy,Size:X-Large,"Rs
1094",547,50% off,Westernwear-Women
6911,And,Solid round neck linen womens knee length dress - yellow,"Size:8,10","Rs
3799",1899,50% off,Westernwear-Women
6912,And,Solid polyester v neck womens flared dress - navy,Size:10,"Rs
2499",1624,35% off,Westernwear-Women
6913,Faballey,Solid halter neck georgette womens regular top - purple,Size:Medium,"Rs
1300",650,50% off,Westernwear-Women
6914,And,Striped polyester round neck women's formal wear dress - black,Size:10,"Rs
1999",999,50% off,Westernwear-Women
6915,And,Womens regular fit floral top - marine green,Size:8,"Rs
1499",749,50% off,Westernwear-Women
6916,And,Floral square neck polyester womens dress - lemon,"Size:8,14,16,18","Rs
2899",1449,50% off,Westernwear-Women
6917,Latin quarters,Printed polyester round neck womens blouse - maroon,"Size:S,M","Rs
1499",749,50% off,Westernwear-Women
6918,Zink london,Printed polyester square neck womens tops - white,"Size:Large,X-Large","Rs
1599",639,60% off,Westernwear-Women
6919,Latin quarters,Printed v-neck rayon blend womens a-line dress - black,"Size:S,M,L,XL","Rs
1999",999,50% off,Westernwear-Women
6920,Latin quarters,Dyed rayon blend round neck womens regular top - pink,Size:X-Small,"Rs
1350",499,63% off,Westernwear-Women
6921,And,Solid v- neck polyester women flared gown - wine,"Size:8,10,12","Rs
4499",2924,35% off,Westernwear-Women
6922,And,Solid viscose collar neck women regular top - blue mix light,Size:8,"Rs
1899",1329,30% off,Westernwear-Women
6923,Marie claire,Self design round neck polyester womens casual dress - red,Size:Small,"Rs
1999",999,50% off,Westernwear-Women
6924,Rare,Polka dots round neck rayon womens a-line dress - black,"Size:Medium,Small","Rs
1999",899,55% off,Westernwear-Women
6925,Marie claire,Regular fit calf length rayon womens casual skirt - black,Size:30,"Rs
1899",949,50% off,Westernwear-Women
6926,And,Solid tencel collar neck women regular top - magenta,Size:8,"Rs
1799",1259,30% off,Westernwear-Women
6927,Magre,Solid satin round neck womens top - lavender,"Size:Large,Medium,Small,X-Small","Rs
1790",1163,35% off,Westernwear-Women
6928,Samshek,Solid crepe collar neck womens party wear shirt - black,"Size:4X-Large,5X-Large,Large,Medium,Small,X-Large,X-Small,XX-Large,XX-Small,XXX-Large","Rs
1890",1701,10% off,Westernwear-Women
6929,Vero moda,Solid polyester round neck womens top - brown,"Size:Large,Medium,Small,X-Large,X-Small","Rs
2999",2099,30% off,Westernwear-Women
6930,Dolce crudo,Womens girl boss round neck twill t-shirt - white,"Size:Large,X-Small","Rs
1249",624,50% off,Westernwear-Women
6931,And,Solid 3/4th sleeves womens regular fit jumpsuit - blue,"Size:8,14","Rs
2699",1889,30% off,Westernwear-Women
6932,Adidas,Printed polyester fitted womens casual tights - grey,"Size:Large,Medium,Small,X-Large,X-Small","Rs
3299",2309,30% off,Westernwear-Women
6933,Crimsoune club,Womens black striped parallel trousers - black,"Size:Large,Medium,Small,X-Large","Rs
1999",799,60% off,Westernwear-Women
6934,Adidas,Printed nylon round neck womens dress - black,"Size:116,128,140,SIZE_152,SIZE_164","Rs
1999",999,50% off,Westernwear-Women
6935,Crimsoune club,Womens blue solid shorts - blue,"Size:30,32,34,36","Rs
1699",1019,40% off,Westernwear-Women
6936,Sera,Floral sweetheart neck rayon blend womens a-line dress - black,"Size:Medium,X-Large","Rs
1898",854,55% off,Westernwear-Women
6937,Adidas,Printed cotton fitted womens casual tights - blue,"Size:Large,Medium,X-Small","Rs
1799",1259,30% off,Westernwear-Women
6938,Infuse,Regular fit regular length viscose womens casual skirt - pink,"Size:26,28,30,32","Rs
1699",509,70% off,Westernwear-Women
6939,Zink london,Solid round neck polyester womens midi dress - black,"Size:Large,Medium,Small,X-Large","Rs
2499",1999,20% off,Westernwear-Women
6940,Proline,Polyester regular fit womens leggings - blue,"Size:Large,Medium,Small,X-Large","Rs
1199",839,30% off,Westernwear-Women
6941,Campus sutra,Womens knit regular fit shirt - grey,"Size:Large,Medium,Small,X-Large",Nan,1399,No Discount,Westernwear-Women
6942,Emblaze,Womens black front zip cropped top - black,"Size:Large,Medium,Small,X-Large,X-Small,XX-Large",Nan,2800,No Discount,Westernwear-Women
6943,Spykar,Printed viscose spread collar womens casual wear shirt - brown,"Size:Large,Medium,Small,X-Large","Rs
1999",1399,30% off,Westernwear-Women
6944,Faballey,Solid crepe square neck womens ruffle dress - pink,"Size:Large,Medium,Small,X-Large,X-Small","Rs
1800",900,50% off,Westernwear-Women
6945,Enamor,Cotton lycra womens t-shirt - merc black,"Size:XL,Large,Medium,Small",Nan,799,No Discount,Westernwear-Women
6946,Vero moda,Solid polyester off shoulder womens  tops - green,"Size:Large,Medium,Small,X-Large,X-Small","Rs
1999",1199,40% off,Westernwear-Women
6947,Emblaze,Solid satin round neck womens straight top - rust,"Size:Large,Medium,Small,X-Large,X-Small,XX-Large",Nan,3000,No Discount,Westernwear-Women
6948,Crimsoune club,Womens yellow colorblock top - yellow,"Size:Large,Medium,Small,X-Large","Rs
1299",909,30% off,Westernwear-Women
6949,Fila,Cotton round neck womens top - black,"Size:Large,Medium,X-Large",Nan,1299,No Discount,Westernwear-Women
6950,Kraus,Solid cotton blend slim womens casual shorts - black,Size:34,"Rs
1295",647,50% off,Westernwear-Women
6951,Only,Solid polyester collar neck womens t-shirt - orange,"Size:Large,Medium,Small,X-Large,X-Small","Rs
2299",1609,30% off,Westernwear-Women
6952,Faballey,Printed cotton square neck womens dress - white,"Size:Large,Medium,Small,X-Large,X-Small","Rs
2200",1760,20% off,Westernwear-Women
6953,And,Self design nylon round neck womens woven top - yellow,"Size:8,10","Rs
1999",1399,30% off,Westernwear-Women
6954,Vero moda,Printed polyester round neck womens casual jacket - green,"Size:Large,Medium,Small,X-Large,X-Small","Rs
3999",1999,50% off,Westernwear-Women
6955,Global desi,Floral half sleeves viscose womens full length jumpsuit - pink,"Size:Medium,X-Small","Rs
2499",1249,50% off,Westernwear-Women
6956,Reebok,Solid slim fit polyester womens athleisure track pants - green,"Size:Large,Medium,Small,X-Small","Rs
3299",1649,50% off,Westernwear-Women
6957,Cover story,Printed cotton blend round neck womens t-shirt - white,"Size:Large,Medium,Small,X-Large,X-Small",Nan,890,No Discount,Westernwear-Women
6958,Zink london,Solid v neck acrylic womens sweaters - orange,"Size:Large,Medium,Small,X-Large","Rs
2499",999,60% off,Westernwear-Women
6959,Vero moda,Textured viscose off shoulder womens  tops - white,"Size:Large,Medium,Small,X-Large,X-Small","Rs
1599",959,40% off,Westernwear-Women
6960,And,Womens regular fit floral top - red mix,Size:8,"Rs
1799",899,50% off,Westernwear-Women
6961,Crimsoune club,Regular ankle length cotton blend womens jeans - blue,"Size:26,28,30,32,34,36,38","Rs
2299",2069,10% off,Westernwear-Women
6962,Vero moda,Regular fit polyester blend womens jeans - blue,"Size:25,26,27,28,29,30,31,32,33,34","Rs
3499",2799,20% off,Westernwear-Women
6963,Only,Skinny fit ankle length cotton polyester womens jeans - blue,"Size:Large,Medium,Small,X-Large,X-Small","Rs
4299",3439,20% off,Westernwear-Women
6964,109f,Womens cold shoulder sleeves self pattern top - birch,"Size:Large,Small,X-Large,XX-Large","Rs
2299",919,60% off,Westernwear-Women
6965,Is.u,Womens grey side button knit top - grey,"Size:Large,X-Large","Rs
2190",766,65% off,Westernwear-Women
6966,Latin quarters,Dyed off shoulder polyester womens regular dress - purple,"Size:S,M,X-Small","Rs
2399",1199,50% off,Westernwear-Women
6967,Soie,Soft cotton regular fit womens sleep t-shirt - green,"Size:Large,Medium,Small,X-Large,XX-Large","Rs
590",442,25% off,Westernwear-Women
6968,Vero moda,Solid polyester v neck womens  tops - brown,"Size:Large,Medium,Small,X-Large,X-Small","Rs
2599",1559,40% off,Westernwear-Women
6969,Van heusen,Polyester regular fit womens active wear joggers - maroon,"Size:Large,Medium,Small,X-Large",Nan,1299,No Discount,Westernwear-Women
6970,Faballey,Solid crepe v neck womens wrap dress - green,"Size:Large,Medium,Small,X-Large","Rs
1950",975,50% off,Westernwear-Women
6971,Allen solly,Printed regular fit rayon womens formal wear trousers - navy,"Size:26,28,30,32,34,36","Rs
1799",1079,40% off,Westernwear-Women
6972,Sera,Womens printed mid-rise regular shorts - burgundy,"Size:Large,Medium,Small,X-Large","Rs
1094",437,60% off,Westernwear-Women
6973,Zink london,Solid viscose blend round neck womens dress - yellow,"Size:Large,Medium,Small,X-Large,X-Small,XX-Large","Rs
1999",1199,40% off,Westernwear-Women
6974,Emblaze,Womens satin cropped top with puff sleeve - bronze,"Size:Large,Medium,Small,X-Large,X-Small,XX-Large",Nan,3000,No Discount,Westernwear-Women
6975,Samshek,Solid collar neck crepe womens straight dress - yellow,"Size:4X-Large,5X-Large,Large,Medium,Small,X-Large,X-Small,XX-Large,XX-Small,XXX-Large","Rs
1990",1592,20% off,Westernwear-Women
6976,Vero moda,Stripes boat neck viscose womens top - purple,"Size:Small,X-Small","Rs
2799",2239,20% off,Westernwear-Women
6977,Gipsy,Womens round neck embroidered top - blue,"Size:Large,Medium,Small",Nan,1695,No Discount,Westernwear-Women
6978,Crimsoune club,Womens slim fit solid top - natural,Size:Medium,"Rs
1299",1039,20% off,Westernwear-Women
6979,Proline,Cotton round neck womens t-shirt - orange,"Size:Large,Medium,Small,X-Large","Rs
899",449,50% off,Westernwear-Women
6980,Puma,Polyester round neck womens athleisure top - blue,"Size:Large,Medium,Small,X-Large,X-Small","Rs
1799",1259,30% off,Westernwear-Women
6981,Kraus,Solid lyocell off shoulder womens regular top - blue,"Size:Large,Medium,Small","Rs
1199",839,30% off,Westernwear-Women
6982,Global desi,Floral 3/4 sleeves cotton womens regular jumpsuit - blue,"Size:XL,Large,Medium,Small,X-Small,XX-Large","Rs
5299",4239,20% off,Westernwear-Women
6983,Campus sutra,Printed cotton round neck womens top - pink,"Size:Medium,Small,X-Large",Nan,999,No Discount,Westernwear-Women
6984,Sweet dreams,Printed half sleeves cotton womens above knee jumpsuit - pink,"Size:Large,Small,X-Large","Rs
1449",1014,30% off,Westernwear-Women
6985,Stop,Skinny fit ankle length nr roma womens treggings - charcoal,"Size:26,28,30,32,34,36",Nan,1299,No Discount,Westernwear-Women
6986,Latin quarters,Dyed round neck polyester womens regular dress - pink,Size:S,"Rs
2799",1399,50% off,Westernwear-Women
6987,Spykar,Regular fit regular polyester cotton womens jeans - blue,"Size:26,28,30,32,34,36","Rs
2799",1959,30% off,Westernwear-Women
6988,Only,Loose fit midi length cotton womens jeans - blue,"Size:28,29,30,31","Rs
4299",3439,20% off,Westernwear-Women
6989,Crimsoune club,Stripes y neck polyester womens dresses - white,"Size:Large,Medium,Small,X-Large,XX-Large,XXX-Large","Rs
2499",999,60% off,Westernwear-Women
6990,Jealous 21,Solid round neck viscose womens regular top - mint,"Size:Large,Medium,Small,X-Large",Nan,899,No Discount,Westernwear-Women
6991,Proline,Polyester regular fit womens leggings - grey,"Size:Large,Medium,Small,X-Large","Rs
1199",839,30% off,Westernwear-Women
6992,Vero moda,Textured cotton off shoulder womens top - gold,"Size:Large,Medium,Small,X-Large,X-Small","Rs
3499",2799,20% off,Westernwear-Women
6993,And,Solid v- neck polyester women flared gown - sage,"Size:8,10,12","Rs
4299",3439,20% off,Westernwear-Women
6994,Enamor,Textured round neck cotton blend womens thermal - black,"Size:Large,Medium,Small",Nan,899,No Discount,Westernwear-Women
6995,Global desi,Womens regular fit geometric trousers - peach,"Size:Medium,Small","Rs
1299",519,60% off,Westernwear-Women
6996,Dolce crudo,Relaxed fit regular denim womens casual shorts - blue,"Size:26,28,32,34","Rs
1999",799,60% off,Westernwear-Women
6997,Dolce crudo,Solid full sleeves fleece and rib womens regular jacket - black,"Size:Large,Medium,Small,X-Large,X-Small","Rs
3199",1279,60% off,Westernwear-Women
6998,De moza,Regular fit regular length polyester womens skirt - mid blue,"Size:Large,Medium,Small,X-Large,XX-Large",Nan,1999,No Discount,Westernwear-Women
6999,109f,Womens strappy neck printed maxi dress - black,"Size:Small,X-Small","Rs
2499",999,60% off,Westernwear-Women
7000,109f,Printed polyester round neck womens sweatshirt - maroon,"Size:Large,Medium,X-Large,XX-Large",Nan,2499,No Discount,Westernwear-Women
7001,Faballey,Solid v neck polyester blend womens regular fit midi dress - purple,"Size:Large,Medium,Small,X-Large,X-Small","Rs
2100",1050,50% off,Westernwear-Women
7002,Fila,Cotton round neck womens t-shirt - blue,"Size:Large,Medium,Small",Nan,999,No Discount,Westernwear-Women
7003,Emblaze,Solid round neck viscose womens dress - black,"Size:Large,Medium,Small,X-Large,X-Small,XX-Large",Nan,3500,No Discount,Westernwear-Women
7004,And,Solid polyester round neck womens casual jacket - wine,"Size:8,10,12,14,18","Rs
4499",2249,50% off,Westernwear-Women
7005,Zink london,Printed polyester v neck womens tops - navy,"Size:Large,Medium,X-Large","Rs
1499",599,60% off,Westernwear-Women
7006,Faballey,Solid georgette high neck womens top - green,"Size:4X-Large,X-Large,XX-Large,XXX-Large","Rs
1500",750,50% off,Westernwear-Women
7007,Spykar,Embroidered round neck cotton blend womens casual shirt - ecru,Size:Small,"Rs
999",699,30% off,Westernwear-Women
7008,Sera,Womens regular fit checks shorts - multi,"Size:Large,Medium,Small,X-Large","Rs
1094",437,60% off,Westernwear-Women
7009,Campus sutra,Womens knit regular fit shirt - green mix,"Size:Large,Medium,Small",Nan,1399,No Discount,Westernwear-Women
7010,Kraus,Solid cotton round neck womens top - dark olive,"Size:Large,Medium,Small,X-Small","Rs
999",699,30% off,Westernwear-Women
7011,Only,Textured nylon polyester v neck womens top - white,"Size:34,36,38,40","Rs
1499",899,40% off,Westernwear-Women
7012,Crimsoune club,Womens blue striped dress - blue,"Size:Large,Medium,X-Large","Rs
1799",899,50% off,Westernwear-Women
7013,Sera,Womens regular fit printed shorts - white,"Size:Medium,Small,X-Large","Rs
1094",437,60% off,Westernwear-Women
7014,Global desi,Ethnic motifs full sleeves viscose womens full length jumpsuit - wine,"Size:Medium,Small,X-Small","Rs
3499",2799,20% off,Westernwear-Women
7015,Vero moda,Printed round neck cotton blend womens t-shirt - red,"Size:Large,Medium,Small,X-Large,X-Small","Rs
1299",909,30% off,Westernwear-Women
7016,109f,Womens mandarin neck solid knee length dress - black,"Size:Large,Medium,X-Large","Rs
2499",999,60% off,Westernwear-Women
7017,Only,Textured cotton womens top - green,"Size:34,36,38,40,42","Rs
2299",1379,40% off,Westernwear-Women
7018,W,Womens solid tights - black,"Size:Large,Medium,Small",Nan,799,No Discount,Westernwear-Women
7019,Gipsy,Womens mandarin collar slub tunic - sage,"Size:X-Large,XX-Large","Rs
1495",1046,30% off,Westernwear-Women
7020,Kraus,Solid cotton collar neck womens regular shirt - light blue,"Size:Large,Small","Rs
1299",649,50% off,Westernwear-Women
7021,And,Stripes viscose collar neck women regular tops - purple,Size:8,"Rs
1899",1234,35% off,Westernwear-Women
7022,Dolce crudo,Womens regular fit slow show tie-up twill sweatshirt - multi,"Size:Large,Medium,Small,X-Small","Rs
2199",879,60% off,Westernwear-Women
7023,Samshek,Printed v-neck polyester womens regular dress - black,Size:5X-Large,Nan,4000,No Discount,Westernwear-Women
7024,Zink london,Solid high neck acrylic womens sweater - peach,"Size:Large,Medium,Small,X-Large","Rs
3699",1479,60% off,Westernwear-Women
7025,Only,Flared fit cotton high rise womens jeans - blue,"Size:Large,Medium,Small,X-Large,X-Small","Rs
4299",3009,30% off,Westernwear-Women
7026,Madame,Solid georgette henley womens regular top - rust,Size:Medium,Nan,1599,No Discount,Westernwear-Women
7027,Dolce crudo,Solid v neck fleece and rib womens casual wear jacket - black,"Size:Large,Medium,Small,X-Small","Rs
2995",1198,60% off,Westernwear-Women
7028,Campus sutra,Printed round neck cotton womens dresses - sky blue,"Size:Large,Medium,Small,X-Large",Nan,1499,No Discount,Westernwear-Women
7029,Global desi,Womens solid v-neck bodycon top - black,"Size:Large,X-Small","Rs
999",399,60% off,Westernwear-Women
7030,Faballey,Floral crepe v neck womens dress - black,"Size:Large,Medium,Small,X-Small","Rs
2600",2080,20% off,Westernwear-Women
7031,Cover story,Solid cotton spandex round neck womens t-shirt - green,"Size:Medium,Small,X-Small","Rs
990",690,30% off,Westernwear-Women
7032,Latin quarters,Solid acrylic round neck womens sweater - black,"Size:S,M,L,XL","Rs
2399",1199,50% off,Westernwear-Women
7033,Zink london,Womens regular fit round neck stripe top - black,"Size:Large,X-Small,XX-Large","Rs
1499",499,67% off,Westernwear-Women
7034,Zink london,Stripes cotton collar neck womens casual wear dresses - white,"Size:Large,Medium,Small,X-Large","Rs
2799",1119,60% off,Westernwear-Women
7035,Zink london,Printed polyester off shoulder womens regular top - pink,"Size:Large,X-Small","Rs
1699",679,60% off,Westernwear-Women
7036,Adidas,Solid polyester fitted womens casual tights - navy,"Size:Large,Medium,Small,X-Large,X-Small","Rs
4299",3009,30% off,Westernwear-Women
7037,Zink london,Acrylic women sweaters - yellow,"Size:Large,Medium,Small,X-Large","Rs
3699",1479,60% off,Westernwear-Women
7038,Stop,Womens 2 pocket check pants - navy,"Size:30,32,34,36",Nan,1499,No Discount,Westernwear-Women
7039,Zink london,Acrylic women straight dress - peach,Size:Large,"Rs
3999",1599,60% off,Westernwear-Women
7040,Kraus,Solid hood cotton blend women sweatshirts - black,Size:Medium,"Rs
1499",749,50% off,Westernwear-Women
7041,Miss chase,Womens regular fit joggers - navy,"Size:26,28,30,32,34",Nan,2199,No Discount,Westernwear-Women
7042,Juniper,Floral mandarin neck womens flared dresses dupatta set with mask - blue,"Size:Large,Medium","Rs
4048",1821,55% off,Westernwear-Women
7043,Crimsoune club,Womens white printed parallel trousers - white,"Size:Medium,Small,X-Large","Rs
1999",999,50% off,Westernwear-Women
7044,Faballey,Solid sweetheart neck georgette womens regular top - pink,Size:Large,"Rs
1600",800,50% off,Westernwear-Women
7045,Faballey,Printed v neck viscose womens regular fit maxi dress - yellow,"Size:Small,X-Small","Rs
2300",1150,50% off,Westernwear-Women
7046,Faballey,Solid cotton round neck womens straight fit top - green,Size:X-Small,"Rs
1650",825,50% off,Westernwear-Women
7047,Van heusen,Solid polyester blend contemporary fit womens trousers - olive,Size:30,"Rs
1699",999,41% off,Westernwear-Women
7048,Campus sutra,Stripes round neck cotton womens dresses - navy,"Size:Small,X-Large",Nan,1599,No Discount,Westernwear-Women
7049,109f,Womens round neck floral print tunic - yellow,Size:Medium,"Rs
1799",719,60% off,Westernwear-Women
7050,Dolce crudo,Womens regular fit i am just a girl denim top blue - blue,Size:Large,"Rs
1599",639,60% off,Westernwear-Women
7051,Kraus,Skinny fit cropped cotton blend womens jeans - black,"Size:28,36","Rs
1795",897,50% off,Westernwear-Women
7052,Zink london,Womens checked skirt - black,Size:X-Small,"Rs
1999",499,75% off,Westernwear-Women
7053,And,Solid rayon womens a-line dress - lilac,Size:8,"Rs
1899",1329,30% off,Westernwear-Women
7054,Is.u,Printed polyester womens a-line dress - black,"Size:Small,XX-Large","Rs
3290",1645,50% off,Westernwear-Women
7055,Sera,Solid sweetheart neck cotton womens regular dress - black,Size:Large,"Rs
1698",849,50% off,Westernwear-Women
7056,Fratini,Solid regular neck acrylic blend womens pullover - pink,"Size:Large,Medium,Small","Rs
1499",749,50% off,Westernwear-Women
7057,Cover story,Stripes viscose elastane poly round neck womens t-shirt - rust,"Size:Small,X-Large","Rs
1290",690,47% off,Westernwear-Women
7058,Enamor,Cotton activewear womens track pants - graphite,"Size:XL,Large,Small","Rs
899",629,30% off,Westernwear-Women
7059,Emblaze,Solid round neck viscose womens dress - white,Size:Large,Nan,2600,No Discount,Westernwear-Women
7060,Fratini,Solid regular neck polyester womens winter wear jacket - blush,Size:X-Small,"Rs
2999",1499,50% off,Westernwear-Women
7061,Global desi,Womens floral round neck a-line top - coral,"Size:Medium,Small,X-Small","Rs
1799",899,50% off,Westernwear-Women
7062,Magre,Solid half sleeves polyester blend womens jumpsuit - blue,"Size:Small,X-Small","Rs
2790",1116,60% off,Westernwear-Women
7063,Magre,Solid polyester blend regular fit womens shorts - blue,"Size:Small,X-Small","Rs
1690",676,60% off,Westernwear-Women
7064,Faballey,Solid tie up neck georgette womens flared dresses - pink,"Size:Medium,X-Large","Rs
2400",1200,50% off,Westernwear-Women
7065,Kraus,Super skinny fit ankle length cotton blend womens jeans - ink blue,Size:30,"Rs
1895",947,50% off,Westernwear-Women
7066,Insense,Womens  round neck  printed t-shirt - blush,"Size:Small,X-Small","Rs
499",249,50% off,Westernwear-Women
7067,Latin quarters,Solid cotton collar neck womens regular dress - green,Size:X-Small,"Rs
2299",799,65% off,Westernwear-Women
7068,Reebok,Solid slim fit cotton womens athleisure track pants - blue,Size:X-Small,"Rs
1499",749,50% off,Westernwear-Women
7069,Insense,Solid cotton blend loose fit womens joggers - pink,Size:32,Nan,1299,No Discount,Westernwear-Women
7070,Sera,Printed round neck polyester womens fit and flare dress - navy,"Size:Large,X-Large","Rs
1494",747,50% off,Westernwear-Women
7071,109f,Womens off shoulder stripe embroidered top - red,"Size:Large,Medium,Small","Rs
999",399,60% off,Westernwear-Women
7072,Crimsoune club,Checked round neck acrylic nylon womens sweater - grey,"Size:Medium,XX-Large","Rs
2499",999,60% off,Westernwear-Women
7073,Pepe,Solid cotton blend round neck womens casual shirt - white,"Size:Large,X-Large","Rs
2199",1319,40% off,Westernwear-Women
7074,Gipsy,Solid collar neck polyester womens jacket - wine,Size:XX-Large,"Rs
4395",3076,30% off,Westernwear-Women
7075,Global desi,Geometric v-neck womens top - mustard,"Size:Large,X-Small","Rs
1599",959,40% off,Westernwear-Women
7076,Zink london,Womens notched lapel striped a-line dress - black,"Size:Large,X-Large","Rs
2999",1199,60% off,Westernwear-Women
7077,Latin quarters,Solid round neck nylon blend womens shift dress - black,"Size:S,M,X-Small","Rs
2499",1249,50% off,Westernwear-Women
7078,And,Solid polyester collar neck women straight top - pink mix,"Size:8,12,16","Rs
1699",849,50% off,Westernwear-Women
7079,Marie claire,Regular fit knee length polyester womens casual skirt - olive,Size:34,"Rs
1699",849,50% off,Westernwear-Women
7080,Zink london,Acrylic women sweaters - black,Size:X-Large,"Rs
1799",719,60% off,Westernwear-Women
7081,Samshek,Solid cotton collar neck womens party wear shirt - white,"Size:4X-Large,5X-Large,Large,Medium,Small,X-Large,X-Small,XX-Large,XX-Small,XXX-Large","Rs
1990",1592,20% off,Westernwear-Women
7082,Dolce crudo,Solid fleece and rib round neck womens sweatshirt - black,"Size:Large,Medium,Small,X-Large,X-Small","Rs
2449",1224,50% off,Westernwear-Women
7083,Iti,Solid georgette boat neck womens top - blue,"Size:Large,Medium,Small,X-Small",Nan,1599,No Discount,Westernwear-Women
7084,Dolce crudo,Solid full sleeves loopknit single jersey womens regular jacket - multi,"Size:Large,Medium,Small,X-Large,X-Small","Rs
3099",1239,60% off,Westernwear-Women
7085,Is.u,Solid cotton round neck womens top - yellow,"Size:Large,Medium,Small,X-Large,X-Small,XX-Large","Rs
890",445,50% off,Westernwear-Women
7086,Vero moda,Printed boat neck viscose womens top - navy,"Size:Large,Medium,Small,X-Large,X-Small","Rs
2499",1999,20% off,Westernwear-Women
7087,Spykar,Solid cotton v neck womens t-shirt - yellow,"Size:Large,Medium,Small,X-Large","Rs
1099",769,30% off,Westernwear-Women
7088,And,Printed round neck polyester womens fit and flare dress - lilac,"Size:8,10,12,14,16","Rs
2499",1999,20% off,Westernwear-Women
7089,Crimsoune club,Womens navy blue printed set co-ord - navy,"Size:Medium,Small,X-Large,XX-Large","Rs
3199",1599,50% off,Westernwear-Women
7090,Sera,Womens regular fit stripes v neck top - black,"Size:Large,Medium,Small,X-Large","Rs
1198",479,60% off,Westernwear-Women
7091,Adidas,Cotton round neck womens t-shirt - pink,"Size:110,116,128,140,SIZE_152,SIZE_164,SIZE_170","Rs
1199",599,50% off,Westernwear-Women
7092,Emblaze,Womens white bomber jacket - white,"Size:Large,Medium,Small,X-Large,X-Small,XX-Large",Nan,2600,No Discount,Westernwear-Women
7093,Sweet dreams,Solid cotton rich regular fit womens t-shirt - navy,"Size:Large,Medium,X-Large,XX-Large","Rs
469",422,10% off,Westernwear-Women
7094,Madame,Womens round neck stripe top - olive,"Size:Large,Medium,X-Large","Rs
1899",949,50% off,Westernwear-Women
7095,Jealous 21,Solid round neck viscose womens regular top - black,"Size:Large,Medium,Small,X-Large",Nan,999,No Discount,Westernwear-Women
7096,Indya,Womens embroidered double layer tunic - pink,"Size:Large,Medium,Small,X-Large,X-Small,XX-Large","Rs
3400",1700,50% off,Westernwear-Women
7097,Faballey,Regular fit calf length mesh womens casual skirt - blue,"Size:Large,Medium,Small,X-Large,X-Small","Rs
1700",1360,20% off,Westernwear-Women
7098,Zink london,Regular fit mid thigh polyester womens casual skirt - yellow,"Size:Large,Medium,Small,X-Large","Rs
1599",1279,20% off,Westernwear-Women
7099,Kraus,Solid cotton round neck womens top - off white,"Size:Large,Medium,Small,X-Small","Rs
1299",909,30% off,Westernwear-Women
7100,Faballey,Solid round neck lace womens a-line dress - green,"Size:Large,Medium,Small","Rs
2400",1200,50% off,Westernwear-Women
7101,109f,Womens 5 pocket solid pants - navy,"Size:Large,Medium,Small,X-Large,X-Small","Rs
2899",1159,60% off,Westernwear-Women
7102,Reebok,Solid regular fit cotton womens sports top - navy,"Size:Large,Medium,Small,X-Large,X-Small","Rs
3999",1999,50% off,Westernwear-Women
7103,Campus sutra,Solid one shoulder crepe womens dresses - olive,"Size:Large,Medium,Small,X-Large",Nan,1999,No Discount,Westernwear-Women
7104,Faballey,Solid cotton square neck womens back tie dress - purple,"Size:Large,Medium,Small","Rs
1900",950,50% off,Westernwear-Women
7105,Sera,Printed mandarin neck viscose rayon womens shirt style dress - white,"Size:Large,Medium,Small,X-Large","Rs
1594",717,55% off,Westernwear-Women
7106,Sera,Womens regular fit printed round neck sweatshirt - grey melange,"Size:Large,Medium,Small,X-Large","Rs
1899",759,60% off,Westernwear-Women
7107,Vero moda,Printed polyester round neck womens  t-shirts - yellow,"Size:Large,Medium,Small,X-Large,X-Small","Rs
1299",779,40% off,Westernwear-Women
7108,Gipsy,Solid crepe round neck womens regular fit top - olive,Size:X-Large,"Rs
1595",1116,30% off,Westernwear-Women
7109,Iti,Womens pink embellished top - pink,"Size:Large,Medium,X-Large,X-Small",Nan,1899,No Discount,Westernwear-Women
7110,Stop,Textured round neck acrylic womens sweater - natural,"Size:Large,Medium,Small,X-Large,XX-Large","Rs
1999",999,50% off,Westernwear-Women
7111,Van heusen,Printed round neck polyester womens top - maroon,"Size:Large,Small,X-Large,X-Small",Nan,1499,No Discount,Westernwear-Women
7112,Enamor,Cotton activewear womens track pants - denimex,"Size:XL,Large,Medium,Small",Nan,1699,No Discount,Westernwear-Women
7113,Campus sutra,Womens knit regular fit sweatshirt - mustard,"Size:Medium,Small,X-Large",Nan,1399,No Discount,Westernwear-Women
7114,Karrot,Solid georgette v neck womens regular top - blue,"Size:4X-Large,5X-Large,Large,Medium,Small,X-Large,X-Small,XX-Large,XXX-Large",Nan,1999,No Discount,Westernwear-Women
7115,Global desi,Solid sleeveless viscose womens full length jumpsuit - mustard,"Size:XL,Large,Medium,Small,X-Small","Rs
3499",2274,35% off,Westernwear-Women
7116,Vero moda,Cotton skinny fit womens jeans - blue,"Size:25,26,27,28,29,30,31,32,33,34","Rs
3299",2639,20% off,Westernwear-Women
7117,Vero moda,Printed cotton round neck womens t-shirt - lavender,"Size:Large,Medium,Small,X-Large,X-Small","Rs
1299",1039,20% off,Westernwear-Women
7118,Is.u,Printed cotton sweetheart neck womens fit and flare top - multi,"Size:Large,Small,X-Large,X-Small,XX-Large","Rs
2190",1095,50% off,Westernwear-Women
7119,Is.u,Womens brown high neck top - brown,"Size:Large,Medium,Small,X-Large,X-Small,XX-Large","Rs
2190",1095,50% off,Westernwear-Women
7120,Adidas,Printed crew neck polyester womens t-shirt - burgundy,"Size:Large,Medium,Small,X-Large,X-Small","Rs
2299",1609,30% off,Westernwear-Women
7121,Vero moda,Solid cotton off shoulder womens top - black,"Size:Large,Medium,Small,X-Small","Rs
2299",1839,20% off,Westernwear-Women
7122,Faballey,Solid square neck polyester blend womens regular dress - yellow,"Size:Large,Medium,Small,X-Large,X-Small","Rs
2150",1720,20% off,Westernwear-Women
7123,Travel blue,Unisex 3 ply cotton face mask - multi,Size:Medium,Nan,499,No Discount,Westernwear-Women
7124,And,Solid polyester collar neck women regular tops - navy,"Size:8,10,12,14,16","Rs
1899",949,50% off,Westernwear-Women
7125,Van heusen,Polyester regular fit womens active wear capri pants - ocean,"Size:Large,Medium,Small,X-Large",Nan,1029,No Discount,Westernwear-Women
7126,Crimsoune club,Womens green printed t-shirt - green,"Size:Large,Medium,Small,X-Large","Rs
999",499,50% off,Westernwear-Women
7127,And,Floral v neck womens regular fit midi dress - multi,"Size:8,10,12,14,18","Rs
2999",1499,50% off,Westernwear-Women
7128,Sera,Floral sleeveless rayon blend womens regular jumpsuits - maroon,"Size:Medium,Small,X-Large","Rs
3998",1799,55% off,Westernwear-Women
7129,W,Printed 3/4 sleeves viscose womens full length jumpsuit - yellow,"Size:6,8,10,12,14,16,18",Nan,3999,No Discount,Westernwear-Women
7130,Iti,Solid georgette v neck womens dress - dark green,"Size:Large,Medium,Small,X-Large,X-Small",Nan,3499,No Discount,Westernwear-Women
7131,Samshek,Printed satin halter neck womens regular top - multi,"Size:4X-Large,5X-Large,Large,Medium,Small,X-Large,X-Small,XX-Large,XX-Small,XXX-Large","Rs
990",792,20% off,Westernwear-Women
7132,Gipsy,Solid cotton v-neck womens tunic - rust,"Size:Large,X-Large,XX-Large",Nan,1995,No Discount,Westernwear-Women
7133,Spykar,Regular fit regular cotton lycra womens jeans - light blue,"Size:26,28,30,32,34,36","Rs
2899",2029,30% off,Westernwear-Women
7134,Latin quarters,Solid polyester womens regular knit top - grey,"Size:S,M,L,XL","Rs
1399",979,30% off,Westernwear-Women
7135,Vero moda,Solid cotton round neck womens top - tan,"Size:Large,Medium,Small,X-Large,X-Small","Rs
2599",1819,30% off,Westernwear-Women
7136,Reebok,Colour blocked polyester round neck womens regular fit top - black,"Size:Large,Medium,Small,X-Large,X-Small","Rs
1899",949,50% off,Westernwear-Women
7137,Faballey,Embellished georgette halter neck womens top - purple,"Size:Large,Medium,Small,X-Large,X-Small","Rs
1500",1200,20% off,Westernwear-Women
7138,Enamor,Cotton blend compression fit womens active wear track pants - major brown,"Size:XL,Large,Medium,Small",Nan,849,No Discount,Westernwear-Women
7139,De moza,Solid round neck cotton womens sweatshirt - purple,"Size:Large,Medium,Small,X-Large,XX-Large",Nan,1499,No Discount,Westernwear-Women
7140,Enamor,Graphic cotton lycra relaxed fit womens athleisure t-shirt - ivory,"Size:XL,Large,Medium,Small,XX-Large",Nan,899,No Discount,Westernwear-Women
7141,Kraus,Stripes cotton round neck womens t-shirt - baby pink,"Size:Large,Medium,Small,X-Small","Rs
999",899,10% off,Westernwear-Women
7142,Campus sutra,Womens long sleeves solid sweatshirt - maroon,Size:Medium,Nan,1399,No Discount,Westernwear-Women
7143,Vero moda,Printed cotton v neck womens top - white,"Size:Large,Medium,Small,X-Large,X-Small","Rs
2999",2099,30% off,Westernwear-Women
7144,Spykar,Regular fit regular cotton lycra womens jeans - white,"Size:26,28,30,32,34,36","Rs
2299",1609,30% off,Westernwear-Women
7145,Sera,Printed off shoulder polyester womens fit and flare dress - yellow,"Size:Large,Medium,X-Large","Rs
1694",847,50% off,Westernwear-Women
7146,Samshek,Solid cotton round neck womens regular top - white,"Size:4X-Large,5X-Large,Large,Medium,Small,X-Large,X-Small,XX-Large,XXX-Large","Rs
1870",1683,10% off,Westernwear-Women
7147,Only,Stripes cotton round neck womens pullover - yellow,"Size:Large,Medium,Small,X-Large,X-Small","Rs
1999",1199,40% off,Westernwear-Women
7148,Enamor,Cotton activewear womens track pants - navy,"Size:XL,Large,Medium,Small",Nan,1699,No Discount,Westernwear-Women
7149,Sera,Solid polyester v-neck womens wrap top - black,"Size:Medium,Small,X-Large","Rs
1494",747,50% off,Westernwear-Women
7150,Vero moda,Printed cotton round neck womens casual shirt - blue,"Size:Large,Medium,Small,X-Large,X-Small","Rs
3499",2449,30% off,Westernwear-Women
7151,Faballey,Solid polyester blend womens regular dress - blue,"Size:Large,Medium,Small,X-Large,X-Small","Rs
2100",1050,50% off,Westernwear-Women
7152,Levis,Stripes cotton womens casual t-shirt - maroon,"Size:Large,Medium,Small,X-Small",Nan,2999,No Discount,Westernwear-Women
7153,Cover story,Solid cotton spandex round neck womens t-shirt - blue,"Size:Large,Medium,X-Large,X-Small","Rs
890",623,30% off,Westernwear-Women
7154,Only,Placement print 100% cotton round neck womens top - green,"Size:Large,Medium,Small,X-Large","Rs
1999",1399,30% off,Westernwear-Women
7155,Only,Washed cotton blend womens dress - dark blue,"Size:25,26,27,28,29,30,31,32,33,34","Rs
3999",2799,30% off,Westernwear-Women
7156,Global desi,Solid collar womens tunic - mint,"Size:XL,Large,Medium,Small,X-Small,XX-Large",Nan,1699,No Discount,Westernwear-Women
7157,And,Floral v- neck polyester women flared dress - brown,"Size:8,10,12,14,16","Rs
2899",2319,20% off,Westernwear-Women
7158,Mystere paris,Cotton regular fit womens maternity jeans - light blue,"Size:Large,Medium,XX-Large","Rs
1899",1139,40% off,Westernwear-Women
7159,Zink london,Structured polyester scoop neck womens tops - grey,"Size:Large,Medium,X-Large","Rs
1399",559,60% off,Westernwear-Women
7160,Crimsoune club,Regular calf length lyocell womens casual wear skirt - yellow,"Size:Large,Medium,Small,X-Large,XX-Large","Rs
1499",899,40% off,Westernwear-Women
7161,Rare,Solid cotton round neck womens regular fit top - mustard,"Size:Large,Medium,Small,X-Large","Rs
1699",679,60% off,Westernwear-Women
7162,Zink london,Acrylic women sweaters - pink,"Size:Large,Medium,X-Large","Rs
1999",799,60% off,Westernwear-Women
7163,Erotissch,Womens green & black print bomber jacket - multi,"Size:Large,Medium,Small,X-Large","Rs
2399",1199,50% off,Westernwear-Women
7164,And,Stripes shirt collar womens a-line top - black,Size:8,"Rs
1899",949,50% off,Westernwear-Women
7165,Monte carlo,Solid t-neck blend wool womens sceavy top - navy,Size:42,Nan,930,No Discount,Westernwear-Women
7166,Lovegen,Solid shoulder straps cotton womens ankle length dungarees - light blue,Size:Large,"Rs
2599",1039,60% off,Westernwear-Women
7167,Latin quarters,Solid round neck blended womens a-line dress - navy,Size:S,"Rs
2499",1249,50% off,Westernwear-Women
7168,Zink london,Womens regular fit stripes round neck jumpsuit - white,Size:XX-Large,"Rs
3199",899,72% off,Westernwear-Women
7169,And,Solid v-neck linen womens knee length dress - pink,"Size:8,10","Rs
2999",1499,50% off,Westernwear-Women
7170,Faballey,Floral georgette round neck womens tops - blue,Size:X-Large,"Rs
1500",750,50% off,Westernwear-Women
7171,And,Womens regular fit solid dress - chalk pink,Size:8,"Rs
4499",2249,50% off,Westernwear-Women
7172,Adidas,Solid polyester round neck womens t-shirt - purple,Size:Large,"Rs
2299",1609,30% off,Westernwear-Women
7173,Latin quarters,Solid round neck polyester womens dress - black,"Size:S,M,XL","Rs
2999",2099,30% off,Westernwear-Women
7174,Fratini,Solid polyester round neck womens regular fit top - off white,"Size:Large,Medium,Small,X-Large,XX-Large","Rs
1199",599,50% off,Westernwear-Women
7175,Faballey,Floral v neck georgette womens regular dresses - pink,Size:X-Large,"Rs
2800",1400,50% off,Westernwear-Women
7176,Iti,Womens olive ruffle buttondown maxi - green,"Size:Small,X-Small",Nan,2799,No Discount,Westernwear-Women
7177,Stop,Womens checked trousers - grey,Size:34,Nan,1499,No Discount,Westernwear-Women
7178,Vero moda,Stripes round neck cotton womens knits knit top - yellow,"Size:Large,Medium,Small,X-Large,X-Small","Rs
2299",1839,20% off,Westernwear-Women
7179,Faballey,Solid halter neck polyester blend womens mini dress - pink,"Size:X-Large,X-Small","Rs
2200",1760,20% off,Westernwear-Women
7180,Iti,Womens green ruffled top - green,"Size:Medium,X-Small",Nan,1799,No Discount,Westernwear-Women
7181,109f,Womens round neck solid jumpsuit - dark brown,Size:Large,"Rs
1999",799,60% off,Westernwear-Women
7182,And,Midi linen womens shorts - mid blue,Size:26,"Rs
1699",849,50% off,Westernwear-Women
7183,Samshek,Slim fit above knee polyester womens party wear skirt - multi,Size:XX-Small,Nan,1990,No Discount,Westernwear-Women
7184,Global desi,Self design v-neck womens tunic - white,Size:Small,"Rs
2399",1439,40% off,Westernwear-Women
7185,Faballey,Womens oxblood floral balloon sleeve top with belt - pink,Size:Small,"Rs
1400",700,50% off,Westernwear-Women
7186,Magre,Solid velvet square neck womens dress - black,Size:Small,"Rs
3690",2029,45% off,Westernwear-Women
7187,Indya,Embroidered sleeveless viscose womens regular length jumpsuit - indigo,"Size:Medium,Small","Rs
2900",1450,50% off,Westernwear-Women
7188,Crimsoune club,Graphic cowl neck cotton blend womens sweatshirt - peach,"Size:X-Large,XXX-Large","Rs
1899",949,50% off,Westernwear-Women
7189,Marie claire,Solid polyester square neck womens top - peach,"Size:Large,Medium","Rs
1499",674,55% off,Westernwear-Women
7190,And,Solid sweetheart neck viscose women flared dress - red,"Size:8,12,14","Rs
2299",1609,30% off,Westernwear-Women
7191,Marie claire,Solid polyester sweetheart neck womens top - wine,Size:X-Small,"Rs
1499",674,55% off,Westernwear-Women
7192,Dolce crudo,Boot cut regular denim womens jeans - blue,"Size:26,28,30,32,34","Rs
4149",1244,70% off,Westernwear-Women
7193,Dolce crudo,Womens truly madly rebel colour-block sweatshirt - multi,"Size:Large,Medium,Small","Rs
2299",1034,55% off,Westernwear-Women
7194,Latin quarters,Solid v-neck blended womens regular fit dress - black,"Size:S,M,L,X-Small","Rs
2499",1749,30% off,Westernwear-Women
7195,Is.u,Floral cotton round neck womens tiered top - white,"Size:Large,Medium,Small,X-Large,X-Small,XX-Large","Rs
2190",1095,50% off,Westernwear-Women
7196,And,Self design v-neck viscose womens fit & flare dress - navy,"Size:8,10","Rs
2699",1349,50% off,Westernwear-Women
7197,Enamor,Cotton blend womens active wear track pants - ivory,"Size:XL,Large,Medium,Small,XX-Large","Rs
1699",1189,30% off,Westernwear-Women
7198,Faballey,Aztec cotton blend regular fit womens jogger pants - green,"Size:Medium,Small,X-Small","Rs
1600",800,50% off,Westernwear-Women
7199,Dolce crudo,Womens regular fit jumping jet denim pant white - white,"Size:26,28,30,32,34","Rs
2549",1019,60% off,Westernwear-Women
7200,Dolce crudo,Womens regular fit can't have just one zipper high waist denim pant light blue - light blue,"Size:26,28,30,32,34","Rs
2499",1249,50% off,Westernwear-Women
7201,Fratini,Solid viscose v-neck womens regular woven top - blush,"Size:Large,Medium,Small,X-Large,XX-Large",Nan,999,No Discount,Westernwear-Women
7202,Vero moda,Mid wash cotton relaxed fit womens jeans - blue,"Size:26,27,28,29,30,31,32,33,34","Rs
3999",3199,20% off,Westernwear-Women
7203,And,Solid square neck linen womens casual dress - blue,Size:14,"Rs
2699",1349,50% off,Westernwear-Women
7204,Magre,Solid velvet square neck womens dress - green,"Size:Medium,Small,X-Small","Rs
3690",1660,55% off,Westernwear-Women
7205,Pepe,Colour block cotton single jersey crew neck womens t-shirt - white,"Size:Large,Medium,Small,X-Large","Rs
1499",899,40% off,Westernwear-Women
7206,Lovegen,Womens perforated mini skirt - peach,Size:Small,"Rs
1399",559,60% off,Westernwear-Women
7207,And,Floral square neck womens fit & flare top - multi,Size:14,"Rs
1799",899,50% off,Westernwear-Women
7208,Indya,Embellished georgette v neck womens regular top - green,"Size:Large,Medium,Small,X-Large,X-Small","Rs
1400",700,50% off,Westernwear-Women
7209,Vero moda,Solid cotton off shoulder womens top - green,"Size:Large,Medium,Small,X-Small","Rs
2299",1839,20% off,Westernwear-Women
7210,Faballey,Solid crepe square neck womens top - blue,"Size:Large,Medium,Small,X-Large,X-Small","Rs
1950",1560,20% off,Westernwear-Women
7211,Lovegen,Womens round neck solid top - olive,Size:X-Small,"Rs
1399",419,70% off,Westernwear-Women
7212,Vero moda,Printed cotton round neck womens t-shirt - blue,"Size:Large,Medium,Small,X-Large,X-Small","Rs
2299",1609,30% off,Westernwear-Women
7213,And,Solid cotton round neck womens regular dress - pink mix,"Size:14,16,18","Rs
2499",2249,10% off,Westernwear-Women
7214,Is.u,Womens navy puff sleeve shirt dress - navy,"Size:Large,Medium,Small,X-Small","Rs
2490",1245,50% off,Westernwear-Women
7215,Samshek,Solid v neck polyester womens bodycon dress - green,"Size:4X-Large,5X-Large,Large,Medium,Small,X-Large,X-Small,XX-Large,XX-Small,XXX-Large","Rs
2980",2086,30% off,Westernwear-Women
7216,Samshek,Printed polyester off shoulder womens regular top - black,Size:XX-Small,"Rs
1990",1592,20% off,Westernwear-Women
7217,Vero moda,Solid flared polyester womens casual wear pants - blue,"Size:Large,Medium,Small,X-Large,X-Small","Rs
3499",2099,40% off,Westernwear-Women
7218,Campus sutra,Womens long sleeves printed top - grey,Size:X-Large,Nan,1099,No Discount,Westernwear-Women
7219,And,Solid straight polyester women work wear trouser - wine,Size:26,"Rs
1899",1329,30% off,Westernwear-Women
7220,Vero moda,Solid lyocell relaxed fit womens pants - mid blue,"Size:Large,Medium,Small,X-Large,X-Small","Rs
2999",2399,20% off,Westernwear-Women
7221,Van heusen,Cotton stretch slim fit womens t-shirt - light mauve,"Size:Large,Medium,Small,X-Large",Nan,859,No Discount,Westernwear-Women
7222,Madame,Printed chiffon round neck womens casual top - pink,"Size:Large,Medium,X-Large,XX-Large","Rs
1599",799,50% off,Westernwear-Women
7223,Dolce crudo,Womens creativity takes courage twill jeggings - blue,"Size:26,28","Rs
2299",919,60% off,Westernwear-Women
7224,And,Floral square neck viscose womens casual dress - pink,Size:8,"Rs
1799",899,50% off,Westernwear-Women
7225,Iti,Womens maroon rivet flowy maxi - red,Size:Small,Nan,1999,No Discount,Westernwear-Women
7226,Zink london,Textured cotton u neck womens top - white,"Size:Large,Medium,X-Large","Rs
1499",899,40% off,Westernwear-Women
7227,Iti,Solid georgette mandarin womens top - green,"Size:Medium,Small,X-Small",Nan,1599,No Discount,Westernwear-Women
7228,Crimsoune club,Solid slim poly cotton womens casual wear track pants - red,"Size:Large,Medium,Small,X-Large,XX-Large","Rs
1299",909,30% off,Westernwear-Women
7229,Gipsy,Womens round neck solid top - brick,"Size:Medium,Small,X-Large","Rs
1595",797,50% off,Westernwear-Women
7230,Levis,Womens 5 pocket rinse wash jeans - light blue,"Size:26,27,28,30,32,34",Nan,1999,No Discount,Westernwear-Women
7231,Global desi,Womens viscose rayon trousers - black,"Size:Medium,Small,X-Small","Rs
1699",1019,40% off,Westernwear-Women
7232,Sera,Printed polyester v-neck womens regular fit top - red,Size:X-Large,"Rs
1294",582,55% off,Westernwear-Women
7233,Spykar,Regular fit regular cotton lycra womens jeans - dark blue,"Size:26,28,30,32,34,36","Rs
2499",1749,30% off,Westernwear-Women
7234,Only,Solid cotton round neck womens t-shirt - green,"Size:Large,Medium,Small,X-Large,X-Small","Rs
1799",1079,40% off,Westernwear-Women
7235,Pepe,Graphic cotton blend regular fit womens shorts - light brown,"Size:Large,Medium,Small,X-Large","Rs
1599",959,40% off,Westernwear-Women
7236,Campus sutra,Solid regular cotton blend womens casual wear co-ordinate - sea green,"Size:Large,Medium,Small,X-Large",Nan,1999,No Discount,Westernwear-Women
7237,Latin quarters,Solid polyester stretch round neck womens regular top - grey,Size:S,"Rs
1299",649,50% off,Westernwear-Women
7238,Stop,Skinny fit ankle length nr roma womens treggings - wine,"Size:26,28,30,32,34,36",Nan,1299,No Discount,Westernwear-Women
7239,Gipsy,Solid polyester choker neck womens top - mango,"Size:Large,Medium,Small,X-Large,XX-Large",Nan,1495,No Discount,Westernwear-Women
7240,Spykar,Checks viscose blend spread collar womens casual wear shirt - peach,"Size:Large,Medium,Small,X-Large","Rs
1999",1399,30% off,Westernwear-Women
7241,Pepe,Printed rayon round neck womens casual shirt - red,"Size:Large,Medium,Small,X-Large","Rs
2799",1679,40% off,Westernwear-Women
7242,Crimsoune club,Colour block lyocell round neck womens top - black,"Size:Large,Medium,Small,X-Large,XX-Large","Rs
1299",909,30% off,Westernwear-Women
7243,Samshek,Solid slim fit synthetic leather womens party wear pants - black,"Size:4X-Large,5X-Large,Large,Medium,Small,X-Large,X-Small,XX-Large,XX-Small,XXX-Large","Rs
2855",2284,20% off,Westernwear-Women
7244,Zink london,Womens notched neck embroidered top - blue,Size:XX-Large,"Rs
1399",499,64% off,Westernwear-Women
7245,Van heusen,Polyester regular fit womens active wear capri pants - charcoal,"Size:Large,Medium,Small,X-Large",Nan,1029,No Discount,Westernwear-Women
7246,Jockey,Cotton elastane womens t-shirt - blue melange,Size:Error Size,Nan,499,No Discount,Westernwear-Women
7247,Sera,Floral half sleeves rayon blend womens regular jumpsuits - brown,"Size:Large,Medium,Small,X-Large","Rs
2998",1349,55% off,Westernwear-Women
7248,Campus sutra,Floral polyester v neck womens dress - green,"Size:Large,Medium,Small,X-Large",Nan,1999,No Discount,Westernwear-Women
7249,And,Solid polyester round neck womens regular top - mint,"Size:8,10,14","Rs
2499",1249,50% off,Westernwear-Women
7250,Global desi,Floral half sleeves viscose womens regular length jumpsuit - pink mix,"Size:XL,Large,Medium,Small,X-Small","Rs
4099",3279,20% off,Westernwear-Women
7251,Life,Solid round neck cotton blend womens sweatshirt - white,"Size:Large,Medium,Small,X-Large,X-Small","Rs
1299",649,50% off,Westernwear-Women
7252,Is.u,Womens excessive confidence white crew neck crop t-shirt - white,"Size:Large,Medium,X-Large","Rs
890",445,50% off,Westernwear-Women
7253,Vero moda,Textured cotton round neck womens t-shirt - pink,"Size:Large,Medium,Small,X-Large,X-Small","Rs
2499",1749,30% off,Westernwear-Women
7254,Only,Textured polyester square neck womens top - yellow,"Size:Large,Medium,Small,X-Large,X-Small","Rs
2299",1379,40% off,Westernwear-Women
7255,Crimsoune club,Womens super skinny fit solid jeans - blue,Size:34,"Rs
1999",799,60% off,Westernwear-Women
7256,Crimsoune club,Stripes collared lyocell womens jumpsuits - red,"Size:Large,Medium,Small,X-Large","Rs
2199",1539,30% off,Westernwear-Women
7257,Enamor,Solid cotton lycra relaxed fit womens athleisure t-shirt - black,"Size:XL,Large,Medium,Small,XX-Large",Nan,899,No Discount,Westernwear-Women
7258,Campus sutra,Womens knit regular fit shirt - multi,"Size:Large,Medium,Small,X-Large",Nan,1299,No Discount,Westernwear-Women
7259,Cover story,Solid polyester round neck womens sweater - pink,Size:Small,"Rs
2490",1743,30% off,Westernwear-Women
7260,Alcis,Womens solid capris - grey,"Size:Medium,Small",Nan,999,No Discount,Westernwear-Women
7261,Enamor,Cotton blend fleece womens active wear track pants - crystal,"Size:XL,Large,Medium,Small,XX-Large","Rs
1599",1119,30% off,Westernwear-Women
7262,Faballey,Solid cotton round neck womens sweatshirt - blue,"Size:Large,Small,X-Large,X-Small","Rs
1700",850,50% off,Westernwear-Women
7263,Campus sutra,Solid velvet collar neck womens casual coat - natural,"Size:Large,Medium,Small",Nan,4999,No Discount,Westernwear-Women
7264,Global desi,Solid square neck viscose womens straight jumpsuits - pink,"Size:XL,Large,Medium,Small,X-Small,XX-Large",Nan,3299,No Discount,Westernwear-Women
7265,Gipsy,Womens checked casual shirt - red,"Size:Medium,Small,X-Large",Nan,920,No Discount,Westernwear-Women
7266,Janasya,Solid round neck cotton flex regular fit womens night suit - maroon,"Size:Medium,X-Small,XX-Large,XXX-Large","Rs
1799",899,50% off,Westernwear-Women
7267,De moza,Skinny fit ankle length length cotton womens leggings - black,"Size:Large,Medium,Small",Nan,1499,No Discount,Westernwear-Women
7268,Faballey,Polka dots off shoulder crepe womens midi dress - red,"Size:Large,Medium,Small,X-Large,X-Small","Rs
2400",1920,20% off,Westernwear-Women
7269,Kraus,Solid cotton collar neck womens casual wear jackets - olive,"Size:Large,Medium,Small,X-Large","Rs
2295",1147,50% off,Westernwear-Women
7270,Adidas,Printed polyester fitted womens casual tights - blue,"Size:Large,Medium,Small,X-Large,X-Small","Rs
2799",1959,30% off,Westernwear-Women
7271,Emblaze,Solid viscose square neck womens flared top - black,"Size:Large,Medium,Small,X-Large,X-Small,XX-Large",Nan,3000,No Discount,Westernwear-Women
7272,Dolce crudo,Womens too close to win jacket - black,"Size:Large,Medium,Small,X-Small","Rs
2399",1199,50% off,Westernwear-Women
7273,Samshek,Printed square neck satin womens regular dress - multi,"Size:4X-Large,5X-Large,Large,Medium,Small,X-Large,X-Small,XX-Large,XX-Small,XXX-Large","Rs
2490",1992,20% off,Westernwear-Women
7274,Gipsy,Checks collared neck polyester womens front open dress - lemon,Size:X-Large,"Rs
2495",998,60% off,Westernwear-Women
7275,Proline,Polyester regular fit womens leggings - black,"Size:Large,Medium,Small,X-Large","Rs
1499",1049,30% off,Westernwear-Women
7276,Life,Stripes cotton round neck womens regular t-shirt - coral,"Size:Large,Medium,Small,X-Large,X-Small,XX-Large","Rs
499",249,50% off,Westernwear-Women
7277,Samshek,Solid cotton round neck womens regular top - white,"Size:4X-Large,5X-Large,Large,Medium,Small,X-Large,X-Small,XX-Large,XXX-Large","Rs
1649",1319,20% off,Westernwear-Women
7278,And,Self pattern viscose shirt collar women's formal wear tops - pink mix,Size:12,"Rs
2099",1049,50% off,Westernwear-Women
7279,Iti,Womens black embellished ruffle maxi - black,Size:Small,Nan,2999,No Discount,Westernwear-Women
7280,Kraus,Solid comfort cotton womens casual wear trousers - black,"Size:28,30","Rs
1595",1116,30% off,Westernwear-Women
7281,Latin quarters,Dyed round neck polyester womens regular dress - black,Size:S,"Rs
2699",1349,50% off,Westernwear-Women
7282,Emblaze,Womens black jacket with sheer sleeves - black,"Size:Large,Medium,Small,X-Large,X-Small,XX-Large",Nan,2400,No Discount,Westernwear-Women
7283,Indya,Floral print short sleeves viscose womens regular length jumpsuit - white,"Size:Large,Medium,Small,X-Large,X-Small,XX-Large","Rs
3450",1725,50% off,Westernwear-Women
7284,And,Floral polyester v neck womens a line top - teal,Size:8,"Rs
2099",1364,35% off,Westernwear-Women
7285,Pepe,Denim tencel denim round neck womens top - light blue,"Size:Large,Medium,Small,X-Large","Rs
2199",1319,40% off,Westernwear-Women
7286,Zink london,Regular fit regular polyester womens casual skirt - pink,"Size:Large,Medium,Small,X-Large","Rs
1999",1199,40% off,Westernwear-Women
7287,Adidas,Solid polyester round neck womens t-shirt - black,"Size:Large,Medium,Small,X-Large","Rs
1799",1259,30% off,Westernwear-Women
7288,Faballey,Floral georgette high neck womens shift dress - pink,"Size:Large,Medium,Small,X-Small","Rs
2100",1050,50% off,Westernwear-Women
7289,Sera,Printed v-neck viscose rayon womens fit and flare dress - orange,"Size:Large,Medium,Small","Rs
1494",747,50% off,Westernwear-Women
7290,Fratini,Womens round neck stripe shift dress - blue,Size:X-Large,Nan,1499,No Discount,Westernwear-Women
7291,Sera,Womens regular fit printed round neck fit and flare dress - black,"Size:Medium,Small,X-Large","Rs
1394",697,50% off,Westernwear-Women
7292,Global desi,Floral viscose rayon choker neck womens straight tunic - black,"Size:XL,Large,Medium,Small,X-Small","Rs
1799",899,50% off,Westernwear-Women
7293,Puma,Polyester mid rise regular fit womens athleisure pants - black,"Size:Large,Medium,Small,X-Large,X-Small",Nan,3999,No Discount,Westernwear-Women
7294,Faballey,Solid crepe round neck womens regular top - pink,"Size:Large,Medium,Small,X-Large,X-Small","Rs
1300",1040,20% off,Westernwear-Women
7295,And,Womens sheath fit 5 pocket assorted capris - dark blue,Size:26,"Rs
2299",1149,50% off,Westernwear-Women
7296,Is.u,Womens beige slip-on pleated trousers - natural,"Size:Large,Medium,Small,X-Large","Rs
2490",871,65% off,Westernwear-Women
7297,Vero moda,Printed cotton round neck womens  t-shirts - white,"Size:Large,Medium,Small,X-Large,X-Small","Rs
1499",1049,30% off,Westernwear-Women
7298,Forever new,Floral polyester round neck womens top - print,"Size:4,6,8,10,12",Nan,4400,No Discount,Westernwear-Women
7299,Campus sutra,Solid round neck cotton womens dresses - orange,"Size:Large,Medium,Small,X-Large",Nan,1499,No Discount,Westernwear-Women
7300,Crimsoune club,Womens brown printed top - brown,"Size:Large,Medium,X-Large,XX-Large","Rs
1599",1119,30% off,Westernwear-Women
7301,Faballey,Womens navy pearl embellished scallop top - green,"Size:Small,X-Small","Rs
1700",850,50% off,Westernwear-Women
7302,Only,Solid nylon front open womens coat - pink,Size:Large,"Rs
4499",2249,50% off,Westernwear-Women
7303,Life,Womens tencel solid joggers - navy,"Size:26,28,30,32,34","Rs
1499",749,50% off,Westernwear-Women
7304,Global desi,Geometric viscose keyhole neck womens straight tunic - blue,"Size:Large,Small,X-Small","Rs
1499",899,40% off,Westernwear-Women
7305,And,Floral v-neck cotton womens casual dress - multi,"Size:8,10,16","Rs
2899",2029,30% off,Westernwear-Women
7306,And,Womens floral round neck a-line top - orange mix,Size:10,"Rs
1799",899,50% off,Westernwear-Women
7307,Vero moda,Printed modal round neck womens  t-shirts - white,"Size:Large,Medium,Small,X-Large,X-Small","Rs
999",699,30% off,Westernwear-Women
7308,Latin quarters,Dyed polyester round neck womens casual jacket - maroon,"Size:S,M,XL","Rs
3999",2799,30% off,Westernwear-Women
7309,Latin quarters,Solid cotton stretch collar neck womens casual jacket - navy,"Size:S,M,L,XL","Rs
3299",2309,30% off,Westernwear-Women
7310,Latin quarters,Solid acrylic high neck womens sweater - natural,"Size:S,L","Rs
2399",1199,50% off,Westernwear-Women
7311,Latin quarters,Solid v- neck denim womens regular dress - blue,Size:S,"Rs
2499",1249,50% off,Westernwear-Women
7312,Adidas,Stripes polyester crew neck womens t-shirt - mauve,"Size:Large,Medium,Small,X-Large,X-Small","Rs
2299",1609,30% off,Westernwear-Women
7313,Latin quarters,Dyed v-neck acrylic womens regular top - mustard,"Size:S,M,L,XL","Rs
2399",1679,30% off,Westernwear-Women
7314,Zink london,Printed polyester round neck womens dress - off white,"Size:Large,Medium,Small,X-Large","Rs
2199",1319,40% off,Westernwear-Women
7315,Latin quarters,Solid nylon stretch regular fit womens leggings - maroon,"Size:S,M,L,XL","Rs
1499",749,50% off,Westernwear-Women
7316,Zink london,Printed polyester square neck womens regular top - brown,"Size:Large,X-Large","Rs
1499",599,60% off,Westernwear-Women
7317,Van heusen,Skinny fit ankle length nylon fleece womens leggings - ocean,"Size:Large,Medium,Small,X-Large",Nan,1399,No Discount,Westernwear-Women
7318,Marie claire,Half sleeves regular fit womens casual dress - sky blue,"Size:Large,Medium,Small,X-Large,X-Small","Rs
2299",1149,50% off,Westernwear-Women
7319,Marie claire,Solid regular fit linen womens casual pants - blue,Size:30,"Rs
1990",1194,40% off,Westernwear-Women
7320,Miss chase,Floral premium polyknit square neck womens relaxed fit dress - multi,"Size:Large,Medium,Small,X-Large,X-Small",Nan,2899,No Discount,Westernwear-Women
7321,Iti,Womens solid sleeveless boat neck tiered maxi dress - electric,Size:X-Small,Nan,2799,No Discount,Westernwear-Women
7322,Zink london,Acrylic women sweaters - natural,"Size:Large,Medium,X-Large","Rs
2999",1199,60% off,Westernwear-Women
7323,Madame,Solid cotton round neck womens top - pink,"Size:Large,Medium,Small,X-Large","Rs
1299",909,30% off,Westernwear-Women
7324,Rare,Printed polyester v-neck womens regular fit top - peach,Size:Large,"Rs
1499",674,55% off,Westernwear-Women
7325,109f,Womens one shoulder printed top - multi,"Size:Small,X-Large,X-Small",Nan,1299,No Discount,Westernwear-Women
7326,Kraus,Solid tencel tie up neck womens regular top - light blue,"Size:Medium,Small","Rs
1299",909,30% off,Westernwear-Women
7327,Campus sutra,Womens long sleeves solid jacket - charcoal,Size:X-Large,Nan,1999,No Discount,Westernwear-Women
7328,Iti,Womens pleated embellished maxi - red,"Size:Large,X-Large",Nan,1999,No Discount,Westernwear-Women
7329,Allen solly,Solid hood polyester womens sheath dress - pink,Size:Large,"Rs
2499",1499,40% off,Westernwear-Women
7330,Pepe,Graphic cotton blend crew neck womens t-shirt - ecru,"Size:Medium,Small","Rs
1299",779,40% off,Westernwear-Women
7331,Faballey,Embroidered crepe off shoulder womens midi dress - blue,"Size:Small,X-Small","Rs
2200",1100,50% off,Westernwear-Women
7332,Jockey,Womens v neck t-shirt - wine,Size:Error Size,Nan,649,No Discount,Westernwear-Women
7333,Kraus,Skinny fit ankle length cotton blend womens jeans - blue,Size:28,"Rs
1795",897,50% off,Westernwear-Women
7334,Is.u,Solid skinny fit polyester womens track pants - black,Size:38,"Rs
1690",507,70% off,Westernwear-Women
7335,Janasya,Cotton womens western dresses with pocket - black,"Size:Small,X-Large","Rs
1898",1043,45% off,Westernwear-Women
7336,And,Womens regular fit stripes skirt - red mix,"Size:26,28","Rs
2199",1099,50% off,Westernwear-Women
7337,Global desi,Womens regular fit geometric trousers - mustard,"Size:Small,X-Small","Rs
1299",519,60% off,Westernwear-Women
7338,Zink london,Solid polyester regular fit womens top - blue,Size:Small,"Rs
1599",499,69% off,Westernwear-Women
7339,Crimsoune club,Womens slim fit printed shirt - black,"Size:Large,Medium,Small","Rs
1499",899,40% off,Westernwear-Women
7340,And,Floral round neck polyester women flared gown - pink mix,Size:8,"Rs
3699",2589,30% off,Westernwear-Women
7341,Kraus,Embroidered polyester round neck womens regular fit top - peach,Size:Medium,"Rs
1299",649,50% off,Westernwear-Women
7342,Crimsoune club,Checks lyocell collared womens shirt - pink,"Size:X-Large,XX-Large",Nan,1499,No Discount,Westernwear-Women
7343,Fila,Cotton v neck womens t-shirt - black,Size:Medium,Nan,999,No Discount,Westernwear-Women
7344,Zink london,Embellished round neck acrylic womens straight fit dress - maroon,"Size:Small,X-Large","Rs
3499",1399,60% off,Westernwear-Women
7345,Campus sutra,Womens knit regular fit shirt - grey,Size:Small,Nan,1399,No Discount,Westernwear-Women
7346,And,Womens regular fit solid tunic - aqua,Size:8,"Rs
2799",1399,50% off,Westernwear-Women
7347,Allen solly,Printed viscose regular neck womens dress - yellow,"Size:Large,Medium,Small","Rs
1999",1499,25% off,Westernwear-Women
7348,Lovegen,Embellished cotton stretch round neck womens t-shirt - white,"Size:Large,X-Large","Rs
999",399,60% off,Westernwear-Women
7349,Zink london,Womens printed square neck bodycon dress - red,"Size:Large,X-Large","Rs
2199",999,55% off,Westernwear-Women
7350,109f,Womens round neck textured top - green,Size:XX-Large,"Rs
999",399,60% off,Westernwear-Women
7351,And,Womens stripes sheath pants - teal,Size:26,"Rs
1999",999,50% off,Westernwear-Women
7352,Magre,Solid denim square neck womens top - light blue,"Size:Large,Medium","Rs
1590",715,55% off,Westernwear-Women
7353,And,Polka dots v-neck viscose womens fit and flare dress - blue mix light,Size:16,"Rs
2499",1749,30% off,Westernwear-Women
7354,Sera,Solid round neck polyester womens top - orange,Size:X-Large,"Rs
1298",584,55% off,Westernwear-Women
7355,Zink london,Printed rayon womens regular top - green,"Size:Small,X-Small","Rs
1599",639,60% off,Westernwear-Women
7356,Lovegen,Womens 5 pocket rinse wash jeans - dark blue,Size:XX-Large,"Rs
1040",728,30% off,Westernwear-Women
7357,Global desi,Womens straight fit printed geometric casual wear trousers - white,"Size:XL,Large,Small","Rs
1499",899,40% off,Westernwear-Women
7358,Global desi,Womens regular fit floral gown - off white,"Size:Medium,Small","Rs
3999",1599,60% off,Westernwear-Women
7359,And,Solid square neck linen women flared dress - blue mix light,"Size:14,16","Rs
3299",2309,30% off,Westernwear-Women
7360,Rare,Printed viscose rayon mandarin collar womens regular fit top - navy,Size:Small,"Rs
1390",625,55% off,Westernwear-Women
7361,Enamor,Cotton womens active wear t-shirt - old rose,"Size:XL,Large,Medium,Small,XX-Large",Nan,799,No Discount,Westernwear-Women
7362,Magre,Solid satin cowl neck womens top - blue,"Size:Large,Medium,Small,X-Small","Rs
1390",764,45% off,Westernwear-Women
7363,Stop,Textured round neck acrylic womens sweater - red,"Size:Large,Medium,Small,X-Large,XX-Large","Rs
1999",999,50% off,Westernwear-Women
7364,Samshek,Slim fit above knee crepe womens party wear skirt - black,"Size:4X-Large,5X-Large,Large,Medium,Small,X-Large,X-Small,XX-Large,XX-Small,XXX-Large",Nan,2890,No Discount,Westernwear-Women
7365,Iti,Womens cutout cape dress - red,"Size:Large,Medium,Small,X-Large,X-Small",Nan,1799,No Discount,Westernwear-Women
7366,Enamor,Textured round neck cotton blend womens thermal - black,"Size:XL,Large,Medium,Small",Nan,799,No Discount,Westernwear-Women
7367,Samshek,Solid georgette collar neck womens party wear shirt - black,"Size:4X-Large,5X-Large,Large,Medium,Small,X-Large,X-Small,XX-Large,XX-Small,XXX-Large","Rs
2090",1881,10% off,Westernwear-Women
7368,Pepe,Fit regular length denim womens jeans - mid blue,"Size:26,28,30,32,34","Rs
2199",1319,40% off,Westernwear-Women
7369,Iti,Solid lace v neck womens top - green,"Size:Large,Medium,Small",Nan,2799,No Discount,Westernwear-Women
7370,109f,Womens collared stripe top - black,"Size:Large,Medium,Small,X-Small","Rs
1199",479,60% off,Westernwear-Women
7371,Life,Printed polyester lycra round neck womens regular t-shirt - pink,"Size:Large,Medium,Small,X-Large,X-Small,XX-Large","Rs
999",499,50% off,Westernwear-Women
7372,Iti,Solid georgette round neck womens top - navy,"Size:Large,Medium,Small,X-Large",Nan,1799,No Discount,Westernwear-Women
7373,Campus sutra,Womens long sleeves solid jacket - grey,"Size:Small,X-Large",Nan,2099,No Discount,Westernwear-Women
7374,Iti,Solid georgette collar neck womens top - pink,"Size:Large,Medium,Small,X-Small",Nan,1499,No Discount,Westernwear-Women
7375,Faballey,Womens powder blue floral belted maxi dress - blue,"Size:Small,X-Small","Rs
2400",1200,50% off,Westernwear-Women
7376,Vero moda,Solid collared cotton womens  dresses - yellow,"Size:Large,Medium,Small,X-Large,X-Small",Nan,3999,No Discount,Westernwear-Women
7377,Zink london,Printed cotton round neck womens dress - peach,"Size:Large,Medium,Small,X-Large,X-Small,XX-Large","Rs
1899",1139,40% off,Westernwear-Women
7378,Imara,Solid polyester round neck womens t-shirt - pink,"Size:Large,Medium,Small,X-Small","Rs
1599",1119,30% off,Westernwear-Women
7379,Vero moda,Stripes viscose blended off shoulder womens top - yellow,"Size:Large,Medium,Small,X-Large,X-Small","Rs
1999",1199,40% off,Westernwear-Women
7380,Emblaze,Solid satin round neck womens straight top - lilac,"Size:Large,Medium,Small,X-Large,X-Small,XX-Large",Nan,3000,No Discount,Westernwear-Women
7381,Gipsy,Womens mandarin collar checked top - white,"Size:Medium,X-Large,XX-Large,XXX-Large",Nan,1595,No Discount,Westernwear-Women
7382,Faballey,Stripes satin collar neck womens top - natural,"Size:Large,Medium,Small,X-Large,X-Small","Rs
1400",1120,20% off,Westernwear-Women
7383,Is.u,Stripes cotton womens regular fit top - orange,"Size:Large,Medium,Small,X-Large,X-Small,XX-Large","Rs
1890",945,50% off,Westernwear-Women
7384,Janasya,Printed collared neck cotton regular fit womens night suit - natural,"Size:Large,Medium,Small,X-Large,X-Small,XX-Large","Rs
2499",874,65% off,Westernwear-Women
7385,Reebok,Solid regular fit polyester womens active wear tights - black,"Size:Large,Medium,Small,X-Small","Rs
3299",1649,50% off,Westernwear-Women
7386,Is.u,Womens navy ruffled sleeve shirt - navy,"Size:Large,Medium,Small,X-Small","Rs
2490",871,65% off,Westernwear-Women
7387,Campus sutra,Womens knit regular fit shirt - blue,"Size:Large,Medium,X-Large",Nan,1499,No Discount,Westernwear-Women
7388,Zink z,Typographic cotton collared womens sweatshirt - black,"Size:Large,Medium,Small,X-Large,X-Small",Nan,1999,No Discount,Westernwear-Women
7389,Spykar,Printed viscose spread collar womens casual wear shirt - electric,"Size:Large,Medium,Small,X-Large","Rs
1699",1189,30% off,Westernwear-Women
7390,Stop,Textured round neck acrylic womens sweater - black,"Size:Large,Medium,Small,X-Large,XX-Large","Rs
1999",999,50% off,Westernwear-Women
7391,Life,Solid viscose womens regular fit top - navy,"Size:Large,Medium,Small,X-Large,X-Small","Rs
899",449,50% off,Westernwear-Women
7392,Global desi,Self design cotton keyhole neck womens straight tunic - peach,"Size:XL,Large,Medium,Small,X-Small,XX-Large","Rs
2499",1249,50% off,Westernwear-Women
7393,And,Solid linen collar neck womens straight dress - yellow,"Size:8,10,12,14,16,18","Rs
2699",2159,20% off,Westernwear-Women
7394,Faballey,Solid georgette womens regular top - pink,"Size:Large,X-Large","Rs
1300",650,50% off,Westernwear-Women
7395,Vero moda,Solid cotton relaxed fit womens pants - blue,"Size:Large,Medium,Small,X-Large,X-Small",Nan,2999,No Discount,Westernwear-Women
7396,Dolce crudo,Womens yes indeed high waist twill treggings - navy,"Size:Large,Medium,Small,X-Small","Rs
2249",1012,55% off,Westernwear-Women
7397,Dolce crudo,Womens the scarlet letter paper bag pants - black,"Size:26,32,34","Rs
2299",1149,50% off,Westernwear-Women
7398,Global desi,Solid straight fit viscose rayon womens casual wear trousers - dark blue,"Size:XL,Large,Medium,Small,X-Small,XX-Large","Rs
2299",1494,35% off,Westernwear-Women
7399,Vero moda,Solid cotton square neck womens dress - blue,"Size:Large,Medium,Small,X-Small",Nan,2999,No Discount,Westernwear-Women
7400,Zink london,Solid high neck acrylic womens sweaters - orange,"Size:Large,Medium,X-Large","Rs
2499",999,60% off,Westernwear-Women
7401,And,Solid round neck polyester womens shift dress - silver grey,"Size:8,10,12,14,16","Rs
3299",2309,30% off,Westernwear-Women
7402,Vero moda,Solid cotton round neck womens t-shirt - brown,"Size:Large,Medium,Small,X-Large,X-Small","Rs
1799",1259,30% off,Westernwear-Women
7403,Faballey,Printed v neck georgette womens regular dresses - blue,"Size:Large,Medium,Small","Rs
1950",975,50% off,Westernwear-Women
7404,Vero moda,Printed cotton round neck womens t-shirt - white,"Size:Large,Medium,Small,X-Large,X-Small",Nan,1299,No Discount,Westernwear-Women
7405,Samshek,Solid crepe v neck womens party wear shirt - black,"Size:4X-Large,5X-Large,Large,Medium,Small,X-Large,X-Small,XX-Large,XX-Small,XXX-Large","Rs
2790",1953,30% off,Westernwear-Women
7406,Sera,Floral off shoulder polyester womens regular dress - black,"Size:Large,Medium,Small,X-Large","Rs
1998",999,50% off,Westernwear-Women
7407,Zink london,Solid cotton sweetheart neck womens top - green,"Size:Large,Medium,Small,X-Large,X-Small,XX-Large","Rs
1599",959,40% off,Westernwear-Women
7408,Campus sutra,Solid crepe off shoulder womens dress - blue,"Size:Large,Medium,Small,X-Large",Nan,1999,No Discount,Westernwear-Women
7409,Latin quarters,Solid layered neck polyester blend womens regular dress - blue,"Size:S,M,L,XL,XX-Large",Nan,2999,No Discount,Westernwear-Women
7410,Vero moda,Textured cotton off shoulder womens top - pink,"Size:Large,Medium,Small,X-Large,X-Small","Rs
2299",1609,30% off,Westernwear-Women
7411,Stop,Regular fit full length acrylic womens palazzos - grey,"Size:Large/X-Large,Small/Medium","Rs
1499",749,50% off,Westernwear-Women
7412,Gipsy,Womens v neck printed knee length dress - navy,"Size:Medium,Small,X-Large","Rs
2795",1956,30% off,Westernwear-Women
7413,Samshek,Solid boat neck cotton womens regular dress - black,"Size:4X-Large,5X-Large,Large,Medium,Small,X-Large,X-Small,XX-Large,XXX-Large","Rs
2799",2239,20% off,Westernwear-Women
7414,Emblaze,Womens white crop top with puff sleev - white,"Size:Large,Medium,Small,X-Large,X-Small,XX-Large",Nan,2800,No Discount,Westernwear-Women
7415,Pepe,Stripes viscose blend round neck womens casual shirt - lime green,"Size:Large,Medium,Small,X-Large","Rs
1999",1199,40% off,Westernwear-Women
7416,Faballey,Geometric round neck polyester womens midi dress - white,"Size:Large,Medium,Small,X-Large,X-Small","Rs
2200",1760,20% off,Westernwear-Women
7417,Faballey,Printed georgette strappy neck womens regular dress - black,"Size:Large,Medium,Small,X-Large,X-Small","Rs
2250",1800,20% off,Westernwear-Women
7418,Sera,Womens printed woven fit and flare dress - blue,"Size:Large,Medium,Small,X-Large","Rs
1494",747,50% off,Westernwear-Women
7419,Only,Colour block cotton round neck womens t-shirt - green,"Size:Large,Medium,Small,X-Large,X-Small","Rs
1499",899,40% off,Westernwear-Women
7420,Global desi,Floral viscose rayon halter neck womens straight top - red,"Size:Large,Medium,Small,X-Small","Rs
1999",1199,40% off,Westernwear-Women
7421,Faballey,Floral georgette square neck womens dress - white,"Size:Large,Medium,Small,X-Large,X-Small","Rs
2200",1760,20% off,Westernwear-Women
7422,Latin quarters,Solid v neck polyester womens dress - black,"Size:S,M,L,XL","Rs
2999",2099,30% off,Westernwear-Women
7423,Faballey,Checks georgette womens regular top - pink,"Size:Small,X-Small","Rs
1500",750,50% off,Westernwear-Women
7424,Spykar,Regular fit regular cotton womens jeans - black,"Size:26,28,30,32,34,36","Rs
2799",1959,30% off,Westernwear-Women
7425,Faballey,Solid viscose square neck womens regular top - blue,"Size:Large,Medium,Small,X-Small","Rs
1400",700,50% off,Westernwear-Women
7426,Campus sutra,Printed round neck cotton womens dresses - rose,"Size:Large,Medium,Small,X-Large",Nan,1499,No Discount,Westernwear-Women
7427,Spykar,Printed cotton blend boat neck womens regular t-shirt - ecru,"Size:Large,Medium,Small,X-Large","Rs
1299",909,30% off,Westernwear-Women
7428,Gipsy,Womens v neck striped a-line dress - blue,"Size:Large,Medium,Small,X-Large",Nan,2695,No Discount,Westernwear-Women
7429,Madame,Solid round neck cotton womens casual dress - peach,"Size:Large,X-Large","Rs
1899",949,50% off,Westernwear-Women
7430,Gipsy,Printed v-neck polyester womens flared dress - yellow,Size:XX-Large,"Rs
2795",1397,50% off,Westernwear-Women
7431,Levis,Relaxed fit regular cotton womens jeans - gold,"Size:Large,Medium,Small,X-Large,X-Small",Nan,2899,No Discount,Westernwear-Women
7432,Lovegen,Womens square neck solid dungaree dress - maroon,Size:Small,"Rs
1899",759,60% off,Westernwear-Women
7433,Vero moda,Cotton skinny fit womens jeans - blue,"Size:26,27,28,29,30,31,32,33,34","Rs
3499",2799,20% off,Westernwear-Women
7434,Pepe,Solid viscose scoop neck womens top - white,"Size:Large,Medium,Small,X-Large","Rs
1999",1199,40% off,Westernwear-Women
7435,Vero moda,Textured cotton round neck womens  t-shirts - pink,"Size:Large,Medium,Small,X-Large,X-Small","Rs
999",699,30% off,Westernwear-Women
7436,Mystere paris,Checks cotton regular fit womens night wear pyjama - red,"Size:Large,Medium,Small,X-Large,XX-Large","Rs
899",539,40% off,Westernwear-Women
7437,Life,Solid polyester blend round neck womens regular top - sage,"Size:Large,Medium,Small,X-Large,X-Small",Nan,1199,No Discount,Westernwear-Women
7438,Madame,Printed cotton round neck womens regular fit top - black,Size:XX-Large,"Rs
1199",599,50% off,Westernwear-Women
7439,Adidas,Striped regular fit cotton womens shorts - black,"Size:Large,Medium,Small,X-Small","Rs
2499",1749,30% off,Westernwear-Women
7440,Miss chase,Solid fleece round neck womens relaxed fit dress - navy,"Size:Medium,Small,X-Small",Nan,2995,No Discount,Westernwear-Women
7441,Rare,Sleeveless regular fit womens casual top - yellow,"Size:Large,Medium,Small,X-Small","Rs
1399",629,55% off,Westernwear-Women
7442,Madame,Womens stripes collared shirt - black,Size:Small,"Rs
1999",999,50% off,Westernwear-Women
7443,Faballey,Solid collar neck synthetic leather womens casual wear jacket - black,"Size:Small,X-Small","Rs
3400",1700,50% off,Westernwear-Women
7444,Kraus,Womens high rise skinny jeans - ink blue,Size:28,"Rs
1895",947,50% off,Westernwear-Women
7445,Sera,Printed sleeveless polyester womens above knee jumpsuit - black,"Size:Large,X-Large","Rs
1294",647,50% off,Westernwear-Women
7446,Global desi,Graphic viscose rayon round neck womens straight top - white,Size:X-Small,"Rs
1899",1139,40% off,Westernwear-Women
7447,Global desi,Womens regular fit solid trousers - natural,Size:Small,"Rs
1999",799,60% off,Westernwear-Women
7448,Is.u,Womens yellow oversized denim jacket - yellow,Size:X-Small,"Rs
2490",1245,50% off,Westernwear-Women
7449,Faballey,Polka dots round neck georgette womens straight fit dress - pink,Size:Small,"Rs
2600",1300,50% off,Westernwear-Women
7450,Sera,Solid v neck polyester womens regular dress - black,"Size:Large,Small","Rs
2498",1249,50% off,Westernwear-Women
7451,Zink london,Womens printed v neck shift dress - navy,"Size:Small,X-Small","Rs
2399",959,60% off,Westernwear-Women
7452,Allen solly,Solid polyester round neck womens top - mid blue,"Size:Large,Small","Rs
999",599,40% off,Westernwear-Women
7453,Is.u,Printed cotton womens a-line dress - multi,"Size:X-Large,X-Small,XX-Large","Rs
3290",1645,50% off,Westernwear-Women
7454,And,Floral round neck polyester women flared dress - white,"Size:8,14","Rs
2899",2029,30% off,Westernwear-Women
7455,Faballey,Solid round neck georgette womens mini dress - green,"Size:Medium,Small","Rs
2100",1680,20% off,Westernwear-Women
7456,Kraus,Solid collar neck cotton womens casual jacket - blue,Size:Medium,"Rs
2295",1147,50% off,Westernwear-Women
7457,Latin quarters,Dyed polyester regular womens casual wear pants - green,"Size:S,L","Rs
1699",849,50% off,Westernwear-Women
7458,Indya,Printed viscose regular fit womens ankle length jumpsuit - blue,Size:Small,Nan,2100,No Discount,Westernwear-Women
7459,Indya,Printed cotton regular fit womens regular length jumpsuit - green,"Size:Small,X-Small",Nan,2100,No Discount,Westernwear-Women
7460,Is.u,Solid cotton womens casual shirt - white,Size:X-Small,"Rs
2490",1245,50% off,Westernwear-Women
7461,Only,Solid viscose collar neck womens casual shirt - white,"Size:Medium,X-Small","Rs
3499",2449,30% off,Westernwear-Women
7462,Crimsoune club,Womens navy blue striped parallel trousers - navy,"Size:Medium,X-Large","Rs
1999",999,50% off,Westernwear-Women
7463,Faballey,Solid georgette round neck womens regular top - pink,"Size:X-Large,XX-Large","Rs
1400",700,50% off,Westernwear-Women
7464,And,Self design mom fit womens casual wear trousers - light blue,"Size:32,34,36",Nan,2399,No Discount,Westernwear-Women
7465,Faballey,Embellished round neck crepe womens mini dress - blue,Size:X-Large,"Rs
2200",1100,50% off,Westernwear-Women
7466,Magre,Solid polyester blend regular fit womens shorts - black,Size:X-Small,"Rs
1690",676,60% off,Westernwear-Women
7467,Kraus,Solid polyester blend round neck womens regular tops - off white,"Size:Medium,Small","Rs
1299",909,30% off,Westernwear-Women
7468,Sera,Womens regular fit printed off shoulder tiered top - blue,"Size:Small,X-Large","Rs
1149",517,55% off,Westernwear-Women
7469,Charchit,Checks cotton shirt collar boys shirt - white,Size:13-14Y,"Rs
990",841,15% off,Westernwear-Women
7470,Athome,Solid cotton round neck womens regular gown - black,Size:10,"Rs
3499",2799,20% off,Westernwear-Women
7471,And,Checked round neck womens woven top - navy,"Size:8,14","Rs
1499",1049,30% off,Westernwear-Women
7472,Latin quarters,Printed rayon v neck womens regular blouse - red,"Size:S,M,XL","Rs
1399",699,50% off,Westernwear-Women
7473,Miss chase,Solid sleeveless polyester womens regular length jumpsuit - multi,"Size:Large,X-Large",Nan,2649,No Discount,Westernwear-Women
7474,And,Solid cotton square neck women a line top - white,Size:8,"Rs
2099",1469,30% off,Westernwear-Women
7475,Sera,Solid cotton round neck womens sweatshirt - black,"Size:Large,Medium,Small,X-Large","Rs
1899",759,60% off,Westernwear-Women
7476,Is.u,Womens love maroon printed stripe jogger pants - maroon,"Size:Large,Medium,X-Large","Rs
1990",995,50% off,Westernwear-Women
7477,Crimsoune club,Solid round neck cotton blend womens sweatshirt - yellow,"Size:Large,Small,XX-Large","Rs
1399",699,50% off,Westernwear-Women
7478,Samshek,Solid cotton collar neck womens party wear shirt - black,"Size:4X-Large,5X-Large,Large,Medium,Small,X-Large,X-Small,XX-Large,XX-Small,XXX-Large","Rs
2520",2016,20% off,Westernwear-Women
7479,109f,Womens off shoulder embroidered top - cream,"Size:Large,Medium,Small,X-Large,XX-Large","Rs
1699",679,60% off,Westernwear-Women
7480,Disha patani for glam lifestyle,Women round neck solid a-line dress - black,"Size:Medium,Small",Nan,1999,No Discount,Westernwear-Women
7481,Vero moda,Solid cotton round neck womens  tops - white,"Size:Large,Medium,Small,X-Small","Rs
1999",1199,40% off,Westernwear-Women
7482,Dolce crudo,Regular fit denim womens casual wear joggers - navy,"Size:26,28,30","Rs
2399",1199,50% off,Westernwear-Women
7483,Allen solly,Printed rayon round neck womens top - cream,"Size:Large,Medium,Small,X-Large","Rs
1699",1019,40% off,Westernwear-Women
7484,Samshek,Solid round neck crepe womens bodycon dress - yellow,"Size:4X-Large,5X-Large,Large,Medium,Small,X-Large,X-Small,XX-Large,XX-Small,XXX-Large","Rs
1890",1512,20% off,Westernwear-Women
7485,Faballey,Solid round neck polyester blend womens straight fit midi dress - red,Size:Large,"Rs
2150",1075,50% off,Westernwear-Women
7486,Vip,Vsave face mask - black,Size:Large,Nan,155,No Discount,Westernwear-Women
7487,Stop,Solid polyester regular fit womens top - red,"Size:Large,Medium,Small,X-Large,X-Small,XX-Large",Nan,1299,No Discount,Westernwear-Women
7488,Magre,Printed polyester blend womens dress - light blue,"Size:Large,Medium,Small,X-Small","Rs
2190",1095,50% off,Westernwear-Women
7489,Samshek,Solid round neck georgette womens regular dress - pink,"Size:4X-Large,5X-Large,Large,Medium,Small,X-Large,X-Small,XX-Large,XX-Small,XXX-Large",Nan,2690,No Discount,Westernwear-Women
7490,And,Solid regular fit cotton womens fusion wear trousers - indiaink,"Size:28,30,32,34,36","Rs
2799",2239,20% off,Westernwear-Women
7491,Sera,Printed square neck polyester womens a-line dress - pink,"Size:Large,Medium,Small,X-Large","Rs
1998",999,50% off,Westernwear-Women
7492,Zink london,Printed cotton blend round neck womens t-shirt - pink,Size:Small,"Rs
999",399,60% off,Westernwear-Women
7493,Cover story,Solid cotton round neck womens sweater - fuchsia,"Size:Large,Medium,Small,X-Large,X-Small","Rs
1890",1134,40% off,Westernwear-Women
7494,Magre,Solid satin square neck womens front slit dress - maroon,"Size:Medium,Small,X-Small","Rs
3890",2139,45% off,Westernwear-Women
7495,Stop,Solid v-neck polyester womens regular fit dress - black,"Size:Large,Medium,Small,X-Large,XX-Large","Rs
1899",949,50% off,Westernwear-Women
7496,And,Solid v-neck polyester womens casual dress - pink,"Size:8,10,12,14","Rs
2499",1249,50% off,Westernwear-Women
7497,Adidas,Stripes cotton regular fit womens tights - black,"Size:110,116,128,140","Rs
2699",1889,30% off,Westernwear-Women
7498,And,Floral round neck polyester womens a line dress - navy,"Size:8,10,12,14,16","Rs
3499",2799,20% off,Westernwear-Women
7499,And,Solid rayon square neck top and cropped length skirt set - blue mix light,Size:10,"Rs
2399",1679,30% off,Westernwear-Women
7500,Kami kubi,Floral cotton round neck womens tiered top - yellow,"Size:Large,Medium,Small,X-Large,X-Small,XX-Large","Rs
1499",974,35% off,Westernwear-Women
7501,Only,Printed polyester womens t-shirt - white,"Size:Large,Medium,Small,X-Large,X-Small","Rs
1499",1049,30% off,Westernwear-Women
7502,Adidas,Printed polyester crew neck womens t-shirt - red,"Size:110,116,128,140","Rs
1599",1119,30% off,Westernwear-Women
7503,Samshek,Solid polyester v neck womens regular top - red,"Size:4X-Large,5X-Large,Large,Medium,Small,X-Large,X-Small,XX-Large,XXX-Large","Rs
1990",1592,20% off,Westernwear-Women
7504,Faballey,Embellished crepe halter neck womens regular top - pink,"Size:Large,Medium,Small,X-Large","Rs
1500",750,50% off,Westernwear-Women
7505,Kraus,Solid tencel collar neck womens casual shirt - olive,"Size:Large,Medium,Small,X-Large","Rs
1399",1259,10% off,Westernwear-Women
7506,Lovegen,Womens round neck printed top - grey,Size:Large,"Rs
2399",1199,50% off,Westernwear-Women
7507,Gipsy,Womens round neck printed top - black,"Size:Large,Medium,XX-Large","Rs
1995",1396,30% off,Westernwear-Women
7508,Allen solly tribe,Solid cotton round neck womens active wear t-shirt - grey,"Size:Large,Medium,Small,X-Large",Nan,899,No Discount,Westernwear-Women
7509,Adidas,Printed polyester crew neck womens t-shirt - mauve,"Size:Large,Medium,Small,X-Large","Rs
3299",2309,30% off,Westernwear-Women
7510,And,Womens regular fit floral dress - red mix,Size:16,"Rs
2499",1249,50% off,Westernwear-Women
7511,Gipsy,Womens round neck solid top - yellow,"Size:Large,Medium,X-Large","Rs
1795",1256,30% off,Westernwear-Women
7512,Dolce crudo,Womens sing lullaby patched bomber jacket - navy,"Size:Medium,Small,X-Small","Rs
3499",1399,60% off,Westernwear-Women
7513,Faballey,Printed crepe round neck womens straight fit top - yellow,Size:Small,"Rs
1200",600,50% off,Westernwear-Women
7514,Dolce crudo,Womens regular fit festival love denim jeans white - white,"Size:28,30,32,34","Rs
2499",1249,50% off,Westernwear-Women
7515,Adidas,Solid round neck polyester womens t-shirt - blue,"Size:Large,Medium,Small,X-Large,X-Small","Rs
1799",1259,30% off,Westernwear-Women
7516,Faballey,Polka dots georgette square neck womens skirt and strappy top set - white,"Size:Large,Medium,Small,X-Large,X-Small","Rs
2700",2160,20% off,Westernwear-Women
7517,Gipsy,Striped cotton blend choker neck womens top - blue,Size:Small,Nan,1695,No Discount,Westernwear-Women
7518,Fratini,Embroidered viscose round neck womens regular fit top - white,"Size:Large,Medium,Small,X-Large,XX-Large","Rs
1299",649,50% off,Westernwear-Women
7519,Global desi,Floral 3/4 sleeves polyester women regular jumpsuits - sage,"Size:Large,Medium,Small,X-Small","Rs
2999",1949,35% off,Westernwear-Women
7520,Samshek,Solid one shoulder polyester womens bodycon dress - mustard,"Size:4X-Large,5X-Large,Large,Medium,Small,X-Large,X-Small,XX-Large,XX-Small,XXX-Large","Rs
2990",2093,30% off,Westernwear-Women
7521,Proline,Polyester cotton regular fit womens track pants - grey,"Size:Large,Medium,Small,X-Large","Rs
1499",1049,30% off,Westernwear-Women
7522,Faballey,Solid crepe halter neck womens dress - purple,"Size:Large,Medium,Small,X-Small","Rs
2400",1920,20% off,Westernwear-Women
7523,Sera,Womens regular fit solid high neck top - red,"Size:Medium,Small,X-Large","Rs
1094",547,50% off,Westernwear-Women
7524,Fratini,Solid regular neck viscose blend womens pullover - ecru,"Size:Large,Medium,Small,X-Large,X-Small","Rs
1499",749,50% off,Westernwear-Women
7525,Faballey,Solid fleece high neck womens sweatshirt - pink,"Size:Large,Small,X-Small","Rs
2200",1100,50% off,Westernwear-Women
7526,Cover story,Solid regular fit ponte womens casual wear trousers - black,"Size:26,28,30,32",Nan,1490,No Discount,Westernwear-Women
7527,Only,Printed cotton collar neck womens jacket - blue,"Size:34,36,38,40,42",Nan,4499,No Discount,Westernwear-Women
7528,Zink london,Womens printed shirt collar fit and flare maxi dress - yellow,"Size:Large,Medium,Small,X-Large,XX-Large","Rs
2999",1199,60% off,Westernwear-Women
7529,Is.u,Womens love white printed stripe sweatshirt - white,"Size:Large,Medium,Small,X-Small","Rs
1890",945,50% off,Westernwear-Women
7530,Sera,Printed polyester v-neck womens regular fit top - red,"Size:Large,X-Large","Rs
1294",517,60% off,Westernwear-Women
7531,Dolce crudo,Womens closeness matters high waist twill treggings - black,"Size:Large,Medium,Small,X-Small","Rs
2199",989,55% off,Westernwear-Women
7532,Faballey,Striped collared neck cotton womens pyjama set - pink,"Size:Medium,Small","Rs
2200",1100,50% off,Westernwear-Women
7533,Sera,Printed halter neck viscose womens fit and flare dress - coral,"Size:Large,Medium,Small,X-Large","Rs
1594",797,50% off,Westernwear-Women
7534,Van heusen,Womens regular fit solid cigarette trousers - black,Size:26,Nan,1799,No Discount,Westernwear-Women
7535,Van heusen,Polyester regular fit womens active wear capri pants - purple,"Size:Large,Medium,Small,X-Large",Nan,1029,No Discount,Westernwear-Women
7536,Emblaze,Embroidered viscose round neck womens straight top - pink,"Size:Large,Medium,Small,X-Large,X-Small,XX-Large",Nan,4000,No Discount,Westernwear-Women
7537,Vero moda,Cotton bootcut fit womens jeans - blue,"Size:26,27,28,29,30,31,32,33,34","Rs
4299",2579,40% off,Westernwear-Women
7538,Magre,Floral polyester blend sweetheart neck womens top - pink,"Size:Large,Medium,Small,X-Small","Rs
1890",850,55% off,Westernwear-Women
7539,Iti,Womens lace crop top - green,"Size:Large,Small",Nan,1499,No Discount,Westernwear-Women
7540,Emblaze,Womens slit sleeve shirt - white,"Size:Large,Medium,Small,X-Large,X-Small,XX-Large",Nan,2400,No Discount,Westernwear-Women
7541,Sera,Floral cotton round neck womens sweatshirt - grey,"Size:Large,Medium,Small,X-Large","Rs
1899",759,60% off,Westernwear-Women
7542,And,Solid skinny fit cotton womens trousers - light blue,"Size:26,28,30,32,34,36",Nan,2599,No Discount,Westernwear-Women
7543,Enamor,Solid polyester stretch slim fit womens athleisure t-shirt - denimex,"Size:XL,Large,Medium,Small","Rs
649",454,30% off,Westernwear-Women
7544,Global desi,Womens regular fit floral trousers - pink,"Size:Medium,Small","Rs
1299",519,60% off,Westernwear-Women
7545,Juniper,Printed mandarin cotton womens tiered dress - peach,"Size:5X-Large,X-Large","Rs
4099",1639,60% off,Westernwear-Women
7546,Zink london,Solid polyester round neck womens top - black,"Size:Large,Medium,Small,X-Large,X-Small","Rs
1599",959,40% off,Westernwear-Women
7547,Allen solly,Printed v-neck cotton womens sheath dress - yellow,"Size:Large,X-Large",Nan,2499,No Discount,Westernwear-Women
7548,Vero moda,Solid cotton round neck womens top - orange,"Size:Large,Medium,Small,X-Large,X-Small","Rs
2299",1149,50% off,Westernwear-Women
7549,Iti,Womens red cape sleeve dress - red,"Size:Large,Medium,Small",Nan,1699,No Discount,Westernwear-Women
7550,Jockey,Womens round neck slub t-shirt - red,Size:Error Size,Nan,439,No Discount,Westernwear-Women
7551,Is.u,Printed cotton sweetheart neck womens fit and flare top - blue,"Size:Large,Medium,Small,X-Large,X-Small,XX-Large","Rs
1890",945,50% off,Westernwear-Women
7552,And,Solid polyester round neck womens ethnic set - blue mix light,"Size:8,10,12,14,16,18","Rs
1899",1519,20% off,Westernwear-Women
7553,Dolce crudo,Womens east side�striped sleeve sweatshirt - navy,"Size:Large,Small,X-Small","Rs
1949",877,55% off,Westernwear-Women
7554,Faballey,Embellished georgette halter neck womens dress - blue,"Size:Large,Medium,Small,X-Large,X-Small","Rs
2600",2080,20% off,Westernwear-Women
7555,Vero moda,Solid cotton round neck womens dress - white,"Size:Large,Medium,Small,X-Large,X-Small","Rs
1999",1399,30% off,Westernwear-Women
7556,Insense,Solid regular neck cotton blend womens sweatshirt - pink,"Size:Large,Medium,Small,X-Large,X-Small","Rs
1299",649,50% off,Westernwear-Women
7557,Iti,Womens solid cape top - yellow,"Size:Large,Medium,Small,X-Large,X-Small",Nan,1799,No Discount,Westernwear-Women
7558,Enamor,Solid cotton lycra relaxed fit womens athleisure t-shirt - blue,"Size:XL,Large,Medium,Small,XX-Large",Nan,999,No Discount,Westernwear-Women
7559,Faballey,Solid pu collared womens cropped jacket - green,Size:Large,"Rs
3200",1600,50% off,Westernwear-Women
7560,Gipsy,Solid cotton v-neck womens tunic - green,"Size:Large,Medium,Small,X-Large,XX-Large",Nan,1995,No Discount,Westernwear-Women
7561,Crimsoune club,Womens slim fit printed dresses - black,"Size:Large,Medium,Small,X-Large","Rs
1999",1199,40% off,Westernwear-Women
7562,Crimsoune club,Womens slim fit printed top - blue,"Size:Large,Medium,Small,X-Large,XX-Large","Rs
1599",959,40% off,Westernwear-Women
7563,Crimsoune club,Womens navy blue solid shorts - navy,"Size:26,28,30,32,34,36","Rs
1499",1049,30% off,Westernwear-Women
7564,Fratini,Solid cotton round neck womens t-shirt - blue,"Size:Large,Medium,Small,X-Large,XX-Large",Nan,799,No Discount,Westernwear-Women
7565,Faballey,Aztec cotton spandex regular fit womens joggers - red,"Size:Medium,Small,X-Small","Rs
1600",800,50% off,Westernwear-Women
7566,Vero moda,Stripes round neck cotton womens knits knit top - purple,"Size:Large,Medium,Small,X-Large,X-Small","Rs
2299",1839,20% off,Westernwear-Women
7567,Zink london,Printed polyester square neck womens regular top - grey,"Size:Large,Medium,X-Small","Rs
1699",679,60% off,Westernwear-Women
7568,Vero moda,Solid cotton round neck womens t-shirt - pink,"Size:Large,Medium,Small,X-Large,X-Small","Rs
1999",1599,20% off,Westernwear-Women
7569,Global desi,Floral elasticated hem womens long length jumpsuit - mustard,"Size:Large,Medium,Small,X-Small","Rs
2999",1799,40% off,Westernwear-Women
7570,Emblaze,Solid scuba round neck womens top - blue,"Size:Large,Medium,Small,X-Large,X-Small,XX-Large",Nan,2400,No Discount,Westernwear-Women
7571,Faballey,Textured round neck polyester blend womens regular dresses - grey,"Size:Large,Medium,Small,X-Small","Rs
2400",1200,50% off,Westernwear-Women
7572,Crimsoune club,Stripes collared lyocell womens dresses - green,"Size:Large,Medium,X-Large","Rs
1799",1079,40% off,Westernwear-Women
7573,Vero moda,Solid polyester collar neck womens top - green,"Size:Large,Medium,Small,X-Large,X-Small",Nan,2599,No Discount,Westernwear-Women
7574,Life,Womens 2 pocket solid shorts - black,Size:26,"Rs
1099",399,64% off,Westernwear-Women
7575,Samshek,Solid crepe v neck womens party wear shirt - red,"Size:4X-Large,5X-Large,Large,Medium,Small,X-Large,X-Small,XX-Large,XX-Small,XXX-Large","Rs
2790",1953,30% off,Westernwear-Women
7576,Stop,Solid regular neck acrylic womens pullover - tan,"Size:Large,Medium,X-Large,XX-Large","Rs
1499",749,50% off,Westernwear-Women
7577,Gipsy,Stripes v-neck linen womens front open dress - khaki,Size:XX-Large,"Rs
2795",1956,30% off,Westernwear-Women
7578,Samshek,Solid v neck polyester womens bodycon dress - burgundy,"Size:4X-Large,5X-Large,Large,Medium,Small,X-Large,X-Small,XX-Large,XX-Small,XXX-Large","Rs
2980",2086,30% off,Westernwear-Women
7579,Samshek,Slim fit above knee crepe womens casual wear skirt - yellow,"Size:4X-Large,5X-Large,Large,Medium,Small,X-Large,X-Small,XX-Large,XX-Small,XXX-Large",Nan,1490,No Discount,Westernwear-Women
7580,Lovegen,Womens round neck printed top - peach,Size:Small,"Rs
999",399,60% off,Westernwear-Women
7581,Crimsoune club,Printed mandarin neck viscose womens casual shirt - multi,"Size:Large,Medium,X-Large","Rs
1499",899,40% off,Westernwear-Women
7582,Latin quarters,Solid acrylic high neck womens sweater - rust,"Size:S,L","Rs
2399",1199,50% off,Westernwear-Women
7583,Gipsy,Solid polyester round neck womens top - yellow,"Size:Large,Medium,X-Large,XX-Large",Nan,1495,No Discount,Westernwear-Women
7584,Alcis,Womens slim fit solid leggings - purple,"Size:Large,X-Large",Nan,1299,No Discount,Westernwear-Women
7585,Faballey,Printed georgette v neck womens regular top - brown,"Size:Large,Medium,Small,X-Large,X-Small","Rs
1400",1120,20% off,Westernwear-Women
7586,Stop,Womens round neck solid top - white,"Size:Medium,X-Large",Nan,399,No Discount,Westernwear-Women
7587,Samshek,Solid v neck georgette womens bodycon dress - black,"Size:4X-Large,5X-Large,Large,Medium,Small,X-Large,X-Small,XX-Large,XXX-Large",Nan,2399,No Discount,Westernwear-Women
7588,Dolce crudo,Womens girl next door round neck t-shirt - maroon,"Size:Large,Medium,Small,X-Large,X-Small","Rs
1049",419,60% off,Westernwear-Women
7589,Gipsy,Embellished v-neck cotton womens shirt style dress - pink,"Size:Large,Medium,Small,X-Large,X-Small",Nan,3295,No Discount,Westernwear-Women
7590,Global desi,Floral viscose v-neck womens straight tunic - pink,"Size:XL,Large,Medium,Small,X-Small","Rs
2199",1099,50% off,Westernwear-Women
7591,And,Solid round neck polyester womens fit & flare dress - black,"Size:8,10,12,14","Rs
2199",1099,50% off,Westernwear-Women
7592,Van heusen,Skinny fit ankle length nylon fleece womens leggings - black,"Size:Large,Medium,Small,X-Large",Nan,1399,No Discount,Westernwear-Women
7593,Kraus,Solid tencel tie up neck���� womens regular top - dark blue,"Size:Large,Medium","Rs
1299",909,30% off,Westernwear-Women
7594,Stop,Solid viscose regular fit womens top - mustard,"Size:Large,Medium,Small,X-Large,X-Small,XX-Large",Nan,1299,No Discount,Westernwear-Women
7595,Zink london,Printed rayon womens shift dress - green,"Size:Large,Medium,Small,X-Small","Rs
2299",919,60% off,Westernwear-Women
7596,Stop,Solid skinny fit polyester blend womens formal leggings - olive,"Size:28,30,32,34","Rs
999",499,50% off,Westernwear-Women
7597,Life,Solid cotton blend round neck womens regular fit tops - orange,"Size:Large,Medium,Small,X-Large,X-Small",Nan,1299,No Discount,Westernwear-Women
7598,Adidas,Solid round neck polyester womens sweatshirt - purple,"Size:Large,Medium,Small,X-Large","Rs
2999",2099,30% off,Westernwear-Women
7599,Global desi,Womens regular fit geometric tunic - mustard,"Size:Large,Medium,Small,X-Small","Rs
1599",639,60% off,Westernwear-Women
7600,Rare,Solid cotton v-neck womens regular fit top - mustard,Size:Large,"Rs
1499",524,65% off,Westernwear-Women
7601,Cover story,Solid polyester v-neck women regular women top - grey,"Size:Large,X-Small","Rs
2490",1245,50% off,Westernwear-Women
7602,Rare,Three quarter sleeves regular fit womens casual dress - black,"Size:Medium,Small","Rs
2999",1349,55% off,Westernwear-Women
7603,And,Geometric polyester square neck women regular top - blue mix light,"Size:8,12,18","Rs
1999",1399,30% off,Westernwear-Women
7604,Kraus,Solid cotton round neck women regular t-shirt - black,Size:Small,"Rs
1599",799,50% off,Westernwear-Women
7605,And,Solid tapered linen women work wear trouser - black,"Size:26,28,30,32,34,36",Nan,2199,No Discount,Westernwear-Women
7606,Iti,Womens overlapping grommet maxi - purple,Size:Small,Nan,2499,No Discount,Westernwear-Women
7607,Faballey,Solid short sleeves crepe womens maxi jumpsuit - maroon,Size:X-Large,"Rs
2200",1100,50% off,Westernwear-Women
7608,Zink london,Printed polyester round neck womens casual wear dresses - grey,Size:Large,"Rs
2299",919,60% off,Westernwear-Women
7609,Sera,Womens regular fit printed v neck blouson top - orange,Size:Medium,"Rs
1098",439,60% off,Westernwear-Women
7610,Indya,Regular fit full length georgette womens festive wear skirt - pink,Size:Small,"Rs
3500",1750,50% off,Westernwear-Women
7611,Fratini,Womens regular fit solid cardigan - maroon,Size:Small,"Rs
899",449,50% off,Westernwear-Women
7612,Crimsoune club,Solid cotton collared womens shirt - blue,"Size:Medium,Small","Rs
1599",959,40% off,Westernwear-Women
7613,Crimsoune club,Printed poly cotton y neck womens t-shirt - navy,"Size:Medium,Small","Rs
599",419,30% off,Westernwear-Women
7614,Latin quarters,Dyed round neck polyester womens regular dress - black,"Size:S,L,XL","Rs
2599",1299,50% off,Westernwear-Women
7615,Zink london,Womens regular fit solid round neck t-shirt - purple,Size:Large,"Rs
1199",399,67% off,Westernwear-Women
7616,Faballey,Stripes polyester scoop neck womens midi dress - black,"Size:Medium,Small","Rs
1800",900,50% off,Westernwear-Women
7617,109f,Womens floral print empire waist dress - grey,"Size:Medium,Small","Rs
2199",879,60% off,Westernwear-Women
7618,Kraus,Stripes cotton round neck womens t-shirt - off white,Size:X-Small,"Rs
999",499,50% off,Westernwear-Women
7619,Zink london,Solid polyester blend womens regular top - natural,Size:X-Small,"Rs
1699",679,60% off,Westernwear-Women
7620,Crimsoune club,Solid cotton collared womens shirt - red,"Size:X-Large,XX-Large","Rs
1199",839,30% off,Westernwear-Women
7621,Iti,Solid georgette v neck womens dress - pink,"Size:Medium,Small",Nan,2999,No Discount,Westernwear-Women
7622,Dolce crudo,Womens regular fit my birthday color block sweatshirt - multi,Size:X-Small,"Rs
1999",699,65% off,Westernwear-Women
7623,Fila,Cotton round neck womens tank - white,"Size:Large,Small",Nan,999,No Discount,Westernwear-Women
7624,Dolce crudo,Womens spoil me with loyality denim shrug - blue,Size:Small,"Rs
2399",959,60% off,Westernwear-Women
7625,Faballey,Solid v neck crepe womens straight fit midi dress - green,"Size:Large,X-Large","Rs
1950",975,50% off,Westernwear-Women
7626,Global desi,Floral viscose key hole neck women's top - coral,"Size:Medium,Small,X-Small","Rs
1499",899,40% off,Westernwear-Women
7627,Global desi,Striped cotton shirt collar womens curved top - multi,"Size:Medium,Small,X-Small","Rs
1899",949,50% off,Westernwear-Women
7628,Forever new,Solid viscose blend v neck womens top - green,"Size:Medium,Small,X-Small",Nan,3200,No Discount,Westernwear-Women
7629,Only,Solid polyester womens fit and flare top - purple,Size:42,"Rs
1999",999,50% off,Westernwear-Women
7630,Faballey,Solid viscose square neck womens shift dress - grey,Size:X-Large,"Rs
1800",900,50% off,Westernwear-Women
7631,Faballey,Floral round neck georgette womens flared dress - blue,"Size:Large,Small","Rs
1950",975,50% off,Westernwear-Women
7632,Latin quarters,Solid nylon round neck womens regular dress - black,Size:M,"Rs
2499",1749,30% off,Westernwear-Women
7633,Sera,Printed v-neck polyester womens fit and flare dress - burgundy,Size:Large,"Rs
1694",677,60% off,Westernwear-Women
7634,Dolce crudo,Womens game is over denim jacket - black,"Size:X-Large,X-Small","Rs
2999",1199,60% off,Westernwear-Women
7635,Sera,Womens regular fit solid round neck sweatshirt - burgundy,"Size:Large,X-Large","Rs
1899",759,60% off,Westernwear-Women
7636,Latin quarters,Printed round neck polyester womens regular dress - peach,Size:M,"Rs
2699",1349,50% off,Westernwear-Women
7637,And,Printed square neck polyester womens fit and flare dress - teal,Size:14,"Rs
2499",1999,20% off,Westernwear-Women
7638,Janasya,Printed collared neck cotton regular fit womens night suit - white,Size:Small,"Rs
2499",999,60% off,Westernwear-Women
7639,Is.u,Printed polyester womens regular fit top - blue,"Size:X-Large,X-Small,XX-Large","Rs
1890",945,50% off,Westernwear-Women
7640,And,Solid polyester v neck womens bodycon top - black,"Size:8,10,18","Rs
1399",979,30% off,Westernwear-Women
7641,Life,Womens 5 pocket rinse wash shorts - denim indigo dark,Size:26,Nan,1049,No Discount,Westernwear-Women
7642,Faballey,Solid collar neck polyester womens casual wear jacket - white,"Size:Medium,Small","Rs
2800",1400,50% off,Westernwear-Women
7643,Latin quarters,Solid shirt collar 100% cotton womens regular shirt dress - blue,Size:S,"Rs
2399",1199,50% off,Westernwear-Women
7644,Iti,Womens ruffle cape top - red,Size:X-Small,Nan,1799,No Discount,Westernwear-Women
7645,Only,Placement print cotton round neck womens t-shirt - black,Size:Small,"Rs
1999",1199,40% off,Westernwear-Women
7646,Crimsoune club,Womens slim fit printed shirt - blue,"Size:Large,X-Large","Rs
1299",779,40% off,Westernwear-Women
7647,Global desi,Womens regular fit solid tunic - coral,"Size:XL,Medium","Rs
2599",1039,60% off,Westernwear-Women
7648,Marie claire,Solid square neck polyester womens casual dress - green,Size:X-Small,"Rs
2190",1095,50% off,Westernwear-Women
7649,And,Floral polyester round neck women a line top - pink,"Size:8,10,12","Rs
2099",1364,35% off,Westernwear-Women
7650,Global desi,Womens regular fit geometric dress - blue,"Size:Large,X-Small","Rs
1999",799,60% off,Westernwear-Women
7651,Zink z,Textured polyester cotton round neck womens top - blue,"Size:Large,Medium,Small,X-Large,X-Small",Nan,1499,No Discount,Westernwear-Women
7652,Faballey,Solid polyester blend v neck womens straight fit top - blue,"Size:Large,Small,X-Large","Rs
1500",750,50% off,Westernwear-Women
7653,Samshek,Solid sleeveless polyester womens ankle length jumpsuit - maroon,"Size:4X-Large,5X-Large,Large,Medium,Small,X-Large,X-Small,XX-Large,XX-Small,XXX-Large","Rs
2890",2312,20% off,Westernwear-Women
7654,Dolce crudo,Solid v neck fleece and rib womens casual wear jacket - black,"Size:Large,Medium,Small,X-Large,X-Small","Rs
3199",1279,60% off,Westernwear-Women
7655,Kraus,Solid cotton square neck womens top - blue,"Size:Large,Medium,Small,X-Small","Rs
999",899,10% off,Westernwear-Women
7656,W,Solid rayon collar neck womens casual jacket - green,"Size:6,8,10,12,14,16,18",Nan,2999,No Discount,Westernwear-Women
7657,Is.u,Solid cotton round neck womens top - grey,"Size:Large,Medium,Small,X-Large,X-Small,XX-Large","Rs
1490",745,50% off,Westernwear-Women
7658,Campus sutra,Womens solid high neck jacket - charcoal,"Size:Large,Medium,Small,X-Large",Nan,2099,No Discount,Westernwear-Women
7659,Puma,Printed polyester round neck womens athleisure top - black,"Size:Large,Medium,Small,X-Large,X-Small","Rs
2799",1959,30% off,Westernwear-Women
7660,Puma,Printed polyester slim fit womens active wear tights - black,"Size:Large,Medium,Small,X-Large","Rs
3999",2799,30% off,Westernwear-Women
7661,Zink london,Printed viscose v neck womens top - green,"Size:Large,Medium,Small,X-Large,X-Small,XX-Large","Rs
1699",1019,40% off,Westernwear-Women
7662,De moza,Solid cotton regular fit womens joggers - lime green,"Size:Large,Medium,Small,X-Large,XX-Large",Nan,1499,No Discount,Westernwear-Women
7663,Adidas,Printed polyester round neck womens t-shirt - yellow,"Size:116,128,140,SIZE_152,SIZE_164",Nan,1599,No Discount,Westernwear-Women
7664,Is.u,Womens boat neck top - yellow,"Size:Large,Medium,Small","Rs
1999",999,50% off,Westernwear-Women
7665,Samshek,Solid cotton collar neck womens party wear shirt - white,"Size:4X-Large,5X-Large,Large,Medium,Small,X-Large,X-Small,XX-Large,XX-Small,XXX-Large","Rs
2520",2016,20% off,Westernwear-Women
7666,Zink london,Solid high neck cotton womens midi dress - yellow,"Size:Large,Medium,Small,X-Large","Rs
2499",1499,40% off,Westernwear-Women
7667,Adidas,Printed crew neck polyester womens t-shirt - blue,"Size:Large,Medium,Small,X-Large,X-Small","Rs
2299",1609,30% off,Westernwear-Women
7668,Samshek,Solid scoop neck crepe womens bodycon dress - white,"Size:4X-Large,5X-Large,Large,Medium,Small,X-Large,X-Small,XX-Large,XX-Small,XXX-Large",Nan,2500,No Discount,Westernwear-Women
7669,Faballey,Polka dots georgette round neck womens regular top - pink,"Size:4X-Large,X-Large,XX-Large,XXX-Large","Rs
1500",750,50% off,Westernwear-Women
7670,Faballey,Floral round neck georgette womens straight fit dress - pink,"Size:Large,Medium,X-Large,X-Small","Rs
2500",1250,50% off,Westernwear-Women
7671,Stop,Printed polyester regular neck womens top - peach,"Size:Large,Medium,Small,X-Large,X-Small,XX-Large",Nan,899,No Discount,Westernwear-Women
7672,Dolce crudo,Womens regular fit everyday spark skinny jeans navy blue - navy,"Size:26,28,30,32,34","Rs
2399",1199,50% off,Westernwear-Women
7673,Van heusen,Polyester stretch regular fit womens t-shirt - black,"Size:Large,Medium,Small,X-Large",Nan,899,No Discount,Westernwear-Women
7674,Samshek,Printed polyester v neck womens regular top - multi,"Size:4X-Large,5X-Large,Large,Medium,Small,X-Large,X-Small,XX-Large,XX-Small,XXX-Large",Nan,1890,No Discount,Westernwear-Women
7675,Puma,Polyester mid rise slim fit womens athleisure pants - black,"Size:Large,Medium,Small,X-Large,X-Small","Rs
2999",2099,30% off,Westernwear-Women
7676,Infuse,Embellished cotton crew neck womens regular fit t-shirt - royal blue,"Size:11-12 Y,13-14 Y,8-9 Y,9-10 Y","Rs
1199",599,50% off,Westernwear-Women
7677,Enamor,Solid cotton lycra relaxed fit womens athleisure t-shirt - ivory,"Size:XL,Large,Medium,Small,XX-Large",Nan,899,No Discount,Westernwear-Women
7678,Indya,Womens embroidered a-line tunic - blue,"Size:X-Large,X-Small,XX-Large","Rs
1850",925,50% off,Westernwear-Women
7679,Crimsoune club,Womens slim fit solid shirt - grey,"Size:Large,Medium,Small,X-Large,XX-Large","Rs
1199",839,30% off,Westernwear-Women
7680,Spykar,Stripes cotton blend round neck womens regular t-shirt - sky blue,"Size:Large,Medium,Small,X-Large,XX-Large","Rs
1299",909,30% off,Westernwear-Women
7681,Faballey,Textured lace sweetheart neck womens tops - white,"Size:Large,Medium,Small","Rs
1800",1440,20% off,Westernwear-Women
7682,Emblaze,Womens sea blue ruched cropped top - blue,"Size:Large,Medium,Small,X-Large,X-Small,XX-Large",Nan,2200,No Discount,Westernwear-Women
7683,Lovegen,Womens hooded neck printed sweatshirt - black,"Size:Large,Medium,X-Small","Rs
1599",1119,30% off,Westernwear-Women
7684,Enamor,Cotton womens activewear t-shirt - camel,"Size:XL,Large,Medium,Small",Nan,749,No Discount,Westernwear-Women
7685,Pepe,Color block cotton crew neck womens t-shirt - white,"Size:Large,Medium,Small,X-Large","Rs
1299",779,40% off,Westernwear-Women
7686,Samshek,Solid cotton collar neck womens party wear shirt - black,"Size:4X-Large,5X-Large,Large,Medium,Small,X-Large,X-Small,XX-Large,XX-Small,XXX-Large","Rs
1890",1701,10% off,Westernwear-Women
7687,Faballey,Solid cotton one shoulder womens regular fit top - blue,"Size:Large,Medium,Small,X-Large,X-Small","Rs
1500",750,50% off,Westernwear-Women
7688,Campus sutra,Womens long sleeves solid sweatshirt - mustard,"Size:Large,X-Large",Nan,1399,No Discount,Westernwear-Women
7689,Is.u,Stripes collared neck cotton womens fit and flare dress - white,"Size:Medium,Small","Rs
2199",1099,50% off,Westernwear-Women
7690,Adidas,Striped regular fit cotton womens tights - purple,"Size:128,140,SIZE_152,SIZE_164,SIZE_170",Nan,2499,No Discount,Westernwear-Women
7691,Global desi,Printed three quarter sleeves viscose womens regular jumpsuits - maroon,"Size:XL,Small","Rs
6499",4224,35% off,Westernwear-Women
7692,Allen solly,Printed cotton regular fit womens trousers - multi,"Size:26,28,30,32,34,36","Rs
1599",959,40% off,Westernwear-Women
7693,Allen solly,Solid polyester regular fit womens blazer - black,"Size:Large,Medium,Small,X-Large,X-Small,XX-Large","Rs
3999",3199,20% off,Westernwear-Women
7694,Crimsoune club,Womens slim fit solid shirt - red,"Size:Large,Medium,Small,X-Large,XX-Large,XXX-Large","Rs
1299",909,30% off,Westernwear-Women
7695,Magre,Solid velvet regular fit womens festive skirt - green,"Size:Large,Medium,Small,X-Small","Rs
1990",796,60% off,Westernwear-Women
7696,Emblaze,Womens black peplum top - black,"Size:Large,Medium,Small,X-Large,X-Small,XX-Large",Nan,2400,No Discount,Westernwear-Women
7697,Magre,Animal print polyester blend off shoulder womens dress - brown,"Size:Large,Medium,Small,X-Small","Rs
2490",1245,50% off,Westernwear-Women
7698,Magre,Solid satin regular fit womens festive skirt - blue,"Size:Large,Medium,Small,X-Small","Rs
1990",895,55% off,Westernwear-Women
7699,Enamor,Cotton womens active wear t-shirt - petal,"Size:XL,Large,Medium,Small,XX-Large",Nan,799,No Discount,Westernwear-Women
7700,Samshek,Solid satin off shoulder womens regular top - black,"Size:4X-Large,5X-Large,Large,Medium,Small,X-Large,X-Small,XX-Large,XXX-Large","Rs
2299",1839,20% off,Westernwear-Women
7701,Pepe,Checks modal viscose key hole neck womens top - green,"Size:Large,Medium,Small,X-Large","Rs
1799",1079,40% off,Westernwear-Women
7702,Faballey,Floral square neck satin womens midi dress - yellow,"Size:Large,Medium,Small,X-Small","Rs
2500",2000,20% off,Westernwear-Women
7703,Samshek,Solid sweetheart neck polyester womens regular dress - black,"Size:4X-Large,5X-Large,Large,Medium,Small,X-Large,X-Small,XX-Large,XX-Small,XXX-Large","Rs
2880",2016,30% off,Westernwear-Women
7704,109f,Womens round neck slub top - grey,"Size:X-Large,X-Small","Rs
1499",599,60% off,Westernwear-Women
7705,Stop,Womens textured knee length winter wear tunic - rust,"Size:Large,Medium,Small,X-Large,XX-Large","Rs
1499",749,50% off,Westernwear-Women
7706,Lovegen,Acid wash collared neck cotton womens casual wear jacket - light blue,"Size:Medium,X-Large,X-Small",Nan,2499,No Discount,Westernwear-Women
7707,Enamor,Cotton activewear womens track pants - denimex,"Size:XL,Large,Medium,Small",Nan,1599,No Discount,Westernwear-Women
7708,Faballey,Printed v neck georgette womens straight fit midi dress - yellow,"Size:Medium,Small,X-Small","Rs
2100",1050,50% off,Westernwear-Women
7709,Is.u,Womens front slit ruffle yellow top - yellow,"Size:Large,Medium,X-Large","Rs
1490",447,70% off,Westernwear-Women
7710,Is.u,Solid cotton round neck womens top - green,"Size:Large,Medium,Small,X-Large","Rs
990",495,50% off,Westernwear-Women
7711,Campus sutra,Womens knit regular fit dresses - navy,"Size:Medium,Small,X-Large",Nan,1399,No Discount,Westernwear-Women
7712,Levis,Solid cotton collar neck womens midi dress - dk indigo,"Size:Large,Medium,Small,X-Small",Nan,5999,No Discount,Westernwear-Women
7713,Faballey,Floral satin round neck womens top - blue,"Size:Large,Medium,Small,X-Large,X-Small","Rs
1400",1120,20% off,Westernwear-Women
7714,Dolce crudo,Womens wide awake denim skirt - navy,"Size:26,28,30,32,34","Rs
2699",1079,60% off,Westernwear-Women
7715,Enamor,Cotton blend fleece womens active wear track pants - light vintage,"Size:XL,Large,Medium,Small,XX-Large","Rs
1599",1119,30% off,Westernwear-Women
7716,Campus sutra,Solid regular cotton womens casual wear co-ordinate - rose,"Size:Large,Medium,Small,X-Large",Nan,1999,No Discount,Westernwear-Women
7717,Vero moda,Solid round neck cotton womens  dresses - brown,"Size:Large,Medium,Small,X-Small","Rs
3299",2639,20% off,Westernwear-Women
7718,Iti,Solid georgette v neck womens dress - maroon,"Size:Large,Medium,Small,X-Large,X-Small",Nan,3499,No Discount,Westernwear-Women
7719,109f,Womens round neck lace top - pink,Size:X-Large,"Rs
1799",719,60% off,Westernwear-Women
7720,Campus sutra,Solid crepe off shoulder womens dress - pink,"Size:Large,Medium,Small,X-Large",Nan,1999,No Discount,Westernwear-Women
7721,Crimsoune club,Stripes polyester round neck womens co-ordinates - black,"Size:Large,Medium,X-Large,XX-Large","Rs
3799",1899,50% off,Westernwear-Women
7722,Samshek,Solid off shoulder satin womens regular dress - white,"Size:4X-Large,5X-Large,Large,Medium,Small,X-Large,X-Small,XX-Large,XXX-Large","Rs
3190",2233,30% off,Westernwear-Women
7723,Vero moda,Solid cotton blend round neck womens t-shirt - blue,"Size:Medium,Small,X-Small","Rs
1799",899,50% off,Westernwear-Women
7724,Jockey,Womens solid thermal pants - black,"Size:Large,Medium,Small",Nan,949,No Discount,Westernwear-Women
7725,Campus sutra,Stripes cotton hooded womens top - pink,"Size:Medium,Small,X-Large",Nan,1049,No Discount,Westernwear-Women
7726,Faballey,Floral georgette high neck womens blouse - blue,"Size:Large,Medium,Small,X-Large,X-Small","Rs
1400",1120,20% off,Westernwear-Women
7727,Samshek,Printed cowl neck satin womens bodycon dress - multi,"Size:4X-Large,5X-Large,Large,Medium,Small,X-Large,X-Small,XX-Large,XX-Small,XXX-Large","Rs
2190",1752,20% off,Westernwear-Women
7728,Faballey,Solid round neck cotton womens regular dress - blue,"Size:Large,Medium,Small,X-Large,X-Small","Rs
2200",1760,20% off,Westernwear-Women
7729,Emblaze,Womens pink & black pinafore dress with top - pink,"Size:Large,Medium,Small,X-Large,X-Small,XX-Large",Nan,2600,No Discount,Westernwear-Women
7730,And,Solid v-neck cotton womens straight top - pink,"Size:6,8,10,12,14,16",Nan,1699,No Discount,Westernwear-Women
7731,Zink london,Printed polyester round neck womens top - off white,"Size:Large,Medium,Small,X-Large,X-Small,XX-Large","Rs
1399",839,40% off,Westernwear-Women
7732,Fratini,Printed cotton blend round neck womens top - multi,"Size:Large,Medium,Small,X-Large,XX-Large",Nan,1599,No Discount,Westernwear-Women
7733,Puma,Printed cotton round neck womens athleisure top - white,"Size:Large,Medium,Small,X-Large,X-Small","Rs
1999",1399,30% off,Westernwear-Women
7734,Crimsoune club,Slim mid thigh cotton womens casual wear shorts - blue,"Size:26,28,30,32,34","Rs
1199",479,60% off,Westernwear-Women
7735,Emblaze,Solid viscose round neck womens top - olive,"Size:Large,Medium,Small,X-Large,X-Small,XX-Large",Nan,2200,No Discount,Westernwear-Women
7736,Global desi,Striped shirt collar womens top - light blue,"Size:XL,Large,Medium,Small,X-Small","Rs
1899",949,50% off,Westernwear-Women
7737,Dolce crudo,Womens regular fit back to you denim pant brown - brown,"Size:26,28,30,32,34","Rs
2899",1304,55% off,Westernwear-Women
7738,Adidas,Solid polyester round neck womens t-shirt - black,Size:Medium,"Rs
1499",1049,30% off,Westernwear-Women
7739,Miss chase,Solid half sleeves poly moss crepe womens regular length jumpsuits - purple,"Size:Large,Medium,Small,X-Large,X-Small",Nan,2099,No Discount,Westernwear-Women
7740,Kraus,Womens strappy neck check top - red,"Size:Large,Medium,Small","Rs
1199",599,50% off,Westernwear-Women
7741,Miss chase,Solid round neck rayon womens regular fit dress - navy,"Size:Large,Medium,Small,X-Large,X-Small",Nan,1999,No Discount,Westernwear-Women
7742,Kraus,Solid cotton collared neck womens regular fit shirt - light blue,Size:X-Large,"Rs
1399",699,50% off,Westernwear-Women
7743,Crimsoune club,Solid hood poly cotton womens sweatshirt - green,Size:Medium,"Rs
1699",849,50% off,Westernwear-Women
7744,Biba,Printed polyester straight fit womens jacket - wine,Size:36,Nan,2599,No Discount,Westernwear-Women
7745,Global desi,Solid polyester womens festive wear shrug - off white,"Size:XL,Large,Small","Rs
2199",1539,30% off,Westernwear-Women
7746,Crimsoune club,Womens super skinny fit solid jeans - blue,"Size:32,34,36","Rs
1999",799,60% off,Westernwear-Women
7747,Iti,Womens ruffle feather top - red,Size:X-Small,Nan,1899,No Discount,Westernwear-Women
7748,Is.u,Womens blue crop top - blue,"Size:Large,X-Large,XX-Large","Rs
1890",945,50% off,Westernwear-Women
7749,Is.u,Regular fit mini length cotton womens casual skirt - pink,Size:XX-Large,"Rs
2190",1095,50% off,Westernwear-Women
7750,Lovegen,Skinny fit ankle length cottonwomens jeans - light blue,"Size:32,34","Rs
1999",1199,40% off,Westernwear-Women
7751,Sera,Regular fit above knee polyester womens casual shorts - black,Size:X-Large,"Rs
1294",517,60% off,Westernwear-Women
7752,Zink london,Solid open front acrylic womens casual shrug - grey,Size:Small,"Rs
2299",919,60% off,Westernwear-Women
7753,Faballey,Textured cotton round neck womens bodycon dress - black,Size:Small,"Rs
1700",850,50% off,Westernwear-Women
7754,Kraus,Skinny fit ankle length cotton womens jeans - light blue,Size:28,"Rs
1895",947,50% off,Westernwear-Women
7755,And,Stripes regular fit rayon womens clothing set - blue,"Size:10,12,14","Rs
3199",2079,35% off,Westernwear-Women
7756,Enamor,Cotton womens shop in culotte - super stone dustered,"Size:Medium,Small",Nan,999,No Discount,Westernwear-Women
7757,Magre,Solid polyester blend regular fit womens casual pants - blue,"Size:Small,X-Small","Rs
2490",1494,40% off,Westernwear-Women
7758,Zink london,Womens structure square neck a-line shift dress - peach,"Size:Large,X-Large,XX-Large","Rs
2399",999,58% off,Westernwear-Women
7759,Madame,Straight fit ankle length denim womens jeans - indigo,Size:36,"Rs
2899",1739,40% off,Westernwear-Women
7760,Faballey,Solid crepe v neck womens mini dress - purple,"Size:Large,Medium,Small,X-Small","Rs
1800",900,50% off,Westernwear-Women
7761,Latin quarters,Solid polyester round neck womens regular top - blue,Size:X-Small,"Rs
1399",699,50% off,Westernwear-Women
7762,Enamor,Cotton blend womens active wear track pants - dusty rose,"Size:XL,Large,Medium,Small,XX-Large","Rs
1699",1189,30% off,Westernwear-Women
7763,Dolce crudo,Womens heart of the sea denim jacket - blue,Size:X-Small,"Rs
2949",1179,60% off,Westernwear-Women
7764,Forever new,Solid slim fit cotton womens casual wear pants - black,"Size:6,8,10",Nan,3800,No Discount,Westernwear-Women
7765,Crimsoune club,Womens slim fit checks shirt - green,Size:Medium,"Rs
1399",699,50% off,Westernwear-Women
7766,Vero moda,Cotton straight fit womens jeans - natural,"Size:26,28,29,30","Rs
3799",3039,20% off,Westernwear-Women
7767,Kraus,Womens printed top - shocking pink,Size:Large,"Rs
1199",599,50% off,Westernwear-Women
7768,Enamor,Solid cotton lycra slim fit womens track pants - aubergine,Size:Medium,"Rs
1099",769,30% off,Westernwear-Women
7769,Sera,Womens regular fit printed round neck sweatshirt - grey,"Size:Large,Medium,Small,X-Large","Rs
1899",759,60% off,Westernwear-Women
7770,Faballey,Solid polyester blend regular fit womens jeggings - black,Size:Medium,"Rs
1950",975,50% off,Westernwear-Women
7771,Latin quarters,Dyed peter pan collar rayon womens casual shirt - red,"Size:S,X-Small","Rs
1399",699,50% off,Westernwear-Women
7772,Iti,Womens floral embroidered top - black,Size:Small,Nan,2299,No Discount,Westernwear-Women
7773,And,Floral round neck polyester womens flared dress - sage,"Size:8,14,16","Rs
2499",1999,20% off,Westernwear-Women
7774,Faballey,Floral viscose square neck womens tiered dress - natural,Size:Small,"Rs
1950",975,50% off,Westernwear-Women
7775,Crimsoune club,Womens white printed set co-ord - white,"Size:Large,Medium,X-Large","Rs
3199",1599,50% off,Westernwear-Women
7776,And,Solid round neck polyester womens shift dress - navy,"Size:14,16","Rs
2499",1249,50% off,Westernwear-Women
7777,And,Solid round neck viscose women a line dress - blue mix light,"Size:14,16,18","Rs
2699",1889,30% off,Westernwear-Women
7778,Latin quarters,Printed round neck polyester womens regular fit dress - yellow,"Size:S,L","Rs
2799",1959,30% off,Westernwear-Women
7779,Latin quarters,Dyed collar neck rayon womens regular blouse - rust,"Size:S,M,X-Small","Rs
1299",499,62% off,Westernwear-Women
7780,Latin quarters,Solid cotton collar neck womens casual jacket - navy,"Size:S,M,L,XL","Rs
3299",2309,30% off,Westernwear-Women
7781,Latin quarters,Solid rayon blend round neck womens regular top - pink,"Size:M,L","Rs
2299",1149,50% off,Westernwear-Women
7782,Reebok,Printed cotton round neck womens t-shirt - yellow,Size:X-Small,"Rs
1299",649,50% off,Westernwear-Women
7783,Cover story,Solid round neck polyester women shift women dress - navy,"Size:Small,X-Small","Rs
2490",1494,40% off,Westernwear-Women
7784,Is.u,Womens sweetheart neck printed crop top - white,Size:XX-Large,"Rs
1890",945,50% off,Westernwear-Women
7785,Rare,Sleeveless regular fit womens casual top - maroon,Size:X-Large,"Rs
1399",629,55% off,Westernwear-Women
7786,Miss chase,Floral premium polyknit square neck womens slim fit dress - multi,"Size:Large,Small",Nan,2995,No Discount,Westernwear-Women
7787,Madame,Womens v neck floral printed skater dress - aqua,"Size:Large,Medium,XX-Large","Rs
2599",1299,50% off,Westernwear-Women
7788,Alcis,Womens solid t-shirt - sky blue,Size:X-Large,Nan,999,No Discount,Westernwear-Women
7789,Samshek,Solid polyester square neck womens bodysuit - black,"Size:4X-Large,5X-Large,Large,Medium,Small,X-Large,X-Small,XX-Large,XX-Small,XXX-Large",Nan,1590,No Discount,Westernwear-Women
7790,Sera,Womens regular fit solid round neck sweatshirt - grey melange,"Size:Large,Medium,X-Large","Rs
1899",759,60% off,Westernwear-Women
7791,Allen solly,Womens collared printed shirt tunic - peach,Size:Large,"Rs
1799",1079,40% off,Westernwear-Women
7792,Reebok,Slim fit polyester womens tights - purple,"Size:Large,Medium,Small,X-Large,X-Small","Rs
2499",1249,50% off,Westernwear-Women
7793,Kraus,Solid tencel collar neck womens casual wear shirt - light blue,"Size:Medium,Small","Rs
1499",1049,30% off,Westernwear-Women
7794,And,Solid cotton straight fit womens trousers - charcoal,"Size:26,28,30,32,34,36",Nan,2699,No Discount,Westernwear-Women
7795,Proline,Polyester cotton regular fit womens track pants - blue,"Size:Large,Medium,Small,X-Large","Rs
1499",1049,30% off,Westernwear-Women
7796,Dolce crudo,Womens regular fit do it twice denim jeans black - black,"Size:26,28,30,32,34","Rs
2399",1079,55% off,Westernwear-Women
7797,Jealous 21,Solid round neck cotton womens regular top - mint,"Size:Large,Medium,Small,X-Large",Nan,1099,No Discount,Westernwear-Women
7798,Enamor,Polyester stretch skinny fit womens track pants - 106_multi,"Size:XL,Large,Medium,Small",Nan,1799,No Discount,Westernwear-Women
7799,Van heusen,Poly blend regular fit womens active wear leggings - light mauve,"Size:Large,Medium,Small,X-Large",Nan,1249,No Discount,Westernwear-Women
7800,And,Floral polyester round neck womens woven top - multi,Size:10,"Rs
4699",3289,30% off,Westernwear-Women
7801,Dolce crudo,Womens regular fit ruff edges midrise jeans blue - blue,"Size:26,28,32,34","Rs
2199",989,55% off,Westernwear-Women
7802,Kraus,Stripes cotton square neck womens top - black & white,"Size:Large,Medium,Small,X-Small","Rs
999",899,10% off,Westernwear-Women
7803,Vero moda,Clean look cotton slim fit womens jeans - white,"Size:26,27,28,29,30,31,32,33,34","Rs
3999",3199,20% off,Westernwear-Women
7804,Faballey,Floral georgette round neck womens skater dress - blue,Size:Small,"Rs
2200",1100,50% off,Westernwear-Women
7805,And,Floral round neck linen womens fit and flare dress - blue mix light,"Size:10,12","Rs
2099",1469,30% off,Westernwear-Women
7806,Enamor,Solid cotton lycra slim fit womens track pants - pista green,"Size:XL,Large,Medium,Small,XX-Large","Rs
1049",734,30% off,Westernwear-Women
7807,109f,Womens round neck solid top - natural,"Size:Large,X-Large","Rs
1199",479,60% off,Westernwear-Women
7808,Kraus,Regular fit regular womens jeans - mid blue,Size:28,"Rs
1895",947,50% off,Westernwear-Women
7809,Emblaze,Solid viscose collar neck womens regular top - white,"Size:Large,Medium,Small,X-Large,X-Small,XX-Large",Nan,3000,No Discount,Westernwear-Women
7810,Global desi,Womens off shoulder straight fit top - white,Size:X-Small,"Rs
2499",999,60% off,Westernwear-Women
7811,Sera,Floral sweetheart neck polyester womens a-line dress - blue,"Size:Large,Medium,Small,X-Large","Rs
1998",999,50% off,Westernwear-Women
7812,Vero moda,Solid u neck cotton polyester womens t-shirt - grey,"Size:Large,Small,X-Small","Rs
1299",779,40% off,Westernwear-Women
7813,Crimsoune club,Printed y neck lyocell womens dresses - white,Size:X-Large,"Rs
1699",1529,10% off,Westernwear-Women
7814,Faballey,Printed crepe tie up neck womens peplum top - black,"Size:Large,Medium","Rs
1500",750,50% off,Westernwear-Women
7815,Faballey,Floral lace high neck womens top - pink,"Size:Large,Medium,Small,X-Large,X-Small","Rs
1600",1280,20% off,Westernwear-Women
7816,Sera,Solid regular fit polyester womens fusion pants - black,"Size:Large,Medium,Small,X-Large","Rs
1894",852,55% off,Westernwear-Women
7817,Gipsy,Solid polyester round neck womens top - navy,"Size:Large,Medium,X-Large,XX-Large","Rs
1695",678,60% off,Westernwear-Women
7818,Sera,Womens regular fit printed off shoulder tiered top - navy,"Size:Large,Medium,Small,X-Large","Rs
1149",459,60% off,Westernwear-Women
7819,Iti,Womens embellished cape dress - green,"Size:Medium,X-Small",Nan,1899,No Discount,Westernwear-Women
7820,Faballey,Floral viscose collared womens shirt dress - blue,"Size:Medium,Small","Rs
1800",900,50% off,Westernwear-Women
7821,Kraus,Solid tencel collar neck womens casual shirt - blue,"Size:Large,Medium,Small,X-Small","Rs
1499",1049,30% off,Westernwear-Women
7822,Faballey,Polka dots round neck georgette womens regular dresses - blue,"Size:Large,Medium,Small","Rs
2100",1680,20% off,Westernwear-Women
7823,Crimsoune club,Womens orange printed jumpsuit - peach,"Size:Large,X-Large,XX-Large","Rs
1999",999,50% off,Westernwear-Women
7824,Vero moda,Solid polyester collar neck womens top - blue,"Size:Large,Medium,Small,X-Large,X-Small",Nan,2599,No Discount,Westernwear-Women
7825,De moza,Skinny fit regular length cotton womens jeggings - black,"Size:Large,Medium,Small,X-Large,XX-Large",Nan,999,No Discount,Westernwear-Women
7826,Iti,Womens teal blue embellished assymetrical top - blue,"Size:Large,Medium,Small,X-Large,X-Small",Nan,1499,No Discount,Westernwear-Women
7827,Faballey,Solid cotton round neck womens midi dress - grey,"Size:Small,X-Small","Rs
2400",1200,50% off,Westernwear-Women
7828,Janasya,Printed collared neck cotton regular fit womens night suit - off white,"Size:Large,Medium,Small,X-Large,X-Small,XX-Large,XXX-Large","Rs
2499",999,60% off,Westernwear-Women
7829,Van heusen,Printed polyester asymmetric womens top - white,"Size:Large,Medium,Small,X-Large,X-Small",Nan,1499,No Discount,Westernwear-Women
7830,Global desi,Striped cotton mandarin collar womens straight top - yellow,Size:X-Small,"Rs
1599",959,40% off,Westernwear-Women
7831,Samshek,Regular fit above knee satin womens casual wear skirt - multi,"Size:4X-Large,5X-Large,Large,Medium,Small,X-Large,X-Small,XX-Large,XX-Small,XXX-Large",Nan,1400,No Discount,Westernwear-Women
7832,Vero moda,Solid cotton boat neck womens t-shirt - green,"Size:Large,Medium,Small,X-Large,X-Small","Rs
2299",1609,30% off,Westernwear-Women
7833,Allen solly,Womens skinny fit mild distressed jeans - navy,Size:26,"Rs
2199",1319,40% off,Westernwear-Women
7834,Dolce crudo,Womens breakaway denim skirt - blue,"Size:26,28,30,32,34","Rs
2799",1119,60% off,Westernwear-Women
7835,Kraus,Clean look cotton blend skinny fit womens jeans - light blue,"Size:28,30,32,34,36,38","Rs
1995",1795,10% off,Westernwear-Women
7836,Faballey,Floral v neck georgette womens regular dresses - yellow,"Size:X-Large,XX-Large","Rs
2800",1400,50% off,Westernwear-Women
7837,Iti,Womens pink ruffle top - pink,"Size:Large,Medium",Nan,1899,No Discount,Westernwear-Women
7838,Vero moda,Solid cotton square neck womens top - orange,"Size:Large,Medium,Small,X-Large,X-Small","Rs
2299",1149,50% off,Westernwear-Women
7839,Stop,Textured open neck acrylic womens shrugs - mustard,"Size:Large,Medium,Small,X-Large,XX-Large","Rs
2199",1099,50% off,Westernwear-Women
7840,Samshek,Solid sweetheart neck polyester womens regular dress - magenta,"Size:4X-Large,5X-Large,Large,Medium,Small,X-Large,X-Small,XX-Large,XXX-Large","Rs
2880",2016,30% off,Westernwear-Women
7841,Is.u,Printed cotton sweetheart neck womens fit and flare top - multi,Size:Large,"Rs
2190",657,70% off,Westernwear-Women
7842,Mystere paris,Womens stylish maternity skirt - maroon,"Size:Medium,X-Large","Rs
799",479,40% off,Westernwear-Women
7843,Campus sutra,Womens round neck half sleeves top - green,"Size:Large,Medium,Small,X-Large",Nan,799,No Discount,Westernwear-Women
7844,Kraus,Skinny fit cropped cotton blend womens jeans - blue,Size:28,"Rs
1795",897,50% off,Westernwear-Women
7845,Crimsoune club,Printed lyocell y neck womens top - black,"Size:Large,Medium,Small,X-Large","Rs
1399",839,40% off,Westernwear-Women
7846,Global desi,Geometric shirt collar womens top - pink,"Size:XL,Large,Medium,Small,X-Small","Rs
1799",899,50% off,Westernwear-Women
7847,Faballey,Floral georgette square neck womens crop top - blue,"Size:Large,Medium,Small,X-Large","Rs
1600",800,50% off,Westernwear-Women
7848,Faballey,Floral square neck georgette womens longline dress - maroon,Size:X-Small,"Rs
2800",1400,50% off,Westernwear-Women
7849,De moza,Skinny fit regular length cotton womens jeggings - black,"Size:Large,Medium,Small",Nan,1299,No Discount,Westernwear-Women
7850,Only,Solid viscose v neck womens t-shirt - blue,"Size:Large,Medium,Small,X-Large,X-Small","Rs
1299",909,30% off,Westernwear-Women
7851,Faballey,Stripes collar neck polyester womens mini dress - black,"Size:Large,Medium,Small,X-Large,X-Small","Rs
1950",1560,20% off,Westernwear-Women
7852,Rukootina,Solid tie up neck blended womens cardigan - black,Size:Medium,Nan,2995,No Discount,Westernwear-Women
7853,Spykar,Super skinny fit regular length cotton womens jeans - dark blue,Size:26,"Rs
2299",1609,30% off,Westernwear-Women
7854,Life,Solid cotton womens regular fit top - indigo,"Size:Large,Medium,Small,X-Large,X-Small","Rs
1299",649,50% off,Westernwear-Women
7855,And,Solid tapered rayon women fusion wear trouser - natural,"Size:26,30,32","Rs
2499",1999,20% off,Westernwear-Women
7856,Dolce crudo,Solid v neck fleece and rib womens casual wear jacket - maroon,"Size:Large,Medium,Small,X-Large","Rs
2899",1159,60% off,Westernwear-Women
7857,Kraus,Solid viscose round neck womens t-shirt - red,Size:Small,"Rs
1049",524,50% off,Westernwear-Women
7858,Kraus,Solid cotton slim womens casual shorts - light blue,"Size:28,30,32,34","Rs
1295",1165,10% off,Westernwear-Women
7859,And,Solid polyester v-neck womens shift top - pink,Size:8,"Rs
1699",1189,30% off,Westernwear-Women
7860,Life,Regular fit ankle length polyester blend womens athleisure tracks - navy,"Size:28,30,32,34,36","Rs
1199",599,50% off,Westernwear-Women
7861,Emblaze,Womens overside top with puff sleeve - black,"Size:Large,Medium,Small,X-Large,X-Small,XX-Large",Nan,2200,No Discount,Westernwear-Women
7862,Rare,Solid polyester mandarin womens jacket - sea green,"Size:Large,Medium,X-Large","Rs
3899",1559,60% off,Westernwear-Women
7863,Sera,Womens regular fit printed boat neck peplum top - peach,"Size:Large,Small","Rs
1294",517,60% off,Westernwear-Women
7864,Faballey,Checks georgette womens regular top - yellow,"Size:Medium,X-Large","Rs
1500",750,50% off,Westernwear-Women
7865,Samshek,Solid cotton round neck womens regular top - white,"Size:4X-Large,5X-Large,Large,Medium,Small,X-Large,X-Small,XX-Large,XX-Small,XXX-Large",Nan,1790,No Discount,Westernwear-Women
7866,Emblaze,Womens black top with fur sleeve - black,"Size:Large,Medium,Small,X-Large,X-Small,XX-Large",Nan,2200,No Discount,Westernwear-Women
7867,Dolce crudo,Solid regular sleeves polyester womens regular length jumpsuit - black,"Size:Large,Medium,Small,X-Small","Rs
2649",1192,55% off,Westernwear-Women
7868,And,Floral square neck linen womens straight dress - white,"Size:6,8,10,12,14,16","Rs
2699",2159,20% off,Westernwear-Women
7869,Enamor,Solid cotton lycra slim fit womens track pants - berry,"Size:XL,Large,Medium,Small,XX-Large","Rs
1049",734,30% off,Westernwear-Women
7870,Faballey,Checks sleeveless georgette womens regular length jumpsuit - pink,"Size:Large,Medium,Small,X-Large","Rs
2200",1100,50% off,Westernwear-Women
7871,Gipsy,Solid polyester round neck womens top - mustard,"Size:Large,Medium,Small,X-Large,XX-Large",Nan,1795,No Discount,Westernwear-Women
7872,Crimsoune club,Womens blue solid shorts - blue,Size:28,"Rs
1699",1019,40% off,Westernwear-Women
7873,And,Solid tapered fit linen womens trousers - navy,"Size:28,32,34,36",Nan,2199,No Discount,Westernwear-Women
7874,Reebok,Solid cotton round neck womens t-shirt - black,"Size:Large,Medium,Small,X-Large","Rs
1499",749,50% off,Westernwear-Women
7875,Levis,Solid hood cotton womens casual jacket - pink,"Size:Large,Medium,Small,X-Small",Nan,4599,No Discount,Westernwear-Women
7876,Kraus,Checks rayon collar neck womens casual shirt - navy,"Size:Large,Medium,Small,X-Small","Rs
1199",1079,10% off,Westernwear-Women
7877,Global desi,Jacquard nylon collar neck womens casual jacket - grey,"Size:XL,Small,X-Small,XX-Large","Rs
5499",2749,50% off,Westernwear-Women
7878,Iti,Solid crepe womens casual jacket - purple,"Size:Large,Medium,Small,X-Small",Nan,3299,No Discount,Westernwear-Women
7879,Forever new,Printed polyester v neck womens regular dress - print,"Size:6,8,10","Rs
6800",4420,35% off,Westernwear-Women
7880,Indya,Embroidered georgette scoop neck womens regular top - purple,"Size:Large,Medium,Small,X-Small","Rs
2200",1100,50% off,Westernwear-Women
7881,Global desi,Geometric shirt collar womens top - off white,"Size:XL,Large,Medium,Small,X-Small","Rs
1799",1079,40% off,Westernwear-Women
7882,Emblaze,Solid round neck viscose womens dress - brown,"Size:Large,Medium,Small,X-Large,X-Small,XX-Large",Nan,2200,No Discount,Westernwear-Women
7883,Gipsy,Womens tie up neck embroidered top - olive,"Size:Medium,Small,X-Large",Nan,1795,No Discount,Westernwear-Women
7884,Only,Solid polyester viscose neck womens top - green,"Size:Medium,Small,X-Large,X-Small","Rs
2299",1609,30% off,Westernwear-Women
7885,Crimsoune club,Womens slim fit printed shirt - black,"Size:Large,X-Large","Rs
1299",909,30% off,Westernwear-Women
7886,Crimsoune club,Printed lyocell round neck womens top - red,"Size:Large,Medium","Rs
1399",839,40% off,Westernwear-Women
7887,Juniper,Solid slim fit rayon womens casual trousers - black,"Size:4X-Large,5X-Large,X-Large,XXX-Large","Rs
1899",759,60% off,Westernwear-Women
7888,Enamor,Cotton blend compression fit womens active wear track pants - orange mix,"Size:XL,Large,Medium,Small,XX-Large",Nan,1399,No Discount,Westernwear-Women
7889,Magre,Floral polyester blend v neck womens dress - green,"Size:Medium,Small,X-Small","Rs
3590",1615,55% off,Westernwear-Women
7890,Faballey,Floral round neck crepe womens regular top - pink,Size:Small,"Rs
1400",700,50% off,Westernwear-Women
7891,109f,Womens embroidered casual shirt - cream,"Size:X-Large,XX-Large","Rs
1499",599,60% off,Westernwear-Women
7892,Campus sutra,Womens round neck full sleeve top - maroon,"Size:Large,Medium,Small,X-Large",Nan,799,No Discount,Westernwear-Women
7893,Lovegen,Skinny fit ankle length cotton polyesterwomens jeans - white,Size:X-Large,"Rs
1899",1139,40% off,Westernwear-Women
7894,Crimsoune club,Womens super skinny fit solid jeans - blue,"Size:26,34,36","Rs
2199",1099,50% off,Westernwear-Women
7895,Proline,Cotton round neck womens t-shirt - blue,"Size:Large,Small,X-Large","Rs
999",499,50% off,Westernwear-Women
7896,Puma,Polyester mid rise tight fit womens athleisure tights - black,"Size:Large,Medium,Small,X-Large,X-Small",Nan,3999,No Discount,Westernwear-Women
7897,Dolce crudo,Womens in the warzone denim jacket - light blue,"Size:Large,Medium,Small,X-Small","Rs
3499",1749,50% off,Westernwear-Women
7898,Samshek,Solid v neck polyester womens bodycon dress - black,"Size:4X-Large,5X-Large,Large,Medium,Small,X-Large,X-Small,XX-Large,XX-Small,XXX-Large","Rs
2990",2392,20% off,Westernwear-Women
7899,Levis,Solid cotton regular womens t-shirt - pink,"Size:Large,Medium,Small,X-Small",Nan,2599,No Discount,Westernwear-Women
7900,Adidas,Solid polyester fitted womens casual tights - grey,"Size:Large,Medium,Small,X-Large,X-Small","Rs
4299",3009,30% off,Westernwear-Women
7901,Faballey,Solid polyester mandarin womens casual jacket - blue,Size:Small,"Rs
2800",1400,50% off,Westernwear-Women
7902,Iti,Solid georgette v neck womens dress - red,"Size:Large,Medium,Small,X-Large,X-Small",Nan,3499,No Discount,Westernwear-Women
7903,Faballey,Floral cotton v neck womens tops - yellow,"Size:4X-Large,XX-Large,XXX-Large","Rs
1500",1200,20% off,Westernwear-Women
7904,Faballey,Floral v neck viscose womens midi dress - blue,Size:X-Large,"Rs
2400",1200,50% off,Westernwear-Women
7905,Magre,Animal print polyester blend square neck womens dress - white,"Size:Large,Medium,Small,X-Small","Rs
3490",1919,45% off,Westernwear-Women
7906,And,Floral linen round neck womens flared dress - pink,"Size:6,8,10,12,14,16","Rs
2699",2159,20% off,Westernwear-Women
7907,Is.u,Womens pink high neck top - pink,"Size:Large,Medium,Small,X-Large,X-Small,XX-Large","Rs
2190",1095,50% off,Westernwear-Women
7908,Vero moda,Textured shoulder strap viscose womens top - pink,"Size:Large,Medium,Small,X-Large,X-Small","Rs
1899",949,50% off,Westernwear-Women
7909,Faballey,Stripes georgette halter neck womens top - black,"Size:Large,Medium,Small,X-Large,X-Small","Rs
1500",1200,20% off,Westernwear-Women
7910,Samshek,Relaxed fit calf length georgette womens party wear skirt - black,"Size:4X-Large,5X-Large,Large,Medium,Small,X-Large,X-Small,XX-Large,XXX-Large","Rs
2090",1881,10% off,Westernwear-Women
7911,Faballey,Solid polyester collared womens puffer jacket - pink,Size:Small,"Rs
2950",1475,50% off,Westernwear-Women
7912,Emblaze,Embroidered velvet turtle neck womens bodycon top - black,"Size:Large,Medium,Small,X-Large,X-Small,XX-Large",Nan,3000,No Discount,Westernwear-Women
7913,Iti,Womens ruffled grommet tie up top - white,"Size:Large,Medium,Small",Nan,1799,No Discount,Westernwear-Women
7914,Faballey,Solid polyester blend womens regular top - maroon,Size:X-Large,"Rs
1400",700,50% off,Westernwear-Women
7915,Crimsoune club,Graphic round neck polyester blend womens sweatshirt - blue,"Size:Large,Medium,Small,X-Large,XX-Large,XXX-Large","Rs
1699",1019,40% off,Westernwear-Women
7916,Enamor,Cotton activewear womens track pants - ivory,"Size:XL,Large,Medium,Small",Nan,1599,No Discount,Westernwear-Women
7917,109f,Solid shirt collar polyester womens top - purple,"Size:Large,Medium,Small,X-Large,XX-Large",Nan,1699,No Discount,Westernwear-Women
7918,Emblaze,Solid suede hood womens straight co-ordinate set - mustard,"Size:Large,Medium,Small,X-Small",Nan,6000,No Discount,Westernwear-Women
7919,Jockey,Tactel nylon womens activewear track pants - black,Size:Error Size,Nan,1799,No Discount,Westernwear-Women
7920,Jealous 21,Solid round neck viscose womens regular top - peach,"Size:Large,Medium,Small,X-Large",Nan,999,No Discount,Westernwear-Women
7921,109f,Womens mandarin neck printed shirt - black,"Size:Large,Medium,Small,X-Large,XX-Large","Rs
1699",679,60% off,Westernwear-Women
7922,Faballey,Solid round neck georgette womens a-line dress - blue,"Size:Medium,Small","Rs
1950",975,50% off,Westernwear-Women
7923,Emblaze,Solid viscose square neck womens high low top - pink,"Size:Large,Medium,Small,X-Large,X-Small,XX-Large",Nan,3000,No Discount,Westernwear-Women
7924,Marie claire,Solid fleece hood womens sweatshirt - lavender,Size:Large,"Rs
1799",719,60% off,Westernwear-Women
7925,Sera,Womens regular fit solid round neck sweatshirt - black,"Size:Large,Medium,Small,X-Large","Rs
1899",759,60% off,Westernwear-Women
7926,Vero moda,Printed off shoulder viscose womens  dresses - natural,"Size:Large,Medium,Small,X-Large,X-Small","Rs
3799",2279,40% off,Westernwear-Women
7927,Samshek,Solid collar neck synthetic leather womens bomber jacket - black,"Size:4X-Large,5X-Large,Large,Medium,Small,X-Large,X-Small,XX-Large,XX-Small,XXX-Large",Nan,5580,No Discount,Westernwear-Women
7928,109f,Womens round neck solid top - blush,Size:X-Large,"Rs
1499",599,60% off,Westernwear-Women
7929,Iti,Solid georgette round neck womens top - maroon,"Size:Large,Medium,Small",Nan,2799,No Discount,Westernwear-Women
7930,And,Floral polyester round neck women flared tops - navy,"Size:8,10,12,14,16,18","Rs
2099",1679,20% off,Westernwear-Women
7931,Life,Printed cotton round neck womens regular t-shirt - red,"Size:Large,Medium,Small,X-Large,X-Small,XX-Large","Rs
499",249,50% off,Westernwear-Women
7932,Enamor,Graphic cotton crew neck womens t-shirt - buff,Size:Small,"Rs
529",370,30% off,Westernwear-Women
7933,And,Womens regular fit checked top - red mix,Size:18,"Rs
1899",949,50% off,Westernwear-Women
7934,Global desi,Geometric cotton mandarin collar womens straight tunic - aqua,"Size:XL,Medium,Small,X-Small","Rs
2399",1199,50% off,Westernwear-Women
7935,Global desi,Women regular flared sharara - off white,"Size:XL,Small","Rs
3499",1399,60% off,Westernwear-Women
7936,And,Solid polyester v-neck womens top - blush,Size:8,"Rs
1699",1189,30% off,Westernwear-Women
7937,And,Stripes v neck polyester womens regular fit top - peach,"Size:8,10,12,14","Rs
1699",1104,35% off,Westernwear-Women
7938,Puma,Polyester round neck womens athleisure top - black,"Size:Large,Medium,Small,X-Large,X-Small","Rs
2799",1959,30% off,Westernwear-Women
7939,Crimsoune club,Striped v-neck cotton womens casual shirt - blue,"Size:Large,XX-Large","Rs
1299",1039,20% off,Westernwear-Women
7940,Zink london,Solid rayon blend round neck womens tops - red,"Size:Large,Medium,X-Large","Rs
1799",719,60% off,Westernwear-Women
7941,Latin quarters,Dyed round neck polyester womens regular knit top - grey,"Size:S,M,L,X-Small","Rs
1599",799,50% off,Westernwear-Women
7942,Latin quarters,Dyed polyester mandarin womens casual jacket - red,"Size:S,M,L,XL","Rs
3999",2799,30% off,Westernwear-Women
7943,Adidas,Solid tight fit polyester womens track pants - black,"Size:Large,Medium,Small,X-Large,X-Small","Rs
2799",1959,30% off,Westernwear-Women
7944,Life,Solid polyester blend round neck womens regular top - powder blue,"Size:Large,Medium,Small,X-Large,X-Small",Nan,1199,No Discount,Westernwear-Women
7945,Madame,Womens fitted polka dots high neck top - navy,"Size:Large,Medium,Small,X-Large,XX-Large","Rs
1899",949,50% off,Westernwear-Women
7946,Adidas,Solid polyester round neck womens tank top - red,"Size:Large,Medium,Small,X-Large,X-Small","Rs
2699",1889,30% off,Westernwear-Women
7947,Adidas,Solid polyester round neck womens t-shirt - green,"Size:Large,Medium,Small,X-Large","Rs
2299",1609,30% off,Westernwear-Women
7948,Fratini,Stripes v-neck viscose womens regular fit dress - navy,"Size:X-Large,XX-Large","Rs
1999",999,50% off,Westernwear-Women
7949,Lovegen,Womens collared solid applique tie up shirt - mustard,Size:Large,"Rs
1499",599,60% off,Westernwear-Women
7950,Global desi,Womens regular fit floral jump suit - pink,"Size:XL,Large,Medium,Small,XX-Large","Rs
4499",1799,60% off,Westernwear-Women
7951,Miss chase,Womens regular fit joggers - navy,"Size:26,28,30,32,34",Nan,2399,No Discount,Westernwear-Women
7952,Marie claire,Solid v-neck polyester womens casual dress - peach,"Size:Large,Medium,Small","Rs
2899",1449,50% off,Westernwear-Women
7953,Miss chase,Womens regular fit solid high low dress - maroon,"Size:Large,Small,X-Large,X-Small",Nan,2249,No Discount,Westernwear-Women
7954,And,Solid polyester collar neck women a line top - green,"Size:8,10","Rs
1699",1189,30% off,Westernwear-Women
7955,Erotissch,Womens blue cropped empire top - navy,"Size:Large,Medium,X-Large","Rs
2190",876,60% off,Westernwear-Women
7956,Rare,Floral polyester round neck womens regular fit top - blue,"Size:Large,Medium","Rs
1499",599,60% off,Westernwear-Women
7957,Madame,Womens colour block round neck top - peach,"Size:Medium,X-Large","Rs
1899",949,50% off,Westernwear-Women
7958,Global desi,Womens geometric top - off white,Size:X-Small,"Rs
1699",679,60% off,Westernwear-Women
7959,Campus sutra,Womens long sleeves checks shirt - grey,Size:X-Large,Nan,1399,No Discount,Westernwear-Women
7960,Allen solly,Solid round neck rayon womens a line dress - green,Size:Medium,Nan,1899,No Discount,Westernwear-Women
7961,Fila,Cotton round neck womens tank - blue,"Size:Large,Small",Nan,999,No Discount,Westernwear-Women
7962,Madame,Solid cotton high neck womens regular top - peacock,Size:Large,"Rs
1999",999,50% off,Westernwear-Women
7963,Allen solly,Printed cotton regular neck womens dress - navy,"Size:Medium,X-Small","Rs
2299",1379,40% off,Westernwear-Women
7964,And,Printed square neck viscose womens a-line dress - pink,"Size:8,10","Rs
3299",2639,20% off,Westernwear-Women
7965,Latin quarters,Dyed v-neck polyester womens regular dress - blue,Size:XX-Large,"Rs
2899",1449,50% off,Westernwear-Women
7966,Allen solly,Solid polyester round neck womens top - maroon,Size:XX-Large,"Rs
1699",1019,40% off,Westernwear-Women
7967,Gipsy,Womens tie up neck solid top - green,Size:X-Small,Nan,1695,No Discount,Westernwear-Women
7968,Gipsy,Printed hooded neck cotton womens sweatshirt - black,Size:Large,"Rs
2495",1746,30% off,Westernwear-Women
7969,Faballey,Stripes georgette round neck womens regular fit top - blue,Size:Small,"Rs
1400",700,50% off,Westernwear-Women
7970,Latin quarters,Solid collar neck cotton womens regular dress - green,"Size:S,M,X-Small","Rs
2499",1249,50% off,Westernwear-Women
7971,And,Womens fit and flare v neck slub shirt asymmetrical dress - powder blue,"Size:8,10,14,16","Rs
3299",1649,50% off,Westernwear-Women
7972,Global desi,Womens cotton blend v-neck tops - white,Size:X-Small,"Rs
1199",719,40% off,Westernwear-Women
7973,Zink london,Womens regular fit printed v neck jumpsuit - white,Size:X-Small,"Rs
2999",1199,60% off,Westernwear-Women
7974,Global desi,Floral key hole neck womens top - black,Size:X-Small,"Rs
1799",1079,40% off,Westernwear-Women
7975,Vero moda,Skinny fit regular cotton womens jeggings - white,"Size:26,27,28,29,30,31,32,33,34","Rs
1999",1599,20% off,Westernwear-Women
7976,Vero moda,Textured polyester round neck womens t-shirt - green,Size:Medium,"Rs
1999",1599,20% off,Westernwear-Women
7977,Sera,Floral cotton round neck womens sweatshirt - pink,Size:Small,"Rs
1899",759,60% off,Westernwear-Women
7978,Gipsy,Solid round neck georgette womens fit and flare dress - sage,Size:Medium,Nan,2995,No Discount,Westernwear-Women
7979,Kraus,Skinny fit cropped cotton womens jeans - olive,Size:30,"Rs
1895",947,50% off,Westernwear-Women
7980,Crimsoune club,Printed lyocell y neck womens top - green,"Size:Large,Medium,XX-Large","Rs
1399",839,40% off,Westernwear-Women
7981,Campus sutra,Womens long sleeves solid jacket - black,Size:Large,Nan,2699,No Discount,Westernwear-Women
7982,Faballey,Striped collared neck cotton womens pyjama set - blue,Size:Small,"Rs
2200",1100,50% off,Westernwear-Women
7983,Kraus,Skinny fit crop length cotton blend womens jeans - blue,Size:34,"Rs
1895",947,50% off,Westernwear-Women
7984,Is.u,Slim fit regular length cotton womens jeans - blue,Size:28,"Rs
1800",900,50% off,Westernwear-Women
7985,Campus sutra,Graphic polyester polo neck womens top - cream,Size:Small,Nan,999,No Discount,Westernwear-Women
7986,Sera,Womens regular fit embellished round neck sweatshirt - wine,"Size:Small,X-Large","Rs
1899",759,60% off,Westernwear-Women
7987,Faballey,Solid georgette womens regular top - blue,Size:X-Small,"Rs
1400",700,50% off,Westernwear-Women
7988,Crimsoune club,Womens beige solid hot pant - fawn,Size:XX-Large,"Rs
1599",1119,30% off,Westernwear-Women
7989,Enamor,Cotton womens t-shirt - dark stonewash,"Size:XL,Large,Medium,Small,XX-Large",Nan,549,No Discount,Westernwear-Women
7990,Dolce crudo,Skinny fit crop length cotton womens jeggings - grey,Size:26,"Rs
2449",734,70% off,Westernwear-Women
7991,And,Solid polyester square neck womens peplum top - silver grey,"Size:8,10,12,14","Rs
1699",1359,20% off,Westernwear-Women
7992,Is.u,Womens yellow wrap neck midi dress - yellow,Size:X-Small,"Rs
2790",1395,50% off,Westernwear-Women
7993,Global desi,Womens self pattern round neck regular fit shrug - black,Size:X-Small,"Rs
3499",1399,60% off,Westernwear-Women
7994,Faballey,Solid polyester blend womens regular dress - green,"Size:Medium,Small","Rs
1700",850,50% off,Westernwear-Women
7995,Sera,Floral collar neck polyester womens blouson top - pink,"Size:Large,X-Large","Rs
1498",749,50% off,Westernwear-Women
7996,Enamor,Solid polyester stretch slim fit womens athleisure t-shirt - fluid_olive,"Size:XL,Large,Medium,Small","Rs
649",454,30% off,Westernwear-Women
7997,Faballey,Solid cotton blend regular fit womens jogger pants - grey,Size:Small,"Rs
1600",800,50% off,Westernwear-Women
7998,Indian terrain,Solid square neck polyester womens bodycon top - black,"Size:6,8,10,12","Rs
1299",1039,20% off,Westernwear-Women
7999,And,Womens solid mandarin collar top - pink,Size:8,"Rs
1499",749,50% off,Westernwear-Women
8000,Zink london,Checks cotton sweetheart neck womens peplum top - multi,"Size:Large,Medium","Rs
1399",499,64% off,Westernwear-Women
8001,Zink london,Solid hooded neck cotton blend womens sweatshirt - black,Size:Medium,"Rs
2499",999,60% off,Westernwear-Women
8002,Zink london,Solid notched collar cotton womens coats - black,Size:Medium,"Rs
2499",999,60% off,Westernwear-Women
8003,Latin quarters,Solid rayon blend round neck womens regular top - pink,"Size:S,M,L,XL,X-Small","Rs
1299",499,62% off,Westernwear-Women
8004,Zink london,Womens regular fit ruffled collar floral printed top - multi,Size:X-Small,"Rs
1299",499,62% off,Westernwear-Women
8005,And,Floral v- neck polyester women flared dress - brown,Size:8,"Rs
2499",1749,30% off,Westernwear-Women
8006,Marie claire,Solid halter neck polyester womens casual dress - black,"Size:Large,X-Large","Rs
2799",1399,50% off,Westernwear-Women
8007,And,Solid collar neck polyester women work wear jackets - wine,"Size:10,12,14,16","Rs
1799",1259,30% off,Westernwear-Women
8008,Miss chase,Floral sleeveless premium polyknit womens regular length jumpsuits - multi,Size:X-Small,Nan,3099,No Discount,Westernwear-Women
8009,And,Solid regular linen women work wear trouser - blue mix light,Size:26,Nan,2299,No Discount,Westernwear-Women
8010,And,Solid v- neck polyester women shift dress - red,"Size:8,10","Rs
2499",1749,30% off,Westernwear-Women
8011,And,Self design viscose shirt collar womens peplum top - green,"Size:8,10,12,14,16","Rs
1499",974,35% off,Westernwear-Women
8012,Faballey,Solid round neck crepe womens regular fit midi dress - green,"Size:Large,Medium,Small,X-Large,X-Small","Rs
1800",900,50% off,Westernwear-Women
8013,Allen solly,Textured polyester round neck womens regular top - maroon,"Size:Large,Medium,Small,X-Large,X-Small,XX-Large","Rs
1899",1139,40% off,Westernwear-Women
8014,Reebok,Printed reebok fitness round neck womens t-shirt - black,"Size:Large,Medium,Small,X-Large,X-Small","Rs
1599",799,50% off,Westernwear-Women
8015,Is.u,Slim fit midi length polyester womens casual skirt - red,"Size:26,28,32","Rs
2390",1195,50% off,Westernwear-Women
8016,Adidas,Printed cotton hood womens dress - ink,"Size:62,68,74,80","Rs
2999",1499,50% off,Westernwear-Women
8017,Spykar,Stripes cotton blend round neck womens regular t-shirt - red,"Size:Large,Medium,Small,X-Large,XX-Large","Rs
1599",1119,30% off,Westernwear-Women
8018,Faballey,Abstract georgette round neck womens top - red,"Size:4X-Large,X-Large,XX-Large,XXX-Large","Rs
1400",700,50% off,Westernwear-Women
8019,Adidas,Stripes regular cotton womens sports wear tights - black,"Size:Large,Medium,Small,X-Small","Rs
3999",2799,30% off,Westernwear-Women
8020,Vero moda,Stripes polyester off shoulder womens  tops - purple,"Size:Large,Medium,Small,X-Large,X-Small","Rs
2799",2239,20% off,Westernwear-Women
8021,Emblaze,Solid viscose off shoulder womens ballon top - white,"Size:Large,Medium,Small,X-Large,X-Small,XX-Large",Nan,3000,No Discount,Westernwear-Women
8022,Emblaze,Solid round neck viscose womens dress - white,"Size:Large,Medium,Small,X-Large,X-Small,XX-Large",Nan,4000,No Discount,Westernwear-Women
8023,Dolce crudo,Womens regular fit explore magic ripped skinny fit jeans white - white,"Size:26,28,30,32,34","Rs
2499",1249,50% off,Westernwear-Women
8024,Enamor,Womens open front neck slub shrug - dave grey,"Size:XL,Large,Medium,Small","Rs
799",559,30% off,Westernwear-Women
8025,Vero moda,Solid 100% polyester round neck womens top - purple,"Size:Large,Medium,Small,X-Large","Rs
2999",2399,20% off,Westernwear-Women
8026,W,Printed sleeveless viscose womens full length jumpsuit - green,"Size:6,8,10,12,14,16,18",Nan,3799,No Discount,Westernwear-Women
8027,Emblaze,Regular fit regular length viscose womens casual shorts - pink,"Size:Large,Medium,Small,X-Small",Nan,2400,No Discount,Westernwear-Women
8028,Vero moda,Cotton skinny fit womens jeans - blue,"Size:26,27,28,29,30,31,32,33,34","Rs
3999",3199,20% off,Westernwear-Women
8029,109f,Womens tie up neck floral print top - black,"Size:Large,Medium,Small,X-Large,XX-Large","Rs
1599",639,60% off,Westernwear-Women
8030,Faballey,Stripes sleeveless georgette womens regular length jumpsuit - red,"Size:Large,Medium,Small","Rs
2200",1100,50% off,Westernwear-Women
8031,Crimsoune club,Stripes polyester y neck womens top - white,"Size:Large,Medium,Small,X-Large","Rs
1499",749,50% off,Westernwear-Women
8032,Gipsy,Solid polyester round neck womens top - pink,"Size:Large,Medium,Small,X-Large",Nan,1695,No Discount,Westernwear-Women
8033,Samshek,Regular fit knee length georgette womens party wear skirt - olive,"Size:4X-Large,5X-Large,Large,Medium,Small,X-Large,X-Small,XX-Large,XX-Small,XXX-Large","Rs
2890",2023,30% off,Westernwear-Women
8034,109f,Womens round neck slub embroidered peplum top - grey,"Size:Large,Small,X-Large,XX-Large","Rs
1399",559,60% off,Westernwear-Women
8035,Samshek,Solid scoop neck polyester womens bodycon dress - purple,"Size:4X-Large,5X-Large,Large,Medium,Small,X-Large,X-Small,XX-Large,XX-Small,XXX-Large","Rs
2890",2312,20% off,Westernwear-Women
8036,Dolce crudo,Solid full sleeves fleece womens regular jacket - lavender,"Size:Large,Medium,Small,X-Large,X-Small","Rs
2995",1198,60% off,Westernwear-Women
8037,Vero moda,Stripes viscose round neck womens top - purple,"Size:Large,Medium,Small,X-Large,X-Small",Nan,2499,No Discount,Westernwear-Women
8038,Alcis,Womens solid t-shirt - black,"Size:Medium,Small,X-Large",Nan,999,No Discount,Westernwear-Women
8039,Mystere paris,Cotton regular fit womens maternity jeans - blue,"Size:Large,Medium,XX-Large","Rs
1899",1139,40% off,Westernwear-Women
8040,Van heusen,Polyester stretch regular fit womens t-shirt - shell,"Size:Large,Medium,Small,X-Large",Nan,899,No Discount,Westernwear-Women
8041,Vero moda,Relaxed above knee cotton womens casual wear shorts - orange,"Size:Large,Medium,Small,X-Large,X-Small","Rs
2299",1609,30% off,Westernwear-Women
8042,Is.u,Printed cotton sweetheart neck womens fit and flare top - green,"Size:Large,Medium,Small,X-Large,X-Small,XX-Large","Rs
2190",1095,50% off,Westernwear-Women
8043,Life,Embroidered regular neck polyester womens cardigan - pink,"Size:Large,Medium,Small,X-Large,X-Small","Rs
1999",999,50% off,Westernwear-Women
8044,Allen solly tribe,Solid cotton round neck womens active wear t-shirt - grey,"Size:Large,Medium,Small,X-Large",Nan,999,No Discount,Westernwear-Women
8045,Zink london,Solid polyester collar neck womens top - black,"Size:Large,Medium,Small,X-Large","Rs
1399",1119,20% off,Westernwear-Women
8046,Vero moda,Printed cotton round neck womens t-shirt - white,"Size:Large,Medium,Small,X-Large,X-Small","Rs
1599",1279,20% off,Westernwear-Women
8047,Vero moda,Textured cotton boat neck womens  tops - white,"Size:Large,Medium,Small,X-Large,X-Small","Rs
2999",2099,30% off,Westernwear-Women
8048,Fratini,Lace viscose blend round neck womens t-shirt - olive,"Size:Large,Medium,Small,X-Large,XX-Large",Nan,999,No Discount,Westernwear-Women
8049,Vero moda,Embellished cotton round neck womens  t-shirts - white,"Size:Large,Medium,Small,X-Large,X-Small","Rs
1499",1049,30% off,Westernwear-Women
8050,Global desi,Floral full sleeves cotton womens knee length jumpsuits - off white,"Size:XL,Large,Medium,Small,XX-Large",Nan,6999,No Discount,Westernwear-Women
8051,Puma,Printed polyester round neck womens athleisure top - pink,"Size:Large,Medium,Small,X-Large,X-Small","Rs
2299",1609,30% off,Westernwear-Women
8052,Zink london,Solid high neck acrylic womens sweater - grey,"Size:Large,Small,X-Large","Rs
3499",1399,60% off,Westernwear-Women
8053,Only,Solid cotton womens t-shirt - off white,"Size:Large,Medium,Small,X-Large,X-Small","Rs
1799",1439,20% off,Westernwear-Women
8054,Enamor,Cotton lycra womens t-shirt - green mix,"Size:XL,Large,Medium,Small",Nan,799,No Discount,Westernwear-Women
8055,Stop,Colour block regular neck cotton womens pullover - dusty pink,"Size:Small,X-Small","Rs
1999",999,50% off,Westernwear-Women
8056,Life,Printed cotton round neck womens regular t-shirt - white,"Size:Large,Medium,Small,X-Large,X-Small","Rs
699",349,50% off,Westernwear-Women
8057,And,Floral cotton boat neck womens flared dress - lemon,"Size:6,8,10,12,14,16","Rs
2099",1679,20% off,Westernwear-Women
8058,Faballey,Solid v-neck polyester blend womens regular dress - blue,"Size:Large,Medium,Small,X-Large,X-Small","Rs
2100",1050,50% off,Westernwear-Women
8059,Sera,Floral cotton round neck womens sweatshirt - orange,"Size:Large,X-Large","Rs
1899",759,60% off,Westernwear-Women
8060,Life,Womens tencel solid joggers - black,"Size:26,28,32,34","Rs
1499",749,50% off,Westernwear-Women
8061,Van heusen,Jogger fit ankle length polyester stretch womens track pants - maroon,"Size:Large,Medium,Small",Nan,1049,No Discount,Westernwear-Women
8062,Dolce crudo,Skinny fit regular denim womens jeans - light blue,"Size:26,28,30,32,34","Rs
2949",1474,50% off,Westernwear-Women
8063,Samshek,Printed v neck satin womens bodycon dress - multi,"Size:4X-Large,5X-Large,Large,Medium,Small,X-Large,X-Small,XX-Large,XX-Small,XXX-Large","Rs
2590",2072,20% off,Westernwear-Women
8064,Gipsy,Womens tie up neck embroidered top - black,"Size:Large,Medium,Small","Rs
1795",1256,30% off,Westernwear-Women
8065,Dolce crudo,Skinny fit regular length cotton polyester womens jeans - black,"Size:26,28,30,32,34","Rs
4399",2199,50% off,Westernwear-Women
8066,Faballey,Stripes georgette round neck womens regular fit top - white,"Size:Large,Small,X-Large,X-Small","Rs
1400",700,50% off,Westernwear-Women
8067,Pepe,Stripes modal viscose round neck womens top - multi,Size:Small,"Rs
1999",1199,40% off,Westernwear-Women
8068,Life,Womens 5 pocket distressed jeans - denim indigo dark,Size:30,Nan,1899,No Discount,Westernwear-Women
8069,Dolce crudo,Solid fleece round neck womens sweatshirt - olive,"Size:Large,Medium,Small,X-Large,X-Small","Rs
2449",979,60% off,Westernwear-Women
8070,Kraus,Checks viscose off shoulder womens top - blue,"Size:Large,Medium,Small","Rs
1299",649,50% off,Westernwear-Women
8071,Zink london,Solid v neck acrylic womens sweaters - red,"Size:Large,Medium,X-Large","Rs
3499",1399,60% off,Westernwear-Women
8072,Dolce crudo,Womens caution for town boat neck t-shirt - grey,"Size:Medium,Small,X-Large,X-Small","Rs
1049",524,50% off,Westernwear-Women
8073,Magre,Printed polyester blend tie up neck� womens top - brown,"Size:Large,Medium,Small,X-Small","Rs
1490",596,60% off,Westernwear-Women
8074,Kraus,Solid comfort rayon blend womens casual wear trousers - olive,"Size:28,30,34,36","Rs
1695",847,50% off,Westernwear-Women
8075,Vero moda,Cotton skinny fit womens jeans - blue,"Size:26,27,28,29,30,31,32,33,34","Rs
3999",2799,30% off,Westernwear-Women
8076,109f,Solid polyester round neck womens dress - maroon,"Size:Large,Medium,X-Large,XX-Large",Nan,2199,No Discount,Westernwear-Women
8077,Faballey,Solid cotton v neck womens top - yellow,"Size:Large,Medium,X-Large","Rs
1500",750,50% off,Westernwear-Women
8078,Campus sutra,Womens round neck half sleeves top - maroon,"Size:Large,Medium,Small,X-Large",Nan,799,No Discount,Westernwear-Women
8079,Dolce crudo,Womens regular fit you feel most black denim jeans black - black,"Size:26,28,30,32,34","Rs
2399",959,60% off,Westernwear-Women
8080,109f,Womens tie up neck solid top - carrot,"Size:Large,Medium,Small,X-Small","Rs
1699",639,62% off,Westernwear-Women
8081,Vero moda,Printed viscose sweetheart neck womens top - blue,"Size:Large,Medium,Small,X-Large,X-Small",Nan,1999,No Discount,Westernwear-Women
8082,Zink london,Checks cotton round neck womens top - off white,"Size:Large,Medium,Small,X-Large,X-Small,XX-Large","Rs
1599",959,40% off,Westernwear-Women
8083,Emblaze,Solid round neck viscose womens dress - black,"Size:Large,Medium,Small,X-Large,X-Small,XX-Large",Nan,3800,No Discount,Westernwear-Women
8084,Campus sutra,Womens long sleeves solid jacket - black,"Size:Large,Medium,X-Large",Nan,2699,No Discount,Westernwear-Women
8085,Enamor,Cotton womens activewear t-shirt - cactus,"Size:XL,Large,Medium,Small",Nan,999,No Discount,Westernwear-Women
8086,Pepe,Cotton blend skinny fit womens jeans - dark blue,"Size:26,28,30,32,34,36","Rs
2599",1559,40% off,Westernwear-Women
8087,Puma,Printed cotton slim fit womens casual wear leggings - black,"Size:Large,Medium,Small,X-Large","Rs
2499",1749,30% off,Westernwear-Women
8088,Enamor,Cotton womens active wear t-shirt - green,"Size:XL,Large,Medium,Small,XX-Large",Nan,899,No Discount,Westernwear-Women
8089,Levis,Solid cotton blend hood women straight t-shirt - blue melange,"Size:Large,Medium,Small,X-Small",Nan,2799,No Discount,Westernwear-Women
8090,Vero moda,Solid round neck viscose womens knits knit top - moss green,"Size:Large,Medium,Small,X-Large,X-Small","Rs
2299",1839,20% off,Westernwear-Women
8091,Emblaze,Solid viscose round neck womens top - white,"Size:Large,Medium,Small,X-Large,X-Small,XX-Large",Nan,2400,No Discount,Westernwear-Women
8092,Samshek,Solid cotton collar neck womens regular top - white,"Size:4X-Large,5X-Large,Large,Medium,Small,X-Large,X-Small,XX-Large,XX-Small,XXX-Large",Nan,1649,No Discount,Westernwear-Women
8093,Vero moda,Textured round neck cotton womens top - blue,"Size:Large,Medium,Small,X-Large,X-Small","Rs
2499",1249,50% off,Westernwear-Women
8094,Enamor,Solid polyester stretch relaxed fit womens track pants - cider,"Size:XL,Large,Medium,Small,XX-Large","Rs
1099",769,30% off,Westernwear-Women
8095,Levis,Solid cotton round neck womens t-shirt - blue,"Size:Large,Medium,Small,X-Small",Nan,3999,No Discount,Westernwear-Women
8096,Kraus,Stripes rayon collar neck womens casual shirt - multi,"Size:Large,Medium,Small,X-Small","Rs
1299",1169,10% off,Westernwear-Women
8097,Kraus,Stripes tencel round neck womens casual shirt - black & white,"Size:Large,Medium,Small,X-Small","Rs
1299",1169,10% off,Westernwear-Women
8098,Kraus,Solid cotton round neck womens top - off white,"Size:Large,Medium,Small,X-Small","Rs
1199",1079,10% off,Westernwear-Women
8099,And,Solid cotton round neck womens regular dress - lemon,"Size:8,10,12,14,16","Rs
2499",2249,10% off,Westernwear-Women
8100,Kraus,Floral rayon off shoulder womens top - black,"Size:Large,Medium,Small,X-Large","Rs
1299",649,50% off,Westernwear-Women
8101,Emblaze,Printed off shoulder satin womens bodycon dress - blue,"Size:Large,Medium,Small,X-Large,X-Small,XX-Large",Nan,4000,No Discount,Westernwear-Women
8102,Campus sutra,Womens printed hooded sweatshirt - black,"Size:Large,Small,X-Large",Nan,1399,No Discount,Westernwear-Women
8103,Enamor,Cotton blend womens active wear track pants - navy marl,"Size:XL,Large,Medium,Small,XX-Large","Rs
1049",734,30% off,Westernwear-Women
8104,Latin quarters,Solid polyester halter neck womens regular fit blouse - natural,"Size:S,M,L,X-Small","Rs
1599",799,50% off,Westernwear-Women
8105,Vero moda,Solid viscose round neck womens t-shirt - green,"Size:Large,Medium,Small,X-Large,X-Small","Rs
2299",1609,30% off,Westernwear-Women
8106,Jockey,Womens slub thermal pants - off white,"Size:Large,Medium,Small,X-Large",Nan,539,No Discount,Westernwear-Women
8107,Allen solly,Womens lapel collar solid formal blazer - grey,"Size:X-Large,XX-Large","Rs
3799",3039,20% off,Westernwear-Women
8108,Rare,Printed polyester sweetheart neck womens peplum top - yellow,"Size:Large,Medium,X-Large","Rs
1399",629,55% off,Westernwear-Women
8109,Miss chase,Womens regular fit joggers - light blue,"Size:26,28,30,32",Nan,2199,No Discount,Westernwear-Women
8110,Faballey,Polka dots viscose regular fit womens pyjama pants - natural,"Size:Small,X-Small","Rs
1500",750,50% off,Westernwear-Women
8111,Indya,Floral viscose regular fit womens regular length jumpsuit - pink,"Size:Medium,Small,X-Small",Nan,2800,No Discount,Westernwear-Women
8112,Kraus,Super skinny fit ankle length cotton womens jeans - light blue,Size:36,"Rs
1895",947,50% off,Westernwear-Women
8113,Latin quarters,Dyed round neck polyester womens regular dress - blue,"Size:M,XL","Rs
2499",1749,30% off,Westernwear-Women
8114,Latin quarters,Printed polyester round neck womens regular fit blouse - black,"Size:S,XL","Rs
1399",979,30% off,Westernwear-Women
8115,Zink london,Solid polyester scoop neck womens tops - black,Size:Large,"Rs
999",399,60% off,Westernwear-Women
8116,Samshek,Solid georgette v neck womens party wear shirt - olive,Size:5X-Large,"Rs
2845",1707,40% off,Westernwear-Women
8117,Dolce crudo,Womens that evening sun jeggings - blue,"Size:26,28","Rs
2199",989,55% off,Westernwear-Women
8118,Global desi,Floral sweetheart neck womens top - white,"Size:XL,Small,X-Small","Rs
1799",1079,40% off,Westernwear-Women
8119,Madame,Checks round neck regular fit womens cardigans - wine,Size:X-Large,"Rs
2299",1379,40% off,Westernwear-Women
8120,Fratini,Womens 4 pocket solid pants - black,Size:34,Nan,1599,No Discount,Westernwear-Women
8121,Emblaze,Womens black dress with side button detail and slit - black,"Size:Large,Medium,Small",Nan,4000,No Discount,Westernwear-Women
8122,Monte carlo,Plain hood poly blend womens casual jacket - burgundy,Size:40,Nan,4495,No Discount,Westernwear-Women
8123,Faballey,Floral georgette round neck womens regular top - multi,Size:XX-Large,"Rs
1400",700,50% off,Westernwear-Women
8124,Cover story,Solid viscose polyester nylon round neck womens sweater - green,Size:Small,"Rs
2590",1813,30% off,Westernwear-Women
8125,Faballey,Solid cotton blend round neck womens cold shoulder dress - red,Size:X-Large,"Rs
1800",900,50% off,Westernwear-Women
8126,Is.u,Womens self love club white crew neck t-shirt - white,"Size:X-Large,X-Small,XX-Large","Rs
890",445,50% off,Westernwear-Women
8127,Janasya,Floral collared neck cotton regular fit womens night suit - turquoise,"Size:Small,X-Small","Rs
2499",999,60% off,Westernwear-Women
8128,Is.u,Womens love black printed stripe jogger pants - black,"Size:Large,Medium","Rs
1990",696,65% off,Westernwear-Women
8129,Kraus,Crop fit cropped cotton blend womens jeans - blue,Size:28,"Rs
1795",897,50% off,Westernwear-Women
8130,Jealous 21,Stripes round neck cotton womens regular top - brown,Size:Small,Nan,1199,No Discount,Westernwear-Women
8131,Sera,Floral sweetheart neck polyester womens regular dress - red,Size:Small,"Rs
2998",1499,50% off,Westernwear-Women
8132,Magre,Solid regular fit polyester blend womens casual pants - grey,Size:Small,"Rs
2290",1374,40% off,Westernwear-Women
8133,Pepe,Embellished cotton round neck womens sweatshirt - black,Size:Large,"Rs
1599",959,40% off,Westernwear-Women
8134,And,Solid v neck nylon womens flared dress - blue mix light,"Size:8,10,14","Rs
3299",2144,35% off,Westernwear-Women
8135,109f,Womens collared stripe skater dress - cream,"Size:X-Large,XX-Large","Rs
1799",719,60% off,Westernwear-Women
8136,Crimsoune club,Stripes lyocell collared womens shirt - black,"Size:Large,X-Large","Rs
1399",979,30% off,Westernwear-Women
8137,Latin quarters,Solid polyester tie up neck womens regular dress - black,"Size:M,L","Rs
2899",2029,30% off,Westernwear-Women
8138,Crimsoune club,Solid cotton blend round neck womens t-shirt - orange,"Size:Medium,X-Large","Rs
799",559,30% off,Westernwear-Women
8139,Zink london,Solid polyester blend regular fit womens top - peach,Size:XX-Large,"Rs
1599",639,60% off,Westernwear-Women
8140,And,Dobby checks cotton sweetheart neck womens cropped top - blue,"Size:10,12","Rs
1699",1189,30% off,Westernwear-Women
8141,Jockey,Womens v neck t-shirt - sea green,Size:Error Size,Nan,649,No Discount,Westernwear-Women
8142,Cover story,Printed v-neck viscose linen womens regular fit dress - white,"Size:Small,X-Small","Rs
3790",1895,50% off,Westernwear-Women
8143,Iti,Lace lace round neck womens dress - blue,"Size:Medium,Small",Nan,3699,No Discount,Westernwear-Women
8144,Pepe,Regular fit ankle length cotton blend womens jeans - black rinse,Size:Medium,"Rs
1999",1199,40% off,Westernwear-Women
8145,And,Self design v-neck viscose womens straight dress - light blue,Size:8,"Rs
2499",1249,50% off,Westernwear-Women
8146,Is.u,Womens sleeveless ribbed black tank top - black,Size:X-Large,"Rs
1490",745,50% off,Westernwear-Women
8147,Faballey,Solid half sleeves crepe womens regular length jumpsuit - green,"Size:Small,X-Small","Rs
2400",1200,50% off,Westernwear-Women
8148,Kraus,Floral rayon off shoulder womens top - navy,"Size:Medium,Small","Rs
1299",649,50% off,Westernwear-Women
8149,Campus sutra,Womens polo neck full sleeve shirt - new grey,"Size:Medium,Small",Nan,1399,No Discount,Westernwear-Women
8150,And,Floral polyester round neck women straight tops - blue mix light,"Size:8,16","Rs
1499",974,35% off,Westernwear-Women
8151,Only,Print large cotton womens regular fit t-shirt - white,Size:Large,"Rs
2299",1149,50% off,Westernwear-Women
8152,Faballey,Solid cotton blend round neck womens tank top - grey,Size:Large,"Rs
950",475,50% off,Westernwear-Women
8153,Dolce crudo,Womens free yourself colour block sweatshirt - multi,Size:X-Small,"Rs
1999",699,65% off,Westernwear-Women
8154,And,Womens regular fit floral top - white,"Size:8,14","Rs
1999",999,50% off,Westernwear-Women
8155,Faballey,Solid crepe round neck womens regular top - green,Size:Small,"Rs
1400",1120,20% off,Westernwear-Women
8156,Forever new,Solid polyester round neck womens regular top - cream,"Size:X-Small,XX-Small","Rs
3600",2160,40% off,Westernwear-Women
8157,Kraus,Solid acrylic turtle neck womens sweater - maroon,Size:Small,"Rs
1699",849,50% off,Westernwear-Women
8158,And,Womens solid sheath pants - black,Size:34,Nan,2199,No Discount,Westernwear-Women
8159,Zink london,Printed polyester womens regular fit top - sea blue,"Size:X-Large,X-Small,XX-Large","Rs
1399",599,57% off,Westernwear-Women
8160,Zink london,Printed rayon key hole neck women's dress - off white,"Size:X-Large,X-Small","Rs
2499",999,60% off,Westernwear-Women
8161,Latin quarters,Printed rayon v neck womens blouse - maroon,"Size:S,M","Rs
1450",725,50% off,Westernwear-Women
8162,Zink london,Printed round neck acrylic womens sweaters - off white,Size:Large,"Rs
2999",1199,60% off,Westernwear-Women
8163,Zink london,Printed cotton womens regular top - navy,"Size:Large,Medium","Rs
1599",639,60% off,Westernwear-Women
8164,Marie claire,Solid polyester mandarin neck womens top - rust,"Size:Medium,Small","Rs
1599",719,55% off,Westernwear-Women
8165,Varanga,Womens teal printed crop top with thread work detailing and coin embellishment - peacock,"Size:Large,X-Large","Rs
1299",519,60% off,Westernwear-Women
8166,Rare,Solid crepe off shoulder neck womens regular fit top - maroon,Size:Large,"Rs
1699",679,60% off,Westernwear-Women
8167,Rare,Solid cotton round neck womens regular fit top - navy,Size:Large,"Rs
1599",719,55% off,Westernwear-Women
8168,Marie claire,Printed polyester v-neck womens top - mustard,Size:Large,"Rs
1599",799,50% off,Westernwear-Women
8169,And,Floral round neck polyester women flared dress - pink,"Size:8,16","Rs
2899",2029,30% off,Westernwear-Women
8170,Allen solly,Regular fit full length polyester cotton womens jeans - mid blue,Size:30,"Rs
2499",1499,40% off,Westernwear-Women
8171,And,Printed square neck polyester womens fit and flare dress - purple,"Size:8,10,12,14","Rs
3099",2479,20% off,Westernwear-Women
8172,Spykar,Regular fit regular cotton lycra womens jeans - light blue,"Size:26,28,30,32,34,36","Rs
2499",1749,30% off,Westernwear-Women
8173,Faballey,Floral crepe round neck womens top - yellow,"Size:4X-Large,X-Large,XX-Large,XXX-Large","Rs
1600",800,50% off,Westernwear-Women
8174,Madame,Womens round neck solid top - natural,"Size:Large,Medium,Small","Rs
2399",1199,50% off,Westernwear-Women
8175,Dolce crudo,Womens skinny fit lost star zipper jeans - blue,"Size:26,30,32,34","Rs
2349",939,60% off,Westernwear-Women
8176,Cover story,Solid cotton spandex round neck womens t-shirt - green,Size:Large,"Rs
890",445,50% off,Westernwear-Women
8177,Magre,Animal print polyester blend turtle neck womens top - black,"Size:Large,Small,X-Small","Rs
1590",795,50% off,Westernwear-Women
8178,Crimsoune club,Checked cotton polyester round neck womens regular fit top - navy,"Size:Large,Medium,Small,X-Large","Rs
1299",779,40% off,Westernwear-Women
8179,Van heusen,Solid cotton key hole neck womens regular fit top - white,"Size:Large,Medium,Small,X-Large","Rs
1299",999,23% off,Westernwear-Women
8180,Faballey,Solid polyester blend collared womens zipper jacket - blue,"Size:Large,Medium,Small,X-Large,X-Small","Rs
2600",1300,50% off,Westernwear-Women
8181,Adidas,Printed round neck polyester womens t-shirt - black,"Size:Large,Medium,Small,X-Small","Rs
1799",1259,30% off,Westernwear-Women
8182,Pepe,Skinny-high women jeans - blue,"Size:28,30,32,34",Nan,4999,No Discount,Westernwear-Women
8183,And,Floral polyester v-neck womens top - sage,Size:8,"Rs
1699",1189,30% off,Westernwear-Women
8184,Global desi,Solid collar womens tunic - white,"Size:Large,Medium,Small,X-Small,XX-Large",Nan,1699,No Discount,Westernwear-Women
8185,Juniper,Solid slim fit rayon womens casual trousers - grey,"Size:4X-Large,X-Large,XXX-Large","Rs
1899",759,60% off,Westernwear-Women
8186,Enamor,Cotton blend activewear womens track pants - charcoal,"Size:XL,Large,Medium,Small",Nan,849,No Discount,Westernwear-Women
8187,109f,Checks rayon mandarin womens dress - black mix,"Size:Large,Medium,Small,X-Large,XX-Large",Nan,1599,No Discount,Westernwear-Women
8188,Emblaze,Womens red one shoulder ruffle crop top - red,"Size:Large,Medium,Small,X-Large,X-Small,XX-Large",Nan,2200,No Discount,Westernwear-Women
8189,Vero moda,Printed viscose v neck womens top - brown,"Size:Large,Medium,Small,X-Large,X-Small","Rs
1999",1599,20% off,Westernwear-Women
8190,Samshek,Solid cotton collar neck womens party wear shirt - red,"Size:4X-Large,5X-Large,Large,Medium,Small,X-Large,X-Small,XX-Large,XX-Small,XXX-Large","Rs
2190",1971,10% off,Westernwear-Women
8191,Is.u,Printed cotton v-neck womens fit and flare top - blue,"Size:Small,X-Small,XX-Large","Rs
2190",1095,50% off,Westernwear-Women
8192,Crimsoune club,Printed polyester blend round neck womens t-shirt - pink,"Size:Large,Medium,Small,X-Large,XX-Large","Rs
899",629,30% off,Westernwear-Women
8193,Stop,Textured round neck acrylic womens sweater - pink,"Size:Large,Medium,Small,X-Large,XX-Large","Rs
1999",999,50% off,Westernwear-Women
8194,Vero moda,Stripes viscose round neck womens top - blue,"Size:Large,Medium,Small,X-Large,X-Small",Nan,2499,No Discount,Westernwear-Women
8195,Vero moda,Printed cotton round neck womens t-shirt - blue,"Size:Large,Medium,Small,X-Large,X-Small","Rs
2499",1999,20% off,Westernwear-Women
8196,Enamor,Cotton womens activewear t-shirt - buttercup,"Size:XL,Large,Medium,Small",Nan,999,No Discount,Westernwear-Women
8197,Enamor,Textured round neck cotton blend womens thermal - pale peach,"Size:XL,Large,Medium,Small",Nan,799,No Discount,Westernwear-Women
8198,Jockey,Polyester spandex womens activewear track pants - weft_blue,Size:Error Size,Nan,1129,No Discount,Westernwear-Women
8199,Dolce crudo,Womens regular fit self love club white jeans white - white,"Size:26,28,30,32,34","Rs
2549",1147,55% off,Westernwear-Women
8200,Pepe,Checks classic collar viscose women casual wear shirt - multi,Size:X-Large,"Rs
1999",1199,40% off,Westernwear-Women
8201,Only,Solid polyester collar neck womens casual shirt - green,"Size:34,36,38,40,42","Rs
2799",1679,40% off,Westernwear-Women
8202,Emblaze,Womens black and green pannel gown - black,"Size:Large,Medium,Small,X-Large,X-Small,XX-Large",Nan,4500,No Discount,Westernwear-Women
8203,Emblaze,Embroidered round neck viscose womens straight dress - green,"Size:Large,Medium,Small,X-Large,X-Small,XX-Large",Nan,4000,No Discount,Westernwear-Women
8204,Gipsy,Solid cotton blend v-neck womens top - natural,"Size:Large,XX-Large",Nan,1495,No Discount,Westernwear-Women
8205,Kraus,Solid collar neck cotton womens jacket - powder blue,"Size:Large,Medium,Small,X-Large","Rs
2095",1885,10% off,Westernwear-Women
8206,Kraus,Stripes rayon collar neck womens casual shirt - multi,"Size:Large,Medium,Small,X-Large","Rs
1299",1169,10% off,Westernwear-Women
8207,109f,Womens tie up neck striped top - blue,Size:X-Small,"Rs
2499",499,80% off,Westernwear-Women
8208,Enamor,Cotton womens tunic t-shirt - baby pink,Size:Medium,"Rs
599",419,30% off,Westernwear-Women
8209,Puma,Printed polyester crew neck womens t-shirt - black,"Size:Large,Medium,Small,X-Large","Rs
2499",1749,30% off,Westernwear-Women
8210,Campus sutra,Solid crepe boat neck womens dress - royal blue,"Size:Large,Medium,Small,X-Large",Nan,1299,No Discount,Westernwear-Women
8211,109f,Womens mandarin collar striped top - black,Size:Small,"Rs
1599",639,60% off,Westernwear-Women
8212,Dolce crudo,Womens count your name denim blazer - blue,Size:X-Small,"Rs
3599",1439,60% off,Westernwear-Women
8213,Emblaze,Solid collar neck satin womens straight dress - black,"Size:Large,Medium,Small,X-Large,X-Small,XX-Large",Nan,3800,No Discount,Westernwear-Women
8214,Fratini,Solid jersey round neck womens regular fit t-shirt - black,"Size:Large,Small","Rs
599",299,50% off,Westernwear-Women
8215,Faballey,Textured cotton square neck womens dress - blue,"Size:Large,Medium,Small,X-Large,X-Small","Rs
1950",1560,20% off,Westernwear-Women
8216,Stop,Womens regular fit solid formal culottes - navy,"Size:28,30,32,34,36",Nan,1299,No Discount,Westernwear-Women
8217,Samshek,Printed v neck satin womens bodycon dress - multi,"Size:4X-Large,5X-Large,Large,Medium,Small,X-Large,X-Small,XX-Large,XX-Small,XXX-Large","Rs
2390",1912,20% off,Westernwear-Women
8218,Crimsoune club,Printed viscose blend mandarin womens shirt - yellow,"Size:Large,Medium,Small,X-Large","Rs
1299",779,40% off,Westernwear-Women
8219,Enamor,Cotton activewear womens track pants - dark streak,"Size:XL,Large,Medium,Small",Nan,1399,No Discount,Westernwear-Women
8220,Stop,Textured spread collar polyester womens coat - black,"Size:Large,Medium,Small,X-Large","Rs
2999",1499,50% off,Westernwear-Women
8221,Dolce crudo,Womens regular fit down to the earth denim pant grey - grey,"Size:26,28,30,32,34","Rs
2899",1159,60% off,Westernwear-Women
8222,Crimsoune club,Womens slim fit solid trousers - blue,"Size:36,38","Rs
1499",1049,30% off,Westernwear-Women
8223,Madame,Solid cotton v neck womens regular top - green,Size:XX-Large,"Rs
1399",839,40% off,Westernwear-Women
8224,Enamor,Cotton womens t-shirt - cool ice,"Size:XL,Large,Medium,Small,XX-Large",Nan,549,No Discount,Westernwear-Women
8225,Adidas,Printed cotton round neck womens t-shirt - black,"Size:Medium,Small","Rs
1999",1399,30% off,Westernwear-Women
8226,Global desi,Floral 3/4 sleeves polyester womens full length jumpsuit - off white,"Size:XL,Large,Medium,Small,X-Small,XX-Large","Rs
3899",3119,20% off,Westernwear-Women
8227,Iti,Womens olive ruffle crosstie-up top - green,Size:Small,Nan,1899,No Discount,Westernwear-Women
8228,Magre,Floral polyester blend regular fit womens shorts - light blue,"Size:Large,Medium,Small,X-Small","Rs
1990",895,55% off,Westernwear-Women
8229,Faballey,Stripes cotton square neck womens top - white,"Size:Large,Medium,Small,X-Large,X-Small","Rs
1400",700,50% off,Westernwear-Women
8230,Emblaze,Womens blue dress with ruffle on side - blue,"Size:Large,Medium,Small,X-Large,X-Small,XX-Large",Nan,2600,No Discount,Westernwear-Women
8231,Sera,Printed polyester v-neck womens top - pink,"Size:Large,Medium,Small,X-Large","Rs
1298",649,50% off,Westernwear-Women
8232,Global desi,Solid viscose womens regular jumpsuits - red,"Size:XL,Large,Medium,Small,X-Small","Rs
3299",2639,20% off,Westernwear-Women
8233,Magre,Stripes georgette v neck womens top - natural,"Size:Large,Medium,Small,X-Small","Rs
1790",1163,35% off,Westernwear-Women
8234,Pepe,Stripes cotton single jersey crew neck womens t-shirt - multi,"Size:Large,Medium,Small,X-Large","Rs
1499",899,40% off,Westernwear-Women
8235,Crimsoune club,Womens slim fit checks shirt - yellow,Size:Medium,"Rs
1399",699,50% off,Westernwear-Women
8236,Enamor,Cotton blend womens active wear track pants - olive bleached,"Size:XL,Large,Medium,Small,XX-Large","Rs
1699",1189,30% off,Westernwear-Women
8237,Dolce crudo,Skinny fit cropped length cotton polyester womens jeans - black,"Size:26,28,30,32,34","Rs
4149",1867,55% off,Westernwear-Women
8238,Gipsy,Womens surplice neck solid high low dress - sage,"Size:Large,Medium,Small,X-Large,XX-Large",Nan,2795,No Discount,Westernwear-Women
8239,Is.u,Womens pink color block pleated midi skirt - pink,"Size:Small,X-Small","Rs
2490",1245,50% off,Westernwear-Women
8240,Fratini,Printed viscose v-neck womens regular top - off white,"Size:Large,Medium,Small,X-Large,XX-Large",Nan,1299,No Discount,Westernwear-Women
8241,Dolce crudo,Womens regular fit i'm sinking under denim top light blue - light blue,Size:X-Small,"Rs
2299",1034,55% off,Westernwear-Women
8242,Lovegen,Womens round neck printed sweatshirt - grey,Size:Large,"Rs
1799",1259,30% off,Westernwear-Women
8243,Crimsoune club,Solid cotton blend collar neck womens blazer top - green,"Size:Large,Medium,Small,X-Large,X-Small","Rs
2999",2399,20% off,Westernwear-Women
8244,And,Solid v- neck nylon women shift dress - wine,"Size:12,14","Rs
3099",2169,30% off,Westernwear-Women
8245,Dolce crudo,Solid fleece round neck womens sweatshirt - olive,"Size:Large,Medium,Small,X-Large,X-Small","Rs
2399",959,60% off,Westernwear-Women
8246,Campus sutra,Solid v neck crepe womens dresses - pink,"Size:Large,Medium,Small,X-Large",Nan,1999,No Discount,Westernwear-Women
8247,Lovegen,Womens collared assorted jacket - black,Size:Medium,"Rs
2099",1049,50% off,Westernwear-Women
8248,Adidas,Printed fitted fit polyester womens tights - black,"Size:116,128,140,SIZE_152,SIZE_170","Rs
2299",1149,50% off,Westernwear-Women
8249,Is.u,Womens grey short sleeve t-shirt - grey,"Size:Large,Medium,Small,X-Large","Rs
990",495,50% off,Westernwear-Women
8250,109f,Stripes polyester v neck womens top - black,"Size:Large,Medium,X-Large,XX-Large",Nan,1499,No Discount,Westernwear-Women
8251,Crimsoune club,Slim mid thigh cotton womens casual wear shorts - green,"Size:26,28,30,32,34","Rs
1199",599,50% off,Westernwear-Women
8252,Samshek,Solid cotton collar neck womens party wear shirt - natural,"Size:4X-Large,5X-Large,Large,Medium,Small,X-Large,X-Small,XX-Large,XX-Small,XXX-Large","Rs
2520",2016,20% off,Westernwear-Women
8253,Iti,Womens purple tassel top - purple,"Size:Medium,Small",Nan,1799,No Discount,Westernwear-Women
8254,Global desi,Floral round neck cotton womens straight jumpsuits - pink,"Size:XL,Large,Medium,Small,XX-Large","Rs
5499",4399,20% off,Westernwear-Women
8255,Stop,Womens printed pants - black,"Size:28,30,32,34,36",Nan,1499,No Discount,Westernwear-Women
8256,Kraus,Super skinny fit ankle length cotton blend womens jeans - dark blue,"Size:30,32","Rs
1895",947,50% off,Westernwear-Women
8257,And,Stripes round neck viscose womens straight top - powder blue,"Size:8,10,12,14,16,18",Nan,1599,No Discount,Westernwear-Women
8258,109f,Womens round neck lace top - birch,"Size:X-Large,XX-Large","Rs
2299",919,60% off,Westernwear-Women
8259,Latin quarters,Dyed rayon mandarin womens regular blouse - red,"Size:S,M,L,XL,XX-Large",Nan,1499,No Discount,Westernwear-Women
8260,Samshek,Solid one shoulder crepe womens bodycon dress - black,"Size:4X-Large,5X-Large,Large,Medium,Small,X-Large,X-Small,XX-Large,XX-Small,XXX-Large","Rs
2990",2093,30% off,Westernwear-Women
8261,Dolce crudo,Womens staying alive hooded sweatshirt - blue,"Size:Large,Medium,Small,X-Small","Rs
2299",1034,55% off,Westernwear-Women
8262,And,Checks polyester round neck womens a line top - navy,"Size:8,10","Rs
2299",1609,30% off,Westernwear-Women
8263,Faballey,Womens grey floral printed belt top - grey,Size:X-Small,"Rs
1400",700,50% off,Westernwear-Women
8264,Vero moda,Solid cotton round neck womens casual shirt - blue,"Size:Large,Medium,Small,X-Large,X-Small","Rs
2999",2399,20% off,Westernwear-Women
8265,Gipsy,Solid satin round neck womens regular fit top - blue,"Size:Large,X-Large","Rs
1495",747,50% off,Westernwear-Women
8266,Vero moda,Printed viscose v neck womens top - yellow,"Size:Large,Medium,Small,X-Large,X-Small","Rs
2599",2079,20% off,Westernwear-Women
8267,Emblaze,Solid round neck viscose womens dress - mustard,"Size:Large,Medium,Small,X-Large,X-Small,XX-Large",Nan,3000,No Discount,Westernwear-Women
8268,Allen solly tribe,Solid cotton round neck womens tank top - black,"Size:Large,Medium,Small,X-Large",Nan,899,No Discount,Westernwear-Women
8269,Faballey,Floral v neck georgette womens regular dresses - grey,"Size:X-Large,XX-Large","Rs
2800",1400,50% off,Westernwear-Women
8270,Adidas,Solid tight fit polyester womens track pants - blue,"Size:Large,Medium,Small,X-Large,X-Small","Rs
3299",2309,30% off,Westernwear-Women
8271,Faballey,Solid crepe collar neck womens regular top - green,Size:Small,"Rs
1600",800,50% off,Westernwear-Women
8272,Magre,Printed polyester blend womens dress - green,"Size:Small,X-Small","Rs
2190",985,55% off,Westernwear-Women
8273,Puma,Printed polyester slim fit womens casual wear tights - black,"Size:Large,Medium,Small,X-Large","Rs
2999",2099,30% off,Westernwear-Women
8274,Soie,Soft cotton regular fit womens sleep t-shirt - yellow,"Size:Large,Medium,Small,X-Large,XX-Large","Rs
590",442,25% off,Westernwear-Women
8275,Kraus,Skinny fit ankle length rayon blend womens jeggings - brick,"Size:28,30","Rs
1595",1116,30% off,Westernwear-Women
8276,Rare,Solid polyester mandarin womens jacket - tan,"Size:Large,Medium,Small","Rs
4599",1839,60% off,Westernwear-Women
8277,Gipsy,Solid polyester round neck womens blouson top - teal,"Size:Large,Medium,XX-Large","Rs
1795",1256,30% off,Westernwear-Women
8278,Faballey,Floral round neck georgette womens regular top - brown,Size:Small,"Rs
1500",750,50% off,Westernwear-Women
8279,Sera,Printed sweetheart neck polyester womens a-line dress - aqua,"Size:Large,Medium,Small,X-Large","Rs
1998",999,50% off,Westernwear-Women
8280,Faballey,Stripes georgette regular fit womens belted pants - natural,"Size:Small,X-Small","Rs
1800",900,50% off,Westernwear-Women
8281,Samshek,Solid georgette tie up neck womens casual wear shirt - white,"Size:4X-Large,5X-Large,Large,Medium,Small,X-Large,X-Small,XX-Large,XXX-Large","Rs
1890",1701,10% off,Westernwear-Women
8282,Madame,Structured polyester round neck womens regular top - peach,"Size:Large,Medium,Small,X-Large,XX-Large","Rs
999",699,30% off,Westernwear-Women
8283,Crimsoune club,Graphic poly cotton y neck womens t-shirt - pink,"Size:Large,Medium,XX-Large","Rs
599",419,30% off,Westernwear-Women
8284,Kraus,Regular fit regular womens jeans - blue,Size:28,"Rs
1895",947,50% off,Westernwear-Women
8285,Gipsy,Checked sleeveless cotton womens ankle length jumpsuit - natural,"Size:Medium,Small,X-Large",Nan,2795,No Discount,Westernwear-Women
8286,Emblaze,Womens black cowl top - black,"Size:Large,Medium,Small,X-Large,X-Small,XX-Large",Nan,2800,No Discount,Westernwear-Women
8287,Magre,Solid polyester blend regular fit womens casual pants - black,"Size:Large,X-Small","Rs
2290",1374,40% off,Westernwear-Women
8288,Kraus,Checks comfort fit rayon blend womens casual wear trousers - black grey,"Size:28,30,34","Rs
1695",1186,30% off,Westernwear-Women
8289,Global desi,Womens regular fit solid trousers - natural,"Size:Large,Medium,Small,X-Small","Rs
1999",1199,40% off,Westernwear-Women
8290,Gipsy,Womens notched neck floral print tunic - mustard,"Size:Medium,Small,XX-Large","Rs
1795",897,50% off,Westernwear-Women
8291,Faballey,Stripes sleeveless georgette womens longline jumpsuit - green,Size:X-Large,"Rs
2200",1100,50% off,Westernwear-Women
8292,Life,Printed round neck cotton blend womens sweatshirt - lilac,"Size:Large,Medium,Small,X-Large,X-Small","Rs
1299",649,50% off,Westernwear-Women
8293,And,Women v-neck solid fit and flare dress - pink,Size:8,"Rs
3299",1649,50% off,Westernwear-Women
8294,Samshek,Solid one shoulder polyester womens bodycon dress - black,"Size:4X-Large,5X-Large,Large,Medium,Small,X-Large,X-Small,XX-Large,XX-Small,XXX-Large","Rs
2990",2093,30% off,Westernwear-Women
8295,Crimsoune club,Solid cotton blend regular fit womens maxi skirt - natural,"Size:26,28,30,32","Rs
2999",2399,20% off,Westernwear-Women
8296,Stop,Solid polyester round neck womens regular fit top - navy,"Size:Large,Medium,Small,X-Large,XX-Large","Rs
999",499,50% off,Westernwear-Women
8297,Alcis,Slim fit polyester womens tights - black,"Size:Large,Medium,Small,X-Large",Nan,1799,No Discount,Westernwear-Women
8298,Zink london,Printed polyester v neck womens dress - peach,"Size:Large,Medium,Small,X-Large,XX-Large","Rs
2999",1799,40% off,Westernwear-Women
8299,Sera,Floral sweetheart neck rayon blend womens regular top - black,Size:Small,"Rs
1298",649,50% off,Westernwear-Women
8300,Van heusen,Poly blend regular fit womens active wear leggings - bottle green,"Size:Large,Medium,Small,X-Large",Nan,1249,No Discount,Westernwear-Women
8301,Yuris,Stripes sleeveless cotton womens full length jumpsuit - multi,"Size:Medium,Small,X-Large,X-Small,XX-Large","Rs
1899",949,50% off,Westernwear-Women
8302,And,Solid square neck womens casual dress - black,"Size:8,10,12,14",Nan,2199,No Discount,Westernwear-Women
8303,And,Womens cotton round neck dresses - natural,Size:8,"Rs
3799",1899,50% off,Westernwear-Women
8304,Life,Skinny fit ankle length cotton lycra womens jeans - light blue,"Size:26,28,30,32,34,36","Rs
1499",749,50% off,Westernwear-Women
8305,Zink london,Solid cotton regular fit womens shorts - pink,"Size:Large,Medium,Small,X-Large","Rs
1599",799,50% off,Westernwear-Women
8306,Zink london,Solid cotton v neck womens top - pink,"Size:Large,Medium,Small,X-Large","Rs
1799",1079,40% off,Westernwear-Women
8307,Latin quarters,Solid cotton round neck womens sweater - green,"Size:S,M,L,X-Small","Rs
1999",999,50% off,Westernwear-Women
8308,Insense,Solid regular neck polyester blend womens pullover - pink,"Size:Large,Medium,Small,X-Large,X-Small","Rs
899",449,50% off,Westernwear-Women
8309,And,Solid cotton v- neck women flared top - mid blue,Size:8,"Rs
1499",1049,30% off,Westernwear-Women
8310,Zink london,Acrylic women sweaters - coral,Size:Medium,"Rs
2999",1199,60% off,Westernwear-Women
8311,Miss chase,Solid v neck fleece womens casual jacket - off white,"Size:Small,X-Small",Nan,4599,No Discount,Westernwear-Women
8312,Miss chase,Solid fleece round neck womens relaxed fit dress - black,"Size:Medium,Small,X-Small",Nan,2995,No Discount,Westernwear-Women
8313,Zink london,Acrylic women sweaters - peach,"Size:Large,Medium,X-Large","Rs
3999",1599,60% off,Westernwear-Women
8314,Miss chase,Solid v-neck polyester womens regular fit dress - black,"Size:Large,Medium,Small,X-Large,X-Small",Nan,2999,No Discount,Westernwear-Women
8315,Rare,Solid cotton round neck womens regular fit top - black,"Size:Medium,Small","Rs
1299",584,55% off,Westernwear-Women
8316,Miss chase,Womens slim fit solid straight dress - red,"Size:Large,Medium,Small,X-Large,X-Small",Nan,1949,No Discount,Westernwear-Women
8317,Marie claire,Solid loose fit polyester womens casual pants - blue,Size:26,"Rs
1990",995,50% off,Westernwear-Women
8318,And,Solid polyester round neck women a line top - sage,Size:8,"Rs
1699",1359,20% off,Westernwear-Women
8319,Erotissch,Womens black & red snakeskin print open front jacket with satin finish - black,"Size:Large,Medium,Small,X-Large","Rs
4890",1956,60% off,Westernwear-Women
8320,Marie claire,Solid regular fit viscose rayon womens casual pants - khaki,Size:28,"Rs
1799",899,50% off,Westernwear-Women
8321,Miss chase,Solid cotton regular fit womens capri - grey,"Size:Large,Medium,Small,X-Large,X-Small,XX-Large",Nan,1199,No Discount,Westernwear-Women
8322,And,Solid polyester round neck women a line top - rust,"Size:8,10,12,14,16","Rs
1799",1169,35% off,Westernwear-Women
8323,109f,Womens round neck embroidered short dress - natural,"Size:Large,Small,X-Large",Nan,2599,No Discount,Westernwear-Women
8324,Alcis,Womens regular fit solid t-shirt - red,"Size:Large,Medium,X-Large",Nan,799,No Discount,Westernwear-Women
8325,Lovegen,Womens round neck printed top - light blue,"Size:Large,Medium,Small,X-Small","Rs
999",399,60% off,Westernwear-Women
8326,109f,Womens tie up neck solid top - cream,"Size:Large,Medium,X-Large,XX-Large,XXX-Large","Rs
1799",719,60% off,Westernwear-Women
8327,Is.u,Womens navy high neck top - navy,"Size:Large,Small,X-Small","Rs
2190",1095,50% off,Westernwear-Women
8328,Allen solly,Womens round neck solid flared dress - pink,Size:X-Small,"Rs
2799",1679,40% off,Westernwear-Women
8329,Zink london,Printed polyester regular fit womens top - lemon,Size:XX-Large,"Rs
1499",599,60% off,Westernwear-Women
8330,Zink london,Printed v-neck polyester womens a-line dress - blue,"Size:Small,X-Small","Rs
2299",919,60% off,Westernwear-Women
8331,Campus sutra,Solid cotton notched lapel womens coat - white,Size:Medium,Nan,4999,No Discount,Westernwear-Women
8332,Sera,Solid tie up neck���� polyester womens regular dress - blue,Size:Medium,"Rs
1898",949,50% off,Westernwear-Women
8333,Faballey,Embellished halter neck georgette womens regular top - blue,Size:Small,"Rs
1500",750,50% off,Westernwear-Women
8334,Enamor,Polyester stretch skinny fit womens track pants - acid green,"Size:XL,Large,Medium,Small,XX-Large","Rs
1699",1189,30% off,Westernwear-Women
8335,Faballey,Printed square neck satin womens mini dress - multi,"Size:Large,Medium,Small,XX-Large","Rs
1800",900,50% off,Westernwear-Women
8336,Faballey,Solid round neck polyester womens regular dresses - blue,"Size:Small,X-Small","Rs
1800",900,50% off,Westernwear-Women
8337,Crimsoune club,Womens super skinny fit solid jeans - blue,Size:34,"Rs
1799",899,50% off,Westernwear-Women
8338,Duke,Solid round neck nylon womens jacket - mustard,Size:Medium,Nan,2899,No Discount,Westernwear-Women
8339,Lovegen,Embellished round neck cotton stretch womens sweatshirt - black,Size:X-Large,"Rs
1499",1049,30% off,Westernwear-Women
8340,109f,Womens tie up neck printed top - navy,Size:X-Large,"Rs
999",399,60% off,Westernwear-Women
8341,Adidas,Solid fitted fit cotton womens tights - black,"Size:140,SIZE_164",Nan,1599,No Discount,Westernwear-Women
8342,Is.u,Womens black v-neck top - black,Size:X-Small,"Rs
2190",1095,50% off,Westernwear-Women
8343,Zink london,Printed polyester womens shift dress - pink,Size:Large,"Rs
2299",919,60% off,Westernwear-Women
8344,Faballey,Floral georgette v neck womens regular top - yellow,Size:X-Large,"Rs
1600",800,50% off,Westernwear-Women
8345,Latin quarters,Printed polyester v neck womens blouse - green,"Size:S,X-Small","Rs
1499",1049,30% off,Westernwear-Women
8346,And,Floral round neck rayon womens fit and flare dress - white,Size:12,Nan,3299,No Discount,Westernwear-Women
8347,Faballey,Printed sleeveless georgette womens regular length jumpsuit - white,"Size:Medium,Small","Rs
2500",1250,50% off,Westernwear-Women
8348,Latin quarters,Printed round neck polyester womens casual shirt - black,"Size:S,M","Rs
1399",979,30% off,Westernwear-Women
8349,Faballey,Polka dots v neck georgette womens regular top - peach,Size:Medium,"Rs
1400",700,50% off,Westernwear-Women
8350,Latin quarters,Printed key hole neck polyester womens a-line dress - ivory,"Size:S,M,XL",Nan,2799,No Discount,Westernwear-Women
8351,Kraus,Skinny fit full length cotton womens jeans - blue,"Size:28,30,36","Rs
1895",947,50% off,Westernwear-Women
8352,And,Solid slim fit rayon womens workwear pants - navy,"Size:26,28",Nan,1799,No Discount,Westernwear-Women
8353,Kraus,Skinny fit ankle length rayon blend womens treggings - baby pink,Size:30,"Rs
1595",797,50% off,Westernwear-Women
8354,Global desi,Floral three-quarter sleeves womens regular length jumpsuit - coral,"Size:Medium,X-Small","Rs
2399",1439,40% off,Westernwear-Women
8355,Iti,Womens ruffle zipper top - blue,Size:Small,Nan,1799,No Discount,Westernwear-Women
8356,Gipsy,Solid round neck polyester womens jacket - burgundy,"Size:Medium,XX-Large","Rs
3995",2796,30% off,Westernwear-Women
8357,109f,Womens printed casual shirt - black,Size:X-Small,"Rs
1799",719,60% off,Westernwear-Women
8358,Zink london,Solid off shoulder acrylic womens sweater - yellow,Size:Large,"Rs
2999",1199,60% off,Westernwear-Women
8359,Campus sutra,Womens solid sweatshirt - charcoal,Size:Large,Nan,1599,No Discount,Westernwear-Women
8360,And,Solid v-neck polyester womens casual dress - blue mix light,Size:12,"Rs
2899",1449,50% off,Westernwear-Women
8361,Zink london,Checks v neck acrylic womens sweaters - red,Size:Large,"Rs
3499",1399,60% off,Westernwear-Women
8362,Faballey,Solid square neck net womens shift dress - green,"Size:Large,Medium","Rs
1950",975,50% off,Westernwear-Women
8363,Faballey,Embellished georgette womens regular dress - blue,Size:X-Small,"Rs
2950",1475,50% off,Westernwear-Women
8364,Kraus,Skinny fit ankle length cotton womens jeans - grey,Size:30,"Rs
1795",897,50% off,Westernwear-Women
8365,Iti,Womens embellished cape dress - blue,Size:X-Small,Nan,1999,No Discount,Westernwear-Women
8366,Gipsy,Embroidered cotton blend round neck womens top - mango,Size:Large,Nan,1995,No Discount,Westernwear-Women
8367,Faballey,Solid v neck polyester blend womens regular dresses - black,"Size:Medium,Small","Rs
2400",1200,50% off,Westernwear-Women
8368,Crimsoune club,Womens red checked shirt - red,Size:Large,"Rs
1499",899,40% off,Westernwear-Women
8369,Faballey,Solid sweetheart neck georgette womens regular top - black,"Size:Small,X-Small","Rs
1600",800,50% off,Westernwear-Women
8370,Kraus,Embroidered cotton blend tie up neck� womens top - salmon,"Size:Medium,Small","Rs
1399",699,50% off,Westernwear-Women
8371,Gipsy,Solid hood polyester womens casual jacket - bottle green,Size:Medium,"Rs
4395",3076,30% off,Westernwear-Women
8372,Latin quarters,Dyed round neck polyester womens regular knit top - grey,"Size:M,XL","Rs
1699",849,50% off,Westernwear-Women
8373,Iti,Womens purple tiered maxi - purple,Size:Medium,Nan,2699,No Discount,Westernwear-Women
8374,Campus sutra,Womens knit regular fit shirt - royal blue,"Size:Medium,Small",Nan,1499,No Discount,Westernwear-Women
8375,Crimsoune club,Womens super skinny fit solid jeans - blue,Size:26,"Rs
1999",799,60% off,Westernwear-Women
8376,109f,Womens round neck solid top - green,"Size:Large,X-Large","Rs
1399",559,60% off,Westernwear-Women
8377,Dolce crudo,Womens after the storm jeggings - blue,Size:26,"Rs
2199",879,60% off,Westernwear-Women
8378,And,Floral viscose rayon v-neck womens top - white,Size:8,"Rs
1899",1329,30% off,Westernwear-Women
8379,And,Checks rayon square neck women straight tops - black mix,"Size:8,10,14,16","Rs
1499",1049,30% off,Westernwear-Women
8380,And,Solid polyester boat neck womens a-line top - black,"Size:8,10","Rs
1499",749,50% off,Westernwear-Women
8381,Latin quarters,Solid nylon stretch regular fit womens leggings - blue,"Size:S,M,L,XL","Rs
1499",749,50% off,Westernwear-Women
8382,Latin quarters,Solid acrylic round neck womens sweater - mustard,"Size:S,M,L","Rs
2299",1609,30% off,Westernwear-Women
8383,Zink london,Colour blocked round neck acrylic womens sweater - green,"Size:Large,Medium","Rs
2999",1199,60% off,Westernwear-Women
8384,Latin quarters,Printed polyester collar neck womens casual jacket - pink,"Size:S,M,L,XL","Rs
4699",2349,50% off,Westernwear-Women
8385,Rare,Solid cotton round neck womens regular fit top - green,"Size:Medium,Small","Rs
1299",584,55% off,Westernwear-Women
8386,Marie claire,Printed square neck viscose rayon womens casual dress - off white,Size:Medium,"Rs
2199",989,55% off,Westernwear-Women
8387,Miss chase,Womens regular fit printed straight dress - multi,Size:Large,Nan,1699,No Discount,Westernwear-Women
8388,And,Floral square neck viscose women flared dress - sage,Size:8,"Rs
2899",2029,30% off,Westernwear-Women
8389,Cover story,Solid cotton v-neck women crochet women top - green,Size:Medium,"Rs
1590",990,38% off,Westernwear-Women
8390,Marie claire,Solid polyester square neck womens top - peach,"Size:Large,Small","Rs
1499",674,55% off,Westernwear-Women
8391,Rare,Striped polyester square neck womens regular fit top - multi,Size:Large,"Rs
1499",599,60% off,Westernwear-Women
8392,Dolce crudo,Solid notch collar fleece womens casual wear jacket - mustard,"Size:Medium,Small,X-Small","Rs
4995",1998,60% off,Westernwear-Women
8393,Life,Womens 5 pocket stone wash contrasting seams jeans - grey,"Size:30,36",Nan,1799,No Discount,Westernwear-Women
8394,Dolce crudo,Womens fast feeling colourblock jacket - multi,"Size:Large,Medium,Small,X-Small","Rs
2499",1249,50% off,Westernwear-Women
8395,109f,Solid polyester halter neck womens top - fuschia,"Size:Large,Medium,X-Large,XX-Large",Nan,1499,No Discount,Westernwear-Women
8396,Zink london,Solid polyester blend square neck womens top - yellow,"Size:Large,Medium,Small,X-Large","Rs
1399",1119,20% off,Westernwear-Women
8397,Samshek,Printed v-neck satin womens regular dress - multi,"Size:4X-Large,5X-Large,Large,Medium,Small,X-Large,X-Small,XX-Large,XX-Small,XXX-Large","Rs
2990",2392,20% off,Westernwear-Women
8398,Life,Solid regular neck acrylic womens pullover - mustard,"Size:Large,Medium,Small,X-Large,X-Small,XX-Large","Rs
1999",999,50% off,Westernwear-Women
8399,Enamor,Cotton blend compression fit womens active wear track pants - fir green,"Size:XL,Large,Medium,Small,XX-Large",Nan,1399,No Discount,Westernwear-Women
8400,Allen solly tribe,Regular fit regular length cotton womens leggings - ltgrey,"Size:28,30,32,34",Nan,1299,No Discount,Westernwear-Women
8401,Is.u,Printed cotton blend square neck womens regular fit top - yellow,"Size:Large,Medium,Small,X-Small","Rs
2190",1095,50% off,Westernwear-Women
8402,Only,Solid polyester - recycled round neck womens pullover - natural,Size:X-Large,"Rs
3499",1749,50% off,Westernwear-Women
8403,Adidas,Slim fit polyester womens tights - black,"Size:116,128,140,SIZE_152,SIZE_164,SIZE_170",Nan,2699,No Discount,Westernwear-Women
8404,Lovegen,Solid collared neck cotton womens casual jacket - light blue,"Size:Medium,Small,X-Small","Rs
2599",1299,50% off,Westernwear-Women
8405,Spykar,Regular fit regular cotton lycra womens jeans - light blue,"Size:26,28,30,32,34,36","Rs
2699",1889,30% off,Westernwear-Women
8406,Only,Solid linen collar neck womens casual shirt - blue,"Size:Large,Medium,Small,X-Large,X-Small","Rs
2499",1749,30% off,Westernwear-Women
8407,Faballey,Printed georgette square neck womens regular top - pink,"Size:Large,Medium,Small,X-Small","Rs
1400",1120,20% off,Westernwear-Women
8408,High star,Womens basic slim fit 5 pocket jeans - black,"Size:30,32,34,36",Nan,2099,No Discount,Westernwear-Women
8409,Gipsy,Solid viscose rayon round neck womens top - mango,"Size:Large,Medium,XX-Large","Rs
1495",1046,30% off,Westernwear-Women
8410,Adidas,Solid crew neck polyester womens t-shirt - green,"Size:Large,Medium,Small,X-Large,X-Small","Rs
2299",1609,30% off,Westernwear-Women
8411,Samshek,Solid v neck polyester womens bodycon dress - burgundy,"Size:4X-Large,5X-Large,Large,Medium,Small,X-Large,X-Small,XX-Large,XX-Small,XXX-Large","Rs
2990",2392,20% off,Westernwear-Women
8412,109f,Womens notched neck embroidered top - cream,"Size:X-Large,XX-Large,XXX-Large","Rs
1699",679,60% off,Westernwear-Women
8413,Indian terrain,Solid cotton round neck womens t-shirt - green,"Size:Large,Medium,Small,X-Large,X-Small",Nan,1299,No Discount,Westernwear-Women
8414,Vero moda,Printed cotton collar neck womens shirt - blue,"Size:Large,Medium,Small,X-Large,X-Small","Rs
3299",2309,30% off,Westernwear-Women
8415,Zink london,Printed collar neck polyester womens maxi dress - white,"Size:Large,Medium,Small,X-Large,X-Small","Rs
2899",1739,40% off,Westernwear-Women
8416,Gipsy,Solid hooded neck polyester womens casual jacket - grey,Size:Small,"Rs
4195",2936,30% off,Westernwear-Women
8417,Dolce crudo,Womens boxy fit teenage dream zip up hooded crop sweatshirt - navy,"Size:Large,Medium,X-Large,X-Small","Rs
1949",877,55% off,Westernwear-Women
8418,Vero moda,Solid polyester slim fit womens pants - green,"Size:Large,Medium,Small,X-Large,X-Small","Rs
3499",2449,30% off,Westernwear-Women
8419,Crimsoune club,Skinny ankle length cotton blend womens jeans - blue,"Size:26,28,30,32,34","Rs
2499",1499,40% off,Westernwear-Women
8420,Stop,Regular fit full length acrylic womens leggings - grey,"Size:Large,Medium,Small","Rs
1299",649,50% off,Westernwear-Women
8421,Puma,Cotton mid rise relaxed fit womens athleisure pants - pink,"Size:Large,Medium,Small,X-Large,X-Small","Rs
3999",2799,30% off,Westernwear-Women
8422,Campus sutra,Womens solid hooded sweatshirt - denim,"Size:Small,X-Large",Nan,1399,No Discount,Westernwear-Women
8423,Adidas,Printed polyester fitted womens casual tights - black,"Size:Large,Medium,Small,X-Large","Rs
4999",3499,30% off,Westernwear-Women
8424,109f,Checks polyester blend collar neck womens casual shirt - black,"Size:Large,Medium,Small,X-Large,XX-Large",Nan,1699,No Discount,Westernwear-Women
8425,Kraus,Stripes round neck cotton blend womens t-shirt - off white,"Size:Large,Medium,Small,X-Large,X-Small","Rs
999",699,30% off,Westernwear-Women
8426,Madame,Graphic cotton blend round neck womens regular top - white,"Size:Large,Medium,Small,X-Large,XX-Large,XXX-Large",Nan,1299,No Discount,Westernwear-Women
8427,Stop,Regular fit full length acrylic womens leggings - fuchsia,"Size:Large,Medium,Small,X-Large,XX-Large","Rs
1299",649,50% off,Westernwear-Women
8428,Samshek,Solid polyester square neck womens bodycon top - white,"Size:4X-Large,5X-Large,Large,Medium,Small,X-Large,X-Small,XX-Large,XX-Small,XXX-Large","Rs
1990",1592,20% off,Westernwear-Women
8429,Iti,Womens embellished cape top - peach,"Size:Large,Medium,Small",Nan,1699,No Discount,Westernwear-Women
8430,Samshek,Solid sweetheart neck crepe womens regular dress - white,"Size:4X-Large,5X-Large,Large,Medium,Small,X-Large,X-Small,XX-Large,XX-Small,XXX-Large",Nan,2999,No Discount,Westernwear-Women
8431,Spykar,Stripes cotton womens casual wear shirt - white,"Size:Large,Medium,Small,X-Large","Rs
1699",1189,30% off,Westernwear-Women
8432,109f,Womens round neck self printed top - yellow,"Size:Large,Medium,Small,X-Large,XX-Large","Rs
1299",519,60% off,Westernwear-Women
8433,Faballey,Floral georgette square neck womens top - white,"Size:Large,Medium,Small,X-Large,X-Small","Rs
1200",960,20% off,Westernwear-Women
8434,Spykar,Regular fit regular cotton lycra womens jeans - black,"Size:26,28,30,32,34,36","Rs
2599",1819,30% off,Westernwear-Women
8435,Jockey,Cotton elastane womens t-shirt - blue melange,Size:Error Size,Nan,549,No Discount,Westernwear-Women
8436,Vero moda,Stripes cotton round neck womens  t-shirts - blue,"Size:Large,Medium,Small,X-Large,X-Small","Rs
1599",1119,30% off,Westernwear-Women
8437,Kraus,Floral cotton round neck womens top - print,"Size:Medium,Small,X-Small","Rs
1199",1079,10% off,Westernwear-Women
8438,W,Printed sleeveless cotton flex womens full length jumpsuit - ecru,"Size:6,8,10,12,14,16,18",Nan,3799,No Discount,Westernwear-Women
8439,Puma,Printed cotton regular fit womens casual wear track pants - red,"Size:Large,Medium,Small,X-Large","Rs
2799",1959,30% off,Westernwear-Women
8440,Faballey,Floral georgette round neck womens blouse - black,"Size:Medium,Small,X-Large,X-Small","Rs
1400",1120,20% off,Westernwear-Women
8441,Kraus,Solid rayon blend comfort fit womens casual trousers - baby pink,"Size:28,30,32,34,36","Rs
1695",1186,30% off,Westernwear-Women
8442,Vero moda,Printed boat neck viscose womens  dresses - green,"Size:Large,Medium,Small,X-Large,X-Small",Nan,3799,No Discount,Westernwear-Women
8443,Madame,Womens 2 pocket checked jeggings - black,"Size:26,28,30,32,34","Rs
2399",1199,50% off,Westernwear-Women
8444,Spykar,Regular fit regular cotton lycra womens jeans - white,"Size:28,30,32,34","Rs
2899",2029,30% off,Westernwear-Women
8445,Vero moda,Printed viscose wide fit womens culottes - natural,"Size:Large,Medium,Small,X-Large,X-Small","Rs
2799",2239,20% off,Westernwear-Women
8446,Zink london,Solid cotton regular womens casual shorts - yellow,"Size:Large,Medium,Small,X-Large","Rs
1599",959,40% off,Westernwear-Women
8447,Sera,Floral cotton round neck womens sweatshirt - grey melange,"Size:Large,Medium,Small,X-Large","Rs
1899",759,60% off,Westernwear-Women
8448,Global desi,Geometric half sleeves viscose womens full length jumpsuit - pink,"Size:Large,Medium,Small","Rs
3299",2639,20% off,Westernwear-Women
8449,De moza,Regular fit regular length polyester womens skirt - bottle green,"Size:Large,Medium,Small,X-Large,XX-Large",Nan,1999,No Discount,Westernwear-Women
8450,Latin quarters,Solid mandarin nylon womens regular dress - rust,"Size:S,M,L,X-Small","Rs
1899",799,58% off,Westernwear-Women
8451,Vero moda,Printed cotton round neck womens  t-shirts - pink,"Size:Large,Medium,Small,X-Large,X-Small","Rs
2299",1379,40% off,Westernwear-Women
8452,Enamor,Cotton blend womens active wear track pants - mastic thread dark stone,"Size:XL,Large,Medium,Small,XX-Large","Rs
1049",734,30% off,Westernwear-Women
8453,Gipsy,Printed polyester round neck womens tunic - purple,"Size:Large,Medium,Small,X-Large,XX-Large","Rs
1595",1116,30% off,Westernwear-Women
8454,Emblaze,Solid satin round neck womens top - black,"Size:Large,Medium,Small,X-Small",Nan,3500,No Discount,Westernwear-Women
8455,Puma,Printed polyester crew neck womens t-shirt - black,"Size:Large,Medium,Small,X-Large","Rs
3499",2449,30% off,Westernwear-Women
8456,Spykar,Solid cotton blend round neck womens regular t-shirt - orange,"Size:Large,Medium,Small,X-Large,XX-Large","Rs
1299",909,30% off,Westernwear-Women
8457,Jealous 21,Super skinny fit ankle length denim womens jeans - dark grey,"Size:26,28,30,32,34,36",Nan,2199,No Discount,Westernwear-Women
8458,Cover story,Solid cotton spandex round neck womens t-shirt - navy,"Size:Medium,Small,X-Small","Rs
990",690,30% off,Westernwear-Women
8459,Faballey,Embellished sleeveless crepe womens regular length jumpsuit - green,"Size:Large,Medium,Small,X-Large,X-Small","Rs
2400",1920,20% off,Westernwear-Women
8460,Emblaze,Embroidered velvet boat neck womens straight top - black,"Size:Large,Medium,Small,X-Large,X-Small,XX-Large",Nan,3000,No Discount,Westernwear-Women
8461,And,Solid straight fit cotton womens fusion wear trousers - dark blue,"Size:26,28,30,32,34,36",Nan,2499,No Discount,Westernwear-Women
8462,Zink london,Stripes cotton u neck womens top - multi,"Size:Large,Medium,Small,X-Large","Rs
1299",779,40% off,Westernwear-Women
8463,Dolce crudo,Solid fleece and rib round neck womens sweatshirt - black,"Size:Large,Medium,Small,X-Large,X-Small","Rs
2449",979,60% off,Westernwear-Women
8464,Lovegen,Womens round neck graphic print t-shirt - white,Size:X-Large,"Rs
699",419,40% off,Westernwear-Women
8465,Magre,Printed georgette v neck womens top - dark blue,"Size:Large,Medium,Small,X-Small","Rs
1790",1163,35% off,Westernwear-Women
8466,Vero moda,Textured polyester round neck womens  tops - white,"Size:Large,Medium,Small,X-Large,X-Small","Rs
2599",2079,20% off,Westernwear-Women
8467,Crimsoune club,Womens blue solid denim - blue,"Size:26,32,34,36","Rs
2199",1319,40% off,Westernwear-Women
8468,Vero moda,Solid polyester off shoulder womens  tops - lavender,"Size:Large,Medium,Small,X-Large,X-Small","Rs
1999",1199,40% off,Westernwear-Women
8469,Sera,Floral tie up neck���� polyester womens regular dress - purple,"Size:Large,Medium,Small,X-Large","Rs
1898",949,50% off,Westernwear-Women
8470,Van heusen,Cotton stretch slim fit womens t-shirt - dark slate,"Size:Large,Medium,Small,X-Large",Nan,859,No Discount,Westernwear-Women
8471,Pepe,Stripes viscose linen round neck womens top - blue,"Size:Large,Medium,Small,X-Large","Rs
1999",1199,40% off,Westernwear-Women
8472,Emblaze,Solid viscose round neck womens top - natural,"Size:Large,Medium,Small,X-Large,X-Small,XX-Large",Nan,2400,No Discount,Westernwear-Women
8473,Crimsoune club,Stripes y neck polyester womens dresses - navy,"Size:Large,Medium,Small,X-Large,XX-Large","Rs
2499",1249,50% off,Westernwear-Women
8474,Jockey,Womens round neck slub t-shirt - pink,Size:Error Size,Nan,439,No Discount,Westernwear-Women
8475,Faballey,Geometric crepe square neck womens top - pink,"Size:Large,Medium,Small,X-Large,X-Small","Rs
1500",1200,20% off,Westernwear-Women
8476,Crimsoune club,Skinny ankle length cotton blend womens jeans - blue,"Size:26,28,30,32,34,36","Rs
1999",999,50% off,Westernwear-Women
8477,Global desi,Geometric viscose round neck womens straight top - natural,"Size:XL,Large,Medium,Small,X-Small","Rs
1499",749,50% off,Westernwear-Women
8478,Sera,Solid v neck polyester womens top - yellow,"Size:Large,Medium,Small,X-Large","Rs
1298",649,50% off,Westernwear-Women
8479,Global desi,Solid sleeveless viscose womens full length jumpsuit - purple,"Size:Medium,Small,X-Small","Rs
2699",2159,20% off,Westernwear-Women
8480,Latin quarters,Solid u-neck polyester womens regular dress - black,"Size:S,M,L,XL,XX-Large",Nan,2999,No Discount,Westernwear-Women
8481,Latin quarters,Dyed polyester mandarin womens casual jacket - maroon,"Size:S,M,L,XL","Rs
3999",2799,30% off,Westernwear-Women
8482,Latin quarters,Solid polyester collar neck womens casual jacket - natural,"Size:S,M,XL","Rs
4999",3499,30% off,Westernwear-Women
8483,Zink london,Solid polyester off shoulder womens regular fit top - blue,"Size:Large,Medium,Small,X-Large,X-Small,XX-Large","Rs
1599",639,60% off,Westernwear-Women
8484,Marie claire,Solid shoulder straps polyester womens casual dress - maroon,"Size:Large,Medium,Small,X-Large,X-Small","Rs
2699",1349,50% off,Westernwear-Women
8485,Miss chase,Floral sleeveless georgette crepe womens regular length jumpsuits - multi,"Size:Large,Small,X-Small",Nan,2749,No Discount,Westernwear-Women
8486,Ira soleil,Printed v neck dupion womens regular jacket - black,"Size:Large,Medium,Small,X-Large",Nan,1998,No Discount,Westernwear-Women
8487,Miss chase,Solid v neck fleece and rib womens casual jacket - maroon,"Size:Large,Medium,Small,X-Large",Nan,2449,No Discount,Westernwear-Women
8488,Marie claire,Striped polyester sweetheart neck womens top - black,"Size:Large,Medium,Small,X-Large,X-Small","Rs
1499",674,55% off,Westernwear-Women
8489,Rare,Printed polyester round neck womens regular fit top - yellow,"Size:Large,Medium,Small,X-Large","Rs
1599",639,60% off,Westernwear-Women
8490,Miss chase,Womens regular fit solid jacket - light blue,"Size:Large,Medium,Small,X-Large,X-Small",Nan,2299,No Discount,Westernwear-Women
8491,And,Womens stripes v-neck fit and flare dress - cream,Size:20,Nan,2999,No Discount,Westernwear-Women
8492,Global desi,Geometric full sleeves viscose womens full length jumpsuit - maroon,"Size:Medium,Small,X-Small","Rs
2899",1884,35% off,Westernwear-Women
8493,Sera,Womens regular fit printed shorts - navy,"Size:Large,X-Large","Rs
1094",437,60% off,Westernwear-Women
8494,Madame,Solid round neck polyester womens regular top - wine,Size:Small,"Rs
2199",1319,40% off,Westernwear-Women
8495,And,Solid linen mandarin collar womens a-line top - rosewood,"Size:8,10","Rs
1899",1329,30% off,Westernwear-Women
8496,Global desi,Geometric 3/4 sleeves polyester women 3/4 length jumpsuits - indigo,Size:Small,"Rs
4299",2794,35% off,Westernwear-Women
8497,Crimsoune club,Printed lyocell round neck womens top - yellow,"Size:Large,Medium,XX-Large","Rs
1399",839,40% off,Westernwear-Women
8498,Global desi,Solid key hole neck womens top - navy,Size:X-Small,"Rs
1599",959,40% off,Westernwear-Women
8499,Iti,Womens olive ruffled shirt - green,"Size:Small,X-Small",Nan,1799,No Discount,Westernwear-Women
8500,Faballey,Solid acrylic round neck womens sweater - maroon,Size:Medium,"Rs
1950",975,50% off,Westernwear-Women
8501,Faballey,Polka dots round neck georgette womens straight fit dress - blue,"Size:Small,X-Large","Rs
2250",1125,50% off,Westernwear-Women
8502,Crimsoune club,Womens navy blue striped parallel trousers - navy,"Size:Large,X-Large","Rs
1999",999,50% off,Westernwear-Women
8503,Latin quarters,Solid v neck cotton stretch womens regular dress - orange,"Size:S,L,X-Small","Rs
2299",1149,50% off,Westernwear-Women
8504,Campus sutra,Printed cotton round neck womens top - green,"Size:Medium,Small",Nan,999,No Discount,Westernwear-Women
8505,Iti,Womens yellow overlap strappy maxi - yellow,"Size:Small,X-Small",Nan,2299,No Discount,Westernwear-Women
8506,And,Floral v neck polyester womens bodycon gown - green,Size:8,"Rs
3499",2449,30% off,Westernwear-Women
8507,Crimsoune club,Womens beige printed t-shirt - natural,"Size:Large,Medium,X-Large","Rs
999",499,50% off,Westernwear-Women
8508,Cover story,Solid viscose polyester nylon collar neck womens sweater - lilac,Size:Small,"Rs
2890",2023,30% off,Westernwear-Women
8509,Fila,Cotton regular fit womens track pants - black,Size:Medium,Nan,2099,No Discount,Westernwear-Women
8510,Madame,Womens v neck solid jumpsuit - navy,Size:X-Large,"Rs
3299",1649,50% off,Westernwear-Women
8511,Faballey,Solid sweetheart neck polyester blend womens a-line dress - blue,Size:Large,"Rs
2100",1050,50% off,Westernwear-Women
8512,Faballey,Abstract georgette round neck womens tiered dress - natural,Size:Large,"Rs
2500",1250,50% off,Westernwear-Women
8513,Indya,Stripes cotton regular fit womens calf length jumpsuit - grey,Size:Small,Nan,1950,No Discount,Westernwear-Women
8514,Iti,Womens red pleated top - red,"Size:Medium,Small",Nan,1699,No Discount,Westernwear-Women
8515,Dolce crudo,Womens count on me color-block t-shirt - multi,"Size:Small,X-Small","Rs
1249",624,50% off,Westernwear-Women
8516,Iti,Womens olive embellished flowy maxi - green,Size:X-Small,Nan,2999,No Discount,Westernwear-Women
8517,Crimsoune club,Womens slim fit printed t-shirt - blue,"Size:Large,X-Large,XX-Large","Rs
999",499,50% off,Westernwear-Women
8518,Allen solly,Solid polyester round neck womens top - light blue,"Size:Medium,XX-Large","Rs
1699",1019,40% off,Westernwear-Women
8519,Faballey,Stripes cotton collared womens midi dress - blue,"Size:Small,X-Small","Rs
2100",1050,50% off,Westernwear-Women
8520,Dolce crudo,Womens journal secrets crop treggings - navy,Size:X-Small,"Rs
2049",922,55% off,Westernwear-Women
8521,Sera,Floral sweetheart neck rayon blend womens regular top - black,"Size:Large,Medium","Rs
1398",629,55% off,Westernwear-Women
8522,Enamor,Cotton activewear womens track pants - grey cast,"Size:XL,Large,Small","Rs
899",629,30% off,Westernwear-Women
8523,And,Printed polyester womens fit and flare dress - yellow,"Size:10,12","Rs
3099",2479,20% off,Westernwear-Women
8524,Gipsy,Solid polyester choker neck womens top - navy,"Size:Large,Medium","Rs
1895",1326,30% off,Westernwear-Women
8525,Indya,Printed silk collar neck womens festive wear shrug - indigo,Size:Small,Nan,2400,No Discount,Westernwear-Women
8526,Van heusen,Solid viscose round neck womens top - navy,Size:Small,"Rs
1299",999,23% off,Westernwear-Women
8527,Crimsoune club,Womens slim fit checks shirt - blue,"Size:Large,X-Large","Rs
1399",699,50% off,Westernwear-Women
8528,And,Printed polyester square neck womens peplum top - yellow,"Size:10,12,14","Rs
1899",1519,20% off,Westernwear-Women
8529,Van heusen,Solid turtle neck viscose blend womens top - navy,"Size:Large,Medium,X-Large","Rs
1999",1499,25% off,Westernwear-Women
8530,Crimsoune club,Womens slim fit solid shirt - blue,Size:Medium,"Rs
1599",1119,30% off,Westernwear-Women
8531,Kraus,Skinny ankle length cotton blend womens regular jeans - mid blue,Size:28,"Rs
1895",947,50% off,Westernwear-Women
8532,Crimsoune club,Womens white striped parallel trousers - white,"Size:Large,Medium,X-Large","Rs
1999",999,50% off,Westernwear-Women
8533,Global desi,Solid short sleeves viscose womens full length jumpsuit - dark blue,"Size:Medium,Small,X-Small","Rs
3099",2014,35% off,Westernwear-Women
8534,Campus sutra,Solid v neck cotton womens regular fit dress - blue,Size:Small,Nan,1899,No Discount,Westernwear-Women
8535,Vero moda,Checks shoulder strap viscose womens top - white,"Size:Medium,Small","Rs
2599",1299,50% off,Westernwear-Women
8536,Zink london,Printed scoop neck polyester womens dresses - black,Size:Medium,"Rs
2799",1119,60% off,Westernwear-Women
8537,Faballey,Floral georgette v neck womens dress - white,"Size:Large,Medium,Small","Rs
2100",1050,50% off,Westernwear-Women
8538,Crimsoune club,Womens slim fit printed top - blue,"Size:Large,X-Large","Rs
1399",1119,20% off,Westernwear-Women
8539,And,Solid flared linen womens casual wear pants - blue mix light,"Size:28,30,32,34",Nan,2299,No Discount,Westernwear-Women
8540,Monte carlo,Designer blend wool round neck womens top - rust,"Size:38,42",Nan,1545,No Discount,Westernwear-Women
8541,Life,Solid regular neck acrylic womens pullover - lilac,"Size:Medium,Small,X-Large","Rs
1699",849,50% off,Westernwear-Women
8542,Global desi,Ethnic motifs sleeveless polyester womens full length jumpsuit - brown,"Size:Large,Small","Rs
2999",2099,30% off,Westernwear-Women
8543,And,Solid square neck polyester women bodycon dress - black,"Size:12,14",Nan,2299,No Discount,Westernwear-Women
8544,Zink london,Womens checks shirt collar shift midi dress - multi,"Size:Large,X-Large,XX-Large","Rs
2399",959,60% off,Westernwear-Women
8545,Latin quarters,Dyed round neck polyester womens regular blouse - black,"Size:M,XL","Rs
1699",849,50% off,Westernwear-Women
8546,Latin quarters,Solid pu mandarin womens casual jacket - black,"Size:S,M,L","Rs
4799",3359,30% off,Westernwear-Women
8547,Latin quarters,Solid pu mandarin womens casual jacket - green,"Size:S,M,L","Rs
4799",3359,30% off,Westernwear-Women
8548,Zink london,Acrylic women sweaters - red,Size:Small,"Rs
2499",999,60% off,Westernwear-Women
8549,And,Floral round neck polyester women flared dress - red,Size:8,"Rs
2899",2029,30% off,Westernwear-Women
8550,And,Solid tapered linen women work wear trouser - olive,"Size:26,28,30,32,34,36",Nan,2199,No Discount,Westernwear-Women
8551,Cover story,Solid regular fit linen women casual women trousers - navy,Size:28,"Rs
2790",1674,40% off,Westernwear-Women
8552,Kraus,Solid cotton hood women regular t-shirt - anthra melange,Size:Small,"Rs
1599",799,50% off,Westernwear-Women
8553,Zink london,Polyester women regular top - yellow,Size:Small,"Rs
2499",999,60% off,Westernwear-Women
8554,Miss chase,Solid v neck fleece womens casual jacket - olive,Size:X-Small,Nan,4995,No Discount,Westernwear-Women
8555,Zink london,Solid shirt collar polyester women coats - tan,Size:Large,"Rs
4999",1999,60% off,Westernwear-Women
8556,Monte carlo,Printed blend poly hood womens sweatshirt - green,"Size:38,40,42",Nan,2445,No Discount,Westernwear-Women
8557,Iti,Womens embellished navy blue dress - blue,Size:Large,Nan,1899,No Discount,Westernwear-Women
8558,Adidas,Solid polyester crew neck womens t-shirt - purple,"Size:Medium,X-Large","Rs
2999",2099,30% off,Westernwear-Women
8559,Samshek,Solid square neck crepe womens regular dress - black,"Size:4X-Large,5X-Large,Large,Medium,Small,X-Large,X-Small,XX-Large,XX-Small,XXX-Large","Rs
2690",2152,20% off,Westernwear-Women
8560,Van heusen,Solid cotton round neck womens top - black,"Size:Medium,Small",Nan,899,No Discount,Westernwear-Women
8561,109f,Printed round neck rayon womens top - red,"Size:Large,Medium,Small",Nan,1499,No Discount,Westernwear-Women
8562,Dolce crudo,Solid hood loopknit and single jersey womens casual wear jacket - multi,"Size:Large,Medium,Small,X-Large,X-Small","Rs
3099",1239,60% off,Westernwear-Women
8563,Is.u,Womens indigo high rise skinny jeans - indigo,Size:26,"Rs
2490",1245,50% off,Westernwear-Women
8564,Gipsy,Checked cotton blend v-neck womens top - black,"Size:Large,Small,XX-Large",Nan,1395,No Discount,Westernwear-Women
8565,Sera,Womens regular fit printed round neck sweatshirt - pink,"Size:Large,X-Large","Rs
1899",759,60% off,Westernwear-Women
8566,Is.u,Solid cotton round neck womens top - black,"Size:Large,Medium,Small,X-Large,X-Small,XX-Large","Rs
1490",745,50% off,Westernwear-Women
8567,Crimsoune club,Solid cotton linen blend collar neck womens shirt - green,Size:XX-Large,"Rs
1499",1049,30% off,Westernwear-Women
8568,Sera,Printed square neck polyester womens a-line dress - blue,Size:Small,"Rs
1998",999,50% off,Westernwear-Women
8569,Samshek,Solid one shoulder polyester womens regular dress - white,"Size:4X-Large,5X-Large,Large,Medium,Small,X-Large,X-Small,XX-Large,XXX-Large","Rs
2490",1743,30% off,Westernwear-Women
8570,Proline,Polyester regular fit womens leggings - grey,"Size:Large,Medium,Small,X-Large","Rs
1299",909,30% off,Westernwear-Women
8571,Vero moda,Printed viscose shoulder straps womens dress - green,"Size:Large,Medium,Small,X-Large,X-Small","Rs
2799",1679,40% off,Westernwear-Women
8572,Zink london,Colour blocked collar neck acrylic womens sweaters - maroon,"Size:Large,Medium,Small,X-Large","Rs
3299",1319,60% off,Westernwear-Women
8573,Allen solly,Solid polyester regular fit womens trousers - black,"Size:26,28,30,32,34,36","Rs
1999",1199,40% off,Westernwear-Women
8574,Allen solly,Regular fit full length polyester cotton womens jeans - ltgrey,Size:26,"Rs
1999",1199,40% off,Westernwear-Women
8575,109f,Womens round neck slub top - yellow,"Size:Large,Medium,Small","Rs
1499",599,60% off,Westernwear-Women
8576,Dolce crudo,Womens dance to this high waist treggings - blue,Size:X-Small,"Rs
2199",989,55% off,Westernwear-Women
8577,Madame,Womens v neck stripe tie up jumpsuit - blush,Size:XX-Large,"Rs
2699",1349,50% off,Westernwear-Women
8578,Vero moda,Solid viscose round neck womens  tops - purple,"Size:Large,Medium,Small,X-Large,X-Small",Nan,2299,No Discount,Westernwear-Women
8579,Samshek,Printed satin v neck womens regular top - multi,"Size:4X-Large,5X-Large,Large,Medium,Small,X-Large,X-Small,XX-Large,XX-Small,XXX-Large",Nan,1390,No Discount,Westernwear-Women
8580,And,Solid v-neck viscose womens casual dress - blue,"Size:10,14,16",Nan,2399,No Discount,Westernwear-Women
8581,Enamor,Cotton blend activewear womens track pants - grey,"Size:XL,Large,Medium,Small",Nan,849,No Discount,Westernwear-Women
8582,Adidas,Striped slim fit polyester womens shorts - black,"Size:Large,Medium,Small,X-Large,X-Small","Rs
2499",1249,50% off,Westernwear-Women
8583,Is.u,Womens black pleated midi skirt - black,"Size:26,32","Rs
2190",1095,50% off,Westernwear-Women
8584,109f,Womens off shoulder checked top - blue,"Size:Large,X-Large",Nan,1499,No Discount,Westernwear-Women
8585,Forever new,Polka dots collar neck viscose womens regular top - print,"Size:6,8,10","Rs
3600",2520,30% off,Westernwear-Women
8586,Van heusen,Jogger fit regular cotton stretch womens track pants - orange mix,"Size:Large,Medium,Small,X-Large",Nan,1199,No Discount,Westernwear-Women
8587,Faballey,Solid square neck satin womens regular top - black,Size:X-Large,"Rs
1600",800,50% off,Westernwear-Women
8588,Samshek,Printed v-neck polyester womens bodycon dress - multi,"Size:4X-Large,5X-Large,Large,Medium,Small,X-Large,X-Small,XX-Large,XX-Small,XXX-Large",Nan,4590,No Discount,Westernwear-Women
8589,Dolce crudo,Womens the call of the blue denim dress - light blue,Size:Small,"Rs
2499",999,60% off,Westernwear-Women
8590,Emblaze,Solid round neck viscose womens dress - lilac,"Size:Large,Medium,Small,X-Large,X-Small,XX-Large",Nan,2200,No Discount,Westernwear-Women
8591,Iti,Womens blue embellished slit maxi - blue,"Size:Small,X-Small",Nan,2499,No Discount,Westernwear-Women
8592,Iti,Womens solid asymmetrical top - green,Size:X-Large,Nan,1899,No Discount,Westernwear-Women
8593,Campus sutra,Solid crepe boat neck womens co-ordinate set - peach,"Size:Large,Medium,Small,X-Large",Nan,1999,No Discount,Westernwear-Women
8594,Faballey,Printed georgette collar neck womens regular top - black,"Size:Large,Small","Rs
1400",700,50% off,Westernwear-Women
8595,Enamor,Textured round neck cotton blend womens thermal - pale peach,"Size:Large,Medium,Small",Nan,899,No Discount,Westernwear-Women
8596,Crimsoune club,Skinny crop length cotton blend womens jeans - navy,"Size:28,30,32,34","Rs
2299",2069,10% off,Westernwear-Women
8597,Is.u,Womens la vie en rose pink crew neck t-shirt - pink,Size:X-Large,"Rs
890",445,50% off,Westernwear-Women
8598,109f,Womens mandarin collar embroidered top - black,Size:Small,"Rs
1599",639,60% off,Westernwear-Women
8599,Infuse,Embellished cotton crew neck womens regular fit t-shirt - red,"Size:11-12 Y,13-14 Y,8-9 Y,9-10 Y","Rs
1199",599,50% off,Westernwear-Women
8600,Crimsoune club,Womens white striped dress - white,"Size:Medium,Small,X-Large","Rs
1999",999,50% off,Westernwear-Women
8601,And,Solid viscose collar neck women peplum tops - black mix,"Size:8,10,12,14,16","Rs
1899",1329,30% off,Westernwear-Women
8602,Vero moda,Solid cotton off shoulder womens top - orange,"Size:Large,Medium,Small,X-Large,X-Small","Rs
2599",1819,30% off,Westernwear-Women
8603,Samshek,Solid one shoulder polyester womens bodycon dress - green,"Size:4X-Large,5X-Large,Large,Medium,Small,X-Large,X-Small,XX-Large,XX-Small,XXX-Large","Rs
2990",2093,30% off,Westernwear-Women
8604,Jockey,Womens round neck slub thermal vest - off white,"Size:Large,Medium,Small",Nan,419,No Discount,Westernwear-Women
8605,Zink london,Printed polyester square neck womens casual wear dresses - pink,"Size:Large,Medium","Rs
2899",1159,60% off,Westernwear-Women
8606,109f,Womens round neck printed top - navy,"Size:Large,Medium,Small,X-Small",Nan,1299,No Discount,Westernwear-Women
8607,Adidas,Printed polyester fitted womens casual tights - red,"Size:Large,Medium,Small,X-Large,X-Small","Rs
1799",1259,30% off,Westernwear-Women
8608,Dolce crudo,Womens don't hide away denim jacket - navy,Size:X-Small,"Rs
3199",1279,60% off,Westernwear-Women
8609,Emblaze,Womens nude t-shirt with ruffle on sleeves - natural,"Size:Large,Medium,Small,X-Large,X-Small,XX-Large",Nan,2400,No Discount,Westernwear-Women
8610,Puma,Nylon mid rise slim fit womens athleisure tights - blue,"Size:Large,Medium,Small,X-Large,X-Small","Rs
2999",2099,30% off,Westernwear-Women
8611,Dolce crudo,Womens regular fit the real me denim pant blue - blue,"Size:26,30,32,34","Rs
2899",1304,55% off,Westernwear-Women
8612,Faballey,Embellished one shoulder polyester blend womens mini dress - black,"Size:Large,Medium,Small,X-Large,X-Small","Rs
2600",2080,20% off,Westernwear-Women
8613,Is.u,Womens blue button down midi dress - blue,"Size:Medium,Small","Rs
2490",1245,50% off,Westernwear-Women
8614,Crimsoune club,Checks collar neck cotton blend womens jacket - grey,"Size:Medium,X-Large,XX-Large","Rs
4499",2699,40% off,Westernwear-Women
8615,Campus sutra,Solid v neck crepe womens dresses - wine,"Size:Large,Medium,Small",Nan,1999,No Discount,Westernwear-Women
8616,Monte carlo,Plain collar neck blended nylon womens casual jacket - pink,Size:38,Nan,4395,No Discount,Westernwear-Women
8617,Campus sutra,Womens round neck 3/4th sleeves top - brown,Size:X-Large,Nan,699,No Discount,Westernwear-Women
8618,Kraus,Solid cotton wide fit womens casual joggers - black,"Size:28,30,32,34","Rs
1895",1705,10% off,Westernwear-Women
8619,Enamor,Cotton womens activewear t-shirt - cane,"Size:XL,Large,Medium,Small",Nan,749,No Discount,Westernwear-Women
8620,Only,Solid viscose round neck womens top - yellow,"Size:34,36,38,40,42","Rs
2499",1999,20% off,Westernwear-Women
8621,Iti,Womens green embellished ruffle maxi - green,Size:Small,Nan,3499,No Discount,Westernwear-Women
8622,Faballey,Womens navy high neck long tee - purple,"Size:Small,X-Small","Rs
1600",800,50% off,Westernwear-Women
8623,Magre,Solid denim regular fit womens shorts - dark blue,"Size:Small,X-Small","Rs
1890",850,55% off,Westernwear-Women
8624,Iti,Womens teal flowy godet maxi - blue,"Size:Small,X-Large,X-Small",Nan,3499,No Discount,Westernwear-Women
8625,Faballey,Floral cotton square neck womens dress - blue,"Size:Large,Medium,Small,X-Large,X-Small","Rs
1950",1560,20% off,Westernwear-Women
8626,Cover story,Printed rayon v neck womens top - black,Size:X-Small,"Rs
1490",990,34% off,Westernwear-Women
8627,Dolce crudo,Bootcut crop denim womens jeans - light blue,"Size:26,28,30,32,34","Rs
4149",2074,50% off,Westernwear-Women
8628,Allen solly,Solid viscose womens top - black,Size:XX-Large,"Rs
1999",1199,40% off,Westernwear-Women
8629,Zink london,Stripes cotton womens straight fit top - multi,"Size:Large,X-Large","Rs
1349",539,60% off,Westernwear-Women
8630,Crimsoune club,Stripes regular cotton womens casual wear pants - white,"Size:Large,Medium,Small,X-Large,XX-Large,XXX-Large","Rs
1999",999,50% off,Westernwear-Women
8631,Gipsy,Solid polyester choker neck womens top - pink,"Size:Large,Medium,Small,XX-Large",Nan,1895,No Discount,Westernwear-Women
8632,109f,Womens round neck embroidered top - cream,"Size:Large,Medium,Small,X-Large,XX-Large","Rs
1199",479,60% off,Westernwear-Women
8633,Madame,Womens zip through neck solid tunic - fuschia,"Size:Large,Medium,Small,XX-Large","Rs
1299",649,50% off,Westernwear-Women
8634,Infuse,Printed rayon v neck womens strappy midi dress - navy,"Size:Large,Medium,Small,X-Large",Nan,1599,No Discount,Westernwear-Women
8635,Samshek,Solid sleeveless polyester womens ankle length jumpsuit - black,"Size:4X-Large,5X-Large,Large,Medium,Small,X-Large,X-Small,XX-Large,XXX-Large","Rs
2890",2023,30% off,Westernwear-Women
8636,Samshek,Slim fit ankle length polyester womens jeggings - red,"Size:4X-Large,5X-Large,Large,Medium,Small,X-Large,X-Small,XX-Large,XX-Small,XXX-Large",Nan,1490,No Discount,Westernwear-Women
8637,Pepe,Checks cotton crinkle womens dress - yellow,"Size:Large,Medium,Small,X-Large","Rs
2999",1799,40% off,Westernwear-Women
8638,Crimsoune club,Slim mid thigh polyester blend womens casual wear shorts - black,"Size:28,30,32","Rs
899",629,30% off,Westernwear-Women
8639,109f,Printed polyester v neck womens top - print,"Size:Large,Medium,Small,X-Large,XX-Large",Nan,1599,No Discount,Westernwear-Women
8640,Adidas,Solid tight fit polyester womens tights - black,"Size:Large,Small","Rs
4799",3359,30% off,Westernwear-Women
8641,Vero moda,Printed viscose shoulder strap womens top - blue,"Size:Large,Medium,Small,X-Large,X-Small","Rs
2499",1749,30% off,Westernwear-Women
8642,Lovegen,Skinny fit ankle length cotton stretch womens jeans - black,Size:26,"Rs
1899",1139,40% off,Westernwear-Women
8643,Latin quarters,Printed rayon round neck womens blouson blouse - peach,Size:S,"Rs
1499",749,50% off,Westernwear-Women
8644,Adidas,Solid polyester fitted womens casual tights - pink,"Size:Large,Medium,Small,X-Large,X-Small","Rs
2999",2099,30% off,Westernwear-Women
8645,Samshek,Solid polyester collar neck womens regular top - blue,"Size:4X-Large,5X-Large,Large,Medium,Small,X-Large,X-Small,XX-Large,XX-Small,XXX-Large","Rs
1890",1701,10% off,Westernwear-Women
8646,Is.u,Solid high neck polyester blend womens casual shirt - white,"Size:Medium,Small,X-Small","Rs
2190",1095,50% off,Westernwear-Women
8647,And,Women v-neck striped fit and flare dress - peach,Size:8,"Rs
3499",1749,50% off,Westernwear-Women
8648,Sera,Regular fit above knee polyester womens casual shorts - black,"Size:Large,Medium,Small,X-Large","Rs
1294",517,60% off,Westernwear-Women
8649,Sera,Womens regular fit solid pants - black,Size:Small,"Rs
1099",549,50% off,Westernwear-Women
8650,Enamor,Cotton womens activewear t-shirt - cadet,"Size:XL,Large,Medium,Small",Nan,999,No Discount,Westernwear-Women
8651,And,Self design straight fit cotton womens casual trousers - light blue,Size:32,Nan,2399,No Discount,Westernwear-Women
8652,Zink london,Womens stripes collared shift dress - multi,"Size:Large,XX-Large","Rs
2299",999,57% off,Westernwear-Women
8653,Magre,Floral polyester blend regular fit womens shorts - pink,"Size:Large,Medium,Small,X-Small","Rs
1990",895,55% off,Westernwear-Women
8654,Global desi,Womens self pattern v-neck regular fit jacket - black,"Size:Medium,Small,X-Small","Rs
2399",959,60% off,Westernwear-Women
8655,Duke,Geometric collar neck wool blend womens pullover - black,"Size:Medium,X-Large",Nan,3595,No Discount,Westernwear-Women
8656,Faballey,Solid v neck polyester blend womens straight fit midi dress - pink,Size:Large,"Rs
2200",1100,50% off,Westernwear-Women
8657,Zink london,Womens v neck checked top - multi,"Size:X-Large,XX-Large","Rs
1499",499,67% off,Westernwear-Women
8658,Iti,Womens black lace shirt - black,Size:Medium,Nan,1599,No Discount,Westernwear-Women
8659,Janasya,Floral round neck cotton regular fit womens night suit - pink,Size:X-Small,"Rs
2399",959,60% off,Westernwear-Women
8660,Samshek,Solid polyester one shoulder womens regular top - mustard,"Size:4X-Large,5X-Large,Large,Medium,Small,X-Large,X-Small,XX-Large,XX-Small,XXX-Large","Rs
1890",1701,10% off,Westernwear-Women
8661,Faballey,Printed lace womens regular dress - blue,"Size:Large,X-Large","Rs
2400",1200,50% off,Westernwear-Women
8662,Life,Solid regular neck acrylic womens pullover - off white,"Size:Large,Medium,Small,X-Large","Rs
1999",999,50% off,Westernwear-Women
8663,Sera,Printed round neck polyester womens a-line dress - red,"Size:Large,Medium,Small,X-Large","Rs
1394",697,50% off,Westernwear-Women
8664,Allen solly,Solid viscose boat neck womens knit top - navy,"Size:Small,X-Large","Rs
1799",1079,40% off,Westernwear-Women
8665,Iti,Womens embellished lace top - black,Size:Small,Nan,1699,No Discount,Westernwear-Women
8666,Faballey,Regular fit regular length poly blend womens leggings - black,"Size:Large,Medium,Small","Rs
2200",1760,20% off,Westernwear-Women
8667,Dolce crudo,Solid v neck fleece womens casual wear jacket - olive,"Size:Large,Medium,Small,X-Large,X-Small","Rs
2995",1198,60% off,Westernwear-Women
8668,Iti,Womens rivet flowy maxi - navy,"Size:Small,X-Small",Nan,2999,No Discount,Westernwear-Women
8669,Magre,Printed rayon regular fit womens casual skirt - white,"Size:Large,Medium,Small,X-Small","Rs
1990",796,60% off,Westernwear-Women
8670,Vero moda,Printed cotton v neck womens  t-shirts - red,"Size:Large,Medium,Small,X-Large,X-Small","Rs
1499",1049,30% off,Westernwear-Women
8671,Campus sutra,Womens knit regular fit top - denim regular,"Size:Medium,Small,X-Large",Nan,699,No Discount,Westernwear-Women
8672,Vero moda,Solid lyocell round neck womens top - green,"Size:Large,Medium,Small,X-Large,X-Small","Rs
2799",1399,50% off,Westernwear-Women
8673,Enamor,Cotton activewear womens track pants - blasted olive tone,"Size:XL,Large,Medium,Small",Nan,1599,No Discount,Westernwear-Women
8674,Allen solly,Printed polyester v neck womens dress - pink,Size:Small,"Rs
2699",1619,40% off,Westernwear-Women
8675,109f,Womens v neck solid top - red,Size:Medium,Nan,1199,No Discount,Westernwear-Women
8676,Dolce crudo,Womens regular fit boosted beauty skinny jeans navy blue - navy,"Size:26,28,30,32,34","Rs
2349",1174,50% off,Westernwear-Women
8677,Samshek,Solid cotton collar neck womens party wear shirt - black,"Size:4X-Large,5X-Large,Large,Medium,Small,X-Large,X-Small,XX-Large,XX-Small,XXX-Large","Rs
2490",1992,20% off,Westernwear-Women
8678,Monte carlo,Plain blend poly hood womens jacket - navy,"Size:38,40",Nan,4495,No Discount,Westernwear-Women
8679,Crimsoune club,Skinny ankle length cotton blend womens jeans - blue,"Size:28,30,32,34","Rs
2399",1199,50% off,Westernwear-Women
8680,Faballey,Embellished crepe halter neck womens regular top - blue,"Size:Large,Medium,Small,X-Large,X-Small","Rs
1500",1200,20% off,Westernwear-Women
8681,Madame,Womens 2 pocket checked jeggings - black,Size:30,"Rs
2199",1099,50% off,Westernwear-Women
8682,Spykar,Printed cotton blend round neck womens regular t-shirt - magenta,"Size:Large,Medium,Small,X-Large,XX-Large","Rs
1299",909,30% off,Westernwear-Women
8683,Allen solly tribe,Solid regular fit polyester cotton womens active wear shorts - pink,"Size:28,30,32,34,36",Nan,1299,No Discount,Westernwear-Women
8684,Kraus,Skinny fit ankle length cotton blend womens jeans - light blue,Size:30,"Rs
1995",997,50% off,Westernwear-Women
8685,109f,Womens round neck embellished top - birch,"Size:Large,Medium,X-Large,XX-Large","Rs
2299",919,60% off,Westernwear-Women
8686,Enamor,Cotton blend womens active wear track pants - jade,"Size:XL,Large,Medium,Small,XX-Large","Rs
1049",734,30% off,Westernwear-Women
8687,Dolce crudo,Womens killin it round neck t-shirt - black,Size:X-Small,"Rs
1099",549,50% off,Westernwear-Women
8688,109f,Womens solid a-line dress - natural,"Size:Large,Small,X-Large,X-Small,XX-Large",Nan,1999,No Discount,Westernwear-Women
8689,Campus sutra,Womens round neck half sleeves top - white,"Size:Large,X-Large",Nan,899,No Discount,Westernwear-Women
8690,Latin quarters,Solid layered neck polyester blend womens regular dress - navy,"Size:S,M,L",Nan,2999,No Discount,Westernwear-Women
8691,Vero moda,Solid round neck viscose womens knits knit top - brown,"Size:Large,Medium,Small,X-Large,X-Small","Rs
2299",1839,20% off,Westernwear-Women
8692,Dolce crudo,Solid collar neck fleece womens casual wear jacket - navy,Size:Small,"Rs
4995",1998,60% off,Westernwear-Women
8693,Iti,Womens flowy cape dress - purple,"Size:Medium,Small,X-Large,X-Small",Nan,1899,No Discount,Westernwear-Women
8694,Kraus,Checks collared neck viscose womens casual shirt - blue,Size:Large,"Rs
1399",699,50% off,Westernwear-Women
8695,Life,Womens hooded neck graphic print sweatshirt - grey,"Size:Large,X-Large",Nan,1499,No Discount,Westernwear-Women
8696,Zink london,Structured polyester regular fit womens top - white,"Size:Large,Small,X-Large","Rs
1699",499,71% off,Westernwear-Women
8697,Dolce crudo,Womens progress over perfection high waist twill treggings - navy,"Size:Medium,X-Large,X-Small","Rs
2199",989,55% off,Westernwear-Women
8698,Dolce crudo,Womens regular fit walk a mile denim jacket - lilac,"Size:Large,Medium,Small,X-Small","Rs
3899",1559,60% off,Westernwear-Women
8699,Indya,Printed georgette off shoulder womens regular top - purple,Size:Large,"Rs
1600",800,50% off,Westernwear-Women
8700,Latin quarters,Dyed round neck polyester womens regular dress - black,"Size:S,M,L,XL","Rs
2499",1749,30% off,Westernwear-Women
8701,Jockey,Womens v neck solid t-shirt - blue,Size:Error Size,Nan,399,No Discount,Westernwear-Women
8702,Vero moda,Printed viscose round neck womens  tops - green,"Size:Large,Medium,Small,X-Large,X-Small",Nan,2499,No Discount,Westernwear-Women
8703,Latin quarters,Solid mandarin polyester stretch womens jacket - rust,"Size:S,M,L,XL","Rs
3999",2799,30% off,Westernwear-Women
8704,Faballey,Solid satin collar neck womens regular top - green,"Size:Large,Medium,Small,X-Large,X-Small","Rs
1600",1280,20% off,Westernwear-Women
8705,Allen solly,Solid polyester womens top - red,Size:Small,"Rs
1699",1019,40% off,Westernwear-Women
8706,Faballey,Textured one shoulder polyester blend womens regular dresses - green,"Size:Large,Medium,Small,X-Large","Rs
2200",1100,50% off,Westernwear-Women
8707,Van heusen,Solid open neck polyester womens casual jacket - off white,"Size:Large,X-Large",Nan,3499,No Discount,Westernwear-Women
8708,Gipsy,Solid mandarin collar polyester womens casual jacket - green,Size:Small,"Rs
3795",1897,50% off,Westernwear-Women
8709,Indya,Embroidered cotton regular fit womens regular length jumpsuit - yellow,"Size:Medium,XX-Large",Nan,3400,No Discount,Westernwear-Women
8710,Van heusen,Cotton regular fit womens active wear capri pants - blue,Size:Medium,Nan,979,No Discount,Westernwear-Women
8711,Crimsoune club,Womens navy blue solid denim - navy,"Size:30,32,34,36","Rs
2199",1319,40% off,Westernwear-Women
8712,Adidas,Striped regular fit blended womens active wear track pants - black,Size:X-Large,"Rs
2299",1149,50% off,Westernwear-Women
8713,Stop,Solid regular fit polyester womens formal pants - black,"Size:28,30,32,34,36","Rs
1499",749,50% off,Westernwear-Women
8714,Zink london,Printed scoop neck polyester womens dresses - navy,"Size:Large,Medium,Small,X-Large","Rs
2299",919,60% off,Westernwear-Women
8715,Latin quarters,Solid notched collar polyester blend womens regular fit dress - black,"Size:S,M,L,X-Small","Rs
2399",1199,50% off,Westernwear-Women
8716,Latin quarters,Solid collar neck polyester stretch womens jacket - pink,"Size:S,M,L,XL","Rs
2999",1499,50% off,Westernwear-Women
8717,Latin quarters,Dyed polyester collar neck womens casual jacket - camel,"Size:S,M,XL","Rs
4799",3359,30% off,Westernwear-Women
8718,Vero moda,Textured cotton off shoulder womens top - yellow,"Size:Large,Medium,Small,X-Large,X-Small","Rs
2299",1609,30% off,Westernwear-Women
8719,Marie claire,Printed halter neck polyester womens casual dress - mustard,Size:Small,"Rs
2499",1249,50% off,Westernwear-Women
8720,Miss chase,Printed flared sleeves rayon womens regular length jumpsuit - blue,"Size:Large,Medium,Small,X-Large,X-Small",Nan,2449,No Discount,Westernwear-Women
8721,Marie claire,Solid cotton round neck womens top - sky blue,"Size:Large,Medium,Small","Rs
1399",629,55% off,Westernwear-Women
8722,And,Solid cotton round neck women regular top - pink,"Size:8,10,12,14,16,18","Rs
2699",2159,20% off,Westernwear-Women
8723,Rare,Floral georgette boat neck womens regular fit top - multi,Size:Small,"Rs
1599",639,60% off,Westernwear-Women
8724,And,Solid skinny cotton women fusion wear trouser - mid blue,"Size:26,28,30,32,34,36",Nan,2499,No Discount,Westernwear-Women
8725,Miss chase,Solid fleece and rib round neck womens sweatshirt - black,"Size:Large,Medium,Small",Nan,2999,No Discount,Westernwear-Women
8726,Miss chase,Printed v-neck polyester womens casual dress - red,"Size:Large,Medium,Small,X-Large,X-Small",Nan,1999,No Discount,Westernwear-Women
8727,Marie claire,Solid satin round neck womens top - black,"Size:Large,Medium,Small,X-Large,X-Small","Rs
1599",799,50% off,Westernwear-Women
8728,Sera,Regular fit mini length cotton blend womens casual skirt - yellow,Size:X-Large,"Rs
1294",517,60% off,Westernwear-Women
8729,Monte carlo,Plain hood blend poly womens casual jacket - purple,Size:36,Nan,4395,No Discount,Westernwear-Women
8730,Faballey,Solid v neck georgette womens regular jumpsuits - black,Size:X-Large,"Rs
2400",1200,50% off,Westernwear-Women
8731,Zink london,Structured polyester square neck womens regular fit top - green,Size:X-Large,"Rs
1699",679,60% off,Westernwear-Women
8732,Dolce crudo,Womens summer soriee denim jacket - blue,Size:Small,"Rs
2299",1034,55% off,Westernwear-Women
8733,Latin quarters,Dyed polyester collar neck womens casual jacket - peach,"Size:L,XL","Rs
4499",3149,30% off,Westernwear-Women
8734,Iti,Solid georgette asymmetric womens top - yellow,Size:X-Small,Nan,1399,No Discount,Westernwear-Women
8735,Faballey,Printed georgette round neck womens regular top - white,Size:X-Small,"Rs
1800",900,50% off,Westernwear-Women
8736,And,Dobby cotton mandarin collar womens peplum top - white,"Size:10,12,16",Nan,1799,No Discount,Westernwear-Women
8737,Van heusen,Solid cotton blend round neck womens top - light blue,Size:X-Small,Nan,2199,No Discount,Westernwear-Women
8738,Iti,Solid georgette mandarin womens top - navy,Size:X-Large,Nan,1699,No Discount,Westernwear-Women
8739,Allen solly,Regular fit regular length womens jeans - mid blue,Size:34,"Rs
2499",1499,40% off,Westernwear-Women
8740,Latin quarters,Solid lapel collar acrylic womens shrug - navy,"Size:S,M,L,XL","Rs
1999",999,50% off,Westernwear-Women
8741,Enamor,Cotton blend fleece womens active wear track pants - white,"Size:XL,Large,Medium,Small,XX-Large","Rs
1599",1119,30% off,Westernwear-Women
8742,Life,Womens v-neck solid top - pink,Size:Medium,"Rs
1199",839,30% off,Westernwear-Women
8743,Iti,Womens overlap slit sleeve dress - green,Size:Small,Nan,1899,No Discount,Westernwear-Women
8744,Vero moda,Printed cotton blend round neck womens t-shirt - natural,Size:Small,"Rs
999",499,50% off,Westernwear-Women
8745,Pepe,Checks yarn dyed viscose twill collar neck womens casual shirt - red,Size:X-Large,"Rs
1999",1199,40% off,Westernwear-Women
8746,Zink london,Printed round neck cotton blend womens sweatshirt - blue,"Size:Large,Medium","Rs
2299",919,60% off,Westernwear-Women
8747,Dolce crudo,Womens hope is free denim jacket - light blue,Size:X-Small,"Rs
2999",1199,60% off,Westernwear-Women
8748,Dolce crudo,Womens nurture your best denim dress - light blue,"Size:Small,X-Small","Rs
2299",919,60% off,Westernwear-Women
8749,Allen solly,Solid cotton regular neck womens top - green,"Size:Large,Medium,Small","Rs
1499",999,33% off,Westernwear-Women
8750,Iti,Womens rust pleated top - orange,"Size:X-Large,X-Small",Nan,1499,No Discount,Westernwear-Women
8751,Duke,Stripes round neck wool blend womens pullover - ltgrey,Size:Medium,Nan,2095,No Discount,Westernwear-Women
8752,Campus sutra,Womens long sleeves solid jacket - denim,"Size:Medium,Small",Nan,2499,No Discount,Westernwear-Women
8753,Faballey,Stripes sleeveless georgette womens maxi jumpsuit - green,"Size:Large,Small","Rs
2200",1100,50% off,Westernwear-Women
8754,Crimsoune club,Womens pink self design sweater - pink,Size:Medium,"Rs
2299",919,60% off,Westernwear-Women
8755,Fratini,Solid round neck nylon womens regular fit dress - blush,"Size:Medium,Small","Rs
1499",749,50% off,Westernwear-Women
8756,Iti,Womens flowy sleeve dress - purple,Size:Large,Nan,1999,No Discount,Westernwear-Women
8757,Faballey,Printed crepe womens regular top - pink,"Size:Large,X-Large","Rs
1500",750,50% off,Westernwear-Women
8758,Faballey,Solid georgette off shoulder womens regular fit top - maroon,Size:Small,"Rs
1400",700,50% off,Westernwear-Women
8759,Iti,Womens mustard ruffle top - yellow,Size:Small,Nan,1899,No Discount,Westernwear-Women
8760,Crimsoune club,Checked cotton blend mandarin neck womens casual shirt - white,"Size:Medium,Small,X-Large","Rs
1399",839,40% off,Westernwear-Women
8761,Global desi,Floral viscose v-neck womens flared top - blue,"Size:Small,X-Small","Rs
1599",959,40% off,Westernwear-Women
8762,Iti,Womens blue ruffle shirt top - blue,Size:X-Small,Nan,1799,No Discount,Westernwear-Women
8763,Lovegen,Embroidered collared neck cotton womens casual jacket - black,Size:Small,"Rs
1999",999,50% off,Westernwear-Women
8764,Global desi,Floral v-neck womens top - blue,"Size:Medium,Small,X-Small","Rs
1499",749,50% off,Westernwear-Women
8765,Life,Printed cotton round neck womens regular t-shirt - blush,"Size:X-Small,XX-Large","Rs
399",199,50% off,Westernwear-Women
8766,Dolce crudo,Womens regular fit be the exception denim dress light blue - light blue,"Size:Small,X-Small","Rs
2299",919,60% off,Westernwear-Women
8767,Sera,Floral cotton round neck womens sweatshirt - wine,Size:Small,"Rs
1899",759,60% off,Westernwear-Women
8768,Kraus,Checks viscose blend tie up neck womens regular top - red,"Size:Medium,Small","Rs
1199",599,50% off,Westernwear-Women
8769,And,Womens regular fit floral dress - lemon,Size:18,"Rs
2299",1149,50% off,Westernwear-Women
8770,Kraus,Solid skinny fit cotton blend womens casual trousers - grey,Size:32,"Rs
1595",797,50% off,Westernwear-Women
8771,Zink london,Solid high neck acrylic womens sweater - yellow,Size:Large,"Rs
3499",1399,60% off,Westernwear-Women
8772,Iti,Womens blue ruffle dress - blue,"Size:Small,X-Small",Nan,1999,No Discount,Westernwear-Women
8773,Faballey,Printed georgette womens regular top - pink,"Size:Small,X-Small","Rs
1400",700,50% off,Westernwear-Women
8774,Global desi,Solid viscose shirt collar womens straight top - burnt orange,Size:X-Small,"Rs
1599",959,40% off,Westernwear-Women
8775,Zink london,Colour blocked round neck acrylic womens sweaters - multi,Size:Large,"Rs
2799",1119,60% off,Westernwear-Women
8776,Crimsoune club,Printed lyocell collared womens shirt - green,Size:Large,"Rs
1399",839,40% off,Westernwear-Women
8777,Lovegen,Printed cotton stretch round neck womens t-shirt - royal blue,Size:X-Large,"Rs
599",419,30% off,Westernwear-Women
8778,Kraus,Slim above knee cotton womens casual wear shorts - blue,"Size:28,30,32,34","Rs
1395",976,30% off,Westernwear-Women
8779,Monte carlo,Self v-neck blend wool womens cardigan - blue,Size:40,Nan,1680,No Discount,Westernwear-Women
8780,Vero moda,Stripes round neck cotton womens top - blue,Size:Small,"Rs
2499",1999,20% off,Westernwear-Women
8781,Kraus,Solid regular fit cotton blend womens casual trousers - black,Size:34,"Rs
1895",947,50% off,Westernwear-Women
8782,And,Floral polyester round neck women straight tops - cream,Size:8,"Rs
1999",1399,30% off,Westernwear-Women
8783,Dolce crudo,Solid collar neck rayon womens regular fit jumpsuits - blue,Size:X-Small,"Rs
2649",1324,50% off,Westernwear-Women
8784,Faballey,Solid viscose mandarin womens casual coat - blue,Size:Small,"Rs
4400",2200,50% off,Westernwear-Women
8785,Sera,Floral sweetheart neck polyester womens regular dress - black,"Size:Large,Medium,Small,X-Large","Rs
2998",1499,50% off,Westernwear-Women
8786,Dolce crudo,Womens beyond clouds high waist twill treggings - black,Size:X-Small,"Rs
2249",1012,55% off,Westernwear-Women
8787,Crimsoune club,Womens slim fit checks shirt - red,"Size:X-Large,XX-Large","Rs
1399",979,30% off,Westernwear-Women
8788,And,Abstract sleeveless womens regular fit jumpsuit - black,"Size:10,12","Rs
3099",2169,30% off,Westernwear-Women
8789,Latin quarters,Solid nylon stretch round neck womens regular top - navy,Size:XL,"Rs
1699",1189,30% off,Westernwear-Women
8790,Latin quarters,Dyed round neck polyester womens regular knit top - grey,Size:M,"Rs
1599",799,50% off,Westernwear-Women
8791,Latin quarters,Dyed polyester stretch boat neck womens regular knit top - peach,"Size:M,L,XL","Rs
1499",1049,30% off,Westernwear-Women
8792,Latin quarters,Solid v neck cotton blend womens a-line dress - red,"Size:S,M","Rs
2499",1249,50% off,Westernwear-Women
8793,Adidas,Printed regular fit cotton womens track pants - black,"Size:Large,Medium","Rs
3799",2659,30% off,Westernwear-Women
8794,And,Solid v- neck polyester women wrap dress - navy,"Size:10,14,16","Rs
2699",1349,50% off,Westernwear-Women
8795,Rare,Solid polyester round neck womens regular fit top - aqua,"Size:Small,X-Small","Rs
1399",629,55% off,Westernwear-Women
8796,And,Solid boat neck polyester women shift dress - sage,"Size:8,12,14",Nan,2299,No Discount,Westernwear-Women
8797,Crimsoune club,Printed poly cotton y neck womens t-shirt - green,"Size:Large,Medium,X-Large,XX-Large","Rs
599",419,30% off,Westernwear-Women
8798,Only,Checks polyester skinny fit womens pants - white,"Size:Large,Medium,Small,X-Large,X-Small","Rs
2499",1499,40% off,Westernwear-Women
8799,Vero moda,Printed modal round neck womens  t-shirts - blue,"Size:Large,Medium,Small,X-Large,X-Small","Rs
999",699,30% off,Westernwear-Women
8800,Campus sutra,Printed cotton round neck womens dress - pink,"Size:Large,Medium,Small,X-Large",Nan,1499,No Discount,Westernwear-Women
8801,Vip,Buddy senior pack of 3 small size ast - multi,Size:Small,Nan,349,No Discount,Westernwear-Women
8802,Campus sutra,Womens solid hooded sweatshirt - denim,"Size:Large,Medium,Small,X-Large",Nan,1299,No Discount,Westernwear-Women
8803,Life,Womens round neck graphic print sweatshirt - olive,"Size:Large,X-Large,X-Small",Nan,1499,No Discount,Westernwear-Women
8804,Is.u,Womens teal ruffle high low skirt - grey,"Size:26,28,34,36","Rs
2490",1245,50% off,Westernwear-Women
8805,Emblaze,Solid cotton round neck womens top - black,"Size:Large,Medium,Small,X-Large,X-Small,XX-Large",Nan,2800,No Discount,Westernwear-Women
8806,Global desi,Embroidered polyester collar neck womens pullover - mid blue,"Size:XL,Large,Small,X-Small,XX-Large","Rs
3099",1549,50% off,Westernwear-Women
8807,109f,Womens solid jeggings - navy,"Size:Small,X-Small","Rs
1899",759,60% off,Westernwear-Women
8808,Dolce crudo,Slim fit regular polyester lycra womens treggings - black,"Size:Large,Small,X-Small","Rs
2199",769,65% off,Westernwear-Women
8809,Dolce crudo,Womens bleeding love bodycon dress - red,"Size:Large,Small,X-Small","Rs
1899",759,60% off,Westernwear-Women
8810,Vero moda,Solid cotton collar neck womens shirt - blue,"Size:Large,Medium,Small,X-Large,X-Small","Rs
3299",2309,30% off,Westernwear-Women
8811,Zink london,Embroidered u neck cotton womens midi dress - multi,"Size:Large,Medium,Small,X-Large","Rs
2399",1439,40% off,Westernwear-Women
8812,Crimsoune club,Graphic cowl neck cotton blend womens sweatshirt - pink,"Size:Medium,Small,X-Large,XX-Large","Rs
1799",899,50% off,Westernwear-Women
8813,Campus sutra,Womens knit regular fit shirt - brown mix,"Size:Large,Medium,Small,X-Large",Nan,1399,No Discount,Westernwear-Women
8814,Puma,Polyester mid rise tight fit womens athleisure tights - fuchsia,"Size:Large,Medium,Small,X-Large,X-Small","Rs
2799",1959,30% off,Westernwear-Women
8815,Dolce crudo,Solid fleece and rib round neck womens sweatshirt - rust,"Size:Large,Medium,Small,X-Large,X-Small","Rs
2449",979,60% off,Westernwear-Women
8816,Sera,Womens regular fit stripes v neck top - black mix,"Size:Large,Medium,Small,X-Large","Rs
1198",479,60% off,Westernwear-Women
8817,Jockey,Modal womens t-shirt - purple mix,Size:Error Size,Nan,679,No Discount,Westernwear-Women
8818,Samshek,Printed polyester v neck womens top - multi,"Size:4X-Large,5X-Large,Large,Medium,Small,X-Large,X-Small,XX-Large,XX-Small,XXX-Large",Nan,1390,No Discount,Westernwear-Women
8819,Crimsoune club,Printed lyocell regular fit womens handerchief skirt - natural,"Size:26,28,30,32","Rs
1999",1599,20% off,Westernwear-Women
8820,Global desi,Womens regular fit abstract trousers - mustard,"Size:Large,Medium,Small","Rs
1499",599,60% off,Westernwear-Women
8821,Vero moda,Printed viscose v neck womens  tops - green,"Size:Large,Medium,Small,X-Large,X-Small",Nan,2599,No Discount,Westernwear-Women
8822,Allen solly,Solid polyester round neck womens top - green,"Size:Large,Medium,Small,X-Large,X-Small,XX-Large","Rs
1999",1599,20% off,Westernwear-Women
8823,And,Graphic cotton round neck womens regular top - cream,"Size:8,10,12,14,16,18","Rs
2799",2239,20% off,Westernwear-Women
8824,109f,Womens collared check skater dress - blue,Size:Large,Nan,2199,No Discount,Westernwear-Women
8825,Faballey,Polka dots sleeveless crepe womens regular jumpsuit - black,"Size:Large,Medium,Small,X-Large,X-Small","Rs
2400",1920,20% off,Westernwear-Women
8826,Latin quarters,Solid v neck polyester womens a-line dress - black,"Size:S,M,L,X-Small","Rs
2499",1249,50% off,Westernwear-Women
8827,Magre,Printed cotton regular fit womens casual skirt - blue,"Size:Large,Medium,Small,X-Small","Rs
1990",895,55% off,Westernwear-Women
8828,Gipsy,Womens ruffled collar lace top - khaki,"Size:Large,Medium,Small,X-Large,XX-Large","Rs
2195",1536,30% off,Westernwear-Women
8829,Zink london,Stripes cotton round neck womens top - multi,"Size:Large,Medium,Small,X-Large","Rs
1799",1079,40% off,Westernwear-Women
8830,Allen solly tribe,Solid regular fit polyester cotton womens trousers - navy,"Size:28,30,32,34,36",Nan,1799,No Discount,Westernwear-Women
8831,109f,Printed polyester blend round neck womens casual shirt - black,"Size:Large,Medium,Small,X-Large,XX-Large",Nan,1699,No Discount,Westernwear-Women
8832,Samshek,Solid cotton collar neck womens party wear shirt - red,"Size:4X-Large,5X-Large,Large,Medium,Small,X-Large,X-Small,XX-Large,XX-Small,XXX-Large","Rs
2520",2016,20% off,Westernwear-Women
8833,Kraus,Solid collared neck cotton womens casual jacket - light olive,"Size:Large,Medium,Small,X-Large","Rs
2095",1047,50% off,Westernwear-Women
8834,Sera,Womens regular fit printed off shoulder jumpsuit - white,"Size:Large,Medium,Small","Rs
1098",549,50% off,Westernwear-Women
8835,Sera,Printed polyester womens shrug - pink,"Size:Large,Medium,Small,X-Large","Rs
1494",747,50% off,Westernwear-Women
8836,Adidas,Solid tight fit polyester womens track pants - black,"Size:Large,Medium,Small,X-Large,X-Small","Rs
2999",2099,30% off,Westernwear-Women
8837,Campus sutra,Printed cotton round neck womens top - maroon,"Size:Large,Medium,Small",Nan,999,No Discount,Westernwear-Women
8838,Dolce crudo,Womens soulful vibes zip jacket - grey,"Size:Large,Small,X-Large,X-Small","Rs
2899",1159,60% off,Westernwear-Women
8839,Proline,Polyester round neck womens t-shirt - blue,"Size:Large,Medium,Small,X-Large","Rs
999",499,50% off,Westernwear-Women
8840,Samshek,Solid v neck georgette womens regular dress - black,"Size:4X-Large,5X-Large,Large,Medium,Small,X-Large,X-Small,XX-Large,XXX-Large",Nan,2849,No Discount,Westernwear-Women
8841,Vero moda,Printed v neck viscose womens  dresses - yellow,"Size:Large,Medium,Small,X-Large,X-Small","Rs
3299",1979,40% off,Westernwear-Women
8842,Crimsoune club,Womens white printed t-shirt - white,"Size:Large,Medium,Small,X-Large,XX-Large","Rs
1199",719,40% off,Westernwear-Women
8843,Crimsoune club,Slim mid thigh cotton womens casual wear shorts - blue,"Size:26,28,30,32,34","Rs
1199",839,30% off,Westernwear-Women
8844,Proline,Cotton round neck womens t-shirt - blue,"Size:Large,Medium,Small,X-Large","Rs
699",349,50% off,Westernwear-Women
8845,Magre,Floral polyester blend collar neck womens top - light blue,"Size:Large,Medium,Small,X-Small","Rs
1890",850,55% off,Westernwear-Women
8846,Lovegen,Solid collared neck cotton stretch womens casual jacket - dark blue,"Size:Large,Medium,Small,X-Large,X-Small","Rs
2199",1099,50% off,Westernwear-Women
8847,Is.u,Solid polyester round neck womens regular fit top - blue,"Size:Large,Medium,Small,X-Large,X-Small,XX-Large","Rs
1990",995,50% off,Westernwear-Women
8848,Faballey,Floral polyester sweetheart neck womens top - pink,"Size:Large,Medium,X-Large,X-Small","Rs
1350",1080,20% off,Westernwear-Women
8849,Magre,Printed polyester blend womens top - white,"Size:Large,Medium,Small,X-Small","Rs
1590",874,45% off,Westernwear-Women
8850,Faballey,Floral georgette one shoulder womens top - yellow,"Size:Large,Medium,Small,X-Large,X-Small","Rs
1400",1120,20% off,Westernwear-Women
8851,De moza,Regular fit regular length polyester womens skirt - magenta,"Size:Large,Medium,Small,X-Large,XX-Large",Nan,1999,No Discount,Westernwear-Women
8852,Adidas,Cotton round neck womens t-shirt - white,"Size:92,98,104,110,116,122,128,134,140",Nan,1399,No Discount,Westernwear-Women
8853,Samshek,Solid synthetic leather v neck womens regular top - black,"Size:4X-Large,5X-Large,Large,Medium,Small,X-Large,X-Small,XX-Large,XX-Small,XXX-Large",Nan,2290,No Discount,Westernwear-Women
8854,Vero moda,Printed round neck cotton blend womens t-shirt - white,"Size:Large,Medium,Small","Rs
1299",649,50% off,Westernwear-Women
8855,Zink london,Embroidered round neck cotton womens midi dress - multi,"Size:Large,Medium,Small,X-Large","Rs
2499",1499,40% off,Westernwear-Women
8856,Enamor,Cotton lycra womens t-shirt - navy,"Size:XL,Large,Medium,Small",Nan,1299,No Discount,Westernwear-Women
8857,Vero moda,Printed viscose v neck womens dress - green,"Size:Large,Medium,Small,X-Large,X-Small","Rs
3499",2799,20% off,Westernwear-Women
8858,Dolce crudo,Womens eyes talk twill bottom colour block t-shirt - multi,"Size:Large,Medium,Small,X-Large,X-Small","Rs
1249",562,55% off,Westernwear-Women
8859,Emblaze,Solid viscose collar neck womens casual shirt - peach,"Size:Large,Medium,Small,X-Large,X-Small,XX-Large",Nan,3000,No Discount,Westernwear-Women
8860,Emblaze,Womens red dress with long trail - red,"Size:Large,Medium,Small,X-Large,X-Small,XX-Large",Nan,3200,No Discount,Westernwear-Women
8861,Proline,Cotton round neck womens t-shirt - black,"Size:Large,Medium,Small,X-Large","Rs
899",449,50% off,Westernwear-Women
8862,Enamor,Cotton blend womens active wear track pants - red,"Size:XL,Large,Medium,Small,XX-Large","Rs
1049",734,30% off,Westernwear-Women
8863,Rare,Solid polyester mandarin womens jacket - black,"Size:Large,Medium,Small,X-Large","Rs
4399",1759,60% off,Westernwear-Women
8864,Faballey,Solid collar neck cotton womens regular dresses - pink,"Size:Large,Medium,Small,X-Small","Rs
1900",1520,20% off,Westernwear-Women
8865,Puma,Nylon mid rise relaxed fit womens athleisure tights - black,"Size:Large,Medium,Small,X-Large,X-Small","Rs
5999",4199,30% off,Westernwear-Women
8866,Magre,Solid denim regular fit womens shorts - light blue,"Size:Large,Small,X-Small","Rs
1990",995,50% off,Westernwear-Women
8867,109f,Solid polyester round neck womens top - blue,"Size:Large,Medium,X-Large,XX-Large",Nan,1499,No Discount,Westernwear-Women
8868,Adidas,Striped polyester hood womens dress - white,"Size:80,86,92,98,104",Nan,2999,No Discount,Westernwear-Women
8869,Dolce crudo,Womens tangled up color-block t-shirt - multi,"Size:Large,Medium,Small","Rs
1249",624,50% off,Westernwear-Women
8870,Latin quarters,Yarn dyed rayon v neck womens blouse - red,"Size:S,M,L,XL,X-Small",Nan,1399,No Discount,Westernwear-Women
8871,Samshek,Solid round neck crepe womens a line dress - black,"Size:4X-Large,5X-Large,Large,Medium,Small,X-Large,X-Small,XX-Large,XXX-Large","Rs
2790",1953,30% off,Westernwear-Women
8872,Campus sutra,Womens long sleeves solid sweatshirt - denim,"Size:Medium,Small,X-Large",Nan,1149,No Discount,Westernwear-Women
8873,Lovegen,Printed cotton round neck womens regular fit t-shirt - off white,"Size:Large,Medium,Small,X-Large,X-Small","Rs
599",419,30% off,Westernwear-Women
8874,Vero moda,Stripes cotton round neck womens  t-shirts - pink,"Size:Large,Medium,Small,X-Large,X-Small","Rs
1299",779,40% off,Westernwear-Women
8875,Sera,Floral sweetheart neck rayon blend womens regular dress - black,"Size:Large,Medium,X-Large","Rs
2698",1349,50% off,Westernwear-Women
8876,Adidas,Printed polyester round neck womens t-shirt - mauve,"Size:Large,Medium,Small,X-Small","Rs
1799",1259,30% off,Westernwear-Women
8877,Adidas,Printed polyester crew neck womens t-shirt - black,"Size:Large,Medium,Small,X-Large,X-Small","Rs
3299",2309,30% off,Westernwear-Women
8878,Emblaze,Solid round neck viscose womens casual dress - yellow,"Size:Large,Medium,Small,X-Large,X-Small,XX-Large",Nan,3000,No Discount,Westernwear-Women
8879,Faballey,Textured round neck polyester blend womens mini dress - blue,"Size:Large,Medium,X-Large,X-Small","Rs
2400",1920,20% off,Westernwear-Women
8880,Enamor,Cotton blend womens active wear track pants - maple,"Size:XL,Large,Medium,Small,XX-Large","Rs
1049",734,30% off,Westernwear-Women
8881,Samshek,Solid georgette collar neck womens party wear shirt - white,"Size:4X-Large,5X-Large,Large,Medium,Small,X-Large,X-Small,XX-Large,XX-Small,XXX-Large","Rs
2090",1881,10% off,Westernwear-Women
8882,Life,Solid regular neck polyester womens winter wear jacket - walnut,"Size:Medium,Small,X-Large,X-Small","Rs
1999",999,50% off,Westernwear-Women
8883,Samshek,Solid round neck crepe womens regular dress - black,"Size:4X-Large,5X-Large,Large,Medium,Small,X-Large,X-Small,XX-Large,XXX-Large","Rs
2999",2099,30% off,Westernwear-Women
8884,And,Graphic cotton round neck womens straight top - powder blue,"Size:8,10,12,14,16","Rs
1499",1199,20% off,Westernwear-Women
8885,Magre,Printed georgette tie up womens top - pink,"Size:Large,Medium,Small,X-Small","Rs
1790",1074,40% off,Westernwear-Women
8886,Magre,Printed satin regular fit womens festive skirt - brown,"Size:Large,Medium,Small,X-Small","Rs
1990",995,50% off,Westernwear-Women
8887,Puma,Polyester mid rise regular fit womens athleisure tights - black,"Size:Large,Medium,Small,X-Large","Rs
3999",2799,30% off,Westernwear-Women
8888,Global desi,Solid straight fit viscose rayon womens casual wear trousers - indigo,"Size:XL,Large,Medium,Small,X-Small,XX-Large","Rs
1799",899,50% off,Westernwear-Women
8889,Van heusen,Solid viscose regular fit womens pants - yellow,"Size:26,28,30,32,34",Nan,1699,No Discount,Westernwear-Women
8890,Stop,Womens 2 pocket solid pants - aqua,"Size:26,28,30,32,34,36",Nan,1499,No Discount,Westernwear-Women
8891,Emblaze,Regular fit regular length viscose womens casual shorts - white,"Size:Large,Medium,Small,X-Small",Nan,2400,No Discount,Westernwear-Women
8892,Samshek,Printed round neck polyester womens bodycon dress - multi,"Size:4X-Large,5X-Large,Large,Medium,Small,X-Large,X-Small,XX-Large,XX-Small,XXX-Large",Nan,3999,No Discount,Westernwear-Women
8893,Zink london,Solid polyester key hole neck womens top - maroon,"Size:Large,Medium,Small,X-Large","Rs
1499",1199,20% off,Westernwear-Women
8894,Samshek,Printed scoop neck polyester womens bodycon dress - multi,"Size:4X-Large,5X-Large,Large,Medium,Small,X-Large,X-Small,XX-Large,XX-Small,XXX-Large","Rs
2290",2061,10% off,Westernwear-Women
8895,Pepe,Denim denim collar neck womens casual shirt - mid blue,"Size:Large,Medium,Small,X-Large","Rs
2499",1499,40% off,Westernwear-Women
8896,Van heusen,Skinny fit knee length cotton stretch womens leggings - bottle green,"Size:Large,Medium,Small,X-Large",Nan,1199,No Discount,Westernwear-Women
8897,Magre,Solid velvet off shoulder womens top - maroon,"Size:Large,Medium,Small,X-Small","Rs
1790",1163,35% off,Westernwear-Women
8898,Cover story,Solid cotton blend round neck womens t-shirt - white,"Size:Large,Medium,Small,X-Large,X-Small",Nan,990,No Discount,Westernwear-Women
8899,Enamor,Cotton blend compression fit womens active wear track pants - abraded stone,"Size:XL,Large,Medium,Small",Nan,1499,No Discount,Westernwear-Women
8900,Faballey,Solid regular viscose womens casual wear joggers - blue,"Size:Medium,Small,X-Small","Rs
1800",900,50% off,Westernwear-Women
8901,Samshek,Solid cotton collar neck womens party wear shirt - red,"Size:4X-Large,5X-Large,Large,Medium,Small,X-Large,X-Small,XX-Large,XX-Small,XXX-Large","Rs
1890",1701,10% off,Westernwear-Women
8902,Adidas,Printed polyester fitted womens casual tights - pink,"Size:Large,Medium,Small,X-Large,X-Small","Rs
2299",1609,30% off,Westernwear-Women
8903,Crimsoune club,Slim mid thigh cotton womens casual wear shorts - brown,"Size:26,28,30,32,34","Rs
1199",599,50% off,Westernwear-Women
8904,Magre,Solid satin regular womens top - lavender,"Size:Large,Medium,Small,X-Small","Rs
1990",597,70% off,Westernwear-Women
8905,Samshek,Solid georgette collar neck womens party wear shirt - olive,"Size:4X-Large,5X-Large,Large,Medium,Small,X-Large,X-Small,XX-Large,XX-Small,XXX-Large","Rs
2090",1881,10% off,Westernwear-Women
8906,Allen solly,Checks polyester regular neck womens t-shirt - olive,"Size:Large,Medium,Small,X-Large","Rs
1699",1499,12% off,Westernwear-Women
8907,Rukootina,Solid hood blended womens sweatshirt - black,Size:Large,Nan,1995,No Discount,Westernwear-Women
8908,Zink london,Solid boat neck polyester womens dresses - red,"Size:Large,Medium,Small","Rs
2499",999,60% off,Westernwear-Women
8909,Zink london,Printed high neck acrylic womens sweaters - blue,"Size:Large,Medium,Small,X-Large","Rs
2499",999,60% off,Westernwear-Women
8910,Zink london,Acrylic women sweaters - yellow,"Size:Large,Medium,X-Large","Rs
2999",1199,60% off,Westernwear-Women
8911,Miss chase,Animal half sleeves premium polyknit womens regular length jumpsuits - multi,"Size:Large,Medium,Small,X-Large,X-Small",Nan,3099,No Discount,Westernwear-Women
8912,Miss chase,Solid cap sleeves premium polyknit womens cropped length jumpsuits - red,"Size:Large,Medium,Small,X-Large,X-Small",Nan,2449,No Discount,Westernwear-Women
8913,Miss chase,Solid round neck fleece and rib womens casual jacket - navy,"Size:Large,Medium,Small,X-Small",Nan,2999,No Discount,Westernwear-Women
8914,Miss chase,Solid v neck fleece and rib womens casual jacket - maroon,"Size:Large,Medium,Small,X-Small",Nan,2999,No Discount,Westernwear-Women
8915,Miss chase,Womens skinny fit clean look jeans - blue,"Size:26,30,32",Nan,1999,No Discount,Westernwear-Women
8916,Miss chase,Relaxed fit regular length single jersey womens shorts set - off white,"Size:Large,Medium,Small,X-Large,X-Small,XX-Large",Nan,2299,No Discount,Westernwear-Women
8917,Miss chase,Floral rayon round neck womens relaxed fit top - multi,"Size:Large,Small,X-Small",Nan,2399,No Discount,Westernwear-Women
8918,Indya,Embroidered georgette scoop neck womens regular top - pink,"Size:Large,X-Large","Rs
1600",800,50% off,Westernwear-Women
8919,Zink london,Womens v neck floral print short dress - black,"Size:Small,X-Small","Rs
2199",699,68% off,Westernwear-Women
8920,Rare,Solid polyester hood womens jacket - black,"Size:Large,X-Large","Rs
4199",1889,55% off,Westernwear-Women
8921,Global desi,Floral viscose v-neck womens straight top - off white,"Size:Small,X-Small","Rs
1799",1079,40% off,Westernwear-Women
8922,Janasya,Checks round neck cotton regular fit womens night suit - cream,"Size:Small,X-Small","Rs
2399",959,60% off,Westernwear-Women
8923,Zink london,Stripes round neck polyester womens sweater - pink,Size:X-Large,"Rs
2499",999,60% off,Westernwear-Women
8924,Sera,Womens regular fit printed shorts - white,Size:X-Large,"Rs
1094",437,60% off,Westernwear-Women
8925,Latin quarters,Dyed v-neck cotton womens regular dress - orange,"Size:S,M,L","Rs
2499",1249,50% off,Westernwear-Women
8926,Iti,Womens pleated cuff top - purple,"Size:Small,X-Small",Nan,1899,No Discount,Westernwear-Women
8927,Kraus,Super skinny ankle length cotton blend womens regular jeans - blue,"Size:28,30","Rs
1995",997,50% off,Westernwear-Women
8928,Kraus,Skinny fit ankle length cotton womens jeans - grey,"Size:28,30,32,34","Rs
1695",1186,30% off,Westernwear-Women
8929,Faballey,Printed v-neck crepe womens wrap dress - black,Size:Large,"Rs
2100",1050,50% off,Westernwear-Women
8930,Janasya,Floral round neck cotton regular fit womens night suit - grey,"Size:Small,X-Small","Rs
1999",899,55% off,Westernwear-Women
8931,Crimsoune club,Womens black striped parallel trousers - black,"Size:Large,X-Large,XX-Large","Rs
1999",999,50% off,Westernwear-Women
8932,Iti,Solid georgette square neck womens top - red,"Size:Small,X-Small",Nan,1199,No Discount,Westernwear-Women
8933,Crimsoune club,Womens blue solid denim - blue,"Size:26,30,32","Rs
2199",1319,40% off,Westernwear-Women
8934,109f,Stripes rayon collar neck womens dress - black,"Size:Large,Small",Nan,1599,No Discount,Westernwear-Women
8935,Sera,Floral cotton round neck womens sweatshirt - navy,Size:Small,"Rs
1899",759,60% off,Westernwear-Women
8936,109f,Womens round neck solid top - yellow,Size:X-Large,"Rs
1499",599,60% off,Westernwear-Women
8937,Sera,Womens regular fit solid trackpants - grey melange,Size:Large,"Rs
1299",649,50% off,Westernwear-Women
8938,Lovegen,Solid collared neck cotton womens casual wear jacket - dark blue,Size:Small,"Rs
2499",1249,50% off,Westernwear-Women
8939,Crimsoune club,Solid cotton linen blend collar neck womens shirt - yellow,"Size:Small,X-Large,XX-Large","Rs
1499",899,40% off,Westernwear-Women
8940,Zink london,Womens fit and flare printed round neck maxi dress - natural,Size:Small,"Rs
2899",1159,60% off,Westernwear-Women
8941,Enamor,Cotton lycra womens track pants - moore plum,"Size:XL,Large,XX-Large",Nan,1399,No Discount,Westernwear-Women
8942,Is.u,Womens grey one shoulder top - grey,"Size:Large,Medium,XX-Large","Rs
1890",661,65% off,Westernwear-Women
8943,Lovegen,Embroidered cotton stretch round neck womens t-shirt - white,Size:X-Large,"Rs
599",419,30% off,Westernwear-Women
8944,Global desi,Solid viscose round neck womens straight tunic - multi,"Size:Medium,Small,X-Small","Rs
1599",959,40% off,Westernwear-Women
8945,Iti,Womens red layered top - red,Size:Medium,Nan,1299,No Discount,Westernwear-Women
8946,Monte carlo,Plain blend poly hood womens sweatshirt - natural,Size:40,Nan,2695,No Discount,Westernwear-Women
8947,Latin quarters,Solid scoop neck polyester womens regular fit dress - black,"Size:S,M,L","Rs
2799",1399,50% off,Westernwear-Women
8948,109f,Womens collared check ruffled shirt - navy,Size:Large,Nan,1799,No Discount,Westernwear-Women
8949,109f,Womens solid casual maxi dress - red,"Size:Medium,Small","Rs
2799",1119,60% off,Westernwear-Women
8950,Vero moda,Stripes sleeveless polyester womens full length jumpsuits - purple,"Size:Large,Small","Rs
4999",3999,20% off,Westernwear-Women
8951,Is.u,Womens black cold shoulder top - black,"Size:Large,Medium,X-Large","Rs
2190",1095,50% off,Westernwear-Women
8952,Is.u,Womens mock wrap top - black,"Size:Large,Medium","Rs
1399",699,50% off,Westernwear-Women
8953,Duke,Printed collar neck wool blend womens pullover - natural,"Size:Small,X-Large",Nan,3595,No Discount,Westernwear-Women
8954,Enamor,Cotton lycra womens track pants - blasted olive tone,"Size:XL,Large,XX-Large",Nan,1399,No Discount,Westernwear-Women
8955,Latin quarters,Solid v neck rayon womens a-line dress - red,"Size:S,M,L","Rs
1899",799,58% off,Westernwear-Women
8956,Faballey,Printed square neck georgette womens straight fit dress - black,Size:X-Large,"Rs
2200",1100,50% off,Westernwear-Women
8957,Campus sutra,Solid peter pan collar viscose womens regular fit dress - black,Size:Medium,Nan,1899,No Discount,Westernwear-Women
8958,Is.u,Solid poly blend shirt collar womens jacket - black,"Size:Large,XX-Large","Rs
2890",1445,50% off,Westernwear-Women
8959,Stop,Solid regular neck acrylic womens pullover - grey melange,Size:Small,"Rs
1499",749,50% off,Westernwear-Women
8960,And,Womens solid embroidered key hole neck peplum top - mint,Size:8,"Rs
2499",1249,50% off,Westernwear-Women
8961,Faballey,Polka dots georgette collar neck womens regular top - blue,Size:Small,"Rs
1400",700,50% off,Westernwear-Women
8962,Faballey,Floral georgette v neck womens wrap dress - red,Size:Small,"Rs
2100",1050,50% off,Westernwear-Women
8963,Campus sutra,Womens solid high neck jacket - royal blue,"Size:Large,Medium",Nan,1999,No Discount,Westernwear-Women
8964,Zink london,Printed rayon off shoulder womens tops - black,Size:Large,"Rs
1599",639,60% off,Westernwear-Women
8965,Faballey,Printed square neck georgette womens regular dress - natural,"Size:Large,Small","Rs
2100",1050,50% off,Westernwear-Women
8966,Crimsoune club,Womens slim fit printed top - white,Size:Large,"Rs
1299",909,30% off,Westernwear-Women
8967,Gipsy,Solid polyester boat neck womens blouson top - pink,Size:Large,"Rs
1895",1326,30% off,Westernwear-Women
8968,Fratini,Solid regular neck acrylic womens cardigan - black,"Size:Medium,Small","Rs
1499",749,50% off,Westernwear-Women
8969,Faballey,Solid crepe key hole neck womens comfort fit top - blue,"Size:Large,Small","Rs
1300",650,50% off,Westernwear-Women
8970,109f,Womens round neck printed ruffled top - blush,"Size:Medium,Small","Rs
1399",559,60% off,Westernwear-Women
8971,Duke,Embellished round neck wool blend womens pullover - dark grey,Size:Large,Nan,2295,No Discount,Westernwear-Women
8972,Faballey,Solid cotton collared womens sweatshirt - blue,"Size:Medium,X-Small","Rs
1900",950,50% off,Westernwear-Women
8973,Lovegen,Skinny fit ankle length cotton stretch womens jeans - mid blue,Size:X-Large,"Rs
999",699,30% off,Westernwear-Women
8974,Is.u,Floral one shoulder cotton womens bodycon dress - pink,Size:X-Small,"Rs
3290",1645,50% off,Westernwear-Women
8975,And,Solid polyester square neck women blouson tops - green,Size:8,"Rs
1699",1189,30% off,Westernwear-Women
8976,Latin quarters,Solid acrylic high neck womens sweater - maroon,"Size:S,L","Rs
2499",1249,50% off,Westernwear-Women
8977,Latin quarters,Solid acrylic high neck womens sweater - blue,"Size:S,L","Rs
2399",1199,50% off,Westernwear-Women
8978,Zink london,Printed polyester round neck women's top - white,"Size:Small,X-Small","Rs
1499",599,60% off,Westernwear-Women
8979,Latin quarters,Solid shirt collar lace womens regular dress - black,"Size:S,M","Rs
2799",1399,50% off,Westernwear-Women
8980,Miss chase,Solid sleeveless polyester womens regular length jumpsuit - green,"Size:Large,X-Large",Nan,2299,No Discount,Westernwear-Women
8981,And,Solid straight polyester women work wear trouser - black,"Size:26,28",Nan,2499,No Discount,Westernwear-Women
8982,Rare,Three quarter sleeves regular fit womens casual top - pink,Size:Large,"Rs
1599",719,55% off,Westernwear-Women
8983,Rare,Solid cotton round neck womens regular fit top - red,Size:Large,"Rs
1599",639,60% off,Westernwear-Women
8984,Marie claire,Regular fit above knee cotton womens casual shorts - grey,Size:28,"Rs
1499",749,50% off,Westernwear-Women
8985,Marie claire,Solid round neck polyester womens casual dress - wine,Size:Large,"Rs
2799",1259,55% off,Westernwear-Women
8986,And,Floral polyester round neck women a line top - white,Size:8,"Rs
1999",1399,30% off,Westernwear-Women
8987,And,Floral square neck polyester women flared gown - black,Size:8,"Rs
3099",2169,30% off,Westernwear-Women
8988,Marie claire,Solid viscose rayon round neck womens top - navy,"Size:Small,X-Small","Rs
1499",674,55% off,Westernwear-Women
8989,Kraus,Solid hood cotton blend women sweatshirts - wine,Size:Small,"Rs
1499",749,50% off,Westernwear-Women
8990,Alcis,Womens solid t-shirt - peach,"Size:Large,Medium,X-Large",Nan,1199,No Discount,Westernwear-Women
8991,Alcis,Womens slim fit solid t-shirt - royal blue,"Size:Large,Medium,Small,X-Large",Nan,1299,No Discount,Westernwear-Women
8992,Alcis,Womens slim fit solid capris - purple,"Size:Large,Medium,Small,X-Large",Nan,999,No Discount,Westernwear-Women
8993,Madame,Womens collared floral printed shift dress - off white,Size:Medium,"Rs
1999",999,50% off,Westernwear-Women
8994,Alcis,Womens slim fit solid leggings - pink,"Size:Large,Medium,Small,X-Large",Nan,1299,No Discount,Westernwear-Women
8995,Enamor,Womens open front slub shrug - sand,"Size:Large,Medium","Rs
1049",734,30% off,Westernwear-Women
8996,Magre,Polka dots polyester blend tie up neck� womens top - black,"Size:Large,Medium,Small","Rs
1490",596,60% off,Westernwear-Women
8997,Crimsoune club,Printed cotton round neck womens t-shirt - pink,"Size:Large,Medium,Small,X-Large","Rs
999",499,50% off,Westernwear-Women
8998,Crimsoune club,Womens slim fit printed t-shirt - green,"Size:Small,X-Large","Rs
999",399,60% off,Westernwear-Women
8999,Zink london,Solid acrylic regular fit womens sweater - pink,"Size:Large,Medium,Small,X-Large","Rs
2999",1199,60% off,Westernwear-Women
9000,Crimsoune club,Slim mid thigh cotton womens casual wear shorts - multi,"Size:26,28,30,32,34","Rs
1199",599,50% off,Westernwear-Women
9001,Vero moda,Aop regular fit polyester womens pants - black,"Size:Large,Medium,Small,X-Small","Rs
3999",1999,50% off,Westernwear-Women
9002,Vero moda,Solid polyester round neck womens top - blue,"Size:Medium,Small,X-Small","Rs
2999",2399,20% off,Westernwear-Women
9003,Vero moda,Solid polyester round neck womens jacket - black,"Size:Large,Medium,Small,X-Large,X-Small","Rs
3999",2799,30% off,Westernwear-Women
9004,Spykar,Sleeveless cotton womens regular jacket - light blue,"Size:Large,Medium,Small,X-Large","Rs
2499",1749,30% off,Westernwear-Women
9005,Crimsoune club,Solid cotton blend slim fit womens casual shorts - green,"Size:26,28,30,32","Rs
1999",1599,20% off,Westernwear-Women
9006,Magre,Solid satin regular womens top - natural,"Size:Large,Medium","Rs
1990",895,55% off,Westernwear-Women
9007,Faballey,Solid polyester blend v neck womens straight fit top - green,"Size:Small,X-Small","Rs
1600",800,50% off,Westernwear-Women
9008,109f,Womens 5 pocket coated jeans - blue,"Size:Small,X-Small","Rs
1999",799,60% off,Westernwear-Women
9009,Allen solly tribe,Solid regular fit polyester cotton womens active wear shorts - black,"Size:28,30,32,34,36",Nan,1299,No Discount,Westernwear-Women
9010,Allen solly,Printed viscose v neck womens top - white,"Size:Large,Medium,Small,X-Large,X-Small,XX-Large","Rs
1699",1019,40% off,Westernwear-Women
9011,Kraus,Skinny fit ankle length cotton womens jeans - grey,"Size:28,30,32,34,36,38","Rs
1795",1256,30% off,Westernwear-Women
9012,Puma,Printed nylon crew neck womens t-shirt - pink,"Size:Large,Medium,Small,X-Large,X-Small","Rs
2299",1609,30% off,Westernwear-Women
9013,Van heusen,Solid viscose round neck womens top - navy,"Size:Large,Medium,Small",Nan,1499,No Discount,Westernwear-Women
9014,Suti,Printed mandarin cotton womens casual jacket - green,Size:Medium,"Rs
1799",1439,20% off,Westernwear-Women
9015,Dolce crudo,Boot cut regular length cotton polyester womens jeans - blue,"Size:26,28,30,32,34","Rs
4149",2074,50% off,Westernwear-Women
9016,Stop,Solid regular fleece womens casual wear joggers - pink,Size:Small,"Rs
1950",975,50% off,Westernwear-Women
9017,Zink london,Solid cotton u neck womens top - blue,"Size:Large,Medium,Small,X-Large","Rs
1699",1019,40% off,Westernwear-Women
9018,Sera,Dyed polyester round neck womens top - coral,"Size:Large,Medium,Small,X-Large","Rs
1298",584,55% off,Westernwear-Women
9019,Dolce crudo,Solid round neck fleece and rib womens casual wear jacket - navy,"Size:Large,Medium,Small,X-Small","Rs
2995",1198,60% off,Westernwear-Women
9020,Samshek,Solid polyester sweetheart neck womens bodycon top - black,"Size:4X-Large,5X-Large,Large,Medium,Small,X-Large,X-Small,XX-Large,XX-Small,XXX-Large","Rs
2290",2061,10% off,Westernwear-Women
9021,Faballey,Solid v neck crepe womens regular dresses - blue,Size:Small,"Rs
2100",1050,50% off,Westernwear-Women
9022,Gipsy,Womens solid casual shirt - olive,"Size:Large,Medium",Nan,1795,No Discount,Westernwear-Women
9023,Zink london,Solid high neck nylon womens sweater - blue,"Size:Large,Medium,Small,X-Large","Rs
2499",999,60% off,Westernwear-Women
9024,Campus sutra,Printed round neck cotton womens dresses - green,"Size:Large,Medium,Small,X-Large",Nan,1499,No Discount,Westernwear-Women
9025,Campus sutra,Solid v neck cotton womens regular fit dress - purple,"Size:Large,Small",Nan,1699,No Discount,Westernwear-Women
9026,109f,Womens tie up neck floral print a-line dress - birch,"Size:Large,X-Large","Rs
1999",799,60% off,Westernwear-Women
9027,Gipsy,Printed polyester v-neck womens tunic - black mix,"Size:Large,Medium,Small",Nan,1795,No Discount,Westernwear-Women
9028,Crimsoune club,Printed lyocell collared womens top - natural,"Size:Large,Medium,Small,X-Large","Rs
1399",699,50% off,Westernwear-Women
9029,Jockey,Tactel nylon womens t-shirt - black,Size:Error Size,Nan,1499,No Discount,Westernwear-Women
9030,Kraus,Solid tencel collar neck womens crop shirt - blue,"Size:Medium,Small,X-Small","Rs
1299",1169,10% off,Westernwear-Women
9031,Vero moda,Solid regular fit polyester womens pants - red,"Size:Large,Medium,Small,X-Large,X-Small","Rs
3499",1749,50% off,Westernwear-Women
9032,Iti,Womens colourblock pleated top - multi,Size:Small,Nan,1799,No Discount,Westernwear-Women
9033,Dolce crudo,Womens regular fit girl power twill jeans black - black,"Size:26,28,30,32,34","Rs
2349",1174,50% off,Westernwear-Women
9034,Emblaze,Solid one shoulder viscose womens fitted dress - pink,"Size:Large,Medium,Small,X-Large,X-Small,XX-Large",Nan,3800,No Discount,Westernwear-Women
9035,Gipsy,Womens v neck printed flared dress - navy,"Size:Large,Medium,Small,X-Large,XX-Large","Rs
2795",1956,30% off,Westernwear-Women
9036,Vero moda,Printed v-neck viscose womens dress - green,"Size:Medium,X-Small",Nan,3299,No Discount,Westernwear-Women
9037,Allen solly tribe,Solid regular fit polyester cotton womens trousers - red,"Size:30,32,34,36",Nan,1799,No Discount,Westernwear-Women
9038,109f,Checkered shirt collar polyester cotton womens casual shirt - blue,"Size:Large,Medium,Small,X-Large",Nan,1699,No Discount,Westernwear-Women
9039,Vero moda,Stripes cotton off shoulder womens  tops - white,"Size:Large,Medium,Small,X-Large,X-Small","Rs
1999",1399,30% off,Westernwear-Women
9040,Faballey,Solid square neck cotton womens comfort fit midi dress - yellow,Size:Medium,"Rs
2800",1400,50% off,Westernwear-Women
9041,Dolce crudo,Wide leg regular denim womens jeans - light blue,"Size:26,28,30,32,34","Rs
2495",1122,55% off,Westernwear-Women
9042,Sera,Floral sweetheart neck polyester womens a-line dress - green,"Size:Large,Medium,Small,X-Large","Rs
1998",999,50% off,Westernwear-Women
9043,Life,Womens 5 pocket distressed jeans - denim regular,Size:34,Nan,1899,No Discount,Westernwear-Women
9044,Fratini,Lace viscose blend round neck womens t-shirt - peach,"Size:Large,Medium,Small,X-Large,XX-Large",Nan,999,No Discount,Westernwear-Women
9045,Is.u,Womens black long sleeve dress - black,"Size:Large,Medium,Small,X-Large,X-Small","Rs
2490",1245,50% off,Westernwear-Women
9046,Vero moda,Solid modal collar neck womens t-shirt - green,"Size:Large,Medium,Small,X-Large,X-Small","Rs
2299",1839,20% off,Westernwear-Women
9047,Only,Placement print cotton womens t-shirt - white,"Size:Large,Medium,Small","Rs
1999",1199,40% off,Westernwear-Women
9048,Dolce crudo,Womens look for glory denim jacket - blue,Size:X-Small,"Rs
2899",1159,60% off,Westernwear-Women
9049,Magre,Floral polyester blend regular fit womens shorts - pink,"Size:Large,X-Small","Rs
1990",895,55% off,Westernwear-Women
9050,Only,Solid front open polyester womens casual wear jacket - natural,Size:Large,"Rs
4699",2349,50% off,Westernwear-Women
9051,Vero moda,Solid cotton v neck womens t-shirt - orange,"Size:Large,Medium,Small,X-Large,X-Small","Rs
2299",1609,30% off,Westernwear-Women
9052,Crimsoune club,Stripes polyester y neck womens top - black,"Size:Large,Medium,Small,X-Large,XX-Large","Rs
1399",839,40% off,Westernwear-Women
9053,Crimsoune club,Solid slim poly cotton womens casual wear track pants - black,"Size:Large,Medium,X-Large,XX-Large","Rs
1299",909,30% off,Westernwear-Women
9054,Iti,Womens embellished panel maxi - blue,"Size:Large,Small",Nan,2699,No Discount,Westernwear-Women
9055,Sera,Womens printed woven fit and flare dress - off white,Size:Large,"Rs
1394",557,60% off,Westernwear-Women
9056,Dolce crudo,Womens regular fit still fabulous denim jeans white - white,"Size:26,28,30,32,34","Rs
2399",1199,50% off,Westernwear-Women
9057,Spykar,Printed cotton round neck womens t-shirt - olive,"Size:Large,Medium,Small,X-Large","Rs
1099",769,30% off,Westernwear-Women
9058,Faballey,Checked collared neck cotton womens pyjama set - blue,Size:Small,"Rs
2200",1100,50% off,Westernwear-Women
9059,Proline,Cotton regular fit womens track pants - black,"Size:Large,Medium,Small,X-Large","Rs
1499",1049,30% off,Westernwear-Women
9060,Magre,Floral polyester blend regular fit womens shorts - green,"Size:Large,Medium,Small,X-Small","Rs
1990",895,55% off,Westernwear-Women
9061,Faballey,Floral half sleeves crepe womens full length jumpsuit - red,Size:Small,"Rs
2450",1225,50% off,Westernwear-Women
9062,Kraus,Solid tencel collar neck womens crop shirt - light blue,"Size:Large,Medium,Small,X-Small","Rs
1399",1259,10% off,Westernwear-Women
9063,Samshek,Solid cotton v neck womens party wear shirt - red,"Size:4X-Large,5X-Large,Large,Medium,Small,X-Large,X-Small,XX-Large,XX-Small,XXX-Large","Rs
2290",1832,20% off,Westernwear-Women
9064,Gipsy,Printed polyester round neck womens top - black,"Size:Large,Medium,XX-Large",Nan,1595,No Discount,Westernwear-Women
9065,Madame,Solid polyester choker neck womens sweatshirt - coffee,Size:XX-Large,"Rs
2199",1319,40% off,Westernwear-Women
9066,Gipsy,Solid polyester key hole neck womens blouson top - blue,"Size:Large,Medium,X-Large,XX-Large","Rs
1795",1436,20% off,Westernwear-Women
9067,Emblaze,Solid round neck viscose womens dress - pink,"Size:Large,Medium,Small,X-Large,X-Small,XX-Large",Nan,5000,No Discount,Westernwear-Women
9068,Allen solly,Solid regular fit cotton womens casual trousers - mid blue,"Size:26,28,30,32,34,36","Rs
1599",1279,20% off,Westernwear-Women
9069,Iti,Womens flowy tiered top - white,Size:Small,Nan,1899,No Discount,Westernwear-Women
9070,Emblaze,Womens black skirt front flap with ruffle - black,"Size:Large,Medium,Small,X-Large,X-Small,XX-Large",Nan,2600,No Discount,Westernwear-Women
9071,And,Solid v- neck rayon women flared gown - green,"Size:10,12","Rs
3299",2639,20% off,Westernwear-Women
9072,Campus sutra,Solid v neck crepe womens dresses - lilac,"Size:Large,Medium,Small,X-Large",Nan,1999,No Discount,Westernwear-Women
9073,Life,Skinny fit ankle length polyester blend womens tights - grey,"Size:28,30,32,34,36","Rs
1199",599,50% off,Westernwear-Women
9074,Faballey,Solid cotton collared womens sweatshirt - grey,"Size:Large,Medium,Small,X-Small","Rs
1900",950,50% off,Westernwear-Women
9075,Crimsoune club,Womens slim fit printed t-shirt - blue,"Size:Large,Medium,Small,X-Large","Rs
1099",769,30% off,Westernwear-Women
9076,Only,Printed cotton round neck womens t-shirt - yellow,"Size:Large,Medium,Small,X-Large,X-Small","Rs
1299",909,30% off,Westernwear-Women
9077,Indya,Stripes sleeveless cotton womens full length jumpsuit - natural,Size:Small,"Rs
2500",2000,20% off,Westernwear-Women
9078,Lovegen,Graphic viscose round neck womens t-shirt - black,Size:X-Large,"Rs
999",399,60% off,Westernwear-Women
9079,Sera,Womens regular fit printed v neck blouson top - navy,Size:Small,"Rs
1098",494,55% off,Westernwear-Women
9080,Jealous 21,Solid round neck viscose womens regular top - white,"Size:Large,Medium,Small,X-Large",Nan,999,No Discount,Westernwear-Women
9081,Dolce crudo,Womens champagne for two hooded jacket - olive,"Size:Large,Medium,Small,X-Large,X-Small","Rs
2499",999,60% off,Westernwear-Women
9082,109f,Womens round neck floral print top - lime green,"Size:Large,Small","Rs
1499",599,60% off,Westernwear-Women
9083,Vero moda,Printed viscose round neck womens  tops - white,"Size:Large,Medium,Small,X-Large,X-Small",Nan,2499,No Discount,Westernwear-Women
9084,Life,Absract cotton blend round neck womens sweatshirt - blush,"Size:Large,Medium,Small,X-Large,X-Small","Rs
1299",649,50% off,Westernwear-Women
9085,W,Womens solid tights - off white,"Size:Large,Medium",Nan,799,No Discount,Westernwear-Women
9086,Puma,Polyester round neck womens athleisure top - white,"Size:Large,Medium,Small,X-Large,X-Small","Rs
1799",1259,30% off,Westernwear-Women
9087,Dolce crudo,Womens peplum all you can sleeveless top blue - blue,"Size:Small,X-Small","Rs
2299",1264,45% off,Westernwear-Women
9088,Emblaze,Solid round neck viscose womens dress - pink,"Size:Large,Medium,Small,X-Large,X-Small,XX-Large",Nan,3000,No Discount,Westernwear-Women
9089,Dolce crudo,Skinny fit crop denim womens jeans - navy,"Size:26,28,30,32,34","Rs
4399",1319,70% off,Westernwear-Women
9090,Samshek,Printed satin v neck womens top - multi,"Size:4X-Large,5X-Large,Large,Medium,Small,X-Large,X-Small,XX-Large,XX-Small,XXX-Large",Nan,1390,No Discount,Westernwear-Women
9091,Is.u,Womens coral sleeveless frill top - coral,"Size:Large,Medium,Small,X-Large,XX-Large","Rs
1890",945,50% off,Westernwear-Women
9092,Crimsoune club,Solid cotton collared womens shirt - blue,"Size:Large,X-Large","Rs
1699",1189,30% off,Westernwear-Women
9093,Samshek,Solid cotton collar neck womens party wear shirt - red,"Size:4X-Large,5X-Large,Large,Medium,Small,X-Large,X-Small,XX-Large,XX-Small,XXX-Large","Rs
2490",1992,20% off,Westernwear-Women
9094,Campus sutra,Womens knit regular fit jacket - charcoal,"Size:Large,Medium,Small",Nan,1999,No Discount,Westernwear-Women
9095,Faballey,Embellished round neck georgette womens longline dress - blue,Size:Small,"Rs
2950",1475,50% off,Westernwear-Women
9096,Adidas,Striped cotton round neck womens dress - red,"Size:62,68,74,86,98","Rs
3299",1649,50% off,Westernwear-Women
9097,Global desi,Womens regular fit solid trousers - natural,Size:Small,"Rs
2499",1499,40% off,Westernwear-Women
9098,Allen solly tribe,Regular fit regular length cotton womens leggings - pink,"Size:30,32,34",Nan,1299,No Discount,Westernwear-Women
9099,Magre,Floral polyester blend collar neck womens top - pink,"Size:Large,Medium,Small,X-Small","Rs
1890",850,55% off,Westernwear-Women
9100,Janasya,Printed collared neck cotton regular fit womens night suit - white,"Size:Large,Medium,Small,X-Large,X-Small,XX-Large","Rs
2499",999,60% off,Westernwear-Women
9101,Lovegen,Graphic viscose round neck womens t-shirt - black,"Size:Large,Medium,Small,X-Large","Rs
999",499,50% off,Westernwear-Women
9102,Duke,Solid round neck nylon womens jacket - pink,"Size:Large,Medium,X-Large,XX-Large",Nan,3599,No Discount,Westernwear-Women
9103,Enamor,Textured round neck cotton blend womens thermal - pale peach,"Size:XL,Large,Medium,Small",Nan,999,No Discount,Westernwear-Women
9104,Crimsoune club,Womens cream striped trouser - fawn,"Size:30,32,34,36","Rs
1899",1519,20% off,Westernwear-Women
9105,109f,Printed polyester round neck womens sweatshirt - grey,"Size:Large,Medium,X-Large,XX-Large",Nan,2499,No Discount,Westernwear-Women
9106,Crimsoune club,Womens black checked top - black,"Size:Large,Medium,Small,X-Large,XX-Large","Rs
1699",849,50% off,Westernwear-Women
9107,Zink london,Stripes cotton square neck womens top - multi,"Size:Large,Medium,Small,X-Large","Rs
1699",1019,40% off,Westernwear-Women
9108,Iti,Womens solid tassel top - blue,Size:Small,Nan,1899,No Discount,Westernwear-Women
9109,Enamor,Cotton blend fleece womens active wear track pants - mixed pastels,"Size:XL,Large,Medium,Small,XX-Large","Rs
1599",1119,30% off,Westernwear-Women
9110,Vero moda,Solid cotton round neck womens top - yellow,"Size:Large,Medium,Small,X-Large,X-Small","Rs
2999",2099,30% off,Westernwear-Women
9111,Kraus,Printed rayon v neck womens regular top - peach,"Size:Large,Medium,Small,X-Large","Rs
1199",839,30% off,Westernwear-Women
9112,Jealous 21,Solid round neck cotton womens regular top - mustard,"Size:Large,Medium,Small,X-Large",Nan,1099,No Discount,Westernwear-Women
9113,Dolce crudo,Womens regular fit glad you came zipper jeans black - black,"Size:26,28,30,32,34","Rs
2299",1034,55% off,Westernwear-Women
9114,Allen solly tribe,Solid cotton round neck womens tank top - navy,"Size:Large,Medium,Small,X-Large",Nan,899,No Discount,Westernwear-Women
9115,Samshek,Printed sweetheart neck polyester womens bodycon dress - black,Size:XX-Small,Nan,3600,No Discount,Westernwear-Women
9116,Forever new,Solid modal round neck womens top - pink,Size:X-Small,"Rs
2600",1430,45% off,Westernwear-Women
9117,Madame,Solid shirt collar denim womens straight fit dress - blue,Size:Small,"Rs
3699",1849,50% off,Westernwear-Women
9118,Vero moda,Printed viscose v neck womens  tops - natural,"Size:Large,Medium,Small,X-Large,X-Small","Rs
2599",1559,40% off,Westernwear-Women
9119,Indya,Printed georgette regular fit womens regular length jumpsuit - pink,Size:Large,Nan,2800,No Discount,Westernwear-Women
9120,Campus sutra,Womens knit tailored fit treggings - black mix,Size:Medium,Nan,1499,No Discount,Westernwear-Women
9121,Madame,Solid polyester choker neck womens regular fit top - rust,Size:Small,"Rs
1899",1139,40% off,Westernwear-Women
9122,Only,Solid nylon front open womens coat - green,Size:Large,"Rs
4499",2249,50% off,Westernwear-Women
9123,Crimsoune club,Stripes polyester round neck womens co-ordinates - navy,"Size:X-Large,XX-Large","Rs
3699",1849,50% off,Westernwear-Women
9124,Dolce crudo,Womens spade twill high waist treggings - dark grey,"Size:Large,X-Small","Rs
2199",989,55% off,Westernwear-Women
9125,Zink london,Embroidered v-neck acrylic womens sweater - yellow,"Size:Large,X-Large","Rs
2499",999,60% off,Westernwear-Women
9126,Samshek,Solid cotton v neck womens party wear shirt - black,"Size:4X-Large,5X-Large,Large,Medium,Small,X-Large,X-Small,XX-Large,XX-Small,XXX-Large","Rs
2290",1832,20% off,Westernwear-Women
9127,Samshek,Solid v neck polyester womens regular dress - black,"Size:4X-Large,5X-Large,Large,Medium,Small,X-Large,X-Small,XX-Large,XX-Small,XXX-Large","Rs
2490",2241,10% off,Westernwear-Women
9128,Pepe,Graphic cotton blend regular fit womens joggers - light brown,"Size:Large,Medium,Small,X-Large","Rs
2599",1559,40% off,Westernwear-Women
9129,Lovegen,Printed cotton round neck womens boxy fit t-shirt - black,"Size:Large,Medium,Small,X-Large","Rs
799",479,40% off,Westernwear-Women
9130,Puma,Polyester mid rise tight fit womens athleisure tights - black,"Size:Large,Medium,Small,X-Large,X-Small","Rs
2999",2099,30% off,Westernwear-Women
9131,Faballey,Polka dots georgette sweetheart neck womens wrap top - pink,"Size:Large,Medium","Rs
1500",750,50% off,Westernwear-Women
9132,Crimsoune club,Graphic round neck polyester blend womens sweatshirt - red,"Size:Large,Medium,Small,X-Large,XX-Large","Rs
1699",849,50% off,Westernwear-Women
9133,Faballey,Solid fleece high neck womens sweatshirt - green,"Size:Large,Medium,Small,X-Large","Rs
2200",1100,50% off,Westernwear-Women
9134,Janasya,Floral v-neck cotton regular fit womens night suit - grey,"Size:Small,X-Small","Rs
2399",959,60% off,Westernwear-Women
9135,Lovegen,Embroidered collared neck cotton womens casual jacket - mid blue,"Size:Large,Medium,Small","Rs
2699",1349,50% off,Westernwear-Women
9136,Allen solly tribe,Solid regular fit polyester cotton womens trousers - olive,"Size:28,30,32,34,36",Nan,1799,No Discount,Westernwear-Women
9137,Spykar,Printed cotton round neck womens t-shirt - blue,"Size:Large,Medium,Small,X-Large","Rs
1099",769,30% off,Westernwear-Women
9138,Vero moda,Printed cotton regular fit womens shorts - blue,"Size:Large,Medium,Small,X-Large,X-Small","Rs
2499",1999,20% off,Westernwear-Women
9139,Crimsoune club,Womens super skinny fit solid jeans - blue,Size:28,"Rs
1899",949,50% off,Westernwear-Women
9140,Faballey,Womens blue grey bow shoulder top - grey,Size:Small,"Rs
1300",650,50% off,Westernwear-Women
9141,Vero moda,Solid cotton straight fit womens pants - green,"Size:Large,Medium,Small,X-Large,X-Small","Rs
2999",2399,20% off,Westernwear-Women
9142,Global desi,Self design v-neck womens top - black,"Size:Large,Medium,Small,X-Small","Rs
1499",749,50% off,Westernwear-Women
9143,Samshek,Solid round neck polyester womens regular dress - black,"Size:4X-Large,5X-Large,Large,Medium,Small,X-Large,X-Small,XX-Large,XX-Small,XXX-Large","Rs
2790",2232,20% off,Westernwear-Women
9144,Sera,Solid cotton round neck womens sweatshirt - pink,"Size:Large,Small,X-Large","Rs
1899",759,60% off,Westernwear-Women
9145,Cover story,Solid viscose polyester nylon round neck womens sweater - wine,Size:Medium,"Rs
2590",1813,30% off,Westernwear-Women
9146,Crimsoune club,Stripes lyocell round neck womens top - yellow,"Size:Large,Medium,X-Large,XXX-Large","Rs
1299",779,40% off,Westernwear-Women
9147,Crimsoune club,Printed lyocell collar neck womens casual shirt - white,"Size:Large,Medium,Small,X-Large,X-Small","Rs
1999",1599,20% off,Westernwear-Women
9148,Samshek,Solid cotton collar neck womens party wear shirt - black,"Size:4X-Large,5X-Large,Large,Medium,Small,X-Large,X-Small,XX-Large,XX-Small,XXX-Large","Rs
2190",1971,10% off,Westernwear-Women
9149,Dolce crudo,Womens we are one denim jacket - black,"Size:X-Large,X-Small","Rs
2999",1199,60% off,Westernwear-Women
9150,109f,Solid cotton high neck womens top - black,"Size:Large,Medium,Small,X-Large,XX-Large",Nan,1699,No Discount,Westernwear-Women
9151,Sera,Solid collar neck polyester womens peplum top - blue,"Size:Large,Medium,Small,X-Large","Rs
1298",649,50% off,Westernwear-Women
9152,And,Womens regular fit floral dress - yellow,Size:8,"Rs
2799",1399,50% off,Westernwear-Women
9153,109f,Womens semi square neck solid midi dress - red,Size:Small,"Rs
2299",919,60% off,Westernwear-Women
9154,Latin quarters,Solid cotton button down collar womens regular blouse - blue,"Size:S,X-Small","Rs
1599",799,50% off,Westernwear-Women
9155,Dolce crudo,Skinny fit cropped length cotton polyester womens jeans - blue,"Size:26,28,30,32,34","Rs
4249",2124,50% off,Westernwear-Women
9156,Latin quarters,Solid collar neck cotton womens jacket - green,"Size:S,M,L,X-Small","Rs
2999",1499,50% off,Westernwear-Women
9157,109f,Womens off shoulder neck solid top - navy,"Size:Medium,X-Small","Rs
1499",599,60% off,Westernwear-Women
9158,Is.u,Womens millennial pink crew neck no photos please t-shirt - pink,"Size:Medium,X-Large","Rs
890",445,50% off,Westernwear-Women
9159,109f,Womens solid casual pants - off white,"Size:Large,XX-Large","Rs
1999",599,70% off,Westernwear-Women
9160,Global desi,Floral v neck cotton womens straight jumpsuits - blue,"Size:XL,Large,Medium,Small,XX-Large","Rs
5299",4239,20% off,Westernwear-Women
9161,Gipsy,Self design mandarin collar polyester womens casual jacket - dark olive,Size:Small,"Rs
3995",2397,40% off,Westernwear-Women
9162,Levis,Printed round neck hemp and tencel womens jacket - blue,"Size:Large,Medium,Small,X-Small",Nan,5499,No Discount,Westernwear-Women
9163,And,Womens regular fit shirt collar stripes top - imperial yellow,Size:8,"Rs
2199",1099,50% off,Westernwear-Women
9164,Global desi,Womens cotton blend shirt collar tops - natural,"Size:XL,Large,Medium","Rs
1899",759,60% off,Westernwear-Women
9165,And,Solid polyester round neck women straight tops - blush,"Size:8,10,12,14,16","Rs
1799",1439,20% off,Westernwear-Women
9166,And,Stripes cotton collar neck womens straight top - pink mix,"Size:8,12,14,16","Rs
1899",1519,20% off,Westernwear-Women
9167,Samshek,Solid georgette collar neck womens party wear shirt - white,"Size:4X-Large,5X-Large,Large,Medium,Small,X-Large,X-Small,XX-Large,XXX-Large","Rs
1999",1799,10% off,Westernwear-Women
9168,Latin quarters,Solid pu collar neck womens casual jacket - maroon,"Size:S,M,L,XL","Rs
4799",3359,30% off,Westernwear-Women
9169,Latin quarters,Solid pu collar neck womens casual jacket - pink,"Size:S,M,L,XL","Rs
4499",3149,30% off,Westernwear-Women
9170,Latin quarters,Solid round neck polyester womens regular dress - blue,"Size:S,L","Rs
1999",999,50% off,Westernwear-Women
9171,Zink london,Solid cotton regular fit womens casual pants - pink,"Size:Large,Medium,Small,X-Large","Rs
2199",1319,40% off,Westernwear-Women
9172,Latin quarters,Solid acrylic turtle neck womens sweater - blue,"Size:S,L","Rs
2499",1249,50% off,Westernwear-Women
9173,Kraus,Solid collared neck cotton blend womens casual jacket - mid blue,"Size:Large,Medium,Small,X-Large","Rs
1995",1396,30% off,Westernwear-Women
9174,Adidas,Printed cotton round neck womens t-shirt - orange,Size:X-Small,"Rs
1999",1399,30% off,Westernwear-Women
9175,Van heusen,Solid cotton round neck womens top - lime green,"Size:Large,Medium,Small,X-Large,X-Small",Nan,849,No Discount,Westernwear-Women
9176,Rare,Stripes crepe sweetheart neck womens regular fit top - wine,"Size:Large,Medium,Small,X-Large,X-Small","Rs
1499",674,55% off,Westernwear-Women
9177,Miss chase,Solid cotton regular fit womens shorts - blue,"Size:Large,Medium,Small,X-Large,X-Small",Nan,999,No Discount,Westernwear-Women
9178,Miss chase,Solid v-neck polyester womens casual dress - black,"Size:Large,Medium,Small,X-Large,X-Small",Nan,2099,No Discount,Westernwear-Women
9179,And,Solid tapered linen women work wear trouser - blush,"Size:26,28,30,32,34,36",Nan,2199,No Discount,Westernwear-Women
9180,Miss chase,Printed cotton regular fit womens shorts - blue,"Size:Large,Medium,Small,X-Large,X-Small,XX-Large",Nan,899,No Discount,Westernwear-Women
9181,Miss chase,Solid round neck polyester womens casual dress - multi,"Size:Large,Medium,Small,X-Large,X-Small",Nan,1949,No Discount,Westernwear-Women
9182,Miss chase,Printed v-neck polyester womens casual dress - multi,"Size:Large,X-Large,X-Small",Nan,2899,No Discount,Westernwear-Women
9183,And,Solid linen square neck women regular playsuit - magenta,"Size:8,14","Rs
3699",2589,30% off,Westernwear-Women
9184,And,Solid square neck polyester women flared dress - green,Size:10,"Rs
2299",1609,30% off,Westernwear-Women
9185,Is.u,Printed cotton round neck womens regular t-shirt - blue,"Size:Large,Medium","Rs
890",445,50% off,Westernwear-Women
9186,Crimsoune club,Womens maroon solid track pants - maroon,Size:XXX-Large,"Rs
1499",1049,30% off,Westernwear-Women
9187,Enamor,Womens high waisted color block leggings with 2 hip pockets - denim black,Size:Medium,Nan,1499,No Discount,Westernwear-Women
9188,Faballey,Polka dots viscose square neck womens tiered dress - black,Size:Small,"Rs
1950",975,50% off,Westernwear-Women
9189,Gipsy,Womens round neck embroidered top - blue,"Size:Medium,Small",Nan,1795,No Discount,Westernwear-Women
9190,Dolce crudo,Solid notch collar fleece womens casual wear jacket - rust,Size:X-Small,"Rs
4995",1998,60% off,Westernwear-Women
9191,Faballey,Printed short sleeves georgette womens regular jumpsuit - black,Size:X-Small,"Rs
2300",1150,50% off,Westernwear-Women
9192,Crimsoune club,Womens yellow solid shirt - yellow,Size:Large,"Rs
1299",1039,20% off,Westernwear-Women
9193,Faballey,Womens navy floral layered halter top - red,Size:X-Large,"Rs
1600",800,50% off,Westernwear-Women
9194,Gipsy,Womens tie up neck printed jumpsuit - black,Size:Large,Nan,2795,No Discount,Westernwear-Women
9195,Crimsoune club,Womens slim fit printed shirt - red,Size:Small,"Rs
1499",1049,30% off,Westernwear-Women
9196,Faballey,Womens red stripe embroidered off shoulder top - pink,Size:X-Small,"Rs
1700",850,50% off,Westernwear-Women
9197,Is.u,Solid cotton round neck womens top - grey,Size:X-Small,"Rs
890",445,50% off,Westernwear-Women
9198,Is.u,Womens white side button knit top - white,"Size:Medium,X-Large,XX-Large","Rs
2190",1095,50% off,Westernwear-Women
9199,Iti,Womens solid grommet top - green,Size:Small,Nan,1799,No Discount,Westernwear-Women
9200,Campus sutra,Printed round neck cotton womens sweatshirt - pink,Size:Small,Nan,1699,No Discount,Westernwear-Women
9201,Global desi,Floral one shoulder viscose rayon womens straight jumpsuit - red,"Size:Large,Medium,Small","Rs
2999",1499,50% off,Westernwear-Women
9202,Indya,Regular fit full length georgette womens festive wear skirt - black,Size:Large,"Rs
3200",1600,50% off,Westernwear-Women
9203,Crimsoune club,Printed lyocell collared womens top - black,"Size:Large,X-Large","Rs
1399",979,30% off,Westernwear-Women
9204,Latin quarters,Dyed off shoulder polyester womens regular dress - black,"Size:S,M,X-Small","Rs
2399",1199,50% off,Westernwear-Women
9205,109f,Womens round neck floral print top - grey,Size:X-Small,"Rs
1299",519,60% off,Westernwear-Women
9206,Faballey,Womens black pleated midi skirt - black,"Size:Small,X-Small","Rs
2400",1200,50% off,Westernwear-Women
9207,Crimsoune club,Checks collar neck acrylic womens sweater - green,"Size:Medium,XX-Large","Rs
2099",1049,50% off,Westernwear-Women
9208,Campus sutra,Womens knit regular fit shirt - blue mix light,Size:Large,Nan,1399,No Discount,Westernwear-Women
9209,Is.u,Womens black pussy bow top - black,"Size:Large,Small,X-Small","Rs
2190",1095,50% off,Westernwear-Women
9210,Dolce crudo,Womens cannon ball flared denim pants - navy,Size:26,"Rs
2549",1274,50% off,Westernwear-Women
9211,Dolce crudo,Solid fleece and rib round neck womens sweatshirt - maroon,"Size:Small,X-Small","Rs
2399",959,60% off,Westernwear-Women
9212,Iti,Womens ruffle sleeve top - pink,Size:Small,Nan,1799,No Discount,Westernwear-Women
9213,Latin quarters,Solid round neck blended womens a-line dress - rust,Size:XL,"Rs
2299",1149,50% off,Westernwear-Women
9214,Kraus,Skinny fit ankle length cotton womens jeans - dark blue,Size:30,"Rs
1895",1326,30% off,Westernwear-Women
9215,Crimsoune club,Womens slim fit solid shirt - blue,Size:Large,"Rs
1599",1119,30% off,Westernwear-Women
9216,Faballey,Floral off shoulder georgette womens flared dress - white,"Size:Large,X-Large","Rs
2250",1125,50% off,Westernwear-Women
9217,Latin quarters,Printed collar neck polyester womens regular dress - teal,Size:S,Nan,2499,No Discount,Westernwear-Women
9218,Is.u,Solid regular fit polyester womens track pants - grey,Size:Small,"Rs
2400",1200,50% off,Westernwear-Women
9219,Crimsoune club,Stripes lyocell collared womens top - green,"Size:Large,Medium,X-Large","Rs
1399",979,30% off,Westernwear-Women
9220,Iti,Womens lace crop top - white,"Size:Large,X-Large",Nan,1399,No Discount,Westernwear-Women
9221,Faballey,Womens blush side tie blouse - pink,Size:Medium,"Rs
1400",700,50% off,Westernwear-Women
9222,Kraus,Checks skinny fit rayon nylon womens trousers - black mix,Size:28,"Rs
1595",797,50% off,Westernwear-Women
9223,Faballey,Printed cotton blend round neck womens t-shirt - white,Size:Large,"Rs
1100",550,50% off,Westernwear-Women
9224,Latin quarters,Solid acrylic high neck womens sweater - natural,"Size:S,L","Rs
2499",1249,50% off,Westernwear-Women
9225,Rare,Sleeveless regular fit womens casual top - natural,"Size:Large,Medium","Rs
1399",629,55% off,Westernwear-Women
9226,Rare,Printed polyester square neck womens regular fit top - white,Size:Small,"Rs
1499",599,60% off,Westernwear-Women
9227,Ira soleil,Solid chiffon round neck womens top - maroon,Size:Small,Nan,2699,No Discount,Westernwear-Women
9228,Faballey,Womens basics grey striped knotted skater dress - grey,Size:Small,"Rs
1800",900,50% off,Westernwear-Women
9229,Madame,Womens checks collared shirt - mint,Size:X-Large,"Rs
1699",849,50% off,Westernwear-Women
9230,Miss chase,Solid raglan sleeves lace womens regular length jumpsuits - black mix,Size:X-Small,Nan,2899,No Discount,Westernwear-Women
9231,Cover story,Regular fit cotton women women jeans - olive,Size:30,"Rs
2490",1494,40% off,Westernwear-Women
9232,Global desi,Womens solid top - peach,"Size:Small,X-Small","Rs
1999",799,60% off,Westernwear-Women
9233,Marie claire,Solid cotton round neck womens top - orange,Size:Small,"Rs
1399",699,50% off,Westernwear-Women
9234,Marie claire,Embroidered square neck cotton womens casual dress - yellow,Size:Large,"Rs
2499",1124,55% off,Westernwear-Women
9235,Is.u,Printed round neck polyester blend womens regular fit dress - off white,"Size:Large,Medium,Small,X-Small","Rs
3890",1945,50% off,Westernwear-Women
9236,109f,Womens round neck solid top - black,"Size:Large,Medium,Small,X-Large,X-Small",Nan,1199,No Discount,Westernwear-Women
9237,Lovegen,Womens round neck graphic print t-shirt - turquoise,Size:Medium,"Rs
999",399,60% off,Westernwear-Women
9238,Samshek,Solid round neck polyester womens regular dress - black,"Size:4X-Large,5X-Large,Large,Medium,Small,X-Large,X-Small,XX-Large,XX-Small,XXX-Large","Rs
2200",1540,30% off,Westernwear-Women
9239,Sweet dreams,Solid polyester blend regular fit womens track suit - smoke,Size:Small,"Rs
3199",1599,50% off,Westernwear-Women
9240,Alcis,Womens slim fit solid capris - pink,"Size:Large,Medium,Small,X-Large",Nan,999,No Discount,Westernwear-Women
9241,Crimsoune club,Skinny regular cotton womens jeans - blue,"Size:26,30,32,34","Rs
1999",999,50% off,Westernwear-Women
9242,Reebok,Solid regular fit polyester womens sports top - black,"Size:Large,Medium,Small,X-Large,X-Small","Rs
2699",1349,50% off,Westernwear-Women
9243,Samshek,Solid one shoulder polyester womens bodycon dress - burgundy,"Size:4X-Large,5X-Large,Large,Medium,Small,X-Large,X-Small,XX-Large,XX-Small,XXX-Large","Rs
2990",2093,30% off,Westernwear-Women
9244,Zink london,Solid round neck acrylic womens sweaters - grey,"Size:Large,Medium,X-Large","Rs
2799",1119,60% off,Westernwear-Women
9245,Campus sutra,Womens round neck 3/4th sleeves top - charcoal,"Size:Large,X-Large",Nan,699,No Discount,Westernwear-Women
9246,Campus sutra,Womens long sleeves solid sweatshirt - denim,"Size:Small,X-Large",Nan,1399,No Discount,Westernwear-Women
9247,109f,Womens collared checked tunic - green,"Size:Large,Small,X-Large",Nan,1999,No Discount,Westernwear-Women
9248,Magre,Printed satin regular fit womens festive skirt - brown,"Size:Medium,Small,X-Small","Rs
1990",895,55% off,Westernwear-Women
9249,Iti,Womens flowy ruffle top - red,"Size:Medium,X-Large,X-Small",Nan,1799,No Discount,Westernwear-Women
9250,Vero moda,Printed cotton round neck womens t-shirt - orange,"Size:Large,Medium,Small,X-Large,X-Small","Rs
1599",1119,30% off,Westernwear-Women
9251,Janasya,Solid round neck cotton flex regular fit womens night suit - turquoise,"Size:Large,Medium,Small,X-Large,X-Small,XX-Large,XXX-Large","Rs
1799",809,55% off,Westernwear-Women
9252,Magre,Solid denim regular fit womens shorts - dark blue,"Size:Medium,Small,X-Small","Rs
1990",895,55% off,Westernwear-Women
9253,Crimsoune club,Womens blue solid shorts - blue,"Size:26,28,30,32,34,36","Rs
1699",1019,40% off,Westernwear-Women
9254,Vero moda,Solid cotton round neck womens casual shirt - yellow,"Size:Large,Medium,Small,X-Large,X-Small","Rs
3299",2309,30% off,Westernwear-Women
9255,Soie,Soft cotton regular fit womens sleep t-shirt - blue,"Size:Large,Medium,Small,X-Large,XX-Large","Rs
590",442,25% off,Westernwear-Women
9256,Magre,Printed polyester v neck womens top - grey,"Size:Large,Medium,Small,X-Small","Rs
1790",1163,35% off,Westernwear-Women
9257,Campus sutra,Womens solid high neck jacket - black,"Size:Large,Medium,X-Large",Nan,2699,No Discount,Westernwear-Women
9258,Stop,Textured spread collar polyester womens coat - brown,"Size:Large,Medium,Small,X-Large","Rs
2999",1499,50% off,Westernwear-Women
9259,Puma,Polyester round neck womens athleisure top - black,"Size:Large,Medium,Small,X-Large,X-Small",Nan,2499,No Discount,Westernwear-Women
9260,Iti,Solid georgette v neck womens dress - dark green,"Size:Large,Medium,Small,X-Large,X-Small",Nan,3599,No Discount,Westernwear-Women
9261,Spykar,Printed cotton round neck womens t-shirt - black,"Size:Large,Medium,Small,X-Large","Rs
1099",769,30% off,Westernwear-Women
9262,Campus sutra,Solid crepe off shoulder womens top skirt set - pink,"Size:Large,Medium,Small,X-Large",Nan,1999,No Discount,Westernwear-Women
9263,Crimsoune club,Printed lyocell y neck womens top - pink,"Size:Large,Medium,Small,XX-Large","Rs
1299",1169,10% off,Westernwear-Women
9264,Dolce crudo,Womens regular fit against all odds denim jeans black - black,"Size:26,28,30,32,34","Rs
2299",919,60% off,Westernwear-Women
9265,Gipsy,Striped round neck cotton womens fit and flare dress - black,"Size:Large,Small,X-Large",Nan,2495,No Discount,Westernwear-Women
9266,Samshek,Solid polyester square neck womens regular top - maroon,"Size:4X-Large,5X-Large,Large,Medium,Small,X-Large,X-Small,XX-Large,XX-Small,XXX-Large","Rs
1990",1393,30% off,Westernwear-Women
9267,Marie claire,Solid polyester mandarin womens jacket - khaki,"Size:Large,Medium,Small,X-Large","Rs
3499",1399,60% off,Westernwear-Women
9268,Life,Regular fit ankle length polyester blend womens track pants - black,"Size:28,30,32,34,36","Rs
1199",599,50% off,Westernwear-Women
9269,Samshek,Solid cotton round neck womens regular top - black,"Size:4X-Large,5X-Large,Large,Medium,Small,X-Large,X-Small,XX-Large,XX-Small,XXX-Large","Rs
2790",2371,15% off,Westernwear-Women
9270,Fratini,Womens v neck printed top - off white,Size:Large,Nan,799,No Discount,Westernwear-Women
9271,Life,Womens hooded neck camouflage jacket - navy,"Size:Large,Medium,X-Large",Nan,3999,No Discount,Westernwear-Women
9272,Crimsoune club,Solid cotton blend high neck womens casual jacket - natural,"Size:Large,Medium,Small,X-Large,X-Small","Rs
1999",1599,20% off,Westernwear-Women
9273,Adidas,Cotton round neck womens dress - yellow,"Size:62,68,74,80,86,92,98,104",Nan,2999,No Discount,Westernwear-Women
9274,Vero moda,Solid polyester round neck womens top - black,"Size:Large,Medium,Small,X-Large,X-Small","Rs
2599",1819,30% off,Westernwear-Women
9275,Indya,Womens printed a-line tunic - blue,"Size:Medium,Small,X-Small","Rs
2400",1200,50% off,Westernwear-Women
9276,Fila,Polyester womens tank - black,"Size:Large,Medium,Small",Nan,1299,No Discount,Westernwear-Women
9277,Dolce crudo,Solid 100% cotton round neck womens sweatshirt - black,"Size:Large,Medium,Small,X-Large,X-Small","Rs
1899",759,60% off,Westernwear-Women
9278,Life,Solid polyester blend ankle length womens active wear tights - grey,"Size:28,30,32,34,36","Rs
1299",649,50% off,Westernwear-Women
9279,Magre,Floral polyester blend v neck womens dress - multi,"Size:Large,Medium,Small,X-Small","Rs
3790",1705,55% off,Westernwear-Women
9280,Sera,Womens regular fit solid high neck top - steel,"Size:Large,Small,X-Large","Rs
1094",547,50% off,Westernwear-Women
9281,Puma,Cotton mid rise tight fit womens athleisure tights - pink,"Size:Large,Medium,Small,X-Large,X-Small","Rs
2999",2099,30% off,Westernwear-Women
9282,Crimsoune club,Slim mid thigh cotton blend womens casual wear shorts - pink,"Size:28,30,32,34,36","Rs
1499",1049,30% off,Westernwear-Women
9283,Vero moda,Printed polyester round neck womens  t-shirts - lavender,"Size:Large,Medium,Small,X-Large,X-Small","Rs
1299",779,40% off,Westernwear-Women
9284,Dolce crudo,Regular sleeves cotton womens regular length dungarees - black,"Size:26,28,30,32,34","Rs
2799",1399,50% off,Westernwear-Women
9285,Alcis,Womens slim fit solid capris - black,"Size:Medium,Small",Nan,999,No Discount,Westernwear-Women
9286,Faballey,Solid fleece round neck womens sweatshirt - green,"Size:Large,Medium,X-Large,X-Small","Rs
1800",900,50% off,Westernwear-Women
9287,Magre,Solid satin regular womens top - rust,"Size:Large,Medium,Small,X-Small","Rs
1590",795,50% off,Westernwear-Women
9288,Samshek,Printed boat neck satin womens regular dress - multi,"Size:4X-Large,5X-Large,Large,Medium,Small,X-Large,X-Small,XX-Large,XX-Small,XXX-Large","Rs
2890",2312,20% off,Westernwear-Women
9289,Dolce crudo,Regular skinny fit cotton womens casual pants - navy,"Size:26,28,30,32,34","Rs
2349",1057,55% off,Westernwear-Women
9290,Reebok,Solid regular fit polyester womens sports top - black,"Size:Large,Medium,Small,X-Large,X-Small","Rs
3499",1749,50% off,Westernwear-Women
9291,Spykar,Solid cotton v neck womens casual wear shirt - ice blue,"Size:Large,Medium,Small,X-Large","Rs
1899",1329,30% off,Westernwear-Women
9292,Crimsoune club,Womens super skinny fit solid jeans - blue,"Size:26,28,32,34","Rs
1899",949,50% off,Westernwear-Women
9293,Samshek,Printed polyester round neck womens regular top - black,"Size:4X-Large,5X-Large,Large,Medium,Small,X-Large,X-Small,XX-Large,XX-Small,XXX-Large","Rs
2090",1881,10% off,Westernwear-Women
9294,Crimsoune club,Color block cotton collar neck womens casual shirt - natural,"Size:Large,Medium,Small,X-Large,X-Small","Rs
2299",1839,20% off,Westernwear-Women
9295,Alcis,Womens slim fit textured t-shirt - olive,Size:Medium,Nan,899,No Discount,Westernwear-Women
9296,109f,Womens textured casual top - blue,"Size:Large,Medium,Small,X-Large",Nan,1199,No Discount,Westernwear-Women
9297,Samshek,Solid round neck polyester womens regular dress - white,"Size:4X-Large,5X-Large,Large,Medium,Small,X-Large,X-Small,XX-Large,XX-Small,XXX-Large","Rs
2200",1540,30% off,Westernwear-Women
9298,Global desi,Geometric shirt collar womens top - natural,"Size:XL,Large,Medium,Small,X-Small","Rs
1699",849,50% off,Westernwear-Women
9299,Magre,Floral polyester blend sweetheart neck womens top - green,"Size:Large,Small,X-Small","Rs
1890",850,55% off,Westernwear-Women
9300,Life,Womens hooded neck graphic print sweatshirt - olive,"Size:Large,Medium,Small,X-Large,X-Small",Nan,1049,No Discount,Westernwear-Women
9301,Vero moda,Textured cotton one shoulder womens top - natural,"Size:Large,Medium,Small,X-Small","Rs
1999",1199,40% off,Westernwear-Women
9302,Faballey,Womens black grid print belted top - black,Size:X-Small,"Rs
1500",750,50% off,Westernwear-Women
9303,Crimsoune club,Womens slim fit printed top - pink,"Size:Large,Medium,Small,X-Large","Rs
1599",1119,30% off,Westernwear-Women
9304,Samshek,Solid round neck crepe womens regular dress - red,"Size:4X-Large,5X-Large,Large,Medium,Small,X-Large,X-Small,XX-Large,XX-Small,XXX-Large","Rs
2990",2392,20% off,Westernwear-Women
9305,109f,Solid rayon round neck womens top - yellow,"Size:Large,X-Large",Nan,1499,No Discount,Westernwear-Women
9306,Enamor,Cotton blend compression fit womens active wear track pants - olive bleached,"Size:XL,Large,Medium,Small",Nan,1599,No Discount,Westernwear-Women
9307,Dolce crudo,Regular sleeves cotton womens mini length dungarees - light blue,"Size:26,28,30,32,34","Rs
2599",1039,60% off,Westernwear-Women
9308,Crimsoune club,Solid cotton blend slim fit womens casual trousers - natural,"Size:26,28,30,32","Rs
3499",2799,20% off,Westernwear-Women
9309,Puma,Polyester mid rise tight fit womens athleisure tights - blue,"Size:Large,Medium,Small,X-Large,X-Small","Rs
3999",2799,30% off,Westernwear-Women
9310,Stop,Textured round neck acrylic womens sweater - coral,"Size:Large,Medium,Small,X-Large,XX-Large","Rs
1999",999,50% off,Westernwear-Women
9311,Dolce crudo,Womens slow down high waist camo twill treggings - black,"Size:Large,Medium,Small,X-Large,X-Small","Rs
2249",1012,55% off,Westernwear-Women
9312,De moza,Skinny fit ankle length length cotton womens leggings - black,"Size:Large,Medium,XX-Large",Nan,1499,No Discount,Westernwear-Women
9313,Zink london,Solid cotton v neck womens top - yellow,"Size:Large,Medium,Small,X-Large","Rs
1499",899,40% off,Westernwear-Women
9314,Dolce crudo,Solid v neck fleece and rib womens casual wear jacket - maroon,"Size:Large,Medium,Small,X-Small","Rs
3199",1279,60% off,Westernwear-Women
9315,Allen solly tribe,Regular fit regular length cotton womens leggings - navy,"Size:28,30,32,34",Nan,1299,No Discount,Westernwear-Women
9316,Reebok,Solid regular fit polyester womens sports top - black,"Size:Large,Medium,Small,X-Large,X-Small","Rs
3299",1649,50% off,Westernwear-Women
9317,Jockey,Womens t-shirt - lime green,Size:Error Size,Nan,749,No Discount,Westernwear-Women
9318,Only,Placement print cotton round neck womens t-shirt - green,"Size:Large,Medium,Small,X-Large,X-Small","Rs
1799",1079,40% off,Westernwear-Women
9319,Campus sutra,Solid regular fit cotton womens track pants - charcoal,"Size:Large,Medium,Small,X-Large",Nan,1799,No Discount,Westernwear-Women
9320,Dolce crudo,Solid fleece and rib round neck womens sweatshirt - mustard,"Size:Large,Medium,Small,X-Large,X-Small","Rs
2449",979,60% off,Westernwear-Women
9321,Crimsoune club,Womens blue solid denim - blue,"Size:26,32,34,36","Rs
2199",1099,50% off,Westernwear-Women
9322,Dolce crudo,Solid loopknit and rib collar neck womens sweatshirt - black,"Size:Large,Medium,Small,X-Large,X-Small","Rs
2449",979,60% off,Westernwear-Women
9323,Puma,Printed nylon crew neck womens t-shirt - black,"Size:Large,Medium,Small,X-Large,X-Small","Rs
2299",1609,30% off,Westernwear-Women
9324,Is.u,Solid polyester round neck womens regular fit top - red,"Size:Large,Medium,Small,X-Large,XX-Large","Rs
1990",696,65% off,Westernwear-Women
9325,Indya,Printed georgette collar neck womens regular top - pink,"Size:Large,Medium,Small,X-Large,X-Small","Rs
1400",1120,20% off,Westernwear-Women
9326,Vero moda,Printed cotton square neck womens  tops - natural,"Size:Large,Medium,Small,X-Large,X-Small","Rs
2599",1819,30% off,Westernwear-Women
9327,Spykar,Solid cotton v neck womens t-shirt - olive,"Size:Large,Medium,Small,X-Large","Rs
1099",769,30% off,Westernwear-Women
9328,Lovegen,Womens round neck graphic print t-shirt - grey,"Size:Medium,X-Small","Rs
1099",439,60% off,Westernwear-Women
9329,Adidas,Printed cotton v neck womens dress - ltgrey,"Size:62,68,74,80,86,92",Nan,3599,No Discount,Westernwear-Women
9330,109f,Womens round neck embroidered top - coral,Size:Small,"Rs
1399",559,60% off,Westernwear-Women
9331,Emblaze,Solid round neck viscose womens dress - navy,"Size:Large,Medium,Small,X-Large,X-Small,XX-Large",Nan,2400,No Discount,Westernwear-Women
9332,Vero moda,Printed viscose normal fit womens casual pants - black,"Size:Large,Medium,Small,X-Large,X-Small","Rs
2999",2099,30% off,Westernwear-Women
9333,Proline,Cotton round neck womens t-shirt - blue,"Size:Large,Medium,Small,X-Large","Rs
899",449,50% off,Westernwear-Women
9334,Lovegen,Womens printed skirt - print,"Size:Medium,Small","Rs
1299",649,50% off,Westernwear-Women
9335,Stop,Regular fit full length acrylic womens palazzos - black,"Size:Large/X-Large,Small/Medium","Rs
1499",749,50% off,Westernwear-Women
9336,Iti,Solid georgette v neck womens dress - mustard,"Size:Large,Medium,X-Large",Nan,3599,No Discount,Westernwear-Women
9337,Madame,Womens solid casual shirt - peach,"Size:X-Large,XX-Large","Rs
2199",1099,50% off,Westernwear-Women
9338,Van heusen,Printed polyester asymmetric womens top - navy,"Size:Large,Medium,Small,X-Large,X-Small",Nan,2199,No Discount,Westernwear-Women
9339,Campus sutra,Womens denim slim jeans - blue,"Size:26,28,30",Nan,1899,No Discount,Westernwear-Women
9340,Allen solly tribe,Solid cotton round neck womens active wear t-shirt - black,"Size:Large,Medium,Small,X-Large",Nan,999,No Discount,Westernwear-Women
9341,Crimsoune club,Printed lyocell round neck womens top - orange,"Size:Large,Medium,Small,X-Large,XX-Large","Rs
1399",839,40% off,Westernwear-Women
9342,And,Solid cotton round neck womens regular dress - navy,"Size:8,10,12,14,16,18",Nan,2999,No Discount,Westernwear-Women
9343,Crimsoune club,Skinny ankle length cotton blend womens jeans - black,"Size:28,30,32,34,36","Rs
2399",2159,10% off,Westernwear-Women
9344,Crimsoune club,Skinny ankle length cotton blend womens jeans - grey,"Size:26,28,34,36","Rs
2299",1839,20% off,Westernwear-Women
9345,Magre,Floral polyester blend regular fit womens shorts - grey,"Size:Large,Medium,Small,X-Small","Rs
1990",895,55% off,Westernwear-Women
9346,Gipsy,Womens round neck floral print shift dress - white,"Size:Large,Medium,Small,X-Large","Rs
2795",1956,30% off,Westernwear-Women
9347,Puma,Polyester round neck womens athleisure top - black,"Size:Large,Medium,Small,X-Large,X-Small","Rs
2999",2099,30% off,Westernwear-Women
9348,Fratini,Solid regular neck acrylic womens cardigan - pink,"Size:Large,Medium,Small,X-Large,X-Small","Rs
1499",749,50% off,Westernwear-Women
9349,Puma,Nylon mid rise regular fit womens athleisure tights - black,"Size:Large,Medium,Small,X-Large,X-Small","Rs
6999",4899,30% off,Westernwear-Women
9350,Puma,Printed cotton regular fit womens casual wear track pants - red,"Size:Large,Medium,Small,X-Large,X-Small","Rs
2799",1959,30% off,Westernwear-Women
9351,De moza,Solid cotton regular fit womens joggers - indigo,"Size:Large,Medium,X-Large,XX-Large",Nan,1499,No Discount,Westernwear-Women
9352,Only,Washed long sleeves cotton womens regular jacket - natural,"Size:34,36,38,40,42","Rs
3999",3199,20% off,Westernwear-Women
9353,Van heusen,Rayon regular fit womens active wear leggings - charcoal,"Size:Large,Medium,Small,X-Large",Nan,1399,No Discount,Westernwear-Women
9354,Enamor,Womens round neck solid top - shocking pink,"Size:Large,Small","Rs
1699",1189,30% off,Westernwear-Women
9355,Crimsoune club,Stripes collared lyocell womens dresses - yellow,"Size:Large,Medium,Small,X-Large","Rs
1799",1259,30% off,Westernwear-Women
9356,Vero moda,Stripes round neck viscose womens  dresses - green,"Size:Large,Medium,Small,X-Large,X-Small","Rs
2999",1799,40% off,Westernwear-Women
9357,Iti,Solid georgette boat neck womens dress - plum,"Size:Medium,Small,X-Small",Nan,1799,No Discount,Westernwear-Women
9358,109f,Solid viscose round neck womens regular fit top - yellow,"Size:Large,Medium,Small,X-Large,XX-Large",Nan,1299,No Discount,Westernwear-Women
9359,Is.u,Floral polyester one shoulder womens regular fit top - blue,"Size:Large,Medium,Small,X-Large,X-Small,XX-Large","Rs
1890",945,50% off,Westernwear-Women
9360,Faballey,Floral georgette square neck womens top - orange,"Size:Large,Medium,Small,X-Large,X-Small","Rs
1300",1040,20% off,Westernwear-Women
9361,Crimsoune club,Printed cotton round neck womens t-shirt - natural,"Size:Medium,Small,X-Large,XX-Large","Rs
999",499,50% off,Westernwear-Women
9362,Crimsoune club,Printed lyocell collar neck womens shirt dress - natural,"Size:Large,Medium,Small,X-Large,X-Small","Rs
3499",2799,20% off,Westernwear-Women
9363,Global desi,Geometric full sleeves viscose womens full length jumpsuit - pink mix,"Size:XL,Large,Small,X-Small","Rs
2499",1624,35% off,Westernwear-Women
9364,And,Solid loose fit polyester womens workwear pants - black,"Size:26,28,34,36",Nan,2499,No Discount,Westernwear-Women
9365,Vero moda,Solid cotton off shoulder womens top - purple,"Size:Large,Medium,Small,X-Large,X-Small","Rs
2599",1819,30% off,Westernwear-Women
9366,Mystere paris,Activewear/nightwear womens t-shirt - blue,"Size:Large,Medium,Small,X-Large,XX-Large","Rs
599",359,40% off,Westernwear-Women
9367,Latin quarters,Solid polyester stretch cowl neck womens regular knit top - green,"Size:S,M,L,XL,X-Small","Rs
1399",699,50% off,Westernwear-Women
9368,Dolce crudo,Womens i will survive denim jacket - black,"Size:Medium,Small,X-Large,X-Small","Rs
3999",1599,60% off,Westernwear-Women
9369,Adidas,Solid polyester round neck womens t-shirt - red,"Size:Large,Small,X-Large","Rs
1799",1259,30% off,Westernwear-Women
9370,Rare,Striped v-neck polyester womens jumpsuit dress - maroon,"Size:Large,Medium,X-Large","Rs
2099",944,55% off,Westernwear-Women
9371,Miss chase,Solid round neck loopknit single jersey womens casual jacket - multi,"Size:Large,Medium,Small,X-Large,X-Small",Nan,2899,No Discount,Westernwear-Women
9372,Miss chase,Solid round neck cotton womens regular fit dress - maroon,"Size:Large,Medium,Small,X-Large,X-Small",Nan,1299,No Discount,Westernwear-Women
9373,Miss chase,Solid loopknit and rib round neck womens sweatshirt - olive,"Size:Large,Medium,Small,X-Large,X-Small",Nan,2399,No Discount,Westernwear-Women
9374,Rare,Striped regular fit polyester womens casual shorts - navy,"Size:28,30,32,34","Rs
1499",674,55% off,Westernwear-Women
9375,Miss chase,Womens regular fit shorts - blue,"Size:26,28,30,32,34",Nan,1799,No Discount,Westernwear-Women
9376,Miss chase,Womens skinny fit clean look jeans - black,"Size:26,28,32",Nan,1899,No Discount,Westernwear-Women
9377,Miss chase,Solid v neck fleece and rib womens casual jacket - black,"Size:Large,Medium,Small,X-Small",Nan,2999,No Discount,Westernwear-Women
9378,Miss chase,Womens regular fit printed top - multi,"Size:Large,Medium,Small,X-Large,X-Small",Nan,1649,No Discount,Westernwear-Women
9379,Miss chase,Womens skinny fit clean look jeans - blue,"Size:26,28,30,32,34",Nan,1949,No Discount,Westernwear-Women
9380,Zink london,Acrylic blend women sweaters - ltgrey,"Size:Large,Medium,X-Large","Rs
2799",1119,60% off,Westernwear-Women
9381,Sera,Solid cotton blend v-neck womens blouson top - burgundy,Size:X-Large,"Rs
1294",647,50% off,Westernwear-Women
9382,Sera,Floral collar neck polyester womens a-line dress - white,"Size:Medium,X-Large","Rs
1998",999,50% off,Westernwear-Women
9383,Enamor,Cotton blend womens active wear track pants - thistle,"Size:XL,Large,Medium,Small,XX-Large","Rs
1699",1189,30% off,Westernwear-Women
9384,Allen solly,Solid v-neck polyester womens sheath dress - olive,"Size:X-Small,XXX-Large","Rs
2999",1799,40% off,Westernwear-Women
9385,Faballey,Stripes georgette collared womens shirt dress - red,Size:Small,"Rs
1850",925,50% off,Westernwear-Women
9386,Dolce crudo,Womens regular fit rock bottom denim jeans black - black,Size:26,"Rs
2199",879,60% off,Westernwear-Women
9387,Crimsoune club,Solid cotton blend womens jumpsuits - blue,"Size:Large,Medium","Rs
2499",1249,50% off,Westernwear-Women
9388,Kraus,Printed rayon round neck womens regular tops - off white,Size:Medium,"Rs
1199",599,50% off,Westernwear-Women
9389,Kraus,Skinny fit ankle length cotton blend womens jeans - dark blue,"Size:28,32","Rs
1895",947,50% off,Westernwear-Women
9390,109f,Womens solid casual shirt - natural,Size:X-Large,"Rs
1699",679,60% off,Westernwear-Women
9391,Crimsoune club,Womens orange printed top - orange,"Size:Medium,Small","Rs
1499",899,40% off,Westernwear-Women
9392,Indya,Foil print georgette womens ethnic jacket - yellow,"Size:X-Large,XX-Large","Rs
1800",900,50% off,Westernwear-Women
9393,Monte carlo,Embossed blend poly fashion neck womens sweatshirt - pink,Size:38,Nan,2195,No Discount,Westernwear-Women
9394,Janasya,Floral collared neck cotton regular fit womens night suit - grey,"Size:X-Large,X-Small,XX-Large","Rs
1999",799,60% off,Westernwear-Women
9395,Global desi,Solid viscose rayon round neck womens straight top - red,Size:Small,"Rs
1599",959,40% off,Westernwear-Women
9396,Sera,Printed polyester round neck womens top - red,"Size:Medium,X-Large","Rs
1298",649,50% off,Westernwear-Women
9397,And,Stripes collar neck polyester women flared dress - blue,Size:16,"Rs
3499",2449,30% off,Westernwear-Women
9398,Crimsoune club,Checks lyocell collared womens shirt - green,"Size:Large,Medium",Nan,1499,No Discount,Westernwear-Women
9399,Varanga,Maroon and gold floral block printed tunic with 3/4th sleeves - maroon,Size:XX-Large,"Rs
1599",639,60% off,Westernwear-Women
9400,Faballey,Floral v neck georgette womens flared dress - black,Size:Large,"Rs
1950",975,50% off,Westernwear-Women
9401,Magre,Polka dots satin cowl neck womens dress - brown,"Size:Medium,Small","Rs
3190",1754,45% off,Westernwear-Women
9402,Faballey,Solid square neck georgette womens a-line dress - purple,Size:X-Small,"Rs
1950",975,50% off,Westernwear-Women
9403,Indya,Printed georgette off shoulder womens regular top - pink,"Size:Large,Medium","Rs
1600",800,50% off,Westernwear-Women
9404,109f,Womens round neck lace top - birch,Size:Medium,"Rs
1599",639,60% off,Westernwear-Women
9405,Emblaze,Womens self textured fit and flare dress - orange,"Size:Large,Medium,Small",Nan,2600,No Discount,Westernwear-Women
9406,And,Solid polyester y neck womens top - black,Size:16,"Rs
1899",1709,10% off,Westernwear-Women
9407,Duke,Geometric collar neck wool blend womens pullover - natural,Size:Small,Nan,3595,No Discount,Westernwear-Women
9408,Faballey,Printed round neck georgette womens regular top - blue,Size:Medium,"Rs
1400",700,50% off,Westernwear-Women
9409,Zink london,Stripes polyester regular fit womens dress - black,"Size:Medium,Small","Rs
2499",899,64% off,Westernwear-Women
9410,Is.u,Womens love black high waist treggings - black,Size:Large,"Rs
1990",995,50% off,Westernwear-Women
9411,Crimsoune club,Womens super skinny fit solid jeans - blue,"Size:30,34","Rs
1999",999,50% off,Westernwear-Women
9412,Allen solly,Solid cotton round neck womens regular fit top - white,Size:X-Small,"Rs
2499",1499,40% off,Westernwear-Women
9413,Vero moda,Womens round neck printed top - snow,Size:Medium,Nan,999,No Discount,Westernwear-Women
9414,Kraus,Super skinny fit ankle length cotton womens jeans - blue,Size:32,"Rs
1895",947,50% off,Westernwear-Women
9415,Kraus,Solid round neck cotton blend womens regular top - peach,Size:Medium,"Rs
1399",979,30% off,Westernwear-Women
9416,Sera,Womens regular fit embellished round neck sweatshirt - black,"Size:Medium,Small","Rs
1899",759,60% off,Westernwear-Women
9417,Latin quarters,Solid boat neck polyester womens regular fit dress - black,"Size:S,M","Rs
2899",1449,50% off,Westernwear-Women
9418,Dolce crudo,Womens retro high waist treggings - navy,"Size:Small,X-Small","Rs
2299",1149,50% off,Westernwear-Women
9419,Faballey,Womens wine polka shift dress with belt - purple,Size:Small,"Rs
1800",900,50% off,Westernwear-Women
9420,Faballey,Solid sweetheart neck polyester blend womens a-line dress - purple,Size:Medium,"Rs
2100",1050,50% off,Westernwear-Women
9421,Gipsy,Solid polyester round neck womens top - blue,Size:XX-Large,Nan,1495,No Discount,Westernwear-Women
9422,Kraus,Skinny fit ankle length cotton womens jeans - mid blue,"Size:28,30","Rs
1995",997,50% off,Westernwear-Women
9423,And,Polka dots viscose square neck womens cropped top - blue mix light,"Size:8,10,12","Rs
1699",1189,30% off,Westernwear-Women
9424,Kraus,Solid rayon blend wide fit womens casual pants - baby pink,Size:30,"Rs
1695",847,50% off,Westernwear-Women
9425,Dolce crudo,Womens journal secrets crop treggings - natural,Size:X-Small,"Rs
2049",922,55% off,Westernwear-Women
9426,Kraus,Solid collared rayon womens regular fit top - olive,Size:Small,"Rs
1499",749,50% off,Westernwear-Women
9427,Pepe,Skinny-high women jeans - green,Size:26,"Rs
2799",1679,40% off,Westernwear-Women
9428,Faballey,Solid collar neck synthetic leather womens casual wear jacket - blue,Size:Medium,"Rs
3200",1600,50% off,Westernwear-Women
9429,Crimsoune club,Stripes lyocell collared womens top - pink,"Size:Large,X-Large","Rs
1399",839,40% off,Westernwear-Women
9430,Enamor,Cotton blend womens active wear track pants - olive,"Size:XL,Large,Medium,Small,XX-Large","Rs
1049",734,30% off,Westernwear-Women
9431,Faballey,Stripes georgette v neck womens casual shirt - red,"Size:Small,X-Small","Rs
1500",750,50% off,Westernwear-Women
9432,Enamor,Womens length high waisted contour leggings with sporty side stripe - pale peach,Size:Medium,Nan,799,No Discount,Westernwear-Women
9433,Crimsoune club,Checks lyocell collared womens shirt - black,"Size:Large,Medium","Rs
1499",1349,10% off,Westernwear-Women
9434,Faballey,Solid cotton square neck womens regular top - red,Size:Medium,"Rs
1400",700,50% off,Westernwear-Women
9435,Adidas,Solid polyester round neck womens regular fit t-shirt - white,Size:Large,"Rs
2499",1249,50% off,Westernwear-Women
9436,Global desi,Solid tie-up neck viscose rayon womens flared dress - coral,"Size:XL,Small,X-Small","Rs
2699",1349,50% off,Westernwear-Women
9437,Iti,Womens mustard tie-up top - yellow,Size:X-Small,Nan,1699,No Discount,Westernwear-Women
9438,Enamor,Cotton blend womens active wear track pants - dark olive,"Size:XL,Large,Medium,Small,XX-Large","Rs
1049",734,30% off,Westernwear-Women
9439,Global desi,Striped cotton mandarin collar womens straight top - blue,"Size:Small,X-Small","Rs
1999",1199,40% off,Westernwear-Women
9440,Crimsoune club,Slim fit thigh length cotton womens casual shorts - green,Size:Small,"Rs
1399",1119,20% off,Westernwear-Women
9441,Zink london,Printed polyester v neck womens casual wear dresses - yellow,"Size:Large,Medium","Rs
2299",919,60% off,Westernwear-Women
9442,Crimsoune club,Womens super skinny fit solid jeans - blue,Size:30,"Rs
1799",1079,40% off,Westernwear-Women
9443,Madame,Solid cotton round neck womens regular top - peach,"Size:Large,Medium,XX-Large",Nan,999,No Discount,Westernwear-Women
9444,Latin quarters,Solid polyester stretch collar neck womens casual jacket - rust,"Size:S,M,L","Rs
5499",3849,30% off,Westernwear-Women
9445,Latin quarters,Solid cotton round neck womens sweater - pink,"Size:S,M,L,X-Small","Rs
1999",999,50% off,Westernwear-Women
9446,And,Solid rayon round neck women peplum top - black,"Size:8,10","Rs
2099",1469,30% off,Westernwear-Women
9447,Rare,Solid polyester square neck womens regular fit top - green,Size:Large,"Rs
1499",599,60% off,Westernwear-Women
9448,Miss chase,Womens regular fit solid jacket - navy,Size:X-Small,Nan,2399,No Discount,Westernwear-Women
9449,Marie claire,Printed shirt collar polyester womens casual dress - blue,Size:Small,"Rs
2399",1199,50% off,Westernwear-Women
9450,Varanga,Womens maroon and gold floral block printed tunic - maroon,Size:XX-Large,"Rs
1599",719,55% off,Westernwear-Women
9451,Marie claire,Solid mandarin neck suede womens casual jacket - black,"Size:Large,Medium","Rs
3799",1899,50% off,Westernwear-Women
9452,Altlife,Printed polyester regular neck womens t-shirt - black,"Size:Large,Medium,Small,X-Large,X-Small,XX-Large",Nan,799,No Discount,Westernwear-Women
9453,Crimsoune club,Solid cotton blend round neck womens t-shirt - black,"Size:Medium,Small,X-Large,XX-Large","Rs
799",559,30% off,Westernwear-Women
9454,Dolce crudo,Skinny fit crop length cotton womens jeans - blue,"Size:26,28,30,32,34","Rs
3999",1999,50% off,Westernwear-Women
9455,Life,Solid regular neck polyester womens winter wear jacket - black,"Size:Large,Medium,Small,X-Small","Rs
1999",999,50% off,Westernwear-Women
9456,Crimsoune club,Printed lyocell round neck womens top - white,"Size:Large,X-Large","Rs
1399",979,30% off,Westernwear-Women
9457,Faballey,Solid viscose collared womens buttoned coat - grey,Size:X-Small,"Rs
3800",1900,50% off,Westernwear-Women
9458,Gipsy,Solid crepe round neck womens regular fit top - blue,"Size:Large,Medium,Small,XX-Large","Rs
1795",897,50% off,Westernwear-Women
9459,Campus sutra,Printed cotton round neck womens top - green,"Size:Medium,Small,X-Large",Nan,999,No Discount,Westernwear-Women
9460,Indya,Womens printed a-line tunic - green,"Size:Large,Small,X-Small","Rs
1900",950,50% off,Westernwear-Women
9461,Life,Womens 2 pocket slub pants - olive,Size:Large,Nan,1299,No Discount,Westernwear-Women
9462,Global desi,Floral viscose mandarin collar women's top - pink,"Size:Medium,Small,X-Small","Rs
1499",899,40% off,Westernwear-Women
9463,Global desi,Solid collar womens tunic - navy,"Size:Large,Medium,Small,X-Small,XX-Large",Nan,1699,No Discount,Westernwear-Women
9464,Spykar,Printed cotton round neck womens regular t-shirt - sky blue,"Size:Large,Medium,Small,X-Large","Rs
999",699,30% off,Westernwear-Women
9465,Faballey,Stripes sleeveless velvet womens above knee jumpsuits - blue,"Size:Large,Medium,Small,X-Large,X-Small","Rs
2100",1050,50% off,Westernwear-Women
9466,Crimsoune club,Stripes lyocell round neck womens top - green,"Size:Large,Medium,Small,X-Large,XX-Large","Rs
1299",779,40% off,Westernwear-Women
9467,Vero moda,Solid cotton v neck womens jacket - green,"Size:Large,Medium,Small,X-Large,X-Small","Rs
2999",2399,20% off,Westernwear-Women
9468,Crimsoune club,Printed round neck lyocell womens jumpsuits - white,"Size:Large,Medium,X-Large","Rs
1999",1399,30% off,Westernwear-Women
9469,Gipsy,Regular fit nr knit womens jeggings - wine,"Size:30,32",Nan,1595,No Discount,Westernwear-Women
9470,Iti,Solid georgette v neck womens top - pink,Size:Small,Nan,1499,No Discount,Westernwear-Women
9471,Campus sutra,Womens knit regular fit top - green,"Size:Small,X-Large",Nan,999,No Discount,Westernwear-Women
9472,And,Solid v-neck womens a-line dress - peach,"Size:8,10,12","Rs
2299",1149,50% off,Westernwear-Women
9473,Faballey,Printed square neck georgette womens straight fit dress - black,"Size:Large,Medium,Small,X-Large,X-Small","Rs
2200",1100,50% off,Westernwear-Women
9474,Zink london,Womens printed key hole neck a-line skater dress - navy,"Size:Small,X-Small","Rs
2399",959,60% off,Westernwear-Women
9475,Crimsoune club,Womens slim fit solid top - grey,"Size:Large,Medium,Small,X-Large,XX-Large","Rs
1499",749,50% off,Westernwear-Women
9476,Is.u,Womens short sleeves ribbed white top - white,"Size:X-Large,XX-Large","Rs
1590",795,50% off,Westernwear-Women
9477,Crimsoune club,Womens slim fit solid pants - grey,"Size:Medium,X-Large,XX-Large","Rs
1899",949,50% off,Westernwear-Women
9478,109f,Printed round neck rayon womens top - black,"Size:Medium,Small,X-Large",Nan,1699,No Discount,Westernwear-Women
9479,Campus sutra,Womens colour blocked hooded jacket - blue,"Size:Large,Medium,Small,X-Large",Nan,1599,No Discount,Westernwear-Women
9480,Crimsoune club,Womens slim fit printed t-shirt - red,"Size:Large,Medium,Small,X-Large","Rs
1099",769,30% off,Westernwear-Women
9481,Spykar,Printed cotton round neck womens t-shirt - red,"Size:Large,Medium,Small,X-Large","Rs
1199",839,30% off,Westernwear-Women
9482,Fila,Cotton round neck womens t-shirt - white,"Size:Large,Medium,Small,X-Large",Nan,1599,No Discount,Westernwear-Women
9483,And,Solid cotton skinny fit womens fusion trousers - mid blue,"Size:26,28,30,32,34,36",Nan,2699,No Discount,Westernwear-Women
9484,Faballey,Solid round neck fleece womens mini dress - green,Size:Large,"Rs
2200",1100,50% off,Westernwear-Women
9485,Faballey,Solid polyester blend collared womens zipper jacket - green,Size:Small,"Rs
2600",1300,50% off,Westernwear-Women
9486,Campus sutra,Womens knit regular fit t-shirt - pink,"Size:Medium,Small",Nan,999,No Discount,Westernwear-Women
9487,Dolce crudo,Solid shawl collar poly moss crepe womens relaxed jumpsuits - purple,"Size:Large,Small,X-Large,X-Small","Rs
2949",1474,50% off,Westernwear-Women
9488,Spykar,Printed cotton round neck womens regular t-shirt - lilac,"Size:Large,Medium,Small,X-Large,XX-Large","Rs
1099",769,30% off,Westernwear-Women
9489,Only,Printed cotton round neck womens t-shirt - yellow,"Size:Large,Medium,Small,X-Large,X-Small","Rs
1999",1199,40% off,Westernwear-Women
9490,Stop,Womens textured knee length winter wear tunic - pink,"Size:Large,Medium,Small,X-Large,XX-Large","Rs
1499",749,50% off,Westernwear-Women
9491,Magre,Solid satin regular womens top - lavender,"Size:Large,Medium,Small,X-Small","Rs
1990",895,55% off,Westernwear-Women
9492,Crimsoune club,Printed polyester blend round neck womens t-shirt - natural,"Size:Large,Medium,X-Large","Rs
999",499,50% off,Westernwear-Women
9493,Campus sutra,Womens knit regular fit shirt - royal blue,"Size:Large,Medium,Small,X-Large",Nan,1399,No Discount,Westernwear-Women
9494,Dolce crudo,Skinny fit crop denim womens jeans - black,"Size:26,28,30,32,34","Rs
4149",1659,60% off,Westernwear-Women
9495,Dolce crudo,Skinny fit cropped length cotton polyester womens jeans - black,"Size:26,28,30,32","Rs
3995",1997,50% off,Westernwear-Women
9496,Crimsoune club,Solid slim cotton womens casual wear pants - natural,"Size:30,34,36","Rs
1899",1139,40% off,Westernwear-Women
9497,Magre,Stripes georgette v neck womens top - white,"Size:Large,Medium,Small,X-Small","Rs
1790",1163,35% off,Westernwear-Women
9498,109f,Checks rayon mandarin womens top - black,"Size:X-Large,XX-Large",Nan,1699,No Discount,Westernwear-Women
9499,109f,Solid shirt collar regular fit womens casual shirt - olive,Size:X-Large,Nan,1499,No Discount,Westernwear-Women
9500,Crimsoune club,Womens olive solid track pants - olive,"Size:Large,Medium,X-Large,XX-Large,XXX-Large","Rs
1499",1049,30% off,Westernwear-Women
9501,Samshek,Solid polyester round neck womens regular top - mustard,"Size:4X-Large,5X-Large,Large,Medium,Small,X-Large,X-Small,XX-Large,XX-Small,XXX-Large","Rs
1890",1701,10% off,Westernwear-Women
9502,Campus sutra,Womens solid sweatshirt - charcoal,"Size:Large,Medium,X-Large",Nan,1799,No Discount,Westernwear-Women
9503,Sera,Womens regular fit checks round neck a-line dress - black,"Size:Medium,Small","Rs
1298",519,60% off,Westernwear-Women
9504,Puma,Polyester round neck womens athleisure top - black,"Size:Large,Medium,Small,X-Large","Rs
2499",1749,30% off,Westernwear-Women
9505,Zink london,Solid v-neck acrylic womens sweater - blue,"Size:Large,Medium","Rs
1899",759,60% off,Westernwear-Women
9506,Latin quarters,Dyed polyester round neck womens regular top - black,Size:S,"Rs
1499",1049,30% off,Westernwear-Women
9507,Puma,Cotton mid rise relaxed fit womens athleisure pants - black,"Size:Large,Medium,Small,X-Large,X-Small","Rs
3999",2799,30% off,Westernwear-Women
9508,Crimsoune club,Color block cotton mandarin womens top - white,"Size:Large,Medium,Small,X-Large,X-Small","Rs
2499",1999,20% off,Westernwear-Women
9509,Campus sutra,Womens solid high neck jacket - grey,"Size:Large,Small,X-Large",Nan,2099,No Discount,Westernwear-Women
9510,Dolce crudo,Solid v neck fleece and rib womens casual wear jacket - black,"Size:Large,Medium,Small,X-Small","Rs
3199",1279,60% off,Westernwear-Women
9511,Faballey,Stripes georgette womens regular top - red,Size:Small,"Rs
1700",850,50% off,Westernwear-Women
9512,Campus sutra,Womens round neck full sleeve top - white,"Size:Large,Medium,Small,X-Large",Nan,899,No Discount,Westernwear-Women
9513,Faballey,Printed georgette womens regular dress - green,"Size:Small,X-Small","Rs
2400",1200,50% off,Westernwear-Women
9514,109f,Womens round neck solid top - black,Size:X-Small,"Rs
1299",519,60% off,Westernwear-Women
9515,Alcis,Womens slim fit solid leggings - black,Size:Small,Nan,1299,No Discount,Westernwear-Women
9516,Crimsoune club,Printed lyocell y neck womens top - natural,"Size:Large,Medium,Small,X-Large,XX-Large","Rs
1499",1049,30% off,Westernwear-Women
9517,109f,Womens one shoulder solid top - blue,"Size:Small,X-Small",Nan,1399,No Discount,Westernwear-Women
9518,Faballey,Floral halter neck georgette womens mini dress - blue,"Size:Large,Medium,Small,X-Large,X-Small","Rs
1800",1440,20% off,Westernwear-Women
9519,W,Womens solid casual pants - blue,"Size:6,8,10,12,14,16,18",Nan,999,No Discount,Westernwear-Women
9520,Rukootina,Solid round neck blended womens sweatshirt - lavender,Size:Large,Nan,945,No Discount,Westernwear-Women
9521,Crimsoune club,Skinny ankle length cotton blend womens jeans - black,"Size:26,28,32,36","Rs
2299",1609,30% off,Westernwear-Women
9522,Vero moda,Checks viscose round neck womens shirt - navy,"Size:Large,Medium,Small,X-Large,X-Small","Rs
2799",1679,40% off,Westernwear-Women
9523,109f,Womens round neck solid embroidered top - white,Size:Small,"Rs
1399",559,60% off,Westernwear-Women
9524,Crimsoune club,Womens slim fit checks top - pink,"Size:Medium,Small","Rs
1299",649,50% off,Westernwear-Women
9525,Faballey,Printed square neck georgette womens straight fit midi dress - blue,"Size:Medium,Small,X-Small","Rs
2100",1050,50% off,Westernwear-Women
9526,Iti,Womens navy blue high low dress - blue,"Size:Large,Small,X-Small",Nan,1999,No Discount,Westernwear-Women
9527,Sera,Solid collar neck cotton womens regular dress - pink,"Size:Small,X-Large","Rs
1998",999,50% off,Westernwear-Women
9528,Iti,Solid georgette mandarin womens dress - green,Size:X-Small,Nan,1799,No Discount,Westernwear-Women
9529,Campus sutra,Womens round neck full sleeve top - white,"Size:Large,X-Large",Nan,899,No Discount,Westernwear-Women
9530,Lovegen,Womens round neck graphic print sweatshirt - mustard,"Size:Large,X-Large","Rs
1299",909,30% off,Westernwear-Women
9531,Campus sutra,Womens hooded top - black,Size:X-Large,Nan,899,No Discount,Westernwear-Women
9532,Dolce crudo,Skinny fit regular length cotton polyester womens jeans - blue,"Size:26,32","Rs
4099",1639,60% off,Westernwear-Women
9533,Allen solly,Solid polyester womens casual jacket - grey,"Size:X-Large,XX-Large","Rs
5499",3299,40% off,Westernwear-Women
9534,Monte carlo,Plain imported collar neck womens sweatshirt - wine,Size:36,Nan,3395,No Discount,Westernwear-Women
9535,Stop,Solid regular neck acrylic womens pullover - mustard,"Size:Large,Medium,Small,X-Large,X-Small,XX-Large","Rs
1499",749,50% off,Westernwear-Women
9536,Pepe,Striped rayon key hole neck womens top - multi,"Size:Large,Medium,Small,X-Large","Rs
1799",1079,40% off,Westernwear-Women
9537,Ira soleil,Floral taffeta round neck womens casual top - black,"Size:Medium,Small",Nan,1699,No Discount,Westernwear-Women
9538,Gipsy,Solid hood polyester womens casual jacket - black,Size:X-Large,"Rs
4395",3076,30% off,Westernwear-Women
9539,Stop,Womens round neck striped shift dress - sky blue,"Size:Large,Small,X-Large",Nan,1999,No Discount,Westernwear-Women
9540,Kraus,Solid cotton collar neck womens casual shirt - dark blue,"Size:Large,Medium,Small,X-Small","Rs
1299",1169,10% off,Westernwear-Women
9541,Crimsoune club,Printed regular cotton womens casual wear pants - orange,"Size:Large,Medium,Small,X-Large","Rs
1199",839,30% off,Westernwear-Women
9542,Indya,Womens embroidered straight tunic - pink,"Size:Small,X-Small","Rs
2400",1200,50% off,Westernwear-Women
9543,Crimsoune club,Printed cotton round neck womens t-shirt - pink,"Size:Large,Medium,Small,X-Large,XX-Large","Rs
999",499,50% off,Westernwear-Women
9544,Dolce crudo,Solid regular sleeves rayon womens regular length jumpsuit - black,"Size:Large,X-Large,X-Small","Rs
2599",1299,50% off,Westernwear-Women
9545,Life,Womens v neck printed sweatshirt - orange,"Size:Large,Medium,Small,X-Small",Nan,1299,No Discount,Westernwear-Women
9546,Adidas,Solid polyester womens dress - blush,"Size:Large,Medium,Small,X-Small","Rs
3999",2799,30% off,Westernwear-Women
9547,Sera,Womens regular fit printed round neck sweatshirt - burgundy,Size:Small,"Rs
1899",759,60% off,Westernwear-Women
9548,Campus sutra,Womens cotton track pants - new grey,Size:X-Large,Nan,1399,No Discount,Westernwear-Women
9549,Adidas,Printed polyester fitted womens casual tights - black,"Size:Large,Medium,Small,X-Large","Rs
2799",1959,30% off,Westernwear-Women
9550,Enamor,Cotton lycra activewear womens track pants - navy,"Size:XL,Large,Medium,Small",Nan,1599,No Discount,Westernwear-Women
9551,Crimsoune club,Womens super skinny fit solid jeans - blue,Size:36,"Rs
2199",879,60% off,Westernwear-Women
9552,Vero moda,Solid cotton round neck womens top - pink,"Size:Large,Medium,Small,X-Large,X-Small","Rs
1799",1439,20% off,Westernwear-Women
9553,Kraus,Solid collared neck cotton blend womens casual shirt - berry,Size:Small,"Rs
1199",599,50% off,Westernwear-Women
9554,Kraus,Skinny ankle length cotton blend womens jeans - dark blue,"Size:28,30,32,34","Rs
1995",1795,10% off,Westernwear-Women
9555,Gipsy,Solid polyester v-neck womens top - green,"Size:Medium,Small",Nan,1495,No Discount,Westernwear-Women
9556,Adidas,Printed regular fit polyester womens track pants - blue,"Size:Large,Medium,Small,X-Large,X-Small","Rs
2999",2099,30% off,Westernwear-Women
9557,Puma,Printed cotton round neck womens athleisure top - purple,"Size:Large,Medium,Small,X-Large,X-Small","Rs
1999",1399,30% off,Westernwear-Women
9558,Dolce crudo,Womens regular fit keep the ride on jacket - black,"Size:Small,X-Small","Rs
2299",1149,50% off,Westernwear-Women
9559,Samshek,Solid polyester collar neck womens regular top - black,"Size:4X-Large,5X-Large,Large,Medium,Small,X-Large,X-Small,XX-Large,XXX-Large","Rs
1899",1709,10% off,Westernwear-Women
9560,De moza,Regular fit regular length polyester womens skirt - navy,"Size:Large,Medium",Nan,1899,No Discount,Westernwear-Women
9561,Campus sutra,Womens colour blocked hooded sweatshirt - cream,Size:Large,Nan,2599,No Discount,Westernwear-Women
9562,Lovegen,Solid collared neck cotton womens casual shirt - mid blue,"Size:Large,Medium,X-Large","Rs
1599",959,40% off,Westernwear-Women
9563,Dolce crudo,Boot cut cropped length cotton polyester womens jeans - light blue,"Size:26,28,30,32,34","Rs
4149",2074,50% off,Westernwear-Women
9564,Samshek,Solid polyester square neck womens regular top - black,"Size:4X-Large,5X-Large,Large,Medium,Small,X-Large,X-Small,XX-Large,XX-Small,XXX-Large","Rs
1990",1393,30% off,Westernwear-Women
9565,Crimsoune club,Womens slim fit printed shirt - black,Size:X-Large,"Rs
1299",909,30% off,Westernwear-Women
9566,Monte carlo,Shading collar neck blended nylon womens casual jacket - tan,"Size:36,40,42",Nan,3995,No Discount,Westernwear-Women
9567,Magre,Floral polyester blend womens top - multi,"Size:Large,Medium,Small,X-Small","Rs
1590",715,55% off,Westernwear-Women
9568,Samshek,Solid georgette collar neck womens party wear shirt - olive,"Size:4X-Large,5X-Large,Large,Medium,Small,X-Large,X-Small,XX-Large,XX-Small,XXX-Large","Rs
1399",1259,10% off,Westernwear-Women
9569,Vero moda,Solid cotton v neck womens  tops - yellow,"Size:Large,Medium,Small,X-Large,X-Small","Rs
2299",1379,40% off,Westernwear-Women
9570,Van heusen,Solid cotton round neck womens top - wine,"Size:Large,Medium,Small,X-Large,X-Small","Rs
1699",1499,12% off,Westernwear-Women
9571,Dolce crudo,Solid hood fleece womens relaxed dress - black,"Size:Medium,Small,X-Small","Rs
3199",1439,55% off,Westernwear-Women
9572,Campus sutra,Womens long sleeves solid jacket - black,"Size:Large,X-Large",Nan,2599,No Discount,Westernwear-Women
9573,Madame,Solid round neck regular fit womens sweatshirt - carrot,Size:XXX-Large,Nan,1699,No Discount,Westernwear-Women
9574,Vero moda,Printed cotton round neck womens t-shirt - red,"Size:Large,Medium,Small,X-Large,X-Small","Rs
1299",1039,20% off,Westernwear-Women
9575,Campus sutra,Solid hooded cotton womens sweatshirt - natural,"Size:Large,Medium,Small",Nan,2199,No Discount,Westernwear-Women
9576,Dolce crudo,Womens cute fancy stretch pushup jeggings - blue,Size:26,"Rs
2199",879,60% off,Westernwear-Women
9577,Jealous 21,Stripes round neck cotton womens regular top - mustard,"Size:Large,Medium,Small,X-Large",Nan,1199,No Discount,Westernwear-Women
9578,Crimsoune club,Womens slim fit printed t-shirt - grey,"Size:Large,Medium,Small,X-Large","Rs
1099",769,30% off,Westernwear-Women
9579,Samshek,Solid crepe collar neck womens party wear shirt - mustard,"Size:4X-Large,5X-Large,Large,Medium,Small,X-Large,X-Small,XX-Large,XX-Small,XXX-Large","Rs
1890",1701,10% off,Westernwear-Women
9580,Crimsoune club,Printed cotton blend cowl neck womens regular fit top - pink,"Size:Large,Medium,Small,X-Large","Rs
1499",1049,30% off,Westernwear-Women
9581,Gipsy,Solid round neck suede womens jacket - olive,Size:Large,"Rs
3995",2796,30% off,Westernwear-Women
9582,Crimsoune club,Slim mid thigh cotton blend womens casual wear shorts - green,"Size:26,30,32,34,36","Rs
1499",1049,30% off,Westernwear-Women
9583,Vero moda,Solid rayon v neck womens top - green,"Size:Large,Medium,Small,X-Large,X-Small","Rs
2999",2099,30% off,Westernwear-Women
9584,Levis,Embroidered polyester round neck womens top - yellow,"Size:Large,Medium,Small,X-Large,XX-Large",Nan,1399,No Discount,Westernwear-Women
9585,Jealous 21,Solid round neck viscose womens regular top - black,Size:Small,Nan,999,No Discount,Westernwear-Women
9586,Crimsoune club,Solid cotton blend round neck womens top - pink,"Size:Large,Medium,Small,X-Large","Rs
1499",899,40% off,Westernwear-Women
9587,Stop,Textured open neck acrylic womens shrugs - natural,"Size:Large,Medium,Small,X-Large","Rs
2199",1099,50% off,Westernwear-Women
9588,Magre,Solid satin round neck womens top - natural,"Size:Large,Medium,Small,X-Small","Rs
1790",1163,35% off,Westernwear-Women
9589,Vero moda,Printed viscose v neck womens top - green,"Size:Large,Medium,Small,X-Large,X-Small","Rs
2499",1749,30% off,Westernwear-Women
9590,Crimsoune club,Skinny ankle length cotton blend womens jeans - pink,"Size:26,28,30,32,34","Rs
1999",1799,10% off,Westernwear-Women
9591,Soie,Soft cotton regular fit womens sleep t-shirt - orange,"Size:Large,Medium,X-Large,XX-Large","Rs
590",442,25% off,Westernwear-Women
9592,Campus sutra,Womens knit regular fit jacket - grey,"Size:Large,Medium,Small",Nan,1499,No Discount,Westernwear-Women
9593,Magre,Stripes cotton round neck womens top - pink,"Size:Large,Medium,Small,X-Small","Rs
1790",1074,40% off,Westernwear-Women
9594,Iti,Solid georgette round neck womens dress - green,Size:Medium,Nan,1599,No Discount,Westernwear-Women
9595,109f,Stripes rayon mandarin womens dress - mustard,"Size:Large,Medium,Small,X-Large,XX-Large",Nan,2199,No Discount,Westernwear-Women
9596,Proline,Solid skinny fit polyester stretch womens activewear tights - black,Size:Large,"Rs
1399",979,30% off,Westernwear-Women
9597,Stop,Jacquard open neck acrylic womens poncho - blue,"Size:Large/X-Large,Small/Medium","Rs
2299",1149,50% off,Westernwear-Women
9598,Faballey,Floral collared neck cotton womens pyjama set - black,"Size:Medium,Small,X-Small","Rs
2400",1200,50% off,Westernwear-Women
9599,Zink london,Solid polyester key hole neck womens top - green,"Size:Large,Medium,Small,X-Large","Rs
1499",1199,20% off,Westernwear-Women
9600,Crimsoune club,Skinny regular cotton womens jeans - blue,"Size:28,30,32,34","Rs
1899",949,50% off,Westernwear-Women
9601,Spykar,Stripes cotton round neck womens t-shirt - peach,"Size:Large,Medium,Small,X-Large","Rs
1199",839,30% off,Westernwear-Women
9602,Spykar,Printed cotton round neck womens t-shirt - black,"Size:Large,Medium,Small,X-Large","Rs
1199",839,30% off,Westernwear-Women
9603,Samshek,Solid one shoulder polyester womens bodycon dress - green,"Size:4X-Large,5X-Large,Large,Medium,Small,X-Large,X-Small,XX-Large,XX-Small,XXX-Large",Nan,2590,No Discount,Westernwear-Women
9604,Faballey,Striped collared neck cotton womens pyjama set - blue,Size:Small,"Rs
2400",1200,50% off,Westernwear-Women
9605,Vero moda,Printed cotton round neck womens  t-shirts - white,"Size:Large,Medium,Small,X-Large,X-Small","Rs
2299",1379,40% off,Westernwear-Women
9606,Vero moda,Printed cotton round neck womens  t-shirts - white,"Size:Large,Medium,Small,X-Large,X-Small","Rs
1299",909,30% off,Westernwear-Women
9607,Zink london,Solid high neck acrylic womens sweaters - maroon,"Size:Large,X-Large","Rs
2799",1119,60% off,Westernwear-Women
9608,De moza,Solid cotton regular fit womens joggers - multi,"Size:Large,Medium,Small,X-Large,XX-Large",Nan,1499,No Discount,Westernwear-Women
9609,Lovegen,Stone wash collared neck cotton womens casual wear jacket - light blue,"Size:Large,Medium","Rs
2499",1249,50% off,Westernwear-Women
9610,Zink london,Printed rayon square neck womens straight fit top - multi,"Size:Large,Medium,Small,X-Small","Rs
1499",599,60% off,Westernwear-Women
9611,Adidas,Solid polyester crew neck womens t-shirt - white,"Size:Large,Medium,Small,X-Large,X-Small","Rs
2699",1889,30% off,Westernwear-Women
9612,Allen solly,Solid viscose round neck womens top - peach,"Size:Large,Medium,Small,X-Large,X-Small,XX-Large","Rs
1899",1139,40% off,Westernwear-Women
9613,Magre,Solid satin regular womens top - maroon,"Size:Medium,Small,X-Small","Rs
1990",796,60% off,Westernwear-Women
9614,Zink london,Printed polyester off shoulder womens tops - black,"Size:Large,Medium,Small,X-Large","Rs
1699",679,60% off,Westernwear-Women
9615,Faballey,Floral georgette v neck womens dress - green,"Size:Large,Medium,Small,X-Large,X-Small","Rs
2100",1680,20% off,Westernwear-Women
9616,Dolce crudo,Womens we own the pearl jeggings - navy,Size:28,"Rs
2299",919,60% off,Westernwear-Women
9617,Crimsoune club,Womens pink solid shorts - pink,"Size:30,32,34,36","Rs
1499",899,40% off,Westernwear-Women
9618,Samshek,Printed square neck polyester womens bodycon dress - multi,"Size:4X-Large,5X-Large,Large,Medium,Small,X-Large,X-Small,XX-Large,XX-Small,XXX-Large","Rs
1890",1701,10% off,Westernwear-Women
9619,Gipsy,Solid round neck cotton womens sweatshirt - magenta,Size:Medium,"Rs
1995",1396,30% off,Westernwear-Women
9620,Crimsoune club,Printed cotton blend round neck womens t-shirt - black,"Size:Large,Medium,Small,X-Large,XX-Large","Rs
1049",839,20% off,Westernwear-Women
9621,Samshek,Solid polyester square neck womens regular top - mustard,"Size:4X-Large,5X-Large,Large,Medium,Small,X-Large,X-Small,XX-Large,XX-Small,XXX-Large","Rs
1990",1393,30% off,Westernwear-Women
9622,Crimsoune club,Solid cotton blend regular fit womens casual shorts - natural,"Size:26,28,30,32","Rs
1999",1599,20% off,Westernwear-Women
9623,Spykar,Printed cotton blend round neck womens regular t-shirt - red,"Size:Large,Medium,Small,X-Large","Rs
1299",909,30% off,Westernwear-Women
9624,Crimsoune club,Skinny ankle length cotton blend womens jeans - white,"Size:26,28,32","Rs
2199",1539,30% off,Westernwear-Women
9625,Dolce crudo,"Solid hoody reversible, single jersey womens casual jacket - maroon",Size:X-Small,"Rs
2799",1119,60% off,Westernwear-Women
9626,And,Floral round neck linen womens casual dress - maroon,Size:10,"Rs
2999",2099,30% off,Westernwear-Women
9627,Campus sutra,Womens long sleeves solid jacket - black,"Size:Large,Medium,Small",Nan,2699,No Discount,Westernwear-Women
9628,Indya,Womens printed a-line tunic - blue,Size:X-Small,"Rs
2200",1100,50% off,Westernwear-Women
9629,Enamor,Womens held in fit crop top - denim black,"Size:XL,Large,Medium,Small",Nan,1299,No Discount,Westernwear-Women
9630,Magre,Printed rayon v neck womens top - natural,"Size:Large,Medium,Small,X-Small","Rs
1790",1074,40% off,Westernwear-Women
9631,Allen solly,Stripes viscose v neck womens top - light blue,"Size:Large,Medium,Small,X-Large,X-Small,XX-Large","Rs
1899",1139,40% off,Westernwear-Women
9632,Stop,Solid rayon collar neck womens casual tunic - navy,"Size:XL,Large,Medium,Small,XX-Large","Rs
999",499,50% off,Indianwear-Women
9633,Infuse,Printed round neck cotton flex womens gather dress - green,"Size:Large,Medium,Small,X-Small,XX-Large","Rs
1199",479,60% off,Indianwear-Women
9634,Kashish,Solid viscose blend straight fit womens festive pants - steel,Size:Small/Medium,"Rs
799",399,50% off,Indianwear-Women
9635,Juniper,Printed rayon mandarin womens kurta palazzo set - green,"Size:Large,Medium,Small,X-Large,XX-Large","Rs
2999",899,70% off,Indianwear-Women
9636,Kashish,Embroidered viscose blend round neck womens festive set - green,"Size:Large,Medium,Small,X-Large,X-Small,XX-Large","Rs
3499",1749,50% off,Indianwear-Women
9637,Juniper,Printed rayon round neck womens peplum tunic - black,Size:Large,"Rs
1599",479,70% off,Indianwear-Women
9638,Kashish,Embroidered viscose blend round neck womens festive set - sage,"Size:Large,Medium,Small,X-Large,X-Small,XX-Large","Rs
2499",1249,50% off,Indianwear-Women
9639,Kashish,Embroidered viscose blend mandarin womens festive set - peach,"Size:Large,Medium,Small,X-Small,XX-Large","Rs
2799",1399,50% off,Indianwear-Women
9640,Stop,Printed rayon poly round neck womens calf length kurta - rust,"Size:S,M,L,XL,X-Small,XX-Large","Rs
1199",599,50% off,Indianwear-Women
9641,Infuse,Solid mandarin viscose womens calf length kurta - gold,"Size:Large,Medium,Small,X-Large,X-Small,XX-Large","Rs
1299",649,50% off,Indianwear-Women
9642,Kashish,Embroidered viscose blend round neck womens calf length kurta - black,"Size:Large,Medium,Small,X-Large,X-Small,XX-Large,XXX-Large","Rs
1599",799,50% off,Indianwear-Women
9643,Juniper,Printed mandarin neck rayon womens flared dress - burgundy,"Size:Large,Medium,Small,X-Large,X-Small","Rs
2499",999,60% off,Indianwear-Women
9644,Infuse,Printed rayon crape round neck womens pin tuck top - olive,"Size:Large,Medium,Small,X-Large,X-Small","Rs
699",349,50% off,Indianwear-Women
9645,Kashish,Embroidered viscose blend round neck womens straight kurta - green,"Size:Large,Medium,Small,X-Large,X-Small,XX-Large,XXX-Large","Rs
1599",799,50% off,Indianwear-Women
9646,Kashish,Embroidered viscose blend round neck womens straight kurta - mustard,"Size:Large,Medium,Small,X-Large,X-Small,XX-Large","Rs
1599",799,50% off,Indianwear-Women
9647,Stop,Printed flex regular fit womens kurta - pink,"Size:S,X-Small","Rs
1199",599,50% off,Indianwear-Women
9648,Infuse,Printed viscose full length womens palazzo - peach,"Size:Large,Medium,Small,X-Large","Rs
1099",549,50% off,Indianwear-Women
9649,Sanaa,Stripes rayon blend collar neck womens kurti - navy,"Size:Large,Medium,Small","Rs
1599",799,50% off,Indianwear-Women
9650,Infuse,Printed rayon crape round neck womens pin tuck top - red,"Size:Small,X-Small","Rs
699",349,50% off,Indianwear-Women
9651,Kashish,Embroidered viscose blend round neck womens straight kurta - sage,"Size:Large,Medium,Small,X-Large,X-Small,XX-Large","Rs
1599",799,50% off,Indianwear-Women
9652,Stop,Printed cambric mandarin womens calf length kurta - yellow,"Size:S,M,L,X-Large,X-Small","Rs
1499",749,50% off,Indianwear-Women
9653,Varanga,Printed cotton round neck womens straight fit kurta - navy,"Size:Large,Medium,Small,X-Large,XX-Large","Rs
2999",749,75% off,Indianwear-Women
9654,Infuse,Printed shirt collar rayon womens shirt dress - black,"Size:Large,Medium,Small,X-Small,XX-Large","Rs
1999",599,70% off,Indianwear-Women
9655,Stop,Printed flex regular fit womens kurta - blue,"Size:S,M,X-Large,X-Small","Rs
1199",599,50% off,Indianwear-Women
9656,Kashish,Embroidered mandarin viscose blend womens kurta palazzo set - green,"Size:Large,Medium,Small,X-Large,X-Small,XX-Large","Rs
2799",1399,50% off,Indianwear-Women
9657,Myshka,Printed round neck womens kurti - multi,"Size:Medium,Small,X-Large","Rs
2999",749,75% off,Indianwear-Women
9658,Ziyaa,Floral round neck crepe womens ethnic set - black,"Size:Large,Medium,Small,X-Large,XX-Large,XXX-Large","Rs
1982",792,60% off,Indianwear-Women
9659,Stop,Solid calf length casual wear kurta - grey,"Size:S,M,L,X-Large,X-Small","Rs
1099",549,50% off,Indianwear-Women
9660,Stop,Printed cambric mandarin womens calf length kurta - rust,"Size:S,L,X-Large,X-Small","Rs
1499",749,50% off,Indianwear-Women
9661,Kashish,Solid viscose blend straight fit womens festive pants - gold,Size:Small/Medium,"Rs
799",399,50% off,Indianwear-Women
9662,Infuse,Solid mandarin viscose womens calf length kurta - magenta,"Size:Large,Medium,Small,X-Large,X-Small,XX-Large","Rs
1299",649,50% off,Indianwear-Women
9663,Stop,Printed cotton flex mandarin womens calf length kurta - mouse,"Size:S,M,L,X-Large,X-Small","Rs
1199",599,50% off,Indianwear-Women
9664,Infuse,Printed viscose full length womens palazzo - blue,"Size:Large,Medium,Small,X-Large","Rs
1099",549,50% off,Indianwear-Women
9665,Haute curry,Solid round neck regular womens tunics & tops - pink,"Size:Large,Medium,Small,X-Large,XX-Large","Rs
999",499,50% off,Indianwear-Women
9666,Myshka,Printed cotton round neck womens kurta palazzo set - yellow,"Size:Large,Medium,Small","Rs
4299",644,85% off,Indianwear-Women
9667,Infuse,Printed round neck regular fit womens tunic - multi,"Size:Large,Medium,Small,X-Large,X-Small,XX-Large","Rs
1499",749,50% off,Indianwear-Women
9668,Kashish,Embroidered viscose blend mandarin womens festive set - light blue,"Size:Large,Medium,Small,X-Large,X-Small,XX-Large","Rs
2499",1249,50% off,Indianwear-Women
9669,Stop,Printed cambric mandarin womens calf length kurta - mustard,"Size:S,M,L,X-Large,X-Small,XX-Large","Rs
1499",749,50% off,Indianwear-Women
9670,Stop,Printed cambric mandarin womens calf length kurta - navy,"Size:S,X-Small","Rs
1199",599,50% off,Indianwear-Women
9671,Stop,Printed rayon round neck womens calf length kurta - grey,"Size:S,M,L,X-Large,X-Small,XX-Large","Rs
1199",599,50% off,Indianwear-Women
9672,Stop,Printed rayon mandarin womens calf length kurta - off white,"Size:S,M,X-Large,X-Small","Rs
1199",599,50% off,Indianwear-Women
9673,Juniper,Embroidered cotton mandarin womens high low kurta - yellow,"Size:Large,Medium,Small,X-Large,X-Small,XX-Large","Rs
1299",584,55% off,Indianwear-Women
9674,Juniper,Floral shirt collar cambric womens asymmetrical dress - natural,"Size:Large,Medium,Small,X-Large,X-Small,XX-Large","Rs
2499",999,60% off,Indianwear-Women
9675,Kashish,Embroidered viscose blend round neck womens straight kurta - navy,"Size:Large,Medium,Small,X-Large,X-Small,XX-Large,XXX-Large","Rs
1599",799,50% off,Indianwear-Women
9676,Kashish,Embroidered viscose blend round neck womens calf length kurta - purple,"Size:Large,Medium,Small,X-Large,X-Small,XX-Large,XXX-Large","Rs
1599",799,50% off,Indianwear-Women
9677,Juniper,Printed chiffon round neck womens salwar kurta dupatta set - blue,"Size:Large,Medium,Small,X-Large","Rs
4299",2149,50% off,Indianwear-Women
9678,Ziyaa,Floral round neck polyester womens ethnic set - blue,"Size:Large,Medium,Small,X-Large,XX-Large,XXX-Large","Rs
2437",852,65% off,Indianwear-Women
9679,Juniper,Printed georgette round neck womens salwar kurta dupatta set - yellow,"Size:Large,Medium,Small,X-Large","Rs
4199",2099,50% off,Indianwear-Women
9680,Varanga,Embellished v-neck cotton womens flared kurta - purple,"Size:Medium,Small,X-Large,X-Small","Rs
7999",2399,70% off,Indianwear-Women
9681,Myshka,Printed organza v neck womens dress - brown,",Medium,Small,X-Large,XX-Large","Rs
3999",1399,65% off,Indianwear-Women
9682,Infuse,Printed round neck rayon womens gather dress - royal blue,"Size:Large,Medium,Small,X-Large,X-Small","Rs
1199",479,60% off,Indianwear-Women
9683,Juniper,Printed rayon mandarin womens kurta palazzo set - indigo,"Size:Large,Medium,Small,X-Large,XX-Large","Rs
2999",899,70% off,Indianwear-Women
9684,Infuse,Solid mandarin viscose womens calf length kurta - peach,"Size:Large,Medium,Small,X-Large,X-Small,XX-Large","Rs
1299",649,50% off,Indianwear-Women
9685,Kashish,Embroidered viscose blend mandarin womens festive set - mint,"Size:Large,Medium,Small,X-Large,X-Small,XX-Large","Rs
3299",1649,50% off,Indianwear-Women
9686,Varanga,Printed round neck modal womens straight kurta - mauve,"Size:Large,Medium,Small","Rs
2999",749,75% off,Indianwear-Women
9687,Stop,Printed cambric mandarin womens calf length kurta - brown,"Size:S,M,L,X-Large,X-Small","Rs
1499",749,50% off,Indianwear-Women
9688,Stop,Printed flex regular fit womens kurta - blue,"Size:S,M,L,X-Large,X-Small","Rs
1199",599,50% off,Indianwear-Women
9689,Stop,Embroidered rayon womens full length palazzo - natural,"Size:Large/X-Large,Small/Medium,XX-Large/XXX-Large","Rs
999",399,60% off,Indianwear-Women
9690,Stop,Solid straight fit cotton lycra womens casual wear pants - natural,"Size:S,M,L,X-Small","Rs
899",359,60% off,Indianwear-Women
9691,Stop,Printed rayon mandarin womens knee length kurta - sky blue,"Size:S,X-Small,XXX-Large","Rs
799",559,30% off,Indianwear-Women
9692,Ziyaa,Floral round neck rayon womens ethnic set - black,"Size:Large,Medium,Small,X-Large,XX-Large,XXX-Large","Rs
2213",885,60% off,Indianwear-Women
9693,Sanaa,Solid rayon boat neck womens kurti - green,"Size:Medium,Small","Rs
1599",799,50% off,Indianwear-Women
9694,Juniper,Checks georgette round neck womens flared dress - cream,"Size:Large,Medium,Small,X-Large,X-Small","Rs
3299",989,70% off,Indianwear-Women
9695,Indya,Floral georgette round neck womens kurta - purple,"Size:Large,Medium,Small,X-Small","Rs
3400",2720,20% off,Indianwear-Women
9696,Stop,Boat neck womens kurta - grey,"Size:S,M,L,X-Large,X-Small","Rs
1199",599,50% off,Indianwear-Women
9697,Kashish,Embroidered viscose blend round neck womens festive set - grey,"Size:Large,Medium,Small,X-Large,X-Small,XX-Large","Rs
2499",1249,50% off,Indianwear-Women
9698,Biba,Printed round neck cotton womens straight kurta - green,"Size:32,34,36,42","Rs
1799",1079,40% off,Indianwear-Women
9699,Kashish,Embroidered viscose blend round neck womens straight kurta - natural,"Size:Large,Medium,Small,X-Large,X-Small,XX-Large,XXX-Large","Rs
1599",799,50% off,Indianwear-Women
9700,Indya,Embellished georgette v neck womens kurta - green,"Size:Large,Medium,Small,X-Large,X-Small,XX-Large","Rs
3400",1700,50% off,Indianwear-Women
9701,Juniper,Printed georgette round neck womens high-low tunic - pink,"Size:Large,Medium,Small,X-Large","Rs
1499",749,50% off,Indianwear-Women
9702,Varanga,Embellished mandarin cotton womens straight kurta - rust,"Size:Large,Medium,Small,X-Large","Rs
2999",899,70% off,Indianwear-Women
9703,Kashish,Embroidered viscose blend mandarin womens festive set - peach,"Size:Large,Medium,Small,X-Large,X-Small,XX-Large","Rs
2499",1249,50% off,Indianwear-Women
9704,Kashish,Embroidered viscose blend round neck womens festive set - fuchsia,"Size:Large,Medium,Small,X-Large,X-Small,XX-Large","Rs
3499",1749,50% off,Indianwear-Women
9705,Juniper,Printed cotton mandarin womens a line tunic - green,"Size:Large,Medium,Small,X-Large","Rs
1299",649,50% off,Indianwear-Women
9706,Kashish,Embroidered viscose blend round neck womens straight kurta - pink,"Size:Large,Medium,Small,X-Large,X-Small,XX-Large,XXX-Large","Rs
1599",799,50% off,Indianwear-Women
9707,Juniper,Embroidered silk blend mandarin womens regular fit kurta - peacock,"Size:Large,Medium,Small,X-Large,XX-Large","Rs
3099",1239,60% off,Indianwear-Women
9708,Stop,Boat neck womens kurta - mustard,"Size:S,M,L,X-Large,X-Small,XX-Large","Rs
1199",599,50% off,Indianwear-Women
9709,Ziyaa,Floral round neck crepe womens ethnic set - black,"Size:Large,Medium,Small,X-Large,XX-Large,XXX-Large","Rs
2468",863,65% off,Indianwear-Women
9710,Myshka,Printed cotton round neck womens kurta palazzo set - green,"Size:Large,Medium,Small,X-Large,XX-Large","Rs
2999",749,75% off,Indianwear-Women
9711,Stop,Printed rayon womens 3/4th sleeves kurta - rust,"Size:S,M,L,X-Large,X-Small,XX-Large","Rs
1199",599,50% off,Indianwear-Women
9712,Infuse,Printed shirt collar cotton yarn dyed womens gather dress - charcoal,"Size:Large,Medium,Small,X-Large,X-Small","Rs
1199",599,50% off,Indianwear-Women
9713,Varanga,Printed silk blend round neck womens ethnic set - peach,"Size:Large,Medium,Small,X-Large,XX-Large",Nan,1799,No Discount,Indianwear-Women
9714,Ziyaa,Printed round neck polyester womens ethnic set - brown,"Size:Large,Medium,Small,X-Large,XX-Large,XXX-Large","Rs
2195",878,60% off,Indianwear-Women
9715,Stop,Printed flex womens full length palazzo - off white,"Size:2XL/3XL,Large/X-Large,Small/Medium","Rs
899",449,50% off,Indianwear-Women
9716,Juniper,Womens offwhite cotton voile embroidered straight kurta with lace hem - white,"Size:Large,Medium,Small,X-Large,XX-Large","Rs
1699",849,50% off,Indianwear-Women
9717,Juniper,Printed rayon collar neck womens tiered dress - mustard,"Size:Large,Medium,X-Large,XX-Large","Rs
1899",1329,30% off,Indianwear-Women
9718,Stop,Rayon womens 3/4th sleeves kurta - yellow,"Size:S,M,L,XL,X-Small,XX-Large","Rs
1199",479,60% off,Indianwear-Women
9719,Stop,Printed knee length casual wear kurta - off white,"Size:S,M,L,X-Large,X-Small","Rs
1499",749,50% off,Indianwear-Women
9720,Juniper,Printed rayon mandarin womens kurta palazzo set - blue,"Size:Large,Medium,Small,X-Large,XX-Large","Rs
2999",899,70% off,Indianwear-Women
9721,Juniper,Printed cotton boat neck womens tiered top - green,"Size:Large,Medium,Small,X-Large,XX-Large","Rs
3099",929,70% off,Indianwear-Women
9722,Myshka,Printed chambray v neck womens dress - brown,",Medium,Small,X-Large,XX-Large","Rs
3999",1199,70% off,Indianwear-Women
9723,Infuse,Printed viscose full length womens palazzo - maroon,"Size:Large,Medium,Small,X-Large","Rs
1099",549,50% off,Indianwear-Women
9724,Varanga,Gotta patti embellished cotton v-neck womens regular fit kurta - black,"Size:Large,Small,X-Large","Rs
1999",599,70% off,Indianwear-Women
9725,Yuris,Lace round neck cotton womens kurta palazzo set - green,"Size:Large,Medium,Small,X-Large,XX-Large,XXX-Large","Rs
3499",1399,60% off,Indianwear-Women
9726,Varanga,Printed round neck cotton womens ethnic set - blue,"Size:Large,Medium,Small,X-Small","Rs
6999",2099,70% off,Indianwear-Women
9727,Infuse,Printed autoloom dobby butta mandarin neck womens high low tunic - orange,"Size:Large,Medium,Small,X-Large,X-Small","Rs
999",399,60% off,Indianwear-Women
9728,Juniper,Embroidered georgette v neck womens clothing set - burgundy,"Size:Large,X-Large","Rs
3499",1399,60% off,Indianwear-Women
9729,Juniper,Printed mandarin cotton womens peplum tunic palazzo set - red,"Size:Large,Medium,Small,X-Large","Rs
4499",1349,70% off,Indianwear-Women
9730,Stop,Printed mandarin collar straight fit womens kurta - soft grey,"Size:S,M,L,X-Large,X-Small,XX-Large,XXX-Large","Rs
799",399,50% off,Indianwear-Women
9731,Haute curry,Mandarin neck rayon regular womens dress - grey,"Size:Large,Medium,Small,X-Small,XX-Large","Rs
1499",749,50% off,Indianwear-Women
9732,Kashish,Embroidered viscose blend round neck womens festive set - yellow,"Size:Large,Medium,Small,X-Large,X-Small,XX-Large","Rs
3499",1749,50% off,Indianwear-Women
9733,Kashish,Embroidered viscose blend mandarin womens straight kurta - rose,"Size:Large,Medium,Small,X-Large,X-Small,XX-Large","Rs
1999",999,50% off,Indianwear-Women
9734,Kashish,Embroidered viscose blend mandarin womens straight kurta - black,"Size:Large,Medium,Small,X-Large,X-Small,XX-Large","Rs
1999",999,50% off,Indianwear-Women
9735,Juniper,Printed rayon round neck womens flared dress - peacock,"Size:Large,Medium,Small,X-Large","Rs
2499",999,60% off,Indianwear-Women
9736,Biba,Printed round neck straight fit womens kurta - pink,"Size:32,34,36,38,40,42","Rs
1299",779,40% off,Indianwear-Women
9737,Juniper,Printed round neck satin womens flared dress - maroon,"Size:Large,Medium,Small,X-Large,X-Small","Rs
2799",979,65% off,Indianwear-Women
9738,Yuris,Bandhni cotton mandarin womens regular kurta - multi,"Size:Large,Medium,Small,X-Large,XX-Large","Rs
1399",629,55% off,Indianwear-Women
9739,Kashish,Solid viscose blend straight fit womens festive pants - green,"Size:2XL/3XL,Large/X-Large,Small/Medium","Rs
799",399,50% off,Indianwear-Women
9740,Haute curry,Solid & embroidered shirt collar regular womens tunics & tops - grey,"Size:Large,Medium,Small,X-Large,X-Small,XX-Large","Rs
899",449,50% off,Indianwear-Women
9741,Infuse,Solid mandarin viscose womens calf length kurta - olive,"Size:Large,Medium,Small,X-Large,X-Small,XX-Large","Rs
1299",649,50% off,Indianwear-Women
9742,Yuris,Stripes round neck cotton womens kurta set - multi,"Size:Large,Medium,Small,X-Large,XX-Large,XXX-Large","Rs
4299",1504,65% off,Indianwear-Women
9743,Haute curry,Printed rayon round neck womens regular top - navy,"Size:Large,Medium,Small,X-Large,X-Small,XX-Large","Rs
899",449,50% off,Indianwear-Women
9744,Juniper,Embroidered cotton round neck womens flared dress - blush,Size:X-Large,"Rs
1899",1044,45% off,Indianwear-Women
9745,Stop,Printed rayon mandarin womens knee length kurta - navy,"Size:S,M,L,X-Large,X-Small,XX-Large,XXX-Large","Rs
899",629,30% off,Indianwear-Women
9746,Myshka,Printed georgette round neck womens kurta palazzo set - red,",Medium,Small,X-Large,XX-Large","Rs
5999",1499,75% off,Indianwear-Women
9747,Juniper,Floral chiffon square neck womens flared dress - green,"Size:Large,Medium,Small,X-Large","Rs
2999",899,70% off,Indianwear-Women
9748,Juniper,Embroidered chanderi round neck womens kurta palazzo set - red,"Size:Large,Medium,Small,X-Large","Rs
4199",1679,60% off,Indianwear-Women
9749,Yuris,Printed v-neck cotton womens kaftan with trousers - multi,"Size:Medium,X-Large,XX-Large","Rs
2799",1259,55% off,Indianwear-Women
9750,Juniper,Printed georgette round neck womens flared dress - multi,"Size:Large,Medium,Small,X-Large","Rs
3099",1394,55% off,Indianwear-Women
9751,Mothercare,Printed rayon mandarin womens kurti - blue,"Size:Medium,Small,X-Large,XX-Large","Rs
1399",699,50% off,Indianwear-Women
9752,Kashish,Embroidered viscose blend mandarin womens festive set - lime green,"Size:Large,Medium,Small,X-Large,X-Small,XX-Large","Rs
2799",1399,50% off,Indianwear-Women
9753,Kashish,Embroidered viscose blend round neck womens calf length kurta - blue,"Size:Large,Medium,Small,X-Large,X-Small,XX-Large,XXX-Large","Rs
1599",799,50% off,Indianwear-Women
9754,Juniper,Floral round neck rayon womens a-line dress - green,"Size:Large,Medium,Small,X-Large,X-Small","Rs
2499",999,60% off,Indianwear-Women
9755,Kashish,Embroidered viscose blend mandarin womens festive set - pink,"Size:Large,Medium,Small,X-Large,X-Small,XX-Large","Rs
3299",1649,50% off,Indianwear-Women
9756,Juniper,Geometric rayon mandarin womens kurta palazzo set - peach,"Size:Large,Medium,Small,X-Large","Rs
2999",899,70% off,Indianwear-Women
9757,Jack and jones,Pu regular slip on mens slides - white,"Size:40,41,42,43,44,45","Rs
1499",1049,30% off,Indianwear-Women
9758,Kashish,Embroidered viscose blend mandarin womens festive set - yellow,"Size:Large,Medium,Small,X-Large,X-Small,XX-Large","Rs
2799",1399,50% off,Indianwear-Women
9759,Myshka,Embroidered silk blend round neck womens kurta palazzo set - navy,"Size:Medium,Small,X-Large,XX-Large","Rs
5999",1499,75% off,Indianwear-Women
9760,Indya,Shraddha kapoor for indya blush sequin strap crop top with attached dupatta - pink,"Size:Large,X-Large,X-Small","Rs
1800",1440,20% off,Indianwear-Women
9761,Infuse,Solid mandarin viscose womens calf length kurta - natural,"Size:Large,Medium,Small,X-Large,X-Small,XX-Large","Rs
1299",649,50% off,Indianwear-Women
9762,Stop,Womens printed knee length daily wear kurta - green,"Size:S,X-Small","Rs
799",399,50% off,Indianwear-Women
9763,Myshka,Printed chanderi round neck womens kurta palazzo set - green,"Size:Large,Medium,Small,XX-Large","Rs
4999",749,85% off,Indianwear-Women
9764,Varanga,Gotta patti printed silk v-neck womens regular fit kurta - pink,"Size:Large,Medium,Small,X-Large,XX-Large","Rs
2799",839,70% off,Indianwear-Women
9765,Haute curry,Full length flex woven womens pants - grey,"Size:Large,Medium,Small,X-Large","Rs
1299",649,50% off,Indianwear-Women
9766,Varanga,Embellished round neck cotton womens straight kurta - blue,"Size:Large,Medium,Small,X-Large,XX-Large","Rs
2999",899,70% off,Indianwear-Women
9767,Infuse,Printed shirt collar rayon womens shirt dress - olive,"Size:Medium,Small,X-Small","Rs
1199",479,60% off,Indianwear-Women
9768,Aurelia,Printed viscose round neck womens straight kurta - red,"Size:Large,Medium,Small,X-Large,X-Small,XX-Large","Rs
1399",979,30% off,Indianwear-Women
9769,Stop,Mandarin collar womens kurta - mustard,"Size:S,M,L,X-Large,X-Small,XX-Large","Rs
1199",479,60% off,Indianwear-Women
9770,Haute curry,Round neck cotton slub regular womens dress - peach,"Size:Large,Medium,Small,X-Large,X-Small,XX-Large","Rs
1499",749,50% off,Indianwear-Women
9771,Haute curry,Embroidered flex collar neck womens casual tunic - mint,"Size:Large,Medium,Small,X-Large,X-Small,XX-Large","Rs
899",449,50% off,Indianwear-Women
9772,Kashish,Embroidered viscose blend mandarin womens gathered kurta - rose,"Size:Large,Medium,Small,X-Large,X-Small,XX-Large","Rs
1999",999,50% off,Indianwear-Women
9773,Stop,Printed cotton mandarin womens knee length kurta - sky blue,"Size:S,M,L,X-Large,X-Small,XX-Large,XXX-Large","Rs
799",399,50% off,Indianwear-Women
9774,Stop,Solid flex womens full length palazzos - yellow,"Size:Large/X-Large,Small/Medium,XX-Large/XXX-Large","Rs
799",319,60% off,Indianwear-Women
9775,Juniper,Printed rayon collar neck womens tiered dress - cream,"Size:Large,Medium,Small,X-Large,XX-Large","Rs
3099",1549,50% off,Indianwear-Women
9776,Stop,Printed cotton mandarin womens knee length kurta - fuschia,"Size:XL,Large,Medium,Small,X-Small,XX-Large,XXX-Large","Rs
899",629,30% off,Indianwear-Women
9777,Stop,Solid calf length casual wear kurta - dusty peach,"Size:S,M,L,X-Large,X-Small,XX-Large","Rs
1099",549,50% off,Indianwear-Women
9778,Infuse,Printed v neck regular fit womens tunic - multi,"Size:Large,Medium,Small,X-Large,X-Small,XX-Large","Rs
1799",899,50% off,Indianwear-Women
9779,Stop,Printed rayon round neck womens tunic - fuchsia,"Size:XL,Large,Medium,Small,XX-Large","Rs
999",499,50% off,Indianwear-Women
9780,Infuse,Solid mandarin viscose womens calf length kurta - coral,"Size:Large,Medium,Small,X-Large,X-Small,XX-Large","Rs
1299",649,50% off,Indianwear-Women
9781,Infuse,Printed rayon mandarin neck womens high low tunic - red,"Size:Large,Medium,Small","Rs
999",399,60% off,Indianwear-Women
9782,Kashish,Embroidered viscose blend round neck womens a-line kurta - green,"Size:Large,Medium,Small,X-Large,X-Small,XX-Large","Rs
2499",1249,50% off,Indianwear-Women
9783,Infuse,Solid rayon dobby mandarin neck womens high low tunic - coral,"Size:Large,Medium,Small,X-Large,X-Small,XX-Large","Rs
999",399,60% off,Indianwear-Women
9784,Infuse,Solid mandarin viscose womens calf length kurta - charcoal,"Size:Large,Medium,Small,X-Large,X-Small,XX-Large","Rs
1299",649,50% off,Indianwear-Women
9785,Stop,Printed cotton mandarin womens knee length kurta - indigo,"Size:S,M,L,X-Large,X-Small,XX-Large,XXX-Large","Rs
799",559,30% off,Indianwear-Women
9786,Kashish,Embroidered viscose blend mandarin womens a-line kurta - sea green,"Size:Large,Medium,Small,X-Large,X-Small,XX-Large","Rs
1999",999,50% off,Indianwear-Women
9787,Kashish,Embroidered viscose blend round neck womens festive set - natural,"Size:Large,Medium,Small,X-Large,X-Small,XX-Large","Rs
3499",1749,50% off,Indianwear-Women
9788,Ziyaa,Floral round neck crepe womens ethnic set - pink,"Size:Large,Medium,Small,X-Large,XX-Large,XXX-Large","Rs
2010",703,65% off,Indianwear-Women
9789,Juniper,Embroidered mandarin rayon womens kurta pant set - pink,"Size:Large,Medium,Small,X-Large,XX-Large","Rs
2499",874,65% off,Indianwear-Women
9790,Juniper,Embroidered rayon round neck womens straight kurta - mustard,"Size:Large,Medium,Small,X-Large","Rs
2599",779,70% off,Indianwear-Women
9791,Yuris,Ethnic motifs round neck cotton womens kurta set - multi,"Size:Large,Medium,Small,X-Large,XX-Large","Rs
3999",1399,65% off,Indianwear-Women
9792,Stop,Printed mandarin collar straight fit womens kurta - green,"Size:S,M,L,X-Large,X-Small,XX-Large,XXX-Large","Rs
799",399,50% off,Indianwear-Women
9793,Biba,Printed cotton v-neck womens salwar kurta dupatta set - coral,"Size:32,34,36,38,40,42","Rs
3999",2799,30% off,Indianwear-Women
9794,Biba,Printed v neck cotton womens kurta palazzo - sky blue,"Size:32,34,36,38,40,42","Rs
3599",2519,30% off,Indianwear-Women
9795,Myshka,Printed cotton square neck womens regular kurta - navy,"Size:Large,Medium,Small,X-Large,XX-Large","Rs
2999",749,75% off,Indianwear-Women
9796,Varanga,Embroidered silk blend round neck womens ethnic set - blue,"Size:Large,Medium,Small,X-Large,XX-Large",Nan,1979,No Discount,Indianwear-Women
9797,Infuse,Solid mandarin viscose womens calf length kurta - black,"Size:Large,Medium,Small,X-Large,X-Small,XX-Large","Rs
1299",649,50% off,Indianwear-Women
9798,Kashish,Embroidered viscose blend mandarin womens ethnic set - yellow,"Size:Large,Medium,Small,X-Large,X-Small,XX-Large","Rs
2999",1499,50% off,Indianwear-Women
9799,Juniper,Womens mint georgette printed anarkali kurta with poly crepe straight palazzo - mint,"Size:Large,Medium,Small,X-Large,X-Small","Rs
4499",2249,50% off,Indianwear-Women
9800,Stop,Solid cotton lycra womens full length palazzos - navy,"Size:Large/X-Large,Small/Medium,XX-Large/XXX-Large","Rs
999",399,60% off,Indianwear-Women
9801,Kashish,Embroidered viscose blend round neck womens straight kurta - peach,"Size:Large,Medium,Small,X-Large,X-Small,XX-Large,XXX-Large","Rs
1599",799,50% off,Indianwear-Women
9802,Ziyaa,Geometric round neck polyester womens ethnic set - cream,"Size:Large,Medium,Small,X-Large,XX-Large,XXX-Large","Rs
2847",996,65% off,Indianwear-Women
9803,Infuse,Printed viscose full length womens palazzo - black,"Size:Large,Medium,Small,X-Large","Rs
1099",549,50% off,Indianwear-Women
9804,Juniper,Printed cotton v neck womens flared dress - purple,"Size:Large,Medium,Small","Rs
2599",1299,50% off,Indianwear-Women
9805,Ziyaa,Floral mandarin crepe womens ethnic set - pink,"Size:Large,Medium,Small,X-Large,XX-Large,XXX-Large","Rs
2990",1196,60% off,Indianwear-Women
9806,Myshka,Solid cotton round neck womens kurta palazzo set - navy,",Medium,Small,X-Large,XX-Large","Rs
3999",999,75% off,Indianwear-Women
9807,Ziyaa,Floral v-neck rayon womens salwar kurta and dupatta set - cream,"Size:Large,Medium,Small,X-Large,XX-Large,XXX-Large","Rs
4377",1750,60% off,Indianwear-Women
9808,Juniper,Printed cotton mandarin womens a line tunic - pink,"Size:Large,Medium,Small,X-Large","Rs
1299",649,50% off,Indianwear-Women
9809,Infuse,Floral round neck regular fit womens tunic - pink,"Size:Large,Medium,Small,X-Large,X-Small,XX-Large","Rs
1499",749,50% off,Indianwear-Women
9810,Kashish,Embroidered round neck straight fit womens kurta - maroon,"Size:Large,Medium,Small,X-Large,X-Small,XX-Large,XXX-Large","Rs
1599",799,50% off,Indianwear-Women
9811,Kashish,Embroidered viscose blend round neck womens festive set - blue,"Size:Large,Medium,Small,X-Large,X-Small,XX-Large","Rs
3499",1749,50% off,Indianwear-Women
9812,Ziyaa,Floral polyester round neck womens straight kurta - peacock,"Size:Large,Medium,Small,X-Large,XX-Large,XXX-Large","Rs
1987",794,60% off,Indianwear-Women
9813,Stop,Printed cotton womens 3/4th sleeves kurta - peach,"Size:S,M,L,X-Large,X-Small,XX-Large","Rs
1499",749,50% off,Indianwear-Women
9814,Infuse,Solid mandarin viscose womens calf length kurta - sage,"Size:Large,Medium,Small,X-Large,X-Small,XX-Large","Rs
1299",649,50% off,Indianwear-Women
9815,Stop,Printed cotton mandarin womens knee length kurta - olive,"Size:XL,Large,Medium,Small,X-Small,XX-Large,XXX-Large","Rs
899",629,30% off,Indianwear-Women
9816,Yuris,Bandhni cotton round neck womens regular kurta - multi,"Size:Large,Medium,Small,X-Large,XX-Large,XXX-Large","Rs
1399",629,55% off,Indianwear-Women
9817,Stop,Printed rayon round neck womens tunic - purple,"Size:XL,Large,Medium,Small,XX-Large","Rs
999",499,50% off,Indianwear-Women
9818,Kashish,Embroidered viscose blend round neck womens straight kurta - off white,"Size:Large,Medium,Small,X-Large,X-Small,XX-Large","Rs
1999",999,50% off,Indianwear-Women
9819,Infuse,Printed rayon mandarin neck womens high low tunic - blue,"Size:Medium,Small","Rs
999",399,60% off,Indianwear-Women
9820,Juniper,Printed rayon round neck womens flared dress - mustard,"Size:Large,Medium,Small,X-Large,XX-Large","Rs
2799",979,65% off,Indianwear-Women
9821,Myshka,Printed round neck womens tunic - off white,",Medium,Small,X-Large,XX-Large","Rs
1999",599,70% off,Indianwear-Women
9822,Biba,Printed v neck flared womens kurta - green,"Size:36,38,40,42","Rs
1999",1199,40% off,Indianwear-Women
9823,Stop,Printed rayon v neck womens tunic - navy,"Size:XL,Large,Medium,Small,XX-Large","Rs
999",499,50% off,Indianwear-Women
9824,Varanga,Printed cotton round neck womens regular fit kurta - mustard,"Size:Large,Medium,Small,X-Large,XX-Large","Rs
2199",659,70% off,Indianwear-Women
9825,Stop,Rayon womens 3/4th sleeves kurta - indigo,"Size:S,M,L,X-Large,X-Small,XX-Large","Rs
1199",599,50% off,Indianwear-Women
9826,Ziyaa,Printed round neck rayon womens ethnic set - pink,"Size:Large,Medium,Small,X-Large,XX-Large,XXX-Large","Rs
2430",972,60% off,Indianwear-Women
9827,Stop,Solid straight fit cotton lycra womens casual wear pants - red,"Size:S,X-Small","Rs
899",359,60% off,Indianwear-Women
9828,Biba,Printed round neck rayon womens kurta - pink,"Size:32,34,36,38,40,42","Rs
1799",1439,20% off,Indianwear-Women
9829,Infuse,Solid viscose blend mandarin neck womens a-line kurta - peach,"Size:Large,Medium,Small,X-Large,X-Small","Rs
999",499,50% off,Indianwear-Women
9830,Yuris,Solid regular fit cotton womens western trousers - navy,"Size:28,30,32,34,36,38","Rs
1699",594,65% off,Indianwear-Women
9831,Stop,Solid rayon collar neck womens casual tunic - off white,"Size:XL,Large,Medium,Small,XX-Large","Rs
999",499,50% off,Indianwear-Women
9832,Juniper,Printed rayon mandarin womens flared dress - cream,"Size:Large,Medium,Small,X-Large,XX-Large","Rs
3699",1479,60% off,Indianwear-Women
9833,Juniper,Printed cotton mandarin womens straight tunic - sky blue,"Size:Large,Medium,Small,X-Large","Rs
1499",674,55% off,Indianwear-Women
9834,Myshka,Printed cotton round neck womens kurta palazzo set - multi,"Size:Large,Medium,Small,X-Large,XX-Large","Rs
5499",1099,80% off,Indianwear-Women
9835,Myshka,Printed polyester round neck womens dress - navy,"Size:Large,Medium,Small,X-Large,XX-Large","Rs
1599",479,70% off,Indianwear-Women
9836,Stop,Solid flared fit rayon womens casual wear palazzo - grey,"Size:Large/X-Large,Small/Medium,XX-Large/XXX-Large","Rs
799",319,60% off,Indianwear-Women
9837,Indya,Embellished cotton round neck womens kurta - pink,"Size:Large,Medium,Small,X-Large,X-Small,XX-Large","Rs
3400",2720,20% off,Indianwear-Women
9838,Infuse,Printed rayon mandarin neck womens high low tunic - coral,"Size:Large,Medium,Small,X-Large,X-Small","Rs
999",399,60% off,Indianwear-Women
9839,Kashish,Embroidered viscose blend round neck womens straight kurta - grey,"Size:Large,Medium,Small,X-Large,X-Small,XX-Large,XXX-Large","Rs
1599",799,50% off,Indianwear-Women
9840,Stop,Solid calf length casual wear kurta - mouse,"Size:S,M,L,X-Large,X-Small,XX-Large","Rs
1099",549,50% off,Indianwear-Women
9841,Juniper,Printed rayon round neck womens flared dress - red,"Size:Large,Medium,Small,X-Large","Rs
2499",999,60% off,Indianwear-Women
9842,Kashish,Embroidered viscose blend round neck womens calf length kurta - olive,"Size:Large,Medium,Small,X-Large,X-Small,XX-Large,XXX-Large","Rs
1599",799,50% off,Indianwear-Women
9843,Juniper,Solid cotton mandarin womens a line kurta - purple,"Size:Large,Medium,Small,X-Large","Rs
1699",849,50% off,Indianwear-Women
9844,Ziyaa,Geometric round neck georgette womens ethnic set - black,"Size:Large,Medium,Small,X-Large,XX-Large,XXX-Large","Rs
2077",934,55% off,Indianwear-Women
9845,Myshka,Printed cotton round neck womens kurta palazzo set - pink,"Size:Large,Medium,Small,XX-Large","Rs
2999",899,70% off,Indianwear-Women
9846,Varanga,Embellished round neck cotton womens ethnic set - yellow,"Size:Large,Medium,Small,X-Large,X-Small","Rs
7999",2399,70% off,Indianwear-Women
9847,Varanga,Zari round neck straight designer womens kurtas - blue,"Size:Large,Medium,Small,X-Large,XX-Large","Rs
2999",899,70% off,Indianwear-Women
9848,Myshka,Printed cotton round neck womens regular kurta - brown,"Size:Large,Medium,Small","Rs
1499",449,70% off,Indianwear-Women
9849,Yuris,Floral round neck cotton womens kurta set - multi,"Size:Medium,Small,X-Large,XXX-Large","Rs
3999",1399,65% off,Indianwear-Women
9850,Infuse,Solid mandarin viscose womens calf length kurta - mint,"Size:Large,Medium,Small,X-Large,X-Small,XX-Large","Rs
1299",649,50% off,Indianwear-Women
9851,Infuse,Printed shirt collar rayon womens shirt dress - maroon,"Size:Small,X-Small","Rs
1199",479,60% off,Indianwear-Women
9852,Infuse,Printed rayon mandarin neck womens high low tunic - black,"Size:Large,Medium,Small,X-Large,X-Small,XX-Large","Rs
999",399,60% off,Indianwear-Women
9853,Myshka,Printed cotton mandarin womens kurta palazzo set - multi,"Size:Large,Medium,Small,X-Large,XX-Large","Rs
2999",749,75% off,Indianwear-Women
9854,Infuse,Printed cambric mandarin neck womens princess line shirt top - teal,"Size:Large,Medium,Small,X-Small","Rs
1199",359,70% off,Indianwear-Women
9855,Stop,Embroidered rayon womens full length palazzo - grey,"Size:Large/X-Large,Small/Medium,XX-Large/XXX-Large","Rs
999",399,60% off,Indianwear-Women
9856,Infuse,Printed round neck regular fit womens kurta - navy,"Size:Large,Medium,Small,X-Large,X-Small,XX-Large","Rs
1299",649,50% off,Indianwear-Women
9857,Stop,Printed mandarin collar straight fit womens kurta - olive,"Size:S,M,L,X-Large,X-Small,XXX-Large","Rs
799",399,50% off,Indianwear-Women
9858,Stop,Printed rayon round neck womens tunic - grey,"Size:XL,Large,Medium,Small,XX-Large","Rs
999",499,50% off,Indianwear-Women
9859,Sanaa,Printed rayon mandarin womens kurti - navy,"Size:Large,Medium,Small,XX-Large","Rs
1049",524,50% off,Indianwear-Women
9860,Infuse,Printed rayon crape round neck womens pin tuck top - grey,"Size:Large,Medium,Small,X-Large,X-Small,XX-Large","Rs
699",349,50% off,Indianwear-Women
9861,Haute curry,Round neck rayon regular womens dress - mint,"Size:Large,Medium,Small,X-Large,X-Small,XX-Large","Rs
1499",749,50% off,Indianwear-Women
9862,Ziyaa,Printed collar neck crepe womens ethnic set - black,"Size:Large,Medium,Small,X-Large,XX-Large,XXX-Large","Rs
2536",887,65% off,Indianwear-Women
9863,Yuris,Floral cotton round neck womens salwar suit - multi,"Size:Large,Medium,Small,X-Large,XX-Large,XXX-Large","Rs
3499",1399,60% off,Indianwear-Women
9864,Haute curry,All over print shirt collar regular womens tunics & tops - peach,"Size:Large,Medium,Small,X-Large,X-Small,XX-Large","Rs
999",499,50% off,Indianwear-Women
9865,Haute curry,Solid round neck regular womens tunics & tops - peach,"Size:Large,Medium,Small,X-Large,X-Small,XX-Large","Rs
699",349,50% off,Indianwear-Women
9866,Indya,Printed chiffon v neck womens kurta - yellow,"Size:Large,Small,X-Large,XX-Large","Rs
2950",2360,20% off,Indianwear-Women
9867,Biba,Printed round neck straight fit womens kurta - indigo,"Size:32,34,36,38,40,42,46","Rs
1599",959,40% off,Indianwear-Women
9868,Stop,Printed mandarin collar straight fit womens kurta - peach,"Size:S,M,L,X-Large,X-Small,XXX-Large","Rs
799",399,50% off,Indianwear-Women
9869,Kashish,Embroidered viscose blend v neck womens ethnic set - dusty pink,"Size:Large,Medium,Small,X-Large,X-Small,XX-Large",Nan,3499,No Discount,Indianwear-Women
9870,Infuse,Printed round neck rayon womens strap dress - olive,"Size:Large,Medium,Small,X-Large,X-Small,XX-Large","Rs
999",399,60% off,Indianwear-Women
9871,Ziyaa,Floral mandarin crepe womens ethnic set - black,"Size:Large,Medium,Small,X-Large,XX-Large,XXX-Large","Rs
3233",1131,65% off,Indianwear-Women
9872,Juniper,Floral rayon moss collar neck womens a line dress - black,"Size:Large,Medium,Small","Rs
3499",874,75% off,Indianwear-Women
9873,Indya,Embellished georgette round neck womens kurta - grey,"Size:Large,Medium,Small,X-Large,X-Small,XX-Large","Rs
3200",1600,50% off,Indianwear-Women
9874,Biba,Printed cotton round neck womens salwar kurta dupatta set - pink,"Size:32,34,36,38,42","Rs
4995",3496,30% off,Indianwear-Women
9875,Ziyaa,Printed crepe round neck womens straight kurta - black,"Size:Large,Medium,Small,X-Large,XX-Large,XXX-Large","Rs
1523",533,65% off,Indianwear-Women
9876,Janasya,Printed mandarin regular fit womens tunic - mustard,"Size:Large,Medium,Small,X-Large,X-Small,XX-Large,XXX-Large","Rs
1398",699,50% off,Indianwear-Women
9877,Juniper,Womens maroon rayon gold foil print asymmetric dress with belt & functional pockets - maroon,"Size:Large,Medium,Small,X-Large,X-Small,XX-Large","Rs
2098",1049,50% off,Indianwear-Women
9878,Biba,Printed v neck cotton womens kurta palazzo - peacock,"Size:32,34,36,38,40,42","Rs
3799",2659,30% off,Indianwear-Women
9879,Stop,Embroidered rayon round neck womens regular tunic - lavender,"Size:XL,Large,Medium,Small,XX-Large","Rs
1499",749,50% off,Indianwear-Women
9880,Ziyaa,Embellished rayon mandarin womens salwar kurta dupatta set - maroon,"Size:Large,X-Large,XX-Large,XXX-Large","Rs
3621",1448,60% off,Indianwear-Women
9881,Stop,Embroidered rayon womens full length palazzo - black,"Size:Large/X-Large,Small/Medium,XX-Large/XXX-Large","Rs
999",399,60% off,Indianwear-Women
9882,Kashish,Embroidered viscose blend round neck womens straight kurta - blue,"Size:Large,Medium,Small,X-Large,X-Small,XX-Large,XXX-Large","Rs
1599",799,50% off,Indianwear-Women
9883,Juniper,Embroidered rayon round neck womens straight kurta - wine,"Size:Large,Medium,Small,X-Large","Rs
2299",689,70% off,Indianwear-Women
9884,Haute curry,Full length cotton woven womens pants - pink,"Size:Large,Medium,Small,X-Large,XX-Large","Rs
1199",599,50% off,Indianwear-Women
9885,Janasya,Chevron crepe round neck womens kurta palazzo set - yellow,"Size:Large,Medium,Small,X-Large,X-Small,XX-Large,XXX-Large","Rs
2949",1327,55% off,Indianwear-Women
9886,Varanga,Printed round neck cotton womens a-line kurta - rust,"Size:Large,Medium,Small,X-Large,X-Small","Rs
3999",1399,65% off,Indianwear-Women
9887,Stop,Printed cambric round neck womens calf length kurta - off white,"Size:S,M,L,X-Large,X-Small","Rs
1499",749,50% off,Indianwear-Women
9888,Varanga,Embroidered round neck silk blend womens ethnic set - red,"Size:Large,Medium,Small,X-Large,XX-Large","Rs
6999",1749,75% off,Indianwear-Women
9889,Ziyaa,Floral crepe round neck womens straight kurta - black,"Size:Large,Medium,Small,X-Large,XX-Large,XXX-Large","Rs
1458",656,55% off,Indianwear-Women
9890,Varanga,Mandarin flared designer womens kurtas - mustard,"Size:Large,Medium,Small,X-Large,XX-Large","Rs
3599",1079,70% off,Indianwear-Women
9891,Kashish,Embroidered viscose blend round neck womens straight kurta - natural,"Size:Large,Medium,Small,X-Large,X-Small,XX-Large","Rs
1999",999,50% off,Indianwear-Women
9892,Stop,Embroidered flared fit cotton womens casual wear palazzo - maroon,"Size:Large/X-Large,Small/Medium,XX-Large/XXX-Large","Rs
999",399,60% off,Indianwear-Women
9893,Juniper,Printed georgette round neck womens tiered dress - yellow,"Size:Large,Medium","Rs
3399",1529,55% off,Indianwear-Women
9894,Juniper,Printed silk round neck womens salwar kurta dupatta set - red,"Size:Large,Medium,Small,X-Large","Rs
4799",1919,60% off,Indianwear-Women
9895,Varanga,Printed v-neck cotton womens straight kurta - mustard,"Size:Large,Medium,Small,X-Large,X-Small,XX-Large","Rs
2999",899,70% off,Indianwear-Women
9896,Ziyaa,Floral mandarin rayon womens ethnic set - peacock,"Size:Large,Medium,Small,X-Large,XX-Large,XXX-Large","Rs
2435",974,60% off,Indianwear-Women
9897,Yuris,Stripes cotton boat neck womens regular kurta - multi,"Size:XX-Large,XXX-Large","Rs
1599",799,50% off,Indianwear-Women
9898,Stop,Solid flared fit rayon womens casual wear palazzo - maroon,"Size:Large/X-Large,Small/Medium,XX-Large/XXX-Large","Rs
799",319,60% off,Indianwear-Women
9899,Aurelia,Solid cotton flex mandarin womens straight kurta - blue,"Size:Large,Medium,Small,X-Large,X-Small,XX-Large","Rs
1049",629,40% off,Indianwear-Women
9900,Kashish,Embroidered viscose blend round neck womens ethnic set - dusty pink,"Size:Large,Medium,Small,X-Large,X-Small,XX-Large",Nan,3299,No Discount,Indianwear-Women
9901,Myshka,Solid cotton round neck womens kurta palazzo set - navy,"Size:Large,Medium,Small,X-Large,XX-Large","Rs
3999",599,85% off,Indianwear-Women
9902,Juniper,Embroidered chiffon round neck womens tiered kurta - blue,"Size:X-Large,XX-Large","Rs
2599",1299,50% off,Indianwear-Women
9903,Sanaa,Printed rayon mandarin womens kurti - mustard,"Size:Medium,Small,XX-Large","Rs
1699",849,50% off,Indianwear-Women
9904,Stop,Solid rayon round neck womens calf length kurta - blue,"Size:XL,Large,Medium,Small,X-Small,XX-Large","Rs
999",399,60% off,Indianwear-Women
9905,Biba,Printed cotton round neck womens kurta palazzo set - dusty rose,"Size:32,34,36,38,40,42","Rs
2599",1559,40% off,Indianwear-Women
9906,Stop,Mandarin collar womens kurta - teal,"Size:S,M,L,X-Large,X-Small,XX-Large","Rs
1199",479,60% off,Indianwear-Women
9907,Indya,Stripes cotton collar neck womens midi dress - blue,"Size:Large,Medium,Small,X-Large,X-Small","Rs
1950",975,50% off,Indianwear-Women
9908,Juniper,Womens black rayon gold foil print flared palazzo - black,"Size:Large,Medium,Small,X-Large,X-Small,XX-Large","Rs
1699",679,60% off,Indianwear-Women
9909,Juniper,Printed georgette round neck womens flared dress - gold,"Size:Large,Medium,Small,X-Large","Rs
2299",1034,55% off,Indianwear-Women
9910,Janasya,Floral round neck regular fit womens kurta - blue,"Size:Medium,Small,X-Small,XX-Large","Rs
1649",659,60% off,Indianwear-Women
9911,Juniper,Printed rayon round neck womens straight kurta - pink,"Size:Large,Medium","Rs
1699",764,55% off,Indianwear-Women
9912,Haute curry,Printed round neck regular womens tunics & tops - green,"Size:Large,Medium,Small,X-Large,X-Small,XX-Large","Rs
699",349,50% off,Indianwear-Women
9913,Stop,Printed rayon womens 3/4th sleeves kurta - teal,"Size:S,M,L,X-Large,X-Small,XX-Large","Rs
1199",479,60% off,Indianwear-Women
9914,Haute curry,Lapel collar rayon regular womens dress - yellow,"Size:Large,Medium,Small,X-Large,X-Small,XX-Large","Rs
1299",649,50% off,Indianwear-Women
9915,Kashish,Embroidered mandarin viscose blend womens kurta palazzo set - pink,"Size:Large,Medium,Small,X-Large,X-Small,XX-Large",Nan,2799,No Discount,Indianwear-Women
9916,Myshka,Printed cotton round neck womens kurta palazzo set - brown,"Size:Large,Medium,Small,X-Large","Rs
2999",749,75% off,Indianwear-Women
9917,Stop,Printed cotton mandarin womens knee length kurta - grey,"Size:XL,Large,Medium,Small,X-Small,XX-Large,XXX-Large","Rs
799",559,30% off,Indianwear-Women
9918,Myshka,Printed cotton blend round neck womens kurta palazzo set - black,",Medium,Small,X-Large,XX-Large","Rs
3299",824,75% off,Indianwear-Women
9919,Infuse,Printed cotton mandarin neck womens straight fit kurta - maroon,"Size:Large,Medium,Small,X-Large,X-Small","Rs
799",319,60% off,Indianwear-Women
9920,Indya,Shraddha kapoor for indya sage mirror embroidered georgette saree - green,"Size:Large,Medium,Small,X-Large,X-Small,XX-Large","Rs
3200",1600,50% off,Indianwear-Women
9921,Haute curry,Round neck rayon regular womens dress - navy,"Size:Large,Medium,Small,X-Large,X-Small,XX-Large","Rs
1499",749,50% off,Indianwear-Women
9922,Stop,V neck womens kurta - peach,"Size:S,M,L,X-Large,X-Small,XX-Large","Rs
1199",599,50% off,Indianwear-Women
9923,Juniper,Embroidered chanderi round neck womens kurta palazzo set - blue,"Size:Large,Medium,Small,X-Large","Rs
4199",1679,60% off,Indianwear-Women
9924,Stop,Solid cotton lycra womens full length palazzos - natural,"Size:Large/X-Large,Small/Medium,XX-Large/XXX-Large","Rs
999",399,60% off,Indianwear-Women
9925,Juniper,Mandarin neck rayon a-line womens salwar kurta dupatta set - green,"Size:Large,Medium,X-Large,X-Small,XX-Large","Rs
3646",2187,40% off,Indianwear-Women
9926,Myshka,Solid cotton regular fit womens casual trousers - black,"Size:Large,Medium,Small,X-Large,XX-Large","Rs
1099",494,55% off,Indianwear-Women
9927,Biba,Womens grey cotton straight kurta - grey,"Size:32,34","Rs
1299",649,50% off,Indianwear-Women
9928,Juniper,Embroidered rayon round neck womens kurta palazzo set - red,"Size:Large,Medium,Small,X-Large","Rs
3899",1559,60% off,Indianwear-Women
9929,Myshka,Printed round neck womens kurti - purple,",Medium,Small,X-Large,XX-Large","Rs
3999",799,80% off,Indianwear-Women
9930,Stop,Solid flex womens full length palazzos - black,Size:Small/Medium,"Rs
799",319,60% off,Indianwear-Women
9931,Stop,Printed rayon womens full length palazzo - grey,"Size:2XL/3XL,Large/X-Large,Small/Medium","Rs
899",449,50% off,Indianwear-Women
9932,Juniper,Floral mandarin neck chiffon womens tiered dress - black,"Size:Large,Medium,Small","Rs
2098",1678,20% off,Indianwear-Women
9933,Biba,Printed round neck a-line womens kurta - black,Size:38,"Rs
2599",1299,50% off,Indianwear-Women
9934,Ziyaa,Printed rayon mandarin womens straight kurta - black,"Size:Large,Medium,Small,X-Large,XX-Large,XXX-Large","Rs
1970",788,60% off,Indianwear-Women
9935,Myshka,Printed round neck womens kurti - multi,"Size:Medium,Small,XX-Large","Rs
2499",749,70% off,Indianwear-Women
9936,Haute curry,Lapel collar rayon flex regular womens dress - peach,"Size:Large,Medium,Small,X-Large,X-Small,XX-Large","Rs
1299",649,50% off,Indianwear-Women
9937,Sanaa,Printed rayon mandarin womens kurti - red,"Size:Large,Medium,Small,XX-Large","Rs
999",499,50% off,Indianwear-Women
9938,Stop,Printed cotton mandarin womens knee length kurta - maroon,"Size:S,M,L,X-Large,X-Small,XX-Large,XXX-Large","Rs
799",559,30% off,Indianwear-Women
9939,Myshka,Solid rayon v neck womens regular kurta - white,"Size:Large,Medium,Small,X-Large,XX-Large","Rs
4999",1249,75% off,Indianwear-Women
9940,Juniper,Ethnic motifs mandarin neck cambric womens tiered dresses with mask - black,"Size:Large,Medium,Small,X-Large,XX-Large","Rs
2499",999,60% off,Indianwear-Women
9941,Stop,Solid calf length casual wear kurta - sage,"Size:S,M,L,X-Large,X-Small,XX-Large","Rs
1099",549,50% off,Indianwear-Women
9942,Biba,Band collar rayon flared womens dresses - rust,"Size:32,34,36,38,40,42",Nan,2999,No Discount,Indianwear-Women
9943,Varanga,Embellished round neck cotton womens straight kurta - pink,"Size:Large,Medium,Small,XX-Large","Rs
2999",899,70% off,Indianwear-Women
9944,Haute curry,Printed round neck regular womens tunics & tops - natural,"Size:Large,Medium,Small,X-Large,X-Small,XX-Large","Rs
799",399,50% off,Indianwear-Women
9945,Stop,Solid regular fit cotton womens casual pants - mouse,"Size:2XL/3XL,Large/X-Large,Small/Medium",Nan,699,No Discount,Indianwear-Women
9946,Juniper,Printed cotton mandarin womens a line tunic - purple,Size:Small,"Rs
1299",714,45% off,Indianwear-Women
9947,Infuse,Printed rayon womens casual pants - navy,"Size:Large,Medium,Small,X-Large","Rs
999",399,60% off,Indianwear-Women
9948,Sanaa,Printed cotton mandarin womens kurta - black,"Size:Large,Medium,Small,X-Large,XX-Large","Rs
1049",524,50% off,Indianwear-Women
9949,Biba,Embroidred v neck poly cotton womens kurta pants set - blue,"Size:32,34,36,38,42","Rs
3999",2799,30% off,Indianwear-Women
9950,Juniper,Printed silk round neck womens salwar kurta dupatta set - blue,"Size:Large,Medium","Rs
4799",2399,50% off,Indianwear-Women
9951,Myshka,Printed cotton round neck womens regular kurta - yellow,"Size:Medium,Small","Rs
1599",479,70% off,Indianwear-Women
9952,Haute curry,Solid round neck regular womens tunics & tops - blue,"Size:Large,Medium,Small,X-Large,XX-Large","Rs
999",499,50% off,Indianwear-Women
9953,Varanga,Printed cotton halter neck womens calf length kurta - blue,"Size:Large,Medium,Small,X-Large,XX-Large","Rs
3299",824,75% off,Indianwear-Women
9954,Juniper,Printed cotton mandarin womens straight tunic - ivory,Size:Small,"Rs
1499",674,55% off,Indianwear-Women
9955,Varanga,Embellished round neck silk blend womens ethnic set - pink,"Size:Large,Small,X-Large,X-Small","Rs
8999",2699,70% off,Indianwear-Women
9956,Biba,Printed round neck straight fit womens kurta - yellow,"Size:32,34,36,38,40,42,46","Rs
1799",1259,30% off,Indianwear-Women
9957,Juniper,Printed rayon mandarin womens a line dress - mint,"Size:Large,Medium,Small,X-Large","Rs
2799",979,65% off,Indianwear-Women
9958,Juniper,Embroidered georgette round neck womens kurta palazzo set - grey,"Size:Large,Medium,Small,X-Large,XX-Large","Rs
4799",1919,60% off,Indianwear-Women
9959,Stop,Solid flared fit flex womens casual wear palazzo - red,"Size:Large/X-Large,Small/Medium,XX-Large/XXX-Large","Rs
799",319,60% off,Indianwear-Women
9960,Myshka,Printed round neck womens kurti - multi,",Medium,Small,X-Large,XX-Large","Rs
2999",899,70% off,Indianwear-Women
9961,Stop,Solid flared fit flex womens casual wear palazzo - fuschia,"Size:Large/X-Large,Small/Medium,XX-Large/XXX-Large","Rs
799",319,60% off,Indianwear-Women
9962,Stop,Printed rayon womens 3/4th sleeves kurta - rose gold,"Size:S,M,L,X-Large,X-Small,XX-Large","Rs
1199",479,60% off,Indianwear-Women
9963,Varanga,Embroidered scoop neck cotton womens ethnic set - pink,"Size:Large,Medium,Small,X-Small","Rs
6999",2099,70% off,Indianwear-Women
9964,Juniper,Womens black georgette printed anarkali kurta with poly crepe lining - black,"Size:Large,Medium,Small,X-Large,X-Small,XX-Large","Rs
2799",979,65% off,Indianwear-Women
9965,Stop,Embroidered rayon round neck womens regular tunic - olive,"Size:XL,Large,Medium,Small,XX-Large","Rs
999",499,50% off,Indianwear-Women
9966,Varanga,Gotta patti round neck straight designer womens kurtas - red,"Size:Large,Medium,Small,X-Large,XX-Large","Rs
2999",899,70% off,Indianwear-Women
9967,Stop,Womens printed knee length daily wear kurta - rust,"Size:S,M,X-Small","Rs
799",399,50% off,Indianwear-Women
9968,Stop,Printed cotton womens 3/4th sleeves kurta - teal,"Size:S,M,L,X-Large,X-Small,XX-Large","Rs
1499",749,50% off,Indianwear-Women
9969,Juniper,Printed rayon mandarin womens straight kurta - black,"Size:Large,Medium,Small,X-Large","Rs
1699",679,60% off,Indianwear-Women
9970,Juniper,Printed rayon round neck womens tiered dress - yellow,"Size:Large,Medium,Small,X-Large,X-Small","Rs
1999",999,50% off,Indianwear-Women
9971,Stop,Printed rayon round neck womens casual tunic - peach,"Size:XL,Large,Medium,Small,XX-Large","Rs
999",499,50% off,Indianwear-Women
9972,Yuris,Paisley cotton round neck womens salwar suit - multi,"Size:Medium,Small,XX-Large,XXX-Large","Rs
3499",1399,60% off,Indianwear-Women
9973,Jack and jones,Suede regular slip on mens loafers - brown,"Size:41,42,43,44","Rs
3999",2399,40% off,Indianwear-Women
9974,Kashish,Embroidered viscose blend round neck womens a-line kurta - peach,"Size:Large,Medium,Small,X-Large,X-Small,XX-Large","Rs
1999",999,50% off,Indianwear-Women
9975,Juniper,Printed rayon v neck womens flared dress - green,"Size:Large,Medium,Small,X-Large,XX-Large","Rs
3499",1924,45% off,Indianwear-Women
9976,Juniper,Floral round neck rayon slub flared womens kurta - coral,"Size:Large,Medium,Small,X-Large","Rs
2499",999,60% off,Indianwear-Women
9977,Stop,Boat neck womens kurta - natural,"Size:S,M,L,X-Large,X-Small","Rs
1199",599,50% off,Indianwear-Women
9978,Yuris,Motif cotton round neck womens salwar suit - multi,"Size:Large,Medium,Small,X-Large,XX-Large,XXX-Large","Rs
3499",1399,60% off,Indianwear-Women
9979,Haute curry,Printed round neck regular womens tunics & tops - white,"Size:Large,Medium,Small,X-Large,X-Small,XX-Large","Rs
999",499,50% off,Indianwear-Women
9980,Myshka,Embroidered silk blend round neck womens kurta palazzo set - pink,"Size:Large,Medium,Small,X-Large,XX-Large","Rs
5999",1499,75% off,Indianwear-Women
9981,Haute curry,Solid round neck regular womens tunics & tops - green,"Size:Large,Medium,Small,X-Large,X-Small,XX-Large","Rs
499",249,50% off,Indianwear-Women
9982,Juniper,Solid cotton round neck womens flared dress - purple,"Size:Large,Medium,Small,X-Large","Rs
2599",1039,60% off,Indianwear-Women
9983,Biba,Printed cotton round neck womens salwar kurta dupatta set - blue,"Size:32,34,36,38,42","Rs
3599",2159,40% off,Indianwear-Women
9984,Infuse,Printed cotton mandarin collar womens knee length kurta - red,"Size:Large,Medium,Small,X-Small","Rs
799",399,50% off,Indianwear-Women
9985,Ziyaa,Floral round neck polyester womens ethnic set - green,"Size:Large,Medium,Small,X-Large,XX-Large,XXX-Large","Rs
2258",790,65% off,Indianwear-Women
9986,Kashish,Embroidered viscose blend round neck womens straight kurta - yellow,"Size:Large,Medium,Small,X-Large,X-Small,XX-Large,XXX-Large","Rs
1599",799,50% off,Indianwear-Women
9987,Stop,Printed rayon round neck womens regular tunic - grey,"Size:XL,Large,Medium,Small,XX-Large","Rs
1299",649,50% off,Indianwear-Women
9988,Haute curry,Printed rayon v neck womens ethnic dress - blue,"Size:Large,Medium,Small,X-Large,X-Small,XX-Large","Rs
1499",749,50% off,Indianwear-Women
9989,Sanaa,Printed rayon blend collar neck womens kurti - blue,"Size:Large,Medium,Small,X-Large,XX-Large","Rs
1299",649,50% off,Indianwear-Women
9990,Stop,Printed  rayon womens 3/4 sleeves kurta - navy,"Size:S,M,L,X-Large,X-Small,XX-Large","Rs
1199",479,60% off,Indianwear-Women
9991,Juniper,Solid polyester round neck womens straight kurta - grey,"Size:Large,Medium,Small,X-Large","Rs
2399",959,60% off,Indianwear-Women
9992,Juniper,Printed cotton mandarin womens ethnic set - pink,"Size:Small,X-Large,XX-Large","Rs
2299",919,60% off,Indianwear-Women
9993,Juniper,Printed round neck chiffon womens flared dress - navy,"Size:Large,Medium,Small,X-Small","Rs
3299",1484,55% off,Indianwear-Women
9994,Stop,Printed cotton mandarin womens knee length kurta - off white,"Size:XL,Large,Medium,Small,X-Small,XX-Large,XXX-Large","Rs
899",629,30% off,Indianwear-Women
9995,Myshka,Printed organza round neck womens dress - multi,",Medium,Small,X-Large,XX-Large","Rs
3999",1199,70% off,Indianwear-Women
9996,Juniper,Printed rayon round neck womens peplum tunic - blue,"Size:Large,Medium,Small,X-Large","Rs
1599",639,60% off,Indianwear-Women
9997,Myshka,Printed cotton collar neck womens kurta palazzo set - green,"Size:Large,Small,XX-Large","Rs
2999",749,75% off,Indianwear-Women
9998,Kashish,Embroidered round neck viscose blend womens ethnic set - natural,"Size:Large,X-Large,X-Small","Rs
3499",1749,50% off,Indianwear-Women
9999,Stop,Printed rayon round neck womens casual tunic - green,"Size:XL,Large,Medium,Small,XX-Large","Rs
999",499,50% off,Indianwear-Women
10000,Myshka,Printed cotton blend round neck womens top - navy,"Size:Large,Medium,Small,X-Large,XX-Large","Rs
1899",569,70% off,Indianwear-Women
10001,Stop,Printed rayon mandarin womens straight kurta - black,"Size:S,M,L,X-Large,X-Small,XX-Large,XXX-Large","Rs
899",629,30% off,Indianwear-Women
10002,Juniper,Embroidered georgette round neck womens a line dress - mustard,"Size:Large,X-Large","Rs
2299",919,60% off,Indianwear-Women
10003,Biba,Womens indigo cotton kurta - indigo,"Size:32,34,38,40,42","Rs
1999",999,50% off,Indianwear-Women
10004,Juniper,Embroidered rayon round neck womens straight kurta - grey,"Size:Large,Medium,Small,X-Large","Rs
2599",779,70% off,Indianwear-Women
10005,Myshka,Solid cotton v neck womens kurta palazzo set - green,",Small,X-Large,XX-Large","Rs
3999",1199,70% off,Indianwear-Women
10006,Stop,Embroidered round neck straight fit womens kurta - rose gold,"Size:S,M,L,X-Large,X-Small,XX-Large","Rs
799",399,50% off,Indianwear-Women
10007,Stop,Printed rayon v neck womens tunic - coral,"Size:XL,Large,Medium,Small,XX-Large","Rs
999",499,50% off,Indianwear-Women
10008,Juniper,Ethnic motifs mandarin neck cambric womens tiered dresses with mask - peach,"Size:Large,Medium,Small,X-Large,XX-Large","Rs
3499",1574,55% off,Indianwear-Women
10009,Kashish,Embroidered viscose blend round neck womens a-line kurta - blue,"Size:Large,Medium,Small,X-Large,X-Small,XX-Large","Rs
2499",1249,50% off,Indianwear-Women
10010,Juniper,Printed mandarin rayon womens ethnic set - maroon,"Size:Large,Medium,Small,X-Large,X-Small","Rs
3299",1484,55% off,Indianwear-Women
10011,Ziyaa,Floral mandarin polyester womens ethnic set - green,"Size:Large,Medium,Small,X-Large,XX-Large,XXX-Large","Rs
1785",803,55% off,Indianwear-Women
10012,Stop,Printed rayon womens 3/4th sleeves kurta - mustard,"Size:S,M,L,X-Large,X-Small,XX-Large","Rs
1499",749,50% off,Indianwear-Women
10013,Biba,Yarndyed round neck rayon metallic womens kurta pants - fuschia,"Size:32,34,36,38,40,42","Rs
2999",2099,30% off,Indianwear-Women
10014,Kashish,Embroidered viscose blend round neck womens a-line kurta - brown,"Size:Large,Medium,Small,X-Large,X-Small,XX-Large","Rs
2499",1249,50% off,Indianwear-Women
10015,Kashish,Embroidered viscose blend round neck womens calf length kurta - dark grey,"Size:Large,Medium,Small,X-Large,X-Small,XX-Large,XXX-Large",Nan,1599,No Discount,Indianwear-Women
10016,Stop,Printed mandarin collar straight fit womens kurta - brown,"Size:S,M,L,X-Large,X-Small,XX-Large,XXX-Large","Rs
799",399,50% off,Indianwear-Women
10017,Juniper,Printed rayon round neck womens tiered dress - pink,"Size:Large,Medium,Small,X-Large,XX-Large","Rs
2499",999,60% off,Indianwear-Women
10018,Juniper,Womens white rayon flex solid straight pants with lacework in hem - white,"Size:Large,Medium,Small,X-Large,X-Small","Rs
999",649,35% off,Indianwear-Women
10019,Infuse,Embroidered chanderi round neck womens kurta - fuschia,"Size:Large,Medium,Small,X-Large,X-Small,XX-Large","Rs
1999",999,50% off,Indianwear-Women
10020,Stop,Printed rayon round neck womens regular tunic - black,"Size:XL,Large,Medium,XX-Large","Rs
1299",649,50% off,Indianwear-Women
10021,Stop,Printed cotton mandarin womens knee length kurta - green,"Size:XL,Large,Medium,Small,X-Small,XX-Large,XXX-Large","Rs
899",629,30% off,Indianwear-Women
10022,Varanga,Printed cotton round neck womens calf length kurta - blue,"Size:Medium,Small","Rs
3299",824,75% off,Indianwear-Women
10023,Kashish,Embroidered viscose blend round neck womens straight kurta - mint,"Size:Large,Medium,Small,X-Large,X-Small,XX-Large,XXX-Large","Rs
1599",799,50% off,Indianwear-Women
10024,Myshka,Embroidered chanderi silk round neck womens kurta palazzo set - black,"Size:Small,X-Large","Rs
6499",1299,80% off,Indianwear-Women
10025,Haute curry,Printed round neck regular womens jacket - fuchsia,"Size:Large,Medium,Small,X-Large,XX-Large","Rs
1299",649,50% off,Indianwear-Women
10026,Juniper,Chevron round neck alphin chiffon womens flared dress - black,"Size:Large,Medium,Small,X-Large,X-Small","Rs
3299",1484,55% off,Indianwear-Women
10027,Myshka,Printed round neck womens tunic - multi,",Medium,Small","Rs
2499",749,70% off,Indianwear-Women
10028,Biba,Printed band collar straight fit womens kurta - red,"Size:32,34,36,38,40,42","Rs
2599",1559,40% off,Indianwear-Women
10029,Juniper,Floral chiffon square neck womens flared dress - pink,"Size:Large,Medium,Small,X-Large","Rs
2999",899,70% off,Indianwear-Women
10030,Kashish,Embroidered mandarin viscose blend womens calf length kurta - blue,"Size:Large,Medium,Small,X-Large,X-Small","Rs
1699",849,50% off,Indianwear-Women
10031,Myshka,Printed cotton collar neck womens kurta palazzo set - multi,"Size:Medium,Small,XX-Large","Rs
2999",749,75% off,Indianwear-Women
10032,Juniper,Womens ivory georgette printed anarkali kurta with poly crepe lining - ivory,"Size:Large,Medium,Small,X-Large,X-Small,XX-Large","Rs
2799",979,65% off,Indianwear-Women
10033,Infuse,Printed cotton flex mandarin neck womens high low tunic - green,"Size:Large,Medium,Small,X-Large,X-Small,XX-Large","Rs
999",399,60% off,Indianwear-Women
10034,Janasya,Geometric crepe round neck womens kurta - wine,"Size:Large,Medium,Small,X-Small,XX-Large","Rs
1579",552,65% off,Indianwear-Women
10035,Varanga,Embroidered round neck cotton womens ethnic set - pink,"Size:Large,Medium,Small,X-Small","Rs
7999",2399,70% off,Indianwear-Women
10036,Infuse,Floral rayon round neck womens maxi dress - teal,"Size:Large,Medium,Small,X-Large,X-Small,XX-Large","Rs
1799",899,50% off,Indianwear-Women
10037,Kashish,Embroidered viscose blend round neck womens calf length kurta - dark grey,"Size:Large,Medium,Small,X-Large,X-Small,XX-Large,XXX-Large","Rs
1599",799,50% off,Indianwear-Women
10038,Yuris,Motif cotton mandarin womens salwar suit - multi,"Size:Large,Medium,Small,X-Large,XX-Large","Rs
3499",1399,60% off,Indianwear-Women
10039,Varanga,Embellished mandarin cotton womens straight kurta - blue,"Size:Large,Medium,Small","Rs
3299",989,70% off,Indianwear-Women
10040,Sanaa,Solid rayon mandarin womens kurta - green,"Size:Large,Medium,Small,X-Large,XX-Large","Rs
999",499,50% off,Indianwear-Women
10041,Aurelia,Printed viscose mandarin womens straight kurta - green,"Size:Large,Medium,Small,X-Small",Nan,1599,No Discount,Indianwear-Women
10042,Ziyaa,Floral round neck polyester womens ethnic set - green,"Size:Large,Medium,Small,X-Large,XX-Large,XXX-Large","Rs
2842",994,65% off,Indianwear-Women
10043,Ziyaa,Floral crepe mandarin womens a line kurta - pink,"Size:Large,Medium,Small,X-Large,XX-Large,XXX-Large","Rs
2007",802,60% off,Indianwear-Women
10044,Zink london,Solid cotton womens ankle length palazzo - blue,"Size:Small,X-Large","Rs
1799",1079,40% off,Indianwear-Women
10045,Stop,Solid straight fit cotton lycra womens casual wear pants - pink,"Size:L,X-Small,XX-Large","Rs
899",359,60% off,Indianwear-Women
10046,Stop,Printed cotton mandarin womens knee length kurta - grey,"Size:S,M,L,X-Large,X-Small,XX-Large,XXX-Large","Rs
799",399,50% off,Indianwear-Women
10047,Janasya,Solid v neck chiffon womens regular fit dress - mustard,"Size:X-Large,X-Small,XX-Large,XXX-Large","Rs
2599",1299,50% off,Indianwear-Women
10048,Biba,Printed round neck straight fit womens kurta - sky blue,"Size:32,34,36,38,40,42","Rs
1299",779,40% off,Indianwear-Women
10049,Indya,Embroidered georgette round neck womens kurta - purple,"Size:Large,Small,X-Large,X-Small,XX-Large","Rs
2450",1960,20% off,Indianwear-Women
10050,Kashish,Embroidered viscose blend round neck womens ethnic set - dusty pink,"Size:Large,Medium,Small,X-Large,X-Small,XX-Large",Nan,4499,No Discount,Indianwear-Women
10051,Juniper,Printed rayon round neck womens peplum tunic - pink,"Size:Large,Medium,Small,X-Large,XX-Large","Rs
1599",719,55% off,Indianwear-Women
10052,Janasya,Floral silk round neck womens kurta palazzo set - pink,"Size:Large,Small,X-Large,X-Small,XX-Large,XXX-Large","Rs
2329",1048,55% off,Indianwear-Women
10053,Stop,Solid cotton lycra womens full length palazzos - maroon,"Size:Large/X-Large,Small/Medium,XX-Large/XXX-Large","Rs
999",399,60% off,Indianwear-Women
10054,Kashish,Embroidered viscose blend round neck womens straight kurta - olive,"Size:Large,Medium,Small,X-Large,X-Small,XX-Large","Rs
1599",799,50% off,Indianwear-Women
10055,Biba,Jacquard mandarin cotton womens flared dress - lemon,"Size:32,34,36,38,40,42","Rs
2799",1679,40% off,Indianwear-Women
10056,Yuris,Ethnic motifs round neck cotton womens kurta set - multi,"Size:Large,Small,X-Large,XX-Large,XXX-Large","Rs
4299",1504,65% off,Indianwear-Women
10057,Myshka,Printed cotton round neck womens kurta palazzo set - red,"Size:Large,Medium,Small,X-Large,XX-Large","Rs
3999",799,80% off,Indianwear-Women
10058,Juniper,Bandhni print georgette round neck high low womens tunic - navy,"Size:Large,Medium,Small,X-Large,X-Small","Rs
1999",799,60% off,Indianwear-Women
10059,Sanaa,Stripes rayon boat neck womens kurti - cream,"Size:Large,Medium,Small,X-Large,XX-Large","Rs
1699",849,50% off,Indianwear-Women
10060,Varanga,Embroidered v neck cotton womens ethnic set - sea green,"Size:Large,Medium,Small,X-Large,XX-Large","Rs
5999",2099,65% off,Indianwear-Women
10061,Indya,Embroidered georgette round neck womens kurta - green,"Size:Large,Medium,Small,X-Large,X-Small","Rs
2450",1960,20% off,Indianwear-Women
10062,Juniper,Mandarin collar cambric cotton flex womens ethnic set - grey,"Size:Large,Medium,Small,X-Large,XX-Large","Rs
4847",1938,60% off,Indianwear-Women
10063,Biba,Printed band collar straight fit womens kurta - plum,"Size:32,34,36,38,40,42,46","Rs
2299",1379,40% off,Indianwear-Women
10064,Biba,Printed round neck cotton womens straight kurta - pink,"Size:32,34,36,38,42","Rs
1999",1199,40% off,Indianwear-Women
10065,Haute curry,Printed round neck regular womens tunics & tops - pink,"Size:Large,Medium,Small,X-Large,X-Small,XX-Large","Rs
699",349,50% off,Indianwear-Women
10066,Infuse,Printed cotton mandarin neck womens a-line kurta - olive,"Size:Medium,Small,X-Large,X-Small","Rs
999",399,60% off,Indianwear-Women
10067,Ziyaa,Printed rayon round neck womens straight kurta - pink,"Size:Large,Medium,Small,X-Large,XX-Large,XXX-Large","Rs
1893",851,55% off,Indianwear-Women
10068,Kashish,Embroidered viscose blend round neck womens straight kurta - off white,"Size:Large,Medium,Small,X-Large,X-Small,XX-Large,XXX-Large","Rs
1599",799,50% off,Indianwear-Women
10069,Stop,Womens wide leg solid palazzo - navy,"Size:Large/X-Large,Small/Medium","Rs
799",319,60% off,Indianwear-Women
10070,Infuse,Printed cotton mandarin neck womens straight fit kurta - navy,"Size:Medium,Small,X-Large,X-Small","Rs
799",319,60% off,Indianwear-Women
10071,Kashish,Embroidered viscose blend round neck womens straight kurta - coral,"Size:Large,Medium,Small,X-Large,X-Small,XX-Large","Rs
1999",999,50% off,Indianwear-Women
10072,Kashish,Embroidered viscose blend v neck womens ethnic set - mauve,"Size:Large,Medium,Small,X-Large,X-Small,XX-Large",Nan,3499,No Discount,Indianwear-Women
10073,Biba,Printed cotton v-neck womens salwar kurta dupatta set - pink,"Size:32,34,36,38,40,42","Rs
2799",2239,20% off,Indianwear-Women
10074,Myshka,Embroidered silk blend round neck womens kurta palazzo set - grey,",Medium,Small,X-Large,XX-Large","Rs
5999",1499,75% off,Indianwear-Women
10075,Stop,Printed rayon mandarin womens knee length kurta - fuschia,"Size:S,M,L,X-Large,X-Small,XX-Large,XXX-Large","Rs
899",629,30% off,Indianwear-Women
10076,Infuse,Solid rayon womens full length palazzos - off white,"Size:Large/X-Large,Small/Medium","Rs
799",319,60% off,Indianwear-Women
10077,Myshka,Printed silk round neck womens regular kurta - multi,"Size:Large,Medium,Small,X-Large,XX-Large","Rs
2999",449,85% off,Indianwear-Women
10078,Indya,Shraddha kapoor for indya pink mirror embroidered ready to wear saree - pink,"Size:Large,Medium,Small,X-Large,X-Small","Rs
3400",1700,50% off,Indianwear-Women
10079,Infuse,Printed rayon round neck womens hi low kurta - navy,"Size:Large,Medium,Small,X-Large,X-Small","Rs
999",399,60% off,Indianwear-Women
10080,Sanaa,Stripes blended boat neck womens kurta - peacock,"Size:Large,Medium,Small,XX-Large","Rs
1399",699,50% off,Indianwear-Women
10081,Biba,Printed round neck a-line womens kurti - dusty pink,"Size:36,38,42","Rs
2299",1149,50% off,Indianwear-Women
10082,Stop,Printed cotton mandarin womens knee length kurta - coral,"Size:S,M,L,X-Large,X-Small,XX-Large,XXX-Large","Rs
799",399,50% off,Indianwear-Women
10083,Myshka,Printed round neck womens kurti - multi,"Size:Medium,Small,X-Large,XX-Large","Rs
2999",749,75% off,Indianwear-Women
10084,Juniper,Embroidered cotton round neck womens salwar kurta dupatta set - off white,"Size:Large,Medium,Small,X-Large","Rs
4799",1679,65% off,Indianwear-Women
10085,Stop,Womens printed knee length daily wear kurta - pink,"Size:S,M,X-Small,XX-Large","Rs
799",399,50% off,Indianwear-Women
10086,Janasya,Stripes silk round neck womens kurta palazzo set with dupatta - green,"Size:Large,Medium,Small,XX-Large","Rs
2999",1499,50% off,Indianwear-Women
10087,W,Solid rayon round neck womens ethnic set - black,"Size:6,8,10,12,14,16,18","Rs
3799",2849,25% off,Indianwear-Women
10088,Ziyaa,Embellished rayon round neck womens salwar kurta dupatta set - mustard,"Size:Large,X-Large,XX-Large,XXX-Large","Rs
3621",1448,60% off,Indianwear-Women
10089,Juniper,Printed chiffon round neck womens salwar kurta dupatta set - blue,Size:Large,"Rs
4299",2579,40% off,Indianwear-Women
10090,Ziyaa,Printed square neck rayon womens ethnic set - green,"Size:Large,Medium,Small,X-Large,XX-Large,XXX-Large","Rs
2553",1021,60% off,Indianwear-Women
10091,Sanaa,Solid rayon mandarin womens mid thigh length kurti - navy,"Size:Large,Medium,Small,X-Large,XX-Large","Rs
1049",734,30% off,Indianwear-Women
10092,Juniper,Floral mandarin neck chiffon womens tiered dress - mustard,"Size:Large,Medium,Small","Rs
2098",1678,20% off,Indianwear-Women
10093,Kashish,Embroidered v neck straight fit womens kurta - black,"Size:Large,Medium,Small,X-Large,X-Small,XX-Large","Rs
2999",1499,50% off,Indianwear-Women
10094,Stop,Solid mandarin collar straight fit womens kurta - navy,"Size:S,M,L,XL,X-Small","Rs
999",499,50% off,Indianwear-Women
10095,Biba,Printed round neck cotton womens kurta pants set - indigo,"Size:32,34,36,38,42","Rs
3799",2659,30% off,Indianwear-Women
10096,Aurelia,Yarn dyed band with v straight womens kurta - black,"Size:Large,Medium,Small,X-Large,X-Small,XX-Large","Rs
999",499,50% off,Indianwear-Women
10097,Ziyaa,Floral crepe boat neck womens straight kurta - blue,"Size:Large,Medium,Small,X-Large,XX-Large,XXX-Large","Rs
1712",599,65% off,Indianwear-Women
10098,Kashish,Embroidered viscose blend round neck womens straight kurta - gold,"Size:Large,Medium,Small,X-Large,X-Small,XX-Large,XXX-Large","Rs
1599",799,50% off,Indianwear-Women
10099,Myshka,Printed cotton round neck womens regular kurta - green,"Size:Large,Medium,Small,X-Large,XX-Large","Rs
2499",624,75% off,Indianwear-Women
10100,Kashish,Solid round neck viscose blend womens festive set - grey,"Size:Large,Medium,Small,X-Large,X-Small,XX-Large","Rs
2999",1499,50% off,Indianwear-Women
10101,Stop,Solid flex womens full length palazzos - lime green,"Size:Large/X-Large,Small/Medium,XX-Large/XXX-Large","Rs
799",319,60% off,Indianwear-Women
10102,Yuris,Lace round neck cotton womens kurta palazzo set - pink,"Size:Large,Medium,Small,X-Large,XX-Large","Rs
3499",1399,60% off,Indianwear-Women
10103,Stop,Printed rayon mandarin womens knee length kurta - pink,"Size:S,M,L,X-Large,X-Small,XXX-Large","Rs
799",559,30% off,Indianwear-Women
10104,Stop,Printed rayon womens full length palazzo - natural,"Size:2XL/3XL,Large/X-Large,Small/Medium","Rs
899",449,50% off,Indianwear-Women
10105,Kashish,Embroidered viscose blend round neck womens straight fit kurta - teal,"Size:Large,Medium,Small,X-Large,X-Small,XX-Large,XXX-Large","Rs
1599",799,50% off,Indianwear-Women
10106,Myshka,Printed georgette round neck womens dress - black,"Size:Large,Medium,Small,X-Large,XX-Large","Rs
3999",999,75% off,Indianwear-Women
10107,Myshka,Printed georgette off shoulder womens dress - navy,"Size:Large,Medium,Small,X-Large,XX-Large","Rs
2499",749,70% off,Indianwear-Women
10108,Stop,V neck womens kurta - grey,"Size:S,M,L,X-Large,X-Small,XX-Large","Rs
1199",599,50% off,Indianwear-Women
10109,Myshka,Printed cotton round neck womens kurta palazzo set - orange,",Small,X-Large","Rs
3999",1199,70% off,Indianwear-Women
10110,Myshka,Printed v neck womens top - yellow,",Medium,Small,X-Large,XX-Large","Rs
1999",599,70% off,Indianwear-Women
10111,Ziyaa,Floral round neck crepe womens salwar kurta and dupatta set - black,"Size:Large,Medium,Small,X-Large,XX-Large,XXX-Large","Rs
3059",1376,55% off,Indianwear-Women
10112,Kashish,Embroidered viscose blend round neck womens calf length kurta - sea green,"Size:Large,Medium,Small,X-Large,X-Small,XX-Large,XXX-Large","Rs
1599",799,50% off,Indianwear-Women
10113,Stop,Boat neck womens kurta - peach,"Size:S,M,L,X-Large,X-Small,XX-Large","Rs
1199",479,60% off,Indianwear-Women
10114,Juniper,Printed georgette round neck womens high-low tunic - yellow,"Size:Large,Medium,Small,X-Large","Rs
1499",749,50% off,Indianwear-Women
10115,Ziyaa,Printed rayon round neck womens straight kurta - red,"Size:Large,Medium,Small,X-Large,XX-Large,XXX-Large","Rs
1690",676,60% off,Indianwear-Women
10116,Juniper,Floral round neck chiffon womens flared dress - off white,"Size:Large,Medium,Small,X-Large,X-Small","Rs
3499",1574,55% off,Indianwear-Women
10117,Myshka,Printed crepe round neck womens dress - multi,"Size:Large,Medium,Small,X-Large,XX-Large","Rs
1499",599,60% off,Indianwear-Women
10118,Stop,Printed rayon round neck womens regular tunic - lime green,"Size:XL,Large,Medium,Small,XX-Large","Rs
1299",649,50% off,Indianwear-Women
10119,Varanga,Printed round neck cotton womens straight kurta - blue,"Size:Large,Medium,Small,X-Large,X-Small","Rs
2799",839,70% off,Indianwear-Women
10120,Ziyaa,Floral collar neck crepe womens ethnic set - pink,"Size:Large,Medium,Small,X-Large,XX-Large,XXX-Large","Rs
2151",752,65% off,Indianwear-Women
10121,Juniper,Floral round neck rayon womens a-line dress - grey,"Size:Large,Medium,Small,X-Large,XX-Large","Rs
2499",999,60% off,Indianwear-Women
10122,Kashish,Embroidered viscose blend round neck womens a-line kurta - light mauve,"Size:Large,Medium,Small,X-Large,X-Small,XX-Large","Rs
2499",1249,50% off,Indianwear-Women
10123,Ziyaa,Floral round neck rayon womens ethnic set - mustard,"Size:Large,Medium,Small,X-Large,XX-Large,XXX-Large","Rs
2485",869,65% off,Indianwear-Women
10124,Myshka,Solid silk mandarin womens gown - green,",Medium,Small,X-Large,XX-Large","Rs
5999",1199,80% off,Indianwear-Women
10125,Biba,Printed cotton round neck womens kurta palazzo set - natural,"Size:32,34,36,38,40,42","Rs
2599",1559,40% off,Indianwear-Women
10126,Biba,Printed v neck polyester womens kurta pants set - grey,"Size:32,34,36,38,40,42","Rs
4995",3496,30% off,Indianwear-Women
10127,Indya,Embellished georgette scoop neck womens kurta - pink,"Size:Large,Medium,Small,X-Large,X-Small,XX-Large","Rs
2800",1400,50% off,Indianwear-Women
10128,Stop,Printed mandarin collar straight womens kurta - blue,"Size:S,M,X-Large,X-Small,XX-Large,XXX-Large","Rs
799",399,50% off,Indianwear-Women
10129,Juniper,Ethnic motifs mandarin neck cambric womens flared dresses with mask - pista green,"Size:Large,Medium,Small,X-Large,XX-Large","Rs
2499",999,60% off,Indianwear-Women
10130,Kashish,Embroidered viscose blend mandarin womens ethnic set - mint,"Size:Large,Medium,Small,X-Large,X-Small,XX-Large",Nan,4499,No Discount,Indianwear-Women
10131,Varanga,Printed scoop neck cotton womens straight kurta - green,"Size:Large,Small,X-Small","Rs
2499",749,70% off,Indianwear-Women
10132,Jack and jones,Polyurethane regular slipon mens slides - navy,"Size:40,41,42,43,44,45","Rs
1499",1049,30% off,Indianwear-Women
10133,Biba,Printed band collar straight fit womens kurta - green,"Size:32,34,36,38,40,42,46","Rs
2299",1379,40% off,Indianwear-Women
10134,Biba,Printed round neck cotton womens kurta pants set - multi,"Size:32,34,36,38,42","Rs
3999",2399,40% off,Indianwear-Women
10135,Kashish,Embroidered round neck viscose blend womens full length kurta - fuchsia,"Size:Large,Medium,Small,X-Large,X-Small,XX-Large","Rs
2999",1499,50% off,Indianwear-Women
10136,Stop,Mandarin collar womens kurta - coral,"Size:S,M,L,X-Large,X-Small,XX-Large","Rs
1199",599,50% off,Indianwear-Women
10137,Janasya,Foil crepe round neck womens kurta palazzo set - peacock,"Size:Large,Medium,Small,X-Large,X-Small,XX-Large,XXX-Large","Rs
2499",874,65% off,Indianwear-Women
10138,Stop,Printed cambric mandarin womens calf length kurta - yellow,"Size:S,M,L,X-Large,X-Small,XX-Large","Rs
1199",599,50% off,Indianwear-Women
10139,Myshka,Printed cotton square neck womens dress - pink,",Medium,Small,X-Large,XX-Large","Rs
2499",624,75% off,Indianwear-Women
10140,W,Solid viscose round neck womens calf length kurta - black,"Size:8,10,12,14,18",Nan,1799,No Discount,Indianwear-Women
10141,Biba,Printed v neck cotton womens kurta pants - multi,"Size:34,36,38,40,42,46","Rs
3999",2399,40% off,Indianwear-Women
10142,Kashish,Embroidered viscose blend mandarin womens straight kurta - sage,"Size:Large,Medium,Small,X-Large,X-Small,XX-Large","Rs
1999",999,50% off,Indianwear-Women
10143,Juniper,Printed rayon mandarin womens a line dress - black,"Size:Large,Medium,Small,X-Large","Rs
2799",979,65% off,Indianwear-Women
10144,Biba,Printed cotton v-neck womens salwar kurta dupatta set - black,"Size:32,34,36,38,42","Rs
2799",1679,40% off,Indianwear-Women
10145,Juniper,Cambric shirt collar womens tunic and palazzo set - natural,"Size:Large,Medium,Small,X-Large,X-Small,XX-Large","Rs
4598",2299,50% off,Indianwear-Women
10146,Stop,Solid straight fit polyester womens casual wear palazzo - natural,"Size:Large/X-Large,Small/Medium,XX-Large/XXX-Large","Rs
899",359,60% off,Indianwear-Women
10147,Haute curry,Lapel collar rayon regular womens dress - mauve,"Size:Large,Medium,Small,X-Large,X-Small,XX-Large","Rs
1299",649,50% off,Indianwear-Women
10148,Biba,Polyester woven womens palazzo - pink,"Size:Large,Medium,Small,X-Large","Rs
799",479,40% off,Indianwear-Women
10149,W,Solid chanderi round neck womens ethnic set - lilac,"Size:6,8,10,12,16,18",Nan,6999,No Discount,Indianwear-Women
10150,Haute curry,Solid round neck regular womens tunics & tops - natural,"Size:Large,Medium,Small,X-Large,X-Small,XX-Large","Rs
699",349,50% off,Indianwear-Women
10151,Indya,Printed polyester boat neck womens kurta - maroon,"Size:Large,Medium,Small,X-Large,X-Small,XX-Large","Rs
2500",1250,50% off,Indianwear-Women
10152,Kashish,Embroidered v neck straight fit womens kurta - rust,"Size:Large,Medium,Small,X-Large,X-Small,XX-Large","Rs
2999",1499,50% off,Indianwear-Women
10153,Janasya,Solid v neck chiffon womens regular fit dress - green,"Size:Medium,X-Large,X-Small,XX-Large","Rs
2599",1299,50% off,Indianwear-Women
10154,Biba,Womens green cotton double layered kurta - green,Size:38,"Rs
2599",1299,50% off,Indianwear-Women
10155,Indya,Embroidered georgette round neck womens blouse - pink,"Size:Large,Medium,Small,X-Large,X-Small","Rs
1600",800,50% off,Indianwear-Women
10156,Stop,Printed cotton mandarin womens knee length kurta - natural,"Size:S,M,L,X-Large,X-Small,XX-Large,XXX-Large","Rs
799",399,50% off,Indianwear-Women
10157,Stop,V neck womens kurta - yellow,"Size:S,M,L,X-Large,X-Small,XX-Large","Rs
1199",479,60% off,Indianwear-Women
10158,Juniper,Printed cotton mandarin womens ethnic set - green,"Size:Large,Medium,Small,X-Large,XX-Large","Rs
2299",1034,55% off,Indianwear-Women
10159,Juniper,Printed rayon mandarin womens flared dress - black,Size:Small,"Rs
2099",839,60% off,Indianwear-Women
10160,Infuse,Solid mandarin viscose womens calf length kurta - mustard,"Size:Large,Medium,Small,X-Large,X-Small,XX-Large","Rs
1299",649,50% off,Indianwear-Women
10161,Infuse,Solid mandarin viscose womens calf length kurta - baby pink,"Size:Large,Medium,Small,X-Large,X-Small,XX-Large","Rs
1299",649,50% off,Indianwear-Women
10162,Stop,Rayon woven womens palazzo - peach,"Size:2XL/3XL,Large/X-Large,Small/Medium","Rs
899",449,50% off,Indianwear-Women
10163,Yuris,Lace mandarin neck cotton womens kurta palazzo set - blue,"Size:Large,Medium,Small,X-Large,XX-Large,XXX-Large","Rs
3999",1399,65% off,Indianwear-Women
10164,Kashish,Embroidered viscose blend round neck womens straight fit kurta - purple,"Size:Large,Medium,Small,X-Large,X-Small,XX-Large,XXX-Large","Rs
1599",799,50% off,Indianwear-Women
10165,Kashish,Embroidered mandarin viscose blend womens ethnic set - gold,"Size:Large,Medium,Small,X-Large,X-Small,XX-Large","Rs
4299",2149,50% off,Indianwear-Women
10166,Indya,Embroidered georgette square neck womens kurta - pink,"Size:Large,Medium,Small,X-Large,X-Small,XX-Large","Rs
3000",2400,20% off,Indianwear-Women
10167,Ziyaa,Floral v-neck polyester womens ethnic set - blue,"Size:Large,Medium,Small,X-Large,XX-Large,XXX-Large","Rs
1737",781,55% off,Indianwear-Women
10168,Juniper,Printed georgette round neck womens kurta palazzo set - mint,"Size:Large,Medium,Small,X-Large","Rs
4199",2099,50% off,Indianwear-Women
10169,Kashish,Embroidered round neck straight fit womens kurta - peach,"Size:Medium,Small,X-Large,X-Small,XX-Large","Rs
1599",799,50% off,Indianwear-Women
10170,Varanga,Embroidered silk blend mandarin womens ethnic set - purple,"Size:Large,Medium,Small,X-Large,XX-Large",Nan,2279,No Discount,Indianwear-Women
10171,Haute curry,Round neck rayon regular womens dress - grey,"Size:Large,Medium,Small,X-Large,X-Small,XX-Large","Rs
1499",749,50% off,Indianwear-Women
10172,Myshka,Solid cotton v neck womens kurta palazzo set - burgundy,"Size:Large,Medium,Small,X-Large,XX-Large","Rs
3999",1199,70% off,Indianwear-Women
10173,Haute curry,Full length cotton jesery knit womens pants - natural,"Size:Large,Medium,Small,X-Large,XX-Large","Rs
1199",599,50% off,Indianwear-Women
10174,Haute curry,Rayon round neck womens casual top - maroon,"Size:Large,Medium,Small,X-Large,X-Small,XX-Large","Rs
899",449,50% off,Indianwear-Women
10175,Janasya,Solid rayon v neck womens top - white,Size:X-Small,"Rs
1719",687,60% off,Indianwear-Women
10176,Varanga,Printed v-neck silk blend womens ethnic set - coral,"Size:Large,Small,X-Small","Rs
5999",1799,70% off,Indianwear-Women
10177,Ziyaa,Floral rayon mandarin womens straight kurta - cream,"Size:Large,Medium,Small,X-Large,XX-Large,XXX-Large","Rs
1602",640,60% off,Indianwear-Women
10178,Haute curry,Printed round neck regular womens tunics & tops - yellow,"Size:Large,Medium,Small,X-Large,X-Small,XX-Large","Rs
799",399,50% off,Indianwear-Women
10179,Varanga,Silk womens casual trousers - silver grey,"Size:Large,Medium,Small,X-Large,XX-Large","Rs
1499",599,60% off,Indianwear-Women
10180,Infuse,Printed cotton round neck womens hi low kurta - grey,"Size:Large,Medium,Small,X-Large,X-Small","Rs
1499",449,70% off,Indianwear-Women
10181,Ziyaa,Printed round neck rayon womens ethnic set - peach,"Size:Large,Medium,Small,X-Large,XX-Large,XXX-Large","Rs
2367",946,60% off,Indianwear-Women
10182,Stop,Printed rayon mandarin womens knee length kurta - navy,"Size:S,M,L,X-Large,X-Small,XX-Large,XXX-Large","Rs
799",559,30% off,Indianwear-Women
10183,Haute curry,Printed round neck regular womens tunics & tops - mint,"Size:Large,Medium,Small,X-Large,X-Small,XX-Large","Rs
799",399,50% off,Indianwear-Women
10184,Ziyaa,Floral crepe round neck womens straight kurta - pink,"Size:Large,Medium,Small,X-Large,XX-Large,XXX-Large","Rs
1607",642,60% off,Indianwear-Women
10185,Biba,Printed polyester round neck womens pant kurta dupatta set - black,"Size:32,40,42","Rs
3299",2309,30% off,Indianwear-Women
10186,Juniper,Embellished silk blend mandarin womens flared kurta - natural,Size:XXX-Large,"Rs
3299",989,70% off,Indianwear-Women
10187,Indya,Embroidered georgette scoop neck womens kurta - pink,"Size:Large,Medium,Small,X-Large,X-Small,XX-Large","Rs
2800",1400,50% off,Indianwear-Women
10188,Kashish,Embroidered viscose blend round neck womens straight kurta - fuchsia,"Size:Large,Medium,Small,X-Large,X-Small,XX-Large,XXX-Large","Rs
1599",799,50% off,Indianwear-Women
10189,Kashish,Embroidered viscose blend round neck womens ethnic set - pink,"Size:Large,Medium,Small,X-Large,X-Small,XX-Large",Nan,3999,No Discount,Indianwear-Women
10190,Varanga,Printed modal halter neck womens straight fit kurta - red,"Size:X-Large,XX-Large","Rs
1999",599,70% off,Indianwear-Women
10191,Stop,Solid flared fit rayon womens casual wear palazzo - mustard,"Size:Large/X-Large,Small/Medium,XX-Large/XXX-Large","Rs
799",319,60% off,Indianwear-Women
10192,Yuris,Printed cotton womens regular length palazzos - cream,"Size:28,30,32,34,36,38","Rs
1499",599,60% off,Indianwear-Women
10193,Infuse,Printed rayon mandarin womens high low tunic - olive,"Size:Large,Medium,Small,X-Large,X-Small,XX-Large","Rs
999",399,60% off,Indianwear-Women
10194,Juniper,Printed silk blend calf length womens straight fit kurta - maroon,"Size:Large,Medium,Small,X-Large,XX-Large","Rs
2098",1258,40% off,Indianwear-Women
10195,Stop,Printed rayon mandarin womens knee length kurta - black,"Size:S,M,L,X-Large,X-Small","Rs
799",559,30% off,Indianwear-Women
10196,Juniper,Floral rayon round neck womens kurta palazzo set - blue,"Size:Large,Medium,Small,X-Large,XX-Large","Rs
3299",1484,55% off,Indianwear-Women
10197,Ziyaa,Floral round neck crepe womens ethnic set - pink,"Size:Large,Medium,Small,X-Large,XX-Large,XXX-Large","Rs
2471",864,65% off,Indianwear-Women
10198,Kashish,Embroidered round neck viscose blend womens festive set - lavender,"Size:Large,Medium,X-Large,X-Small,XX-Large","Rs
3999",1999,50% off,Indianwear-Women
10199,Biba,Printed band collar straight fit womens kurti - peach,"Size:32,34","Rs
1499",749,50% off,Indianwear-Women
10200,Haute curry,Solid round neck regular womens tunics & tops - lavender,"Size:Large,Medium,Small,X-Large,X-Small,XX-Large","Rs
799",399,50% off,Indianwear-Women
10201,Kashish,Embroidered viscose blend round neck womens festive set - natural,"Size:Large,Medium,Small,X-Large","Rs
3999",1999,50% off,Indianwear-Women
10202,Juniper,Embroidered cotton v neck womens salwar kurta dupatta set - white,"Size:Large,Medium,Small,X-Large","Rs
4799",2399,50% off,Indianwear-Women
10203,Infuse,Floral rayon round neck womens maxi dress - sage,"Size:Large,Medium,Small,X-Large,X-Small,XX-Large","Rs
1799",899,50% off,Indianwear-Women
10204,Aurelia,Round neck cotton blend womens knee length kurta - blue,"Size:Medium,Small,X-Small,XX-Large","Rs
1049",524,50% off,Indianwear-Women
10205,Infuse,Printed cotton mandarin neck womens straight fit kurta - white,"Size:Large,Medium,Small,X-Large,X-Small","Rs
799",319,60% off,Indianwear-Women
10206,Kashish,Embroidered round neck viscose blend womens festive set - navy,"Size:Large,Medium,Small,X-Small","Rs
2999",1499,50% off,Indianwear-Women
10207,Infuse,Solid rayon womens full length palazzos - peach,"Size:Large/X-Large,Small/Medium,XXL/XXXL","Rs
799",319,60% off,Indianwear-Women
10208,Infuse,Solid rayon womens full length palazzos - natural,Size:Large/X-Large,"Rs
799",319,60% off,Indianwear-Women
10209,Juniper,Embroidered rayon round neck womens straight kurta - olive,"Size:Medium,X-Large,XX-Large","Rs
1899",854,55% off,Indianwear-Women
10210,Yuris,Lace mandarin neck cotton womens kurta palazzo set - purple,"Size:Large,Medium,Small,X-Large,XX-Large,XXX-Large","Rs
3999",1399,65% off,Indianwear-Women
10211,Juniper,Embroidered round neck rayon womens tiered dress - indigo,Size:X-Small,"Rs
2899",869,70% off,Indianwear-Women
10212,Infuse,Printed rayon round neck womens blouson top - olive,"Size:Large,Medium,Small,X-Large,X-Small","Rs
999",399,60% off,Indianwear-Women
10213,Juniper,Embroidered rayon round neck womens a-line dress - pink,"Size:Large,Medium,Small,X-Large","Rs
2299",919,60% off,Indianwear-Women
10214,Stop,Printed rayon round neck womens calf length kurta - mustard,"Size:XL,Large,Medium,Small,X-Small,XX-Large","Rs
1199",479,60% off,Indianwear-Women
10215,Myshka,Printed georgette round neck womens dress - pink,"Size:Large,Medium,X-Large,XX-Large","Rs
3999",799,80% off,Indianwear-Women
10216,Ziyaa,Floral boat neck polyester womens ethnic set - pink,"Size:Large,Medium,Small,X-Large,XX-Large,XXX-Large","Rs
2576",901,65% off,Indianwear-Women
10217,Juniper,Printed rayon round neck womens tiered dress - pink,"Size:Medium,Small","Rs
2799",839,70% off,Indianwear-Women
10218,Stop,Solid flex round neck womens calf length kurta - onion_pink,"Size:S,M,L,X-Large,X-Small,XX-Large",Nan,1199,No Discount,Indianwear-Women
10219,Juniper,Solid rayon regular fit womens palazzo - white,"Size:Large,Medium,Small,X-Large","Rs
1499",674,55% off,Indianwear-Women
10220,Janasya,Solid crepe round neck womens kurta palazzo set with dupatta - dark green,"Size:X-Large,XX-Large,XXX-Large","Rs
2299",804,65% off,Indianwear-Women
10221,Haute curry,Solid rayon regular fit womens tunic - navy,"Size:Large,Medium,Small,X-Large,X-Small,XX-Large","Rs
799",399,50% off,Indianwear-Women
10222,Infuse,Printed viscose yarn dyed mandarin neck womens high low tunic - white,"Size:Small,X-Small","Rs
999",399,60% off,Indianwear-Women
10223,Myshka,Solid cotton off shoulder womens dress - yellow,"Size:Large,Medium,Small,X-Large","Rs
1999",599,70% off,Indianwear-Women
10224,Indya,Shraddha kapoor for indya women green floral embroidered fitted crop top - green,"Size:Large,XX-Large","Rs
1800",900,50% off,Indianwear-Women
10225,Stop,Solid satin womens full length palazzos - black,"Size:Large/X-Large,Small/Medium,XX-Large,XX-Large/XXX-Large","Rs
999",399,60% off,Indianwear-Women
10226,Juniper,Printed rayon mandarin womens tiered dress - pink,"Size:Large,Medium,Small,X-Large","Rs
2699",1349,50% off,Indianwear-Women
10227,Stop,Printed rayon mandarin neck knee length womens kurta - pink,"Size:S,M,L,X-Large,X-Small,XX-Large","Rs
1199",599,50% off,Indianwear-Women
10228,Haute curry,Solid round neck regular womens tunics & tops - pista green,"Size:Large,Medium,Small,X-Large,X-Small,XX-Large","Rs
499",249,50% off,Indianwear-Women
10229,Ziyaa,Floral round neck rayon womens ethnic set - maroon,"Size:Large,Medium,Small,X-Large,XX-Large,XXX-Large","Rs
2138",855,60% off,Indianwear-Women
10230,Varanga,Stripes v-neck silk blend womens ethnic set - dark green,"Size:Large,Medium,Small,X-Small","Rs
5999",1799,70% off,Indianwear-Women
10231,Stop,Embroidered rayon round neck womens regular tunic - purple,"Size:XL,Large,Medium,Small,XX-Large","Rs
1499",749,50% off,Indianwear-Women
10232,Biba,Printed round neck flared womens kurta - indigo,"Size:32,34,36,38,40,42",Nan,3599,No Discount,Indianwear-Women
10233,Juniper,Ethnic motifs mandarin collar straight fit womens kurta dupatta set - wine,"Size:Large,Medium,Small,X-Large,X-Small,XX-Large","Rs
2299",1034,55% off,Indianwear-Women
10234,Haute curry,Womens regular fit embroidered tunic - navy,"Size:Small,X-Small","Rs
899",449,50% off,Indianwear-Women
10235,Stop,Solid flex womens full length palazzos - navy,"Size:Large/X-Large,Small/Medium,XX-Large/XXX-Large","Rs
799",319,60% off,Indianwear-Women
10236,Ziyaa,Floral mandarin rayon womens ethnic set - cream,"Size:Large,Medium,Small,X-Large,XX-Large,XXX-Large","Rs
2358",943,60% off,Indianwear-Women
10237,Juniper,Floral chiffon mandarin womens tiered dress - green,Size:Small,"Rs
2499",1374,45% off,Indianwear-Women
10238,Haute curry,Round neck rayon regular womens dress - yellow,"Size:Large,Medium,Small,X-Large,X-Small,XX-Large","Rs
1499",749,50% off,Indianwear-Women
10239,Indya,Floral georgette regular fit womens regular saree - green,"Size:Large,Medium,Small,X-Large,X-Small","Rs
3600",2880,20% off,Indianwear-Women
10240,Juniper,Printed cotton mandarin womens tiered dress - yellow,"Size:Large,Medium,Small,X-Large","Rs
2999",1499,50% off,Indianwear-Women
10241,W,Solid rayon blend round neck womens kurta - black,"Size:6,8,10,12,14,16,18",Nan,2399,No Discount,Indianwear-Women
10242,Kami kubi,Floral cotton mandarin womens regular top - blue,"Size:Large,Medium,Small,X-Large,X-Small,XX-Large","Rs
1199",479,60% off,Indianwear-Women
10243,Infuse,Printed chanderi round neck womens kurta - grey,"Size:Large,Medium,Small,X-Large,X-Small,XX-Large","Rs
1499",749,50% off,Indianwear-Women
10244,Ziyaa,Floral rayon round neck womens straight kurta - navy,"Size:Large,Medium,Small,X-Large,XX-Large,XXX-Large","Rs
1867",746,60% off,Indianwear-Women
10245,Janasya,Floral cotton round neck womens kurta palazzo set with dupatta - green,"Size:Large,Medium,Small,X-Large,X-Small,XX-Large,XXX-Large","Rs
4199",1469,65% off,Indianwear-Women
10246,Ziyaa,Floral rayon round neck womens straight kurta - multi,"Size:Large,Medium,Small,X-Large,XX-Large,XXX-Large","Rs
1993",797,60% off,Indianwear-Women
10247,Stop,Printed cotton mandarin womens straight kurta - stone,"Size:XL,Large,Medium,Small,X-Small,XX-Large,XXX-Large","Rs
799",559,30% off,Indianwear-Women
10248,Kashish,Embroidered viscose blend round neck womens calf length kurta - pink,"Size:Large,Medium,Small,X-Large,X-Small,XX-Large,XXX-Large","Rs
1599",799,50% off,Indianwear-Women
10249,Kashish,Embroidered mandarin viscose blend womens ethnic set - brown,"Size:Large,Medium,Small,X-Large,X-Small,XX-Large","Rs
3799",1899,50% off,Indianwear-Women
10250,Stop,Printed mandarin collar straight fit womens kurta - natural,"Size:S,M,L,X-Large,X-Small,XX-Large,XXX-Large","Rs
799",399,50% off,Indianwear-Women
10251,Biba,Printed band collar cotton womens kurta palazzo - indigo,"Size:32,40","Rs
2299",1379,40% off,Indianwear-Women
10252,Juniper,Womens pink georgette placement print foil kalidar ethnic dress with poly crepe lining - pink,"Size:Large,Medium,Small,X-Large,XX-Large","Rs
3299",1484,55% off,Indianwear-Women
10253,Haute curry,Solid silk blend round neck womens regular casual dress - navy,"Size:Large,Medium,Small,X-Large,XX-Large","Rs
4999",1249,75% off,Indianwear-Women
10254,Stop,Printed mandarin collar straight fit womens kurta - off white,"Size:S,M,L,X-Large,X-Small,XX-Large,XXX-Large","Rs
799",399,50% off,Indianwear-Women
10255,Biba,Band collar cotton flared womens dresses - off white,"Size:36,38","Rs
3799",2659,30% off,Indianwear-Women
10256,Stop,Solid satin womens full length palazzos - blue,"Size:Large/X-Large,Small/Medium,XX-Large/XXX-Large","Rs
999",399,60% off,Indianwear-Women
10257,Juniper,Solid cotton dobby mandarin womens a-line kurta - red,"Size:Large,Medium,Small","Rs
1999",999,50% off,Indianwear-Women
10258,Myshka,Embroidered silk blend round neck womens kurta palazzo set - peach,",Medium,Small,X-Large,XX-Large","Rs
5999",1499,75% off,Indianwear-Women
10259,Ziyaa,Printed round neck polyester womens ethnic set - pink,"Size:Large,Medium,Small,X-Large,XX-Large,XXX-Large","Rs
3002",1050,65% off,Indianwear-Women
10260,Biba,Printed round neck cotton womens kurta pants set - multi,"Size:32,34,36,38,42","Rs
3799",2659,30% off,Indianwear-Women
10261,Stop,Embroidered rayon round neck womens regular tunic - maroon,"Size:XL,Large,Medium,Small,XX-Large","Rs
1299",649,50% off,Indianwear-Women
10262,Stop,Printed mandarin collar straight fit womens kurta - blue,"Size:S,M,L,X-Large,X-Small,XX-Large","Rs
799",399,50% off,Indianwear-Women
10263,Stop,Printed cotton mandarin womens straight kurta - indigo,"Size:S,M,L,X-Large,X-Small,XX-Large,XXX-Large","Rs
799",559,30% off,Indianwear-Women
10264,Yuris,Floral cotton y neck womens salwar suit - multi,"Size:Small,XX-Large","Rs
3999",1399,65% off,Indianwear-Women
10265,Juniper,Printed georgette round neck womens tiered dress - green,"Size:Large,Medium,Small,X-Large","Rs
3399",1359,60% off,Indianwear-Women
10266,Stop,Printed mandarin collar straight fit womens kurta - maroon,"Size:S,M,L,X-Large,X-Small,XX-Large","Rs
799",399,50% off,Indianwear-Women
10267,Juniper,Embroidered georgette mandarin womens a line dress - mustard,"Size:Large,Medium,Small",Nan,1999,No Discount,Indianwear-Women
10268,Infuse,Printed rayon mandarin neck womens a-line kurta - grey,"Size:Medium,Small,X-Small","Rs
999",399,60% off,Indianwear-Women
10269,Stop,Solid flared fit rayon womens casual wear palazzo - navy,"Size:Large/X-Large,Small/Medium,XX-Large/XXX-Large","Rs
799",319,60% off,Indianwear-Women
10270,Biba,Printed round neck straight fit womens kurta - coral,"Size:34,36,38,40,42",Nan,1999,No Discount,Indianwear-Women
10271,Sanaa,Printed rayon collar neck womens kurti - green,"Size:Large,Medium,Small,X-Large,XX-Large","Rs
1049",524,50% off,Indianwear-Women
10272,Biba,Printed band collar flared womens kurta - pink,"Size:32,34,36,38,40,42","Rs
1999",1399,30% off,Indianwear-Women
10273,Juniper,Ethnic motifs round neck chiffon womens flared dress - multi,"Size:Large,Medium,Small,X-Large","Rs
3499",2449,30% off,Indianwear-Women
10274,Myshka,Embroidered rayon v neck womens regular kurta - black,"Size:Large,Medium,Small,X-Large,XX-Large","Rs
3999",999,75% off,Indianwear-Women
10275,Juniper,Printed mandarin cotton womens peplum tunic palazzo set - green,"Size:Large,Medium,Small,X-Large","Rs
4499",1349,70% off,Indianwear-Women
10276,Haute curry,Solid cotton notched collar womens straight fit top - white,"Size:Medium,X-Large,X-Small","Rs
1199",599,50% off,Indianwear-Women
10277,Haute curry,Ankle length rayon woven womens pants - grey,"Size:Large,Medium,Small,X-Large","Rs
999",499,50% off,Indianwear-Women
10278,Infuse,Embroidered chanderi round neck womens kurta - magenta,"Size:Large,Medium,Small,X-Large,X-Small,XX-Large","Rs
1699",849,50% off,Indianwear-Women
10279,Kashish,Embroidered mandarin viscose blend womens calf length kurta - pale peach,"Size:Large,Medium,Small,X-Large,X-Small,XX-Large","Rs
1999",999,50% off,Indianwear-Women
10280,Juniper,Womens peach georgette placement print foil kalidar ethnic dress with poly crepe lining - peach,"Size:Medium,Small,X-Large,X-Small,XX-Large","Rs
3299",1649,50% off,Indianwear-Women
10281,Aurelia,Printed polyester v neck womens ethnic set - green,"Size:Large,Medium,Small,X-Large,X-Small,XX-Large",Nan,3999,No Discount,Indianwear-Women
10282,Biba,Printed round neck rayon blend womens flared dress - pink,"Size:32,34,36,38,40,42","Rs
2599",1559,40% off,Indianwear-Women
10283,Myshka,Printed cotton blend round neck womens kurta palazzo set - navy,",Medium,Small,X-Large,XX-Large","Rs
5999",1199,80% off,Indianwear-Women
10284,Ziyaa,Geometric round neck rayon womens ethnic set - green,"Size:Large,Medium,Small,X-Large,XX-Large,XXX-Large","Rs
2553",1021,60% off,Indianwear-Women
10285,Myshka,Printed round neck womens tunic - multi,"Size:Medium,Small,X-Large,XX-Large","Rs
2499",749,70% off,Indianwear-Women
10286,Janasya,Printed round neck crepe womens calf length kurta - green,"Size:Large,Medium,Small,X-Small,XX-Large,XXX-Large","Rs
1339",669,50% off,Indianwear-Women
10287,Kashish,Embroidered viscose blend round neck womens a-line kurta - brown,"Size:Large,Medium,Small,X-Large,X-Small,XX-Large","Rs
1999",999,50% off,Indianwear-Women
10288,Biba,Embroidred round neck polyester womens kurta pants set - dusty pink,"Size:32,34,42","Rs
5995",3597,40% off,Indianwear-Women
10289,Kashish,Embroidered round neck viscose blend womens calf length kurta - black,"Size:Large,Medium,Small,X-Large,X-Small,XX-Large","Rs
1999",999,50% off,Indianwear-Women
10290,Biba,Printed round neck straight fit womens kurta - blue,"Size:32,34,36,38,40,42,46","Rs
1999",1599,20% off,Indianwear-Women
10291,Yuris,Floral cotton round neck womens salwar suit - multi,"Size:Large,Medium,Small,X-Large,XX-Large,XXX-Large","Rs
4299",1719,60% off,Indianwear-Women
10292,Infuse,Fitted full length cotton lycra womens leggings - black,"Size:Small,X-Small","Rs
499",249,50% off,Indianwear-Women
10293,Biba,Printed v neck short kurta womens kurta - mustard,"Size:32,36,38,40","Rs
1199",719,40% off,Indianwear-Women
10294,Indya,Floral cotton off shoulder womens maxi dress - yellow,"Size:Large,Medium,Small,X-Large,X-Small","Rs
2450",1960,20% off,Indianwear-Women
10295,Infuse,Printed chanderi round neck womens kurta - green,"Size:Large,Medium,Small,X-Large,X-Small,XX-Large","Rs
1499",749,50% off,Indianwear-Women
10296,Yuris,Ethnic motifs round neck cotton womens kurta set - multi,"Size:Large,Medium,Small,X-Large,XX-Large,XXX-Large","Rs
3999",1399,65% off,Indianwear-Women
10297,Haute curry,Printed rayon round neck womens regular top - blue,"Size:Large,Medium,Small,X-Large,X-Small,XX-Large","Rs
799",399,50% off,Indianwear-Women
10298,Biba,Printed boat neck polyester womens kurta pants - indigo,"Size:36,38,40,42,46","Rs
2799",1679,40% off,Indianwear-Women
10299,Jack and jones,Polyester regular lace up mens sneakers - green,"Size:40,41,42,43,44,45","Rs
2999",2099,30% off,Indianwear-Women
10300,Janasya,Digital round neck regular fit womens kurta - maroon,"Size:Large,Medium,Small,X-Large,X-Small,XX-Large,XXX-Large","Rs
1699",679,60% off,Indianwear-Women
10301,Varanga,Embroidered round neck silk blend womens ethnic set - pink,"Size:Large,Small,X-Large,XX-Large","Rs
4999",1749,65% off,Indianwear-Women
10302,Juniper,Printed rayon mandarin womens flared dress - fuschia,"Size:Large,Medium,Small,X-Large","Rs
2099",839,60% off,Indianwear-Women
10303,Biba,Printed band collar straight fit womens kurti - mustard,"Size:32,34","Rs
1499",749,50% off,Indianwear-Women
10304,Ziyaa,Printed rayon mandarin womens straight kurta - grey,"Size:Large,Medium,Small,X-Large,XX-Large,XXX-Large","Rs
1752",700,60% off,Indianwear-Women
10305,Indya,Embellished georgette round neck womens kurta - purple,"Size:Large,Medium,Small,X-Small,XX-Large","Rs
2950",2360,20% off,Indianwear-Women
10306,Kami kubi,Solid comfort fit ankle length cotton womens dhoti pant - navy,"Size:Large,Small","Rs
1499",674,55% off,Indianwear-Women
10307,Myshka,Printed round neck womens kurti - grey,",Medium,Small,X-Large,XX-Large","Rs
2499",749,70% off,Indianwear-Women
10308,Kashish,Embroidered round neck straight fit womens kurta - natural,"Size:Large,Medium,Small,X-Small,XXX-Large","Rs
1599",799,50% off,Indianwear-Women
10309,Janasya,Womens white pure cotton narrow pant (btm002) - white,"Size:Large,Medium,Small,X-Large,X-Small,XX-Large,XXX-Large","Rs
1198",599,50% off,Indianwear-Women
10310,Stop,Printed mandarin collar straight fit womens kurta - orange,"Size:S,M,L,X-Large,X-Small,XX-Large,XXX-Large","Rs
799",399,50% off,Indianwear-Women
10311,Biba,Printed round neck a-line womens kurta - navy,"Size:34,38","Rs
2599",1299,50% off,Indianwear-Women
10312,Infuse,Floral rayon round neck womens maxi dress - dusty pink,"Size:Large,Medium,Small,X-Large,X-Small,XX-Large","Rs
1799",899,50% off,Indianwear-Women
10313,Stop,Embroidered round neck straight fit womens kurta - olive,"Size:S,M,L,X-Large,X-Small,XX-Large","Rs
799",399,50% off,Indianwear-Women
10314,Biba,Printed round neck a-line womens kurta - mint,"Size:32,34,36,38","Rs
2599",1299,50% off,Indianwear-Women
10315,Janasya,Printed polyester blend v-neck womens kaftan kurta - pink,"Size:Large,Medium,Small,X-Large,XX-Large","Rs
1799",989,45% off,Indianwear-Women
10316,Kashish,Embroidered viscose blend round neck womens ethnic set - blue,"Size:Large,Medium,Small,X-Large,X-Small,XX-Large",Nan,3999,No Discount,Indianwear-Women
10317,Kami kubi,Woven cotton boat neck womens regular fit top - white,"Size:Large,Medium,Small,X-Large,X-Small,XX-Large","Rs
1499",449,70% off,Indianwear-Women
10318,Kashish,Embroidered mandarian collar straight fit womens kurta - red,"Size:Large,Medium,Small,X-Large,X-Small,XX-Large","Rs
1599",799,50% off,Indianwear-Women
10319,Myshka,Printed cotton round neck womens kurta palazzo set - pink,",Medium,X-Large,XX-Large","Rs
6499",1949,70% off,Indianwear-Women
10320,Varanga,Coral and gold gota patti yoke straight kurta with 3/4th sleeves - pink,"Size:Large,Medium,Small,X-Large,XX-Large","Rs
2199",879,60% off,Indianwear-Women
10321,Janasya,Floral v neck regular fit womens kurta - sky blue,"Size:Medium,Small,X-Small,XXX-Large","Rs
1649",659,60% off,Indianwear-Women
10322,Indya,Geometric regular fit viscose womens casual pants - blue,"Size:Large,Medium,Small,X-Small","Rs
1200",600,50% off,Indianwear-Women
10323,Biba,Printed cotton v-neck womens salwar kurta dupatta set - yellow,"Size:32,34,36,38,40,42","Rs
3999",2799,30% off,Indianwear-Women
10324,Stop,Printed rayon mandarin womens knee length kurta - black,"Size:XL,Large,Medium,Small,X-Small,XX-Large,XXX-Large","Rs
899",629,30% off,Indianwear-Women
10325,Stop,Boat neck womens kurta - green,"Size:S,M,L,X-Large,X-Small,XX-Large","Rs
1199",599,50% off,Indianwear-Women
10326,Sanaa,Printed rayon mandarin womens kurti - black,"Size:Large,Medium,Small,X-Large,XX-Large","Rs
1299",649,50% off,Indianwear-Women
10327,Juniper,Embroidered georgette round neck womens kurta palazzo set - white,"Size:Large,Medium,Small,X-Large,XX-Large","Rs
4299",1719,60% off,Indianwear-Women
10328,Global desi,Womens regular fit geometric kurta - off white,"Size:XL,Large,Medium,XX-Large","Rs
2399",719,70% off,Indianwear-Women
10329,Janasya,Floral silk round neck womens kurta - black,"Size:Small,X-Small","Rs
1579",552,65% off,Indianwear-Women
10330,Kashish,Embroidered mandarin viscose blend womens ethnic set - pink,"Size:Large,Medium,Small,X-Large,X-Small,XX-Large","Rs
3799",1899,50% off,Indianwear-Women
10331,Infuse,Solid rayon womens full length palazzos - maroon,Size:Small/Medium,"Rs
799",319,60% off,Indianwear-Women
10332,Sanaa,Printed rayon mandarin womens kurti - blue,"Size:Large,Medium,Small,X-Large,XX-Large","Rs
1049",524,50% off,Indianwear-Women
10333,Stop,Printed mandarin collar straight fit womens kurta - blue,"Size:S,M,L,X-Small,XXX-Large","Rs
799",399,50% off,Indianwear-Women
10334,Juniper,Printed rayon round neck womens ethnic set - pink,"Size:Large,Medium,Small,X-Large","Rs
2499",1499,40% off,Indianwear-Women
10335,Biba,Printed cotton round neck womens straight fit kurta - off white,"Size:32,34,36,38","Rs
5995",4196,30% off,Indianwear-Women
10336,Haute curry,Round neck rayon regular womens dress - peach,"Size:Large,Medium,Small,X-Large,X-Small,XX-Large","Rs
1499",749,50% off,Indianwear-Women
10337,Juniper,Embroidered rayon round neck womens peplum top - burgundy,"Size:Small,X-Large,XX-Large","Rs
2499",749,70% off,Indianwear-Women
10338,Myshka,Printed round neck womens tunic - yellow,",Medium,Small,X-Large,XX-Large","Rs
1999",599,70% off,Indianwear-Women
10339,Biba,Round neck cotton relaxed womens dresses - indigo,"Size:32,34,36,38,40,42","Rs
3799",3039,20% off,Indianwear-Women
10340,Myshka,Printed cotton round neck womens dress - green,",Medium,Small,X-Large,XX-Large","Rs
2999",599,80% off,Indianwear-Women
10341,Juniper,Embroidered rayon round neck womens flared dress - green,"Size:Large,Medium,Small,X-Large,XX-Large","Rs
3599",1439,60% off,Indianwear-Women
10342,Myshka,Solid cotton off shoulder womens dress - black,"Size:Large,Medium,Small,X-Large,XX-Large","Rs
2499",749,70% off,Indianwear-Women
10343,Yuris,Solid regular fit cotton womens western trousers - maroon,"Size:28,30,32,34,36,38","Rs
1699",594,65% off,Indianwear-Women
10344,Stop,Womens printed calf length casual wear kurta - yellow,"Size:S,M,XL,X-Small","Rs
999",499,50% off,Indianwear-Women
10345,Infuse,Printed cotton mandarin neck womens straight fit kurta - pink,"Size:Large,Medium,Small,X-Large,X-Small","Rs
799",319,60% off,Indianwear-Women
10346,Janasya,Embroidered rayon blend round neck womens slub top - pink,"Size:Large,Medium,Small,X-Large,X-Small,XX-Large,XXX-Large","Rs
2179",871,60% off,Indianwear-Women
10347,Stop,V neck womens kurta - lime green,"Size:S,M,L,X-Large,X-Small,XX-Large","Rs
1199",599,50% off,Indianwear-Women
10348,Jack and jones,Leather regular lace up mens sneakers - brown,"Size:40,41,42,43,44,45","Rs
3999",2799,30% off,Indianwear-Women
10349,Juniper,Embroidered mandarin neck rayon womens flared dress - green,"Size:Large,Medium,Small,X-Large,X-Small,XX-Large","Rs
2999",1949,35% off,Indianwear-Women
10350,Kashish,Embroidered viscose blend round neck womens calf length kurta - peach,"Size:Large,Medium,Small,X-Large,X-Small,XX-Large,XXX-Large","Rs
1599",799,50% off,Indianwear-Women
10351,Myshka,Printed crepe collar neck womens dress - navy,"Size:Large,Medium,Small,X-Large,XX-Large","Rs
1499",599,60% off,Indianwear-Women
10352,Juniper,Mandarin collar cambric cotton flex womens ethnic set - natural,"Size:Large,Medium,Small,X-Large,XX-Large","Rs
4847",1938,60% off,Indianwear-Women
10353,Juniper,Printed georgette round neck womens tiered top - blue,"Size:Small,X-Small","Rs
1599",1039,35% off,Indianwear-Women
10354,Stop,Boat neck womens kurta - lavender,"Size:S,M,L,X-Large,X-Small,XX-Large","Rs
1199",479,60% off,Indianwear-Women
10355,Juniper,Printed rayon round neck womens flared dress - sky blue,"Size:Large,Medium,Small,X-Large,XX-Large","Rs
2499",999,60% off,Indianwear-Women
10356,Haute curry,Printed rayon regular fit womens tunic - lavender,"Size:Large,Medium,Small,X-Large,X-Small,XX-Large","Rs
899",449,50% off,Indianwear-Women
10357,Haute curry,Solid v neck regular womens tunics & tops - off white,"Size:Large,Medium,Small,X-Large,X-Small,XX-Large","Rs
699",349,50% off,Indianwear-Women
10358,Stop,Solid flex v neck womens straight fit kurta - mustard,"Size:S,M,L,X-Large,X-Small,XX-Large","Rs
899",449,50% off,Indianwear-Women
10359,W,Solid viscose regular fit womens straight ethnic set - orange,"Size:8,12,14","Rs
4999",2499,50% off,Indianwear-Women
10360,Stop,Embroidered rayon round neck womens regular tunic - light blue,"Size:XL,Large,Medium,Small,XX-Large","Rs
1299",649,50% off,Indianwear-Women
10361,Infuse,Fitted full length cotton lycra womens churidar - white,"Size:Large,Medium,Small,X-Large,XX-Large","Rs
499",299,40% off,Indianwear-Women
10362,Yuris,Solid cotton mandarin womens regular kurta - multi,"Size:Large,Medium,Small,X-Large","Rs
1499",599,60% off,Indianwear-Women
10363,Aurelia,Solid cotton flex mandarin womens straight kurta - green,"Size:Large,Medium,Small,X-Small,XX-Large","Rs
1049",524,50% off,Indianwear-Women
10364,Myshka,Solid silk blend round neck womens kurta palazzo set - maroon,",Medium,Small,X-Large,XX-Large","Rs
5499",1099,80% off,Indianwear-Women
10365,Stop,Embroidered rayon round neck womens regular tunic - indigo,"Size:XL,Large,Medium,Small,XX-Large","Rs
999",499,50% off,Indianwear-Women
10366,W,Printed viscose round neck womens kurta - pink,"Size:6,8,12,14,16,18","Rs
1999",1499,25% off,Indianwear-Women
10367,Stop,Womens wide leg solid palazzo - mustard,"Size:Large/X-Large,Small/Medium","Rs
799",319,60% off,Indianwear-Women
10368,Janasya,Floral round neck georgette womens regular fit dress - blue,"Size:Large,Medium,Small,X-Large,X-Small,XX-Large,XXX-Large","Rs
2398",1438,40% off,Indianwear-Women
10369,Varanga,Embroidered round neck viscose womens straight kurta - maroon,"Size:Large,Medium,Small,X-Large,XX-Large","Rs
3299",824,75% off,Indianwear-Women
10370,Yuris,Ethnic motifs cotton round neck womens kurta set - black,"Size:Large,Small,XX-Large,XXX-Large","Rs
3999",1399,65% off,Indianwear-Women
10371,Biba,Printed v neck cotton womens kurta pants - pink,"Size:34,36,38,40,42,46","Rs
3999",2399,40% off,Indianwear-Women
10372,Haute curry,Womens regular fit solid tops - blue,"Size:Large,Medium,Small,X-Large,X-Small,XX-Large","Rs
799",399,50% off,Indianwear-Women
10373,Haute curry,Printed round neck regular womens tunics & tops - pink,"Size:Large,Medium,Small,X-Large,X-Small,XX-Large","Rs
799",399,50% off,Indianwear-Women
10374,Global desi,Womens regular fit geometric top - sage,"Size:XL,Large,Small,X-Small,XX-Large","Rs
1699",509,70% off,Indianwear-Women
10375,W,Womens flared printed round neck dress - purple,"Size:6,8,10,12,14,16,18","Rs
4299",2149,50% off,Indianwear-Women
10376,Stop,Printed rayon round neck womens regular tunic - peach,"Size:XL,Large,Medium,Small,XX-Large","Rs
1299",649,50% off,Indianwear-Women
10377,Biba,Womens cream cotton straight kurta - cream,"Size:38,40,42","Rs
1299",649,50% off,Indianwear-Women
10378,Juniper,Embroidered rayon round neck womens flared dress - purple,"Size:Large,Medium,Small,X-Large,XX-Large","Rs
2499",999,60% off,Indianwear-Women
10379,Myshka,Printed cotton blend v neck womens dress - multi,",Medium,Small,X-Large,XX-Large","Rs
2999",899,70% off,Indianwear-Women
10380,Stop,Solid satin womens full length palazzos - lt tan,"Size:Large/X-Large,Small/Medium,XX-Large/XXX-Large","Rs
999",399,60% off,Indianwear-Women
10381,Myshka,Printed cotton round neck womens dress - multi,"Size:Large,Medium,Small,X-Large,XX-Large","Rs
4999",999,80% off,Indianwear-Women
10382,Haute curry,Printed ankle length casual wear lapel collar shirt dress - peach,"Size:Large,Medium,Small,X-Small","Rs
1499",749,50% off,Indianwear-Women
10383,Infuse,Printed viscose twill womens casual pants - pink,"Size:Large,Medium,Small,X-Large","Rs
999",399,60% off,Indianwear-Women
10384,Stop,Printed cotton mandarin womens knee length kurta - turquoise,"Size:XL,Large,Medium,Small,X-Small,XX-Large,XXX-Large","Rs
899",629,30% off,Indianwear-Women
10385,Ziyaa,Printed round neck crepe womens ethnic set - black,"Size:Large,Medium,Small,X-Large,XX-Large,XXX-Large","Rs
2565",897,65% off,Indianwear-Women
10386,Biba,Printed round neck cotton womens kurta palazzo set - blue,"Size:32,34,36,38,42","Rs
3999",3199,20% off,Indianwear-Women
10387,W,Dyed cotton viscose mandarin womens calf length kurta - green,"Size:6,10","Rs
1999",999,50% off,Indianwear-Women
10388,Infuse,Printed rayon round neck womens shirt top - light blue,"Size:Large,Medium,Small,X-Small,XX-Large","Rs
1199",359,70% off,Indianwear-Women
10389,Juniper,Embellished silk blend mandarin womens regular fit kurta - fuchsia,"Size:Large,Medium,Small,X-Large,XX-Large","Rs
2999",1949,35% off,Indianwear-Women
10390,Kashish,Embroidered round neck straight fit womens kurta - grey,"Size:Large,Medium,Small,X-Large,X-Small,XX-Large,XXX-Large","Rs
1599",799,50% off,Indianwear-Women
10391,W,Solid cotton flex regular fit womens casual slim pants - white,"Size:6,8,10,12,14,16,18",Nan,999,No Discount,Indianwear-Women
10392,Juniper,Printed cotton mandarin womens straight kurta - peacock,"Size:Large,Medium,Small,X-Large,XX-Large","Rs
1499",674,55% off,Indianwear-Women
10393,Myshka,Printed cotton blend round neck womens dress - yellow,"Size:Large,Medium,Small,X-Large,XX-Large","Rs
4999",749,85% off,Indianwear-Women
10394,Yuris,Printed round neck cotton womens regular fit midi dress - multi,"Size:Large,Medium,X-Large,XX-Large,XXX-Large","Rs
1999",999,50% off,Indianwear-Women
10395,Juniper,Mandarin neck rayon a-line womens salwar kurta dupatta set - navy,"Size:Large,Medium,Small,X-Large,X-Small,XX-Large","Rs
3646",2187,40% off,Indianwear-Women
10396,Biba,Printed cotton round neck womens pant kurta dupatta set - mustard,"Size:32,34,42","Rs
2799",1679,40% off,Indianwear-Women
10397,Kami kubi,Geometric cotton v neck womens straight kurta - blue,"Size:Large,Medium,X-Large","Rs
1999",899,55% off,Indianwear-Women
10398,Myshka,Printed round neck womens kurti - multi,",Medium,Small,X-Large,XX-Large","Rs
2999",749,75% off,Indianwear-Women
10399,Myshka,Printed silk blend v neck womens dress - maroon,"Size:Large,Medium,Small,X-Large,XX-Large","Rs
3999",799,80% off,Indianwear-Women
10400,Infuse,Solid rayon dobby mandarin neck womens high low tunic - olive,"Size:Medium,Small,X-Small","Rs
1599",479,70% off,Indianwear-Women
10401,Juniper,Printed rayon mandarin womens tiered dress - red,"Size:Large,Medium,Small,X-Large","Rs
2299",804,65% off,Indianwear-Women
10402,Aurelia,Printed polyester round neck womens ethnic set - red,"Size:Medium,Small,X-Small,XX-Large","Rs
1899",1329,30% off,Indianwear-Women
10403,Indya,Embroidered georgette regular fit womens peplum saree - purple,"Size:Large,Medium,Small,X-Large,X-Small","Rs
3400",2720,20% off,Indianwear-Women
10404,Myshka,Printed cotton mandarin womens kurta palazzo set - pink,"Size:Large,Medium,Small,X-Large,XX-Large","Rs
3999",799,80% off,Indianwear-Women
10405,Varanga,Embroidered silk blend round neck womens ethnic set - rust,"Size:Large,Medium,Small,X-Large,XX-Large",Nan,2099,No Discount,Indianwear-Women
10406,Myshka,Printed cotton round neck womens tunic - off white,"Size:Large,Medium,Small,X-Large,XX-Large","Rs
1999",599,70% off,Indianwear-Women
10407,W,Womens flared printed round neck dress - pink,"Size:6,8,10,12,14,16,18","Rs
4299",2149,50% off,Indianwear-Women
10408,Kashish,Womens gadhwal 3/4th sleeves regular fit kurta - pink,"Size:Large,Medium,X-Large,XX-Large","Rs
1499",749,50% off,Indianwear-Women
10409,Stop,Embroidered flared fit cotton womens casual wear palazzo - navy,"Size:Large/X-Large,Small/Medium,XX-Large/XXX-Large","Rs
999",499,50% off,Indianwear-Women
10410,Haute curry,Printed v-neck cotton womens flared sleeve dress - turquoise,"Size:Large,Medium,Small,X-Large,X-Small,XX-Large","Rs
1499",749,50% off,Indianwear-Women
10411,Stop,Printed cotton mandarin womens knee length kurta - peach,"Size:S,M,L,X-Large,X-Small,XX-Large,XXX-Large","Rs
799",399,50% off,Indianwear-Women
10412,Haute curry,Solid round neck regular womens tunics & tops - burnt orange,"Size:Large,Medium,Small,X-Large,X-Small,XX-Large","Rs
499",249,50% off,Indianwear-Women
10413,Janasya,Botanical mandarin regular fit womens kurta - black,"Size:Small,X-Small","Rs
2199",879,60% off,Indianwear-Women
10414,Janasya,Rayon womens crop top and palazzo set - peacock,Size:XX-Large,"Rs
3298",989,70% off,Indianwear-Women
10415,Myshka,Printed cotton blend v neck womens dress - green,"Size:Large,Medium,X-Large","Rs
1799",539,70% off,Indianwear-Women
10416,Indya,Regular fit ankle length nylon womens festive wear skirt - pink,"Size:Large,Medium,Small",Nan,3600,No Discount,Indianwear-Women
10417,Stop,Printed rayon round neck womens regular tunic - off white,"Size:XL,Large,Medium,Small,XX-Large","Rs
1299",649,50% off,Indianwear-Women
10418,Haute curry,Solid rayon regular fit womens tunic - light blue,"Size:Large,Medium,Small,X-Small,XX-Large","Rs
799",399,50% off,Indianwear-Women
10419,Ziyaa,Floral polyester round neck womens straight kurta - green,"Size:Large,Medium,Small,X-Large,XX-Large,XXX-Large","Rs
1727",690,60% off,Indianwear-Women
10420,Ziyaa,Floral round neck polyester womens ethnic set - pink,"Size:Large,Medium,Small,X-Large,XX-Large,XXX-Large","Rs
3877",1356,65% off,Indianwear-Women
10421,Janasya,Solid silk round neck womens kurta palazzo set with dupatta - peacock,"Size:X-Small,XX-Large","Rs
2269",794,65% off,Indianwear-Women
10422,Kashish,Embroidered viscose blend round neck womens a-line kurta - natural,"Size:Large,Medium,Small,X-Large,X-Small,XX-Large","Rs
1999",999,50% off,Indianwear-Women
10423,W,Solid viscose round neck womens calf length kurta - purple,"Size:6,8,16",Nan,1899,No Discount,Indianwear-Women
10424,Myshka,Printed round neck womens kurti - pink,",Medium,Small,X-Large,XX-Large","Rs
2999",599,80% off,Indianwear-Women
10425,Juniper,Printed v-neck rayon womens flared dress - maroon,"Size:Medium,Small,X-Large,X-Small","Rs
2499",999,60% off,Indianwear-Women
10426,Juniper,Womens black rayon embellished front slit kurta with rayon foil print flared palazzo - black,"Size:Large,Medium,Small,X-Large,X-Small","Rs
3998",2198,45% off,Indianwear-Women
10427,Haute curry,V neck cotton slub regular womens dress - mouse,"Size:Large,Medium,Small,X-Large,X-Small,XX-Large",Nan,1499,No Discount,Indianwear-Women
10428,Janasya,Silk womens kurta with pant and dupatta set - off white,"Size:Large,Medium,Small,X-Large,X-Small,XX-Large,XXX-Large","Rs
2499",1249,50% off,Indianwear-Women
10429,W,Printed cambric round neck womens straight kurta - ecru,"Size:6,8,10,12,14,16,18",Nan,1999,No Discount,Indianwear-Women
10430,Myshka,Printed cotton round neck womens regular kurta - multi,"Size:Large,Medium,Small,X-Large,XX-Large","Rs
2499",749,70% off,Indianwear-Women
10431,Juniper,Embroidered georgette round neck womens flared dress - grey,"Size:Large,Medium,Small,X-Large,XX-Large","Rs
3699",1479,60% off,Indianwear-Women
10432,Indya,Shraddha kapoor for indya embellished ruffled sari skirt - green,"Size:Large,Medium,Small,X-Large,X-Small","Rs
3200",2560,20% off,Indianwear-Women
10433,Infuse,Embroidered cotton womens full length palazzos - natural,"Size:Large/X-Large,Small/Medium","Rs
1499",599,60% off,Indianwear-Women
10434,Myshka,Printed v neck womens kurti - multi,",Medium,Small","Rs
2499",749,70% off,Indianwear-Women
10435,Varanga,Embroidered silk blend round neck womens ethnic set - purple,"Size:Large,Medium,Small,X-Large,XX-Large",Nan,1979,No Discount,Indianwear-Women
10436,W,Printed cotton round neck womens kurta - light brown,"Size:6,8,10,12,14,16,18",Nan,2299,No Discount,Indianwear-Women
10437,Myshka,Printed cotton mandarin womens kurta palazzo set - navy,"Size:Large,Medium,Small,X-Large,XX-Large","Rs
4999",1249,75% off,Indianwear-Women
10438,Biba,Womens cream cotton straight kurta - cream,"Size:32,34","Rs
1599",799,50% off,Indianwear-Women
10439,Stop,Printed rayon womens full length palazzo - blue,"Size:2XL/3XL,Large/X-Large,Small/Medium","Rs
899",449,50% off,Indianwear-Women
10440,Stop,Fitted full length cotton lycra womens leggings - black,"Size:S,M,L,X-Large,X-Small","Rs
499",349,30% off,Indianwear-Women
10441,Juniper,Printed mandarin rayon womens peplum top palazzo set - olive,"Size:Large,Medium,Small,X-Large","Rs
2899",1304,55% off,Indianwear-Women
10442,Stop,Womens wide leg solid palazzo - rust,Size:Small/Medium,"Rs
799",319,60% off,Indianwear-Women
10443,Ziyaa,Printed round neck rayon womens ethnic set - peacock,"Size:Large,Medium,Small,X-Large,XX-Large,XXX-Large","Rs
2839",1135,60% off,Indianwear-Women
10444,W,Solid round neck poly viscose womens regular dress - black,"Size:8,12,14","Rs
3599",1799,50% off,Indianwear-Women
10445,Janasya,Solid crepe round neck womens kurta palazzo set - magenta,"Size:Small,X-Large,X-Small,XX-Large","Rs
2329",815,65% off,Indianwear-Women
10446,Stop,Geometric mandarin rayon womens ethnic set - black,"Size:Large,Medium,Small,X-Large,XX-Large,XXX-Large","Rs
2753",1101,60% off,Indianwear-Women
10447,Stop,Printed cotton mandarin womens knee length kurta - off white,"Size:S,M,L,X-Large,X-Small,XX-Large,XXX-Large","Rs
799",399,50% off,Indianwear-Women
10448,Yuris,Gotta patti round neck cotton womens kurta palazzo set - maroon,"Size:Large,Medium,Small,X-Large,XX-Large,XXX-Large","Rs
3999",1399,65% off,Indianwear-Women
10449,Janasya,Embroidered rayon blend round neck womens kurta palazzo set - cream,"Size:Large,Medium,Small,X-Large,X-Small,XX-Large,XXX-Large","Rs
4798",1439,70% off,Indianwear-Women
10450,Stop,Embroidered round neck straight fit womens kurta - purple,"Size:S,M,L,X-Large,X-Small,XX-Large","Rs
799",399,50% off,Indianwear-Women
10451,Haute curry,Printed rayon regular fit womens flared sleeve top - natural,"Size:Large,Medium,Small,X-Large,X-Small,XX-Large","Rs
999",499,50% off,Indianwear-Women
10452,Biba,Printed band collar cotton womens kurta palazzo - mint,"Size:32,34,36,38,42","Rs
2999",2099,30% off,Indianwear-Women
10453,Haute curry,Solid rayon regular fit womens tunic - mustard,"Size:Large,Medium,Small,X-Large,X-Small,XX-Large","Rs
799",399,50% off,Indianwear-Women
10454,Stop,Solid rayon collar neck womens casual tunic - blue,"Size:XL,Large,Medium,Small,XX-Large","Rs
999",499,50% off,Indianwear-Women
10455,Juniper,Printed rayon mandarin womens a line dress - peach,"Size:Large,Medium,Small,X-Large","Rs
2799",979,65% off,Indianwear-Women
10456,Biba,Printed v neck cotton womens kurta pants - black,"Size:34,36,38",Nan,3599,No Discount,Indianwear-Women
10457,Stop,Embroidered round neck straight fit womens kurta - maroon,"Size:S,M,L,X-Large,X-Small,XX-Large","Rs
799",399,50% off,Indianwear-Women
10458,Biba,Printed round neck polyester womens kurta pants set - yellow,"Size:32,34,36,38,42","Rs
3999",2799,30% off,Indianwear-Women
10459,Myshka,Printed round neck womens kurti - green,",Medium,Small,X-Large,XX-Large","Rs
5999",1199,80% off,Indianwear-Women
10460,Stop,Printed mandarin collar straight fit womens kurta - rust,"Size:S,M,L,X-Large,X-Small,XX-Large","Rs
799",399,50% off,Indianwear-Women
10461,Stop,Boat neck womens kurta - pink,"Size:S,M,L,X-Large,X-Small,XX-Large","Rs
1199",479,60% off,Indianwear-Women
10462,Varanga,Embroidered silk blend round neck womens ethnic set - blue,"Size:X-Large,XX-Large",Nan,1979,No Discount,Indianwear-Women
10463,Myshka,Printed rayon v neck womens dress - green,",Medium,Small,X-Large,XX-Large","Rs
3999",799,80% off,Indianwear-Women
10464,Ziyaa,Solid round neck crepe womens ethnic set - black,"Size:Large,Medium,Small,X-Large,XX-Large,XXX-Large","Rs
2302",805,65% off,Indianwear-Women
10465,Myshka,Printed cotton square neck womens dress - multi,"Size:Large,Medium,Small","Rs
2999",899,70% off,Indianwear-Women
10466,Indya,Embroidered georgette tie up neck� womens kurta - pink,"Size:Large,Medium,Small,X-Large,X-Small","Rs
2950",1475,50% off,Indianwear-Women
10467,Haute curry,Embroidered rayon womens calf length palazzos - natural,"Size:Large,Medium,Small,X-Large","Rs
999",499,50% off,Indianwear-Women
10468,Stop,Printed mandarin collar straight fit womens kurta - purple,"Size:S,M,L,XL,X-Small,XXX-Large","Rs
799",399,50% off,Indianwear-Women
10469,Indya,Shraddha kapoor for indya green chevron mirror crop top - green,"Size:Small,X-Small","Rs
1800",900,50% off,Indianwear-Women
10470,Kashish,Embroidered viscose blend round neck womens ethnic set - sea blue,"Size:Large,Medium,Small,X-Large,X-Small,XX-Large",Nan,3499,No Discount,Indianwear-Women
10471,Yuris,Gotta patti round neck cotton womens kurta palazzo set - red,"Size:Large,Medium,Small,X-Large,XX-Large,XXX-Large","Rs
3499",1399,60% off,Indianwear-Women
10472,Juniper,Printed silk round neck womens salwar kurta dupatta set - red,"Size:Medium,Small","Rs
4799",1919,60% off,Indianwear-Women
10473,Juniper,Floral round neck rayon womens kurta palazzo dupatta set - grey,Size:Small,"Rs
3299",1484,55% off,Indianwear-Women
10474,Biba,Printed round neck straight fit womens kurta - green,"Size:32,34,36,38,40,42","Rs
2599",1559,40% off,Indianwear-Women
10475,Ziyaa,Floral boat neck polyester womens ethnic set - pink,"Size:Large,Medium,Small,X-Large,XX-Large,XXX-Large","Rs
2583",904,65% off,Indianwear-Women
10476,Haute curry,Round neck rayon regular womens dress - teal,"Size:Large,Medium,Small,X-Large,X-Small,XX-Large","Rs
1499",749,50% off,Indianwear-Women
10477,W,Printed polyester regular fit womens dress - pink,"Size:6,8,10,12,14,16,18",Nan,4999,No Discount,Indianwear-Women
10478,Stop,Printed rayon mandarin womens knee length kurta - pista green,"Size:S,M,L,X-Large,X-Small,XX-Large,XXX-Large","Rs
799",559,30% off,Indianwear-Women
10479,Haute curry,Solid round neck regular womens tunics & tops - peach,"Size:Large,Medium,Small,X-Large,X-Small,XX-Large","Rs
499",249,50% off,Indianwear-Women
10480,Biba,Yarndyed band collar cotton womens kurta pants - navy,"Size:32,34,36,38,40,42","Rs
3599",2519,30% off,Indianwear-Women
10481,Stop,Solid cotton full length womens pants - maroon,"Size:Large/X-Large,Small/Medium,XX-Large/XXX-Large",Nan,599,No Discount,Indianwear-Women
10482,Ziyaa,Floral round neck crepe womens salwar kurta and dupatta set - cream,"Size:Large,Medium,Small,X-Large,XX-Large,XXX-Large","Rs
3903",1561,60% off,Indianwear-Women
10483,Myshka,Printed rayon round neck womens regular kurta - green,"Size:Large,Medium,Small,X-Large,XX-Large","Rs
1999",399,80% off,Indianwear-Women
10484,Stop,Solid rayon round neck womens calf length kurta - peach,"Size:XL,Large,Medium,Small,X-Small,XX-Large","Rs
999",399,60% off,Indianwear-Women
10485,Kashish,Solid v neck a-line fit womens kurta - maroon,"Size:Large,Medium,Small,X-Large,X-Small,XX-Large","Rs
1799",899,50% off,Indianwear-Women
10486,Yuris,Paisley cotton round neck womens salwar suit - multi,"Size:Large,Medium,Small,X-Large,XX-Large,XXX-Large","Rs
4299",1504,65% off,Indianwear-Women
10487,Juniper,Solid silk round neck womens straight kurta - dark grey,"Size:Large,Medium,Small,X-Large,XX-Large","Rs
1499",599,60% off,Indianwear-Women
10488,Myshka,Printed cotton round neck womens kurta palazzo set - navy,"Size:Medium,Small","Rs
2999",749,75% off,Indianwear-Women
10489,Haute curry,Full length cotton woven womens pants - blue,"Size:Large,Medium,Small,X-Large,XX-Large","Rs
1199",599,50% off,Indianwear-Women
10490,Juniper,Womens ivory shantoon placement foil print lehenga choli set with satin lining & cancan - ivory,"Size:Medium,Small,X-Large,XX-Large","Rs
5048",2524,50% off,Indianwear-Women
10491,Varanga,Bottle green and gold zari and sequins work yoke kurta with gota work sleeves - blue,Size:X-Large,"Rs
2199",769,65% off,Indianwear-Women
10492,Juniper,Embroidered rayon round neck womens straight kurta - green,"Size:Large,Medium,Small,X-Large","Rs
2299",689,70% off,Indianwear-Women
10493,Haute curry,Printed round neck regular womens jacket - natural,"Size:Large,Medium,Small,X-Large,XX-Large","Rs
1299",649,50% off,Indianwear-Women
10494,Haute curry,Round neck cotton slub regular womens dress - mint,"Size:Large,Medium,Small,X-Large,X-Small,XX-Large","Rs
1499",749,50% off,Indianwear-Women
10495,Juniper,Printed rayon mandarin womens flared dress - indigo,"Size:Large,Medium,Small,X-Large,XX-Large","Rs
2999",1349,55% off,Indianwear-Women
10496,Varanga,Key hole neck womens kurta - black,"Size:Large,Medium,Small,X-Large,XX-Large","Rs
1799",719,60% off,Indianwear-Women
10497,Stop,Solid flex womens full length palazzos - blue,"Size:Large/X-Large,Small/Medium,XX-Large/XXX-Large","Rs
799",319,60% off,Indianwear-Women
10498,Stop,Printed rayon round neck womens straight kurta - mauve,"Size:S,M,X-Small","Rs
999",499,50% off,Indianwear-Women
10499,Infuse,Solid viscose blend mandarin neck womens a-line kurta - sage,"Size:Large,Medium,Small,X-Large,X-Small","Rs
999",499,50% off,Indianwear-Women
10500,Infuse,Fitted full length cotton lycra womens leggings - white,"Size:Medium,Small,X-Small","Rs
499",249,50% off,Indianwear-Women
10501,Indya,Embroidered chiffon round neck womens kurta - green,"Size:Large,Medium,Small,X-Large,X-Small,XX-Large","Rs
2900",2320,20% off,Indianwear-Women
10502,Stop,Solid cotton lycra womens full length palazzos - grey,"Size:Large/X-Large,Small/Medium,XX-Large/XXX-Large","Rs
999",399,60% off,Indianwear-Women
10503,Kashish,Embroidered v neck straight fit womens kurta - magenta,"Size:Large,Medium,Small,X-Large,X-Small,XX-Large","Rs
2999",1499,50% off,Indianwear-Women
10504,Kashish,Embroidered round neck viscose blend womens festive set - olive,"Size:Medium,Small,X-Small","Rs
3499",1749,50% off,Indianwear-Women
10505,Ziyaa,Printed round neck crepe womens ethnic set - pink,"Size:Large,Medium,Small,X-Large,XX-Large,XXX-Large","Rs
2511",878,65% off,Indianwear-Women
10506,Infuse,Printed rayon round neck womens shirt top - mustard,"Size:Large,Medium,Small,X-Large,X-Small","Rs
699",349,50% off,Indianwear-Women
10507,Juniper,Printed silk round neck womens salwar kurta dupatta set - black,"Size:Medium,Small","Rs
4799",1919,60% off,Indianwear-Women
10508,W,Solid viscose round neck womens calf length kurta - orange,"Size:6,10","Rs
1799",899,50% off,Indianwear-Women
10509,Juniper,Embroidered rayon round neck womens a-line dress - olive,"Size:Large,Medium,Small,X-Large,XX-Large","Rs
2299",804,65% off,Indianwear-Women
10510,Myshka,Solid cotton mandarin womens regular kurta - pink,"Size:Large,Medium,Small,X-Large,XX-Large","Rs
1599",479,70% off,Indianwear-Women
10511,Infuse,Printed shirt collar cotton yarn dyed womens gather dress - sea green,"Size:Large,Medium,Small,X-Large,X-Small,XX-Large","Rs
1199",599,50% off,Indianwear-Women
10512,Aurelia,Cotton round neck womens kurta set - purple,"Size:Large,Medium,Small,X-Large,X-Small","Rs
1999",1399,30% off,Indianwear-Women
10513,Biba,Cotton tired womens dresses - mustard,"Size:32,34,36,38,40,42",Nan,4595,No Discount,Indianwear-Women
10514,Biba,Jacquard cotton mandarin womens ethnic set - off white,"Size:32,34,36,38,42","Rs
2999",1799,40% off,Indianwear-Women
10515,Infuse,Printed cotton mandarin neck womens straight fit kurta - blush,"Size:Large,Medium,Small,X-Large,X-Small,XX-Large","Rs
999",399,60% off,Indianwear-Women
10516,Stop,Boat neck womens kurta - off white,"Size:S,M,L,X-Large,X-Small,XX-Large","Rs
1199",479,60% off,Indianwear-Women
10517,Kashish,Embroidered viscose blend round neck womens flared festive set - blue,"Size:Large,Small,X-Large,X-Small,XX-Large","Rs
3499",1749,50% off,Indianwear-Women
10518,Yuris,Motif cotton round neck womens salwar suit - multi,"Size:Large,Medium,Small,X-Large,XX-Large,XXX-Large","Rs
4299",1504,65% off,Indianwear-Women
10519,Ziyaa,Geometric round neck rayon womens salwar kurta and dupatta set - black,"Size:Large,Medium,Small,X-Large,XX-Large,XXX-Large","Rs
4020",1608,60% off,Indianwear-Women
10520,Kashish,Embroidered round neck straight fit womens kurta - peach,"Size:Large,Medium,Small,X-Large,X-Small,XX-Large,XXX-Large","Rs
1599",799,50% off,Indianwear-Women
10521,Juniper,Solid rayon womens regular length flared palazzo - navy,"Size:Large,Medium,Small,X-Large,X-Small,XX-Large","Rs
1299",649,50% off,Indianwear-Women
10522,Stop,Rayon womens 3/4th sleeves kurta - lime green,"Size:S,M,L,XL,X-Small,XX-Large",Nan,1199,No Discount,Indianwear-Women
10523,Myshka,Printed cotton round neck womens regular kurta - pink,"Size:Medium,Small,X-Large,XX-Large","Rs
1299",584,55% off,Indianwear-Women
10524,Biba,Solid embroidered poly viscose round neck womens palazzo kurta dupatta set - black,"Size:34,36,38","Rs
4595",2757,40% off,Indianwear-Women
10525,Stop,Fitted full length cotton lycra womens leggings - white,"Size:S,M,L,X-Large,X-Small","Rs
499",349,30% off,Indianwear-Women
10526,Aurelia,Band with v cotton womens knee length kurta - natural,"Size:Large,Medium,Small,X-Small","Rs
999",499,50% off,Indianwear-Women
10527,Biba,Printed cotton round neck womens kurta palazzo set - black,"Size:32,34,36,38,42","Rs
2799",1679,40% off,Indianwear-Women
10528,Myshka,Printed viscose round neck womens top - pink,"Size:Large,Medium,Small,X-Large,XX-Large","Rs
1299",454,65% off,Indianwear-Women
10529,Stop,Printed rayon mandarin womens straight kurta - coral,"Size:S,M,L,X-Large,X-Small,XX-Large,XXX-Large","Rs
799",559,30% off,Indianwear-Women
10530,Varanga,Mandarin straight designer womens kurtas - mustard,"Size:Large,Medium,Small,X-Large,XX-Large","Rs
3599",1079,70% off,Indianwear-Women
10531,Biba,Printed round neck straight fit womens kurti - peach,Size:34,"Rs
1499",749,50% off,Indianwear-Women
10532,Aurelia,Yarn dyed viscose v neck womens straight kurta - blue,"Size:Large,Medium,Small,X-Large,X-Small,XX-Large","Rs
1499",1049,30% off,Indianwear-Women
10533,Myshka,Solid silk blend round neck womens gown - navy,",Medium,Small,X-Large,XX-Large","Rs
5499",1099,80% off,Indianwear-Women
10534,Yuris,Paisley cotton round neck womens salwar suit - multi,"Size:Large,Medium,Small,X-Large,XX-Large","Rs
3499",1399,60% off,Indianwear-Women
10535,Infuse,Solid chanderi womens ankle length palazzo - peach,"Size:2XL/3XL,Large/X-Large,Small/Medium","Rs
999",499,50% off,Indianwear-Women
10536,Ziyaa,Floral round neck crepe womens ethnic set - navy,"Size:Large,Medium,Small,X-Large,XX-Large,XXX-Large","Rs
1868",747,60% off,Indianwear-Women
10537,Stop,Solid rayon round neck womens calf length kurta - fuschia,"Size:XL,Large,Medium,Small,X-Small,XX-Large","Rs
999",399,60% off,Indianwear-Women
10538,Juniper,Floral v-neck womens flared anarkali dresses & dupatta set - yellow,Size:XX-Large,"Rs
4899",1469,70% off,Indianwear-Women
10539,Indya,Embroidered georgette round neck womens kurta - grey,"Size:Large,Medium,Small,X-Large,X-Small","Rs
2400",1200,50% off,Indianwear-Women
10540,Aurelia,Dyed cotton round neck womens straight kurta - blue,"Size:Large,Medium,Small,X-Large,X-Small,XX-Large","Rs
999",699,30% off,Indianwear-Women
10541,Yuris,Lace round neck cotton womens kurta palazzo set - blue,"Size:Large,Small,X-Large,XX-Large","Rs
3499",1399,60% off,Indianwear-Women
10542,Infuse,Printed rayon mandarin neck womens straight fit kurta - grey,"Size:Large,Medium,Small,X-Small","Rs
799",319,60% off,Indianwear-Women
10543,Stop,Embro calf length casual wear kurta - blue,"Size:S,M,L,X-Large,X-Small,XX-Large",Nan,1299,No Discount,Indianwear-Women
10544,Myshka,Printed cotton round neck womens kurta palazzo set - grey,"Size:Medium,Small","Rs
3999",799,80% off,Indianwear-Women
10545,Juniper,Floral rayon v-neck womens flared dress - olive,"Size:Large,Medium,Small,X-Large","Rs
2699",944,65% off,Indianwear-Women
10546,Stop,Rayon womens 3/4th sleeves kurta - green,"Size:S,M,L,XL,X-Small,XX-Large","Rs
1199",479,60% off,Indianwear-Women
10547,Stop,Solid straight fit polyester womens casual wear palazzo - gold,"Size:Large/X-Large,Small/Medium,XX-Large/XXX-Large","Rs
899",359,60% off,Indianwear-Women
10548,Juniper,Embroidered rayon round neck womens straight top - blue,"Size:Medium,X-Small","Rs
2098",524,75% off,Indianwear-Women
10549,Yuris,Gotta patti round neck cotton womens kurta palazzo set - yellow,"Size:Large,Medium,Small,X-Large,XX-Large,XXX-Large","Rs
3999",1599,60% off,Indianwear-Women
10550,Janasya,Embellished silk round neck womens kurta palazzo set - black,"Size:Large,Medium,Small,X-Large,X-Small,XX-Large,XXX-Large","Rs
2499",874,65% off,Indianwear-Women
10551,Juniper,Solid rayon womens flared palazzo pants - black,"Size:Large,Medium,Small,X-Large,X-Small,XX-Large","Rs
1699",764,55% off,Indianwear-Women
10552,Biba,Printed cotton collar neck womens salwar kurta dupatta set - orange,"Size:32,34,36,38,40,42","Rs
2799",1679,40% off,Indianwear-Women
10553,Infuse,Printed v neck regular fit womens tunic - green,"Size:Large,Medium,Small,X-Large,X-Small,XX-Large","Rs
1799",899,50% off,Indianwear-Women
10554,Biba,Printed boat neck straight fit womens kurta - off white,"Size:34,38,42","Rs
999",499,50% off,Indianwear-Women
10555,Ziyaa,Printed round neck polyester womens ethnic set - grey,"Size:Large,Medium,Small,X-Large,XX-Large,XXX-Large","Rs
1837",826,55% off,Indianwear-Women
10556,Stop,Printed mandarin collar straight fit womens kurta - teal,"Size:S,M,L,X-Large,X-Small,XX-Large,XXX-Large","Rs
799",399,50% off,Indianwear-Women
10557,Indya,Shraddha kapoor for indya rose pink chikankari belted peplum sari - pink,"Size:Large,Medium,Small,X-Large,X-Small,XX-Large","Rs
3800",3040,20% off,Indianwear-Women
10558,Haute curry,Printed rayon womens bottom pants - black,"Size:Large,Medium,Small,X-Large","Rs
999",499,50% off,Indianwear-Women
10559,Haute curry,Solid rayon regular fit womens gather top - pink,"Size:Large,Medium,Small,X-Large,X-Small,XX-Large","Rs
999",499,50% off,Indianwear-Women
10560,Haute curry,Full length cotton woven womens pants - fuchsia,"Size:Large,Medium,Small,X-Large,XX-Large","Rs
1199",599,50% off,Indianwear-Women
10561,Juniper,Printed georgette round neck womens kurta palazzo set - black,"Size:Large,Medium,Small,X-Large","Rs
3499",1574,55% off,Indianwear-Women
10562,Indya,Shraddha kapoor for indya teal floral sequins crop top - green,"Size:Large,Medium,Small,X-Large,X-Small","Rs
1500",1200,20% off,Indianwear-Women
10563,Haute curry,Womens regular fit printed tunic - yellow,"Size:X-Small,XX-Large","Rs
999",499,50% off,Indianwear-Women
10564,Infuse,Printed cotton mandarin neck womens a-line kurta - black,"Size:Medium,Small,X-Small","Rs
999",399,60% off,Indianwear-Women
10565,Yuris,Solid regular fit cotton womens western trousers - mustard,"Size:28,30,32,34,36,38","Rs
1699",594,65% off,Indianwear-Women
10566,Kashish,Embroidered mandarian collar a-line fit womens kurta - magenta,"Size:Large,Medium,Small,X-Small","Rs
1999",999,50% off,Indianwear-Women
10567,Varanga,Printed cotton round neck womens regular fit kurta - yellow,"Size:Large,Medium,Small,X-Large,XX-Large","Rs
2799",979,65% off,Indianwear-Women
10568,Kashish,Mandarian collar ghadwal womens a-line kurta and pants set - yellow,Size:XX-Large,"Rs
2799",1399,50% off,Indianwear-Women
10569,Yuris,Geometric cotton mandarin womens regular kurta - multi,"Size:Large,Small,XX-Large","Rs
1499",599,60% off,Indianwear-Women
10570,Indya,Printed v neck georgette womens regular dress - maroon,"Size:Medium,Small",Nan,2400,No Discount,Indianwear-Women
10571,Haute curry,Round neck rayon regular womens dress - fuchsia,"Size:Large,Medium,Small,X-Large,X-Small,XX-Large","Rs
1499",749,50% off,Indianwear-Women
10572,Juniper,Womens gold rayon gold foil print flared palazzo - gold,"Size:Large,Medium,Small,X-Large,X-Small,XX-Large","Rs
1699",849,50% off,Indianwear-Women
10573,Global desi,Floral cotton round neck womens straight kurta - pink,"Size:Medium,Small,X-Small","Rs
2399",1199,50% off,Indianwear-Women
10574,W,Solid rayon blend round neck womens straight kurta - blue,"Size:6,8,10,12,14,16,18",Nan,1999,No Discount,Indianwear-Women
10575,Yuris,Ethnic motifs cotton round neck womens kurta set - pink,"Size:Large,Small,X-Large,XX-Large,XXX-Large","Rs
3999",1399,65% off,Indianwear-Women
10576,Haute curry,Printed rayon round neck womens tunic - blue,"Size:Large,Medium,Small,X-Large,X-Small",Nan,999,No Discount,Indianwear-Women
10577,Ira soleil,Embellished chiffon womens full length palazzo - white,"Size:Large,Medium,Small,X-Large",Nan,1399,No Discount,Indianwear-Women
10578,Aurelia,Yarn dyed band with v straight womens kurta - yellow,"Size:Large,Medium,Small,X-Large,X-Small,XX-Large","Rs
999",499,50% off,Indianwear-Women
10579,Haute curry,Printed round neck rayon womens flared dress - blue,"Size:Large,Medium,Small,X-Large,X-Small,XX-Large","Rs
1499",749,50% off,Indianwear-Women
10580,Juniper,Solid cotton flex mandarin womens a-line kurta - green,"Size:Large,Medium,Small,X-Large","Rs
1699",849,50% off,Indianwear-Women
10581,Haute curry,Embroidered denim regular fit womens denim top - light blue,"Size:Large,Small,X-Large,X-Small,XX-Large","Rs
1299",649,50% off,Indianwear-Women
10582,Juniper,Embroidered cotton mandarin womens a line tunic - grey,Size:Large,"Rs
1699",764,55% off,Indianwear-Women
10583,Biba,Printed v neck straight fit womens kurti - navy,Size:32,"Rs
1299",649,50% off,Indianwear-Women
10584,Janasya,Womens mustard poly crepe kurta (jne3385) - yellow,"Size:Large,Medium,Small,X-Large,XX-Large","Rs
1299",454,65% off,Indianwear-Women
10585,Jack and jones,Leather regular lace up mens sneakers - orange,"Size:40,41,42,43,44,45","Rs
2499",1499,40% off,Indianwear-Women
10586,Juniper,Solid cotton mandarin womens a line dress - sky blue,"Size:Large,X-Large","Rs
5999",1799,70% off,Indianwear-Women
10587,Stop,Embroidered round neck straight fit womens kurta - grey,"Size:S,M,L,X-Large,X-Small,XX-Large","Rs
799",399,50% off,Indianwear-Women
10588,Indya,Shraddha kapoor for indya mirror embroidered high slit kurta - yellow,"Size:Large,Medium,Small,X-Large,X-Small","Rs
2400",1200,50% off,Indianwear-Women
10589,Infuse,Printed cotton mandarin neck womens straight fit kurta - black,"Size:Large,Medium,Small,X-Large,X-Small","Rs
799",319,60% off,Indianwear-Women
10590,Aurelia,Yarn dyed round neck a-line womens kurta - blue,"Size:X-Large,XX-Large","Rs
2499",1249,50% off,Indianwear-Women
10591,Juniper,Floral round neck rayon womens a-line dress - navy,"Size:Large,Small,X-Large,X-Small","Rs
2499",999,60% off,Indianwear-Women
10592,Janasya,Embroidered rayon blend mandarin womens slub top - cream,"Size:Large,Medium,Small,X-Large,X-Small,XX-Large,XXX-Large","Rs
2179",871,60% off,Indianwear-Women
10593,Kashish,Embroidered round neck viscose blend womens festive set - yellow,"Size:Small,X-Small,XX-Large","Rs
3499",1749,50% off,Indianwear-Women
10594,Juniper,Printed cotton mandarin womens a line tunic - yellow,"Size:Large,Medium,Small,X-Large","Rs
1299",909,30% off,Indianwear-Women
10595,Haute curry,Embroidered rayon crepe round neck womens regular tunic - maroon,"Size:Large,Medium,Small,X-Large,X-Small,XX-Large","Rs
1199",599,50% off,Indianwear-Women
10596,Varanga,Embellished v-neck cotton womens flared kurta - maroon,"Size:Large,Medium,Small,X-Small","Rs
6999",2449,65% off,Indianwear-Women
10597,Biba,Printed v neck cotton womens kurta palazzo - rust,"Size:32,34,36,38,40,42","Rs
3599",2519,30% off,Indianwear-Women
10598,Juniper,Womens black chanderi emboss print flared 2 piece kurta with poly cotton lining - black,"Size:Large,Medium,Small,X-Large,X-Small","Rs
2899",1304,55% off,Indianwear-Women
10599,Myshka,Solid cotton v neck womens kurta palazzo set - black,",Medium,Small,X-Large,XX-Large","Rs
3999",999,75% off,Indianwear-Women
10600,Indya,Shraddha kapoor for indya blush polka foil skirt with attached dupatta - pink,Size:Small,"Rs
3600",1800,50% off,Indianwear-Women
10601,Biba,Printed round neck cotton womens kurta skirt set - mint,"Size:32,34,36,38","Rs
6995",4896,30% off,Indianwear-Women
10602,Stop,Printed cotton mandarin womens knee length kurta - vintage blue,"Size:S,M,L,X-Large,X-Small,XX-Large,XXX-Large","Rs
799",399,50% off,Indianwear-Women
10603,Biba,Printed band collar straight fit womens kurta - carbon,Size:32,"Rs
1999",1599,20% off,Indianwear-Women
10604,Juniper,Solid rayon regular fit womens casual pants - black,"Size:Large,Medium,X-Small","Rs
1049",786,25% off,Indianwear-Women
10605,Juniper,Embroidered rayon round neck womens peplum top - mustard,"Size:Medium,Small,XX-Large","Rs
2499",749,70% off,Indianwear-Women
10606,Juniper,Embroidered rayon round neck womens flared dress - yellow,"Size:Large,Medium,Small,X-Large,XX-Large","Rs
3399",1359,60% off,Indianwear-Women
10607,Infuse,Solid rayon womens full length palazzos - lime green,"Size:Large/X-Large,Small/Medium,XXL/XXXL","Rs
799",319,60% off,Indianwear-Women
10608,Kashish,Embroidered viscose blend round neck womens ethnic set - mint,"Size:Large,Medium,Small,X-Large,X-Small,XX-Large",Nan,3499,No Discount,Indianwear-Women
10609,Zink london,Printed polyester womens ankle length palazzo - rust,"Size:Large,Medium,Small,X-Large,X-Small","Rs
1999",1199,40% off,Indianwear-Women
10610,Janasya,Embroidered rayon round neck womens slub top - natural,"Size:Large,Medium,Small,X-Large,X-Small,XX-Large,XXX-Large","Rs
2179",871,60% off,Indianwear-Women
10611,Biba,Printed round neck cotton womens kurta churidar set - indigo,"Size:32,34,36,38,40,42","Rs
4995",3496,30% off,Indianwear-Women
10612,Stop,Embroidered rayon round neck womens regular tunic - sage,"Size:XL,Large,Medium,Small,XX-Large","Rs
1299",649,50% off,Indianwear-Women
10613,Global desi,Womens round neck printed tunic - blue,"Size:XL,Large,Medium,Small,X-Small","Rs
1799",539,70% off,Indianwear-Women
10614,Stop,Printed v neck straight fit womens kurta - pink,"Size:S,M,L,XL,X-Small,XX-Large","Rs
1299",649,50% off,Indianwear-Women
10615,Juniper,Embroidered cotton round neck womens salwar kurta dupatta set - yellow,"Size:Large,Medium,Small,X-Large","Rs
7299",2189,70% off,Indianwear-Women
10616,Sanaa,Printed cotton mandarin womens mid thigh length kurti - blue,"Size:Large,Medium,Small,X-Large,XX-Large","Rs
1049",734,30% off,Indianwear-Women
10617,Biba,Printed round neck womens kurta - red,"Size:32,34,36,38,40,42",Nan,1599,No Discount,Indianwear-Women
10618,Biba,Printed cotton v-neck womens salwar kurta dupatta set - indigo,"Size:32,34,36,38,40,42","Rs
2799",2239,20% off,Indianwear-Women
10619,Yuris,Embroidered cotton mandarin womens kurta set - yellow,"Size:Large,Medium,Small,X-Large,XX-Large,XXX-Large","Rs
3999",1399,65% off,Indianwear-Women
10620,Stop,Printed mandarin collar straight fit womens kurta - grey,"Size:S,X-Small,XXX-Large","Rs
799",399,50% off,Indianwear-Women
10621,Stop,Embroidered rayon round neck womens regular tunic - teal,"Size:XL,Large,Medium,Small,XX-Large","Rs
1499",749,50% off,Indianwear-Women
10622,Juniper,Printed rayon round neck womens flared dress - natural,"Size:Large,Medium,Small,X-Large","Rs
4099",1434,65% off,Indianwear-Women
10623,Juniper,Printed cotton mandarin womens ethnic set - yellow,"Size:Large,Medium,Small,X-Large,XX-Large","Rs
2299",1034,55% off,Indianwear-Women
10624,Myshka,Solid cotton round neck womens kurta palazzo set - red,",Medium,X-Large,XX-Large","Rs
5999",1199,80% off,Indianwear-Women
10625,Ziyaa,Printed mandarin crepe womens ethnic set - black,"Size:Large,Medium,Small,X-Large,XX-Large,XXX-Large","Rs
2197",878,60% off,Indianwear-Women
10626,Infuse,Solid rayon womens full length palazzos - rust,"Size:Large/X-Large,Small/Medium,XXL/XXXL","Rs
799",319,60% off,Indianwear-Women
10627,Infuse,Printed rayon round neck womens a-line kurta - navy,"Size:Large,Medium,Small,X-Large,X-Small,XX-Large","Rs
1299",649,50% off,Indianwear-Women
10628,Juniper,Floral round neck rayon womens kurta palazzo dupatta set - indigo,"Size:Large,Small,X-Large","Rs
3299",1484,55% off,Indianwear-Women
10629,Juniper,Ethnic motifs mandarin collar straight fit womens kurta dupatta set - wine,"Size:Large,Medium,Small,X-Large,X-Small","Rs
1899",949,50% off,Indianwear-Women
10630,Biba,Womens black cotton flax kurta - black,Size:32,"Rs
1999",999,50% off,Indianwear-Women
10631,Myshka,Solid cotton regular fit womens casual trousers - white,"Size:Large,Medium,Small,X-Large,XX-Large","Rs
1099",439,60% off,Indianwear-Women
10632,Kashish,Embroidered open a-line fit womens kurta - rose,"Size:Large,Medium,Small,X-Large","Rs
1699",849,50% off,Indianwear-Women
10633,Biba,Printed round neck rayon womens kurta pants - sea green,"Size:32,34,36,38,42","Rs
2999",1799,40% off,Indianwear-Women
10634,Stop,Printed mandarin collar straight fit womens kurta - blue,"Size:S,M,L,X-Small","Rs
799",399,50% off,Indianwear-Women
10635,Janasya,Gold print round neck regular fit womens kurta - peacock,"Size:Large,Small,X-Large,X-Small,XX-Large,XXX-Large","Rs
1459",510,65% off,Indianwear-Women
10636,Haute curry,Round neck rayon regular womens dress - purple,"Size:Large,Medium,Small,X-Large,X-Small,XX-Large","Rs
1499",749,50% off,Indianwear-Women
10637,Juniper,Womens white cotton voile embroidered straight kurta - white,"Size:Small,X-Large,X-Small,XX-Large","Rs
1699",1019,40% off,Indianwear-Women
10638,Kami kubi,Stripes cotton v neck womens flared dress - peach,"Size:Large,Medium,Small,X-Large,X-Small,XX-Large","Rs
1999",799,60% off,Indianwear-Women
10639,Indya,Regular ankle length silk womens maxi skirt - pink,"Size:Large,Medium,Small,X-Large,X-Small","Rs
3200",2560,20% off,Indianwear-Women
10640,Haute curry,Printed ankle length casual wear flared sleeve dress with tie-up - yellow,"Size:Large,Medium,Small,X-Small","Rs
1499",749,50% off,Indianwear-Women
10641,W,Printed round neck straight womens kurta - white,"Size:12,14","Rs
1899",949,50% off,Indianwear-Women
10642,Ziyaa,Printed v-neck polyester womens ethnic set - navy,"Size:Large,Medium,Small,X-Large,XX-Large,XXX-Large","Rs
3277",1310,60% off,Indianwear-Women
10643,Myshka,Solid cotton round neck womens kurta palazzo set - pink,",Medium,Small,X-Large,XX-Large","Rs
3999",999,75% off,Indianwear-Women
10644,Haute curry,Printed round neck cotton womens regular dress - blue,"Size:Large,Medium,Small,X-Small,XX-Large","Rs
1299",649,50% off,Indianwear-Women
10645,Kashish,Embroidered viscose blend mandarin womens ethnic set - mauve,"Size:Large,Medium,Small,X-Large,X-Small,XX-Large",Nan,4499,No Discount,Indianwear-Women
10646,Infuse,Embroidered polyester womens full length palazzos - black,"Size:2XL/3XL,Large/X-Large,Small/Medium","Rs
1399",419,70% off,Indianwear-Women
10647,Haute curry,Printed rayon round neck womens straight flared top - turquoise,"Size:Large,Medium,Small,X-Small,XX-Large","Rs
699",349,50% off,Indianwear-Women
10648,Haute curry,Printed rayon round neck womens regular top - navy,"Size:Large,Medium,Small,X-Large,X-Small,XX-Large","Rs
799",399,50% off,Indianwear-Women
10649,Infuse,Solid rayon womens full length palazzos - teal,"Size:Large/X-Large,Small/Medium,XXL/XXXL","Rs
799",319,60% off,Indianwear-Women
10650,Myshka,Printed silk blend one shoulder womens dress - red,",Medium,Small,X-Large,XX-Large","Rs
3499",874,75% off,Indianwear-Women
10651,W,Solid viscose round neck womens calf length kurta - blue,"Size:12,14,16,18",Nan,1899,No Discount,Indianwear-Women
10652,Yuris,Gotta patti round neck cotton womens kurta palazzo set - blue,"Size:Medium,Small,X-Large,XXX-Large","Rs
3999",1399,65% off,Indianwear-Women
10653,Stop,Embroidered rayon womens full length palazzo - indigo,"Size:Large/X-Large,Small/Medium,XX-Large/XXX-Large","Rs
999",399,60% off,Indianwear-Women
10654,W,Printed v-neck viscose womens calf length kurta - green,"Size:6,8,10,12,14,16,18",Nan,1999,No Discount,Indianwear-Women
10655,Ziyaa,Floral polyester boat neck womens flared kurta - natural,"Size:Large,Medium,Small,X-Large,XX-Large,XXX-Large","Rs
2127",850,60% off,Indianwear-Women
10656,Juniper,Printed rayon round neck womens clothing set - sky blue,"Size:Large,Small,X-Large","Rs
2499",1499,40% off,Indianwear-Women
10657,Haute curry,Printed v neck rayon womens flared dress - grey,"Size:Large,Medium,Small,X-Large,X-Small,XX-Large","Rs
1499",749,50% off,Indianwear-Women
10658,Biba,Printed round neck flared womens kurta - cream,"Size:34,36,38,42","Rs
2799",1679,40% off,Indianwear-Women
10659,Varanga,Printed halter neck cotton womens ethnic set - blue,"Size:Large,Medium,Small,X-Large","Rs
6999",2449,65% off,Indianwear-Women
10660,W,Solid viscose round neck womens straight kurta - white,"Size:6,8,10,12,14,16,18","Rs
1999",1499,25% off,Indianwear-Women
10661,Haute curry,V neck rayon regular womens dress - sage,"Size:Large,Medium,Small,X-Large,X-Small,XX-Large",Nan,1499,No Discount,Indianwear-Women
10662,Indya,Regular ankle length silk womens maxi skirt - yellow,"Size:Large,Medium,Small,X-Large,X-Small","Rs
3200",2560,20% off,Indianwear-Women
10663,Stop,Rayon woven womens palazzo - teal,"Size:2XL/3XL,Large/X-Large,Small/Medium","Rs
899",449,50% off,Indianwear-Women
10664,Infuse,Embroidered polyester straight fit womens palazzo - deep navy,"Size:2XL/3XL,Large/X-Large,Small/Medium","Rs
1399",419,70% off,Indianwear-Women
10665,Aurelia,Printed polyester round neck womens straight dress - grey,"Size:Large,Medium,Small,X-Large,X-Small,XX-Large","Rs
2199",1539,30% off,Indianwear-Women
10666,Stop,Solid satin womens full length palazzos - gold,"Size:Large/X-Large,Small/Medium,XX-Large/XXX-Large","Rs
999",399,60% off,Indianwear-Women
10667,Biba,Printed round neck rayon womens kurta pants set - white,"Size:32,34,36,38,42","Rs
4995",3496,30% off,Indianwear-Women
10668,Biba,Printed cotton v-neck womens salwar kurta dupatta set - red,"Size:32,34,36,38,40,42","Rs
2799",2239,20% off,Indianwear-Women
10669,Stop,Embroidered mandarin collar a line fit womens kurta - orange,"Size:S,M,L,X-Large,X-Small,XX-Large","Rs
1299",649,50% off,Indianwear-Women
10670,Ziyaa,Floral round neck crepe womens ethnic set - natural,"Size:Large,Medium,Small,X-Large,XX-Large,XXX-Large","Rs
2519",881,65% off,Indianwear-Women
10671,Kashish,Embroidered round neck straight fit womens kurta - magenta,"Size:Large,Medium,Small,X-Large,X-Small,XX-Large","Rs
2499",1249,50% off,Indianwear-Women
10672,Indya,Shraddha kapoor for indya pink embellished ethnic maxi dress - pink,"Size:Large,X-Small","Rs
2600",1300,50% off,Indianwear-Women
10673,Infuse,Solid rayon womens full length palazzos - fuschia,Size:Small/Medium,"Rs
499",299,40% off,Indianwear-Women
10674,Juniper,Solid cotton round neck womens flared dress - white,"Size:Large,Medium,Small,X-Large","Rs
3299",1649,50% off,Indianwear-Women
10675,Stop,Solid boat neck a line fit womens kurta - blue,"Size:S,M,L,XL,X-Small","Rs
1299",649,50% off,Indianwear-Women
10676,Varanga,Printed scoop neck cotton womens ethnic set - peach,"Size:Large,Medium,Small,X-Small","Rs
6999",2099,70% off,Indianwear-Women
10677,Biba,Printed polyester round neck womens set - green,"Size:34,36,38","Rs
6500",3900,40% off,Indianwear-Women
10678,Biba,Round neck cotton tired womens dresses - ecru,"Size:32,34,36,38,40,42",Nan,4599,No Discount,Indianwear-Women
10679,Ziyaa,Floral round neck rayon womens ethnic set - grey,"Size:Large,Medium,Small,X-Large,XX-Large,XXX-Large","Rs
2333",933,60% off,Indianwear-Women
10680,Indya,Embroidered georgette fusion wear womens saree kurta with cape jacket - pink,Size:Small,"Rs
4500",2250,50% off,Indianwear-Women
10681,Myshka,Printed cotton round neck womens kurta palazzo set - multi,"Size:Large,Medium,Small,X-Large,XX-Large","Rs
2999",899,70% off,Indianwear-Women
10682,Neerus,Floral georgette round neck womens regular kurta - blue,"Size:Large,Medium,X-Large,XX-Large,XXX-Large","Rs
2999",1499,50% off,Indianwear-Women
10683,Haute curry,Printed rayon round neck womens regular top - peach,"Size:Large,Medium,Small,X-Large,X-Small,XX-Large","Rs
799",399,50% off,Indianwear-Women
10684,Stop,Solid straight fit cotton lycra womens all occasions pants - black,"Size:S,M,L,XL",Nan,599,No Discount,Indianwear-Women
10685,Global desi,Womens self pattern tunic - mustard,"Size:XL,Large,Medium,Small,X-Small,XX-Large","Rs
2199",659,70% off,Indianwear-Women
10686,Stop,Printed rayon round neck womens casual tunic - natural,"Size:XL,Large,Medium,Small,XX-Large","Rs
999",499,50% off,Indianwear-Women
10687,W,Printed viscose regular fit womens kurta set - pink,"Size:6,8,10,12,14,16,18",Nan,4999,No Discount,Indianwear-Women
10688,Myshka,Printed cotton v neck womens dress - yellow,"Size:Large,Medium,Small,X-Large,XX-Large","Rs
4999",749,85% off,Indianwear-Women
10689,Biba,Embroidred v neck poly cotton womens kurta palazzo set - white,"Size:32,34,36,38,42","Rs
5995",3597,40% off,Indianwear-Women
10690,Varanga,Embellished cotton round neck womens regular fit kurta - maroon,"Size:Medium,Small,XX-Large","Rs
1999",599,70% off,Indianwear-Women
10691,Varanga,Printed cotton round neck womens calf length kurta - blue,"Size:Large,Medium,Small,X-Large,XX-Large","Rs
3299",824,75% off,Indianwear-Women
10692,Aurelia,Yarn dyed band with v straight womens kurta - navy,"Size:Medium,Small,X-Large,XX-Large","Rs
999",499,50% off,Indianwear-Women
10693,Stop,Printed cotton mandarin womens knee length kurta - off white,"Size:XL,Large,Medium,Small,X-Small,XX-Large,XXX-Large",Nan,899,No Discount,Indianwear-Women
10694,Biba,Printed round neck flared womens kurta - pink,"Size:34,38","Rs
1999",1199,40% off,Indianwear-Women
10695,Sanaa,Printed blended mandarin womens kurta - blue,"Size:Large,Medium,Small,X-Large,XX-Large","Rs
1049",524,50% off,Indianwear-Women
10696,Kami kubi,Solid cotton comfort fit womens dhoti pants - maroon,"Size:Large,Small,XX-Large","Rs
1499",674,55% off,Indianwear-Women
10697,Kami kubi,Solid cotton round neck womens ethnic set - black,"Size:Large,Medium,Small,X-Large,X-Small,XX-Large","Rs
2999",899,70% off,Indianwear-Women
10698,Juniper,Printed collar neck rayon designer women ethnic sets - blue,"Size:Large,Medium,Small,X-Large","Rs
2499",749,70% off,Indianwear-Women
10699,Janasya,Floral crepe v-neck womens flared kurta - peacock,"Size:Medium,Small,X-Small","Rs
1399",769,45% off,Indianwear-Women
10700,Biba,Printed v neck flared womens kurta - green,"Size:32,34,36,38,40,42","Rs
2799",1679,40% off,Indianwear-Women
10701,Kashish,Embroidered round neck viscose blend womens calf length kurta - coral,"Size:Large,Medium,Small,X-Large,X-Small,XX-Large,XXX-Large","Rs
1599",799,50% off,Indianwear-Women
10702,Haute curry,Printed round neck regular womens tunics & tops - green,"Size:Large,Medium,Small,X-Large,X-Small,XX-Large","Rs
799",399,50% off,Indianwear-Women
10703,Ziyaa,Printed round neck polyester womens salwar kurta and dupatta set - blue,"Size:Large,Medium,Small,X-Large,XX-Large,XXX-Large","Rs
3857",1542,60% off,Indianwear-Women
10704,Biba,Printed round neck flared womens kurta - peacock,"Size:34,36,38,42","Rs
2799",1679,40% off,Indianwear-Women
10705,Global desi,Solid viscose round neck womens straight top - sage,"Size:XL,Large,Medium,Small,X-Small,XX-Large","Rs
2299",1839,20% off,Indianwear-Women
10706,Stop,Printed v neck assymetrical fit womens kurta - indigo,"Size:S,M,L,X-Large,X-Small,XX-Large","Rs
1499",749,50% off,Indianwear-Women
10707,Indya,Embroidered georgette round neck womens kurta - green,"Size:Medium,Small,X-Large,X-Small","Rs
2950",2360,20% off,Indianwear-Women
10708,Sanaa,Solid rayon round neck womens kurti - blue,"Size:Large,Medium,Small,X-Large,XX-Large","Rs
1399",699,50% off,Indianwear-Women
10709,Myshka,Printed v neck womens kurti - yellow,",Medium,Small,X-Large,XX-Large","Rs
1499",449,70% off,Indianwear-Women
10710,Kashish,Embroidered viscose blend round neck womens festive set - brown,"Size:Large,Medium,Small,X-Large","Rs
3999",1999,50% off,Indianwear-Women
10711,Varanga,Printed halter neck cotton womens ethnic set - grey,Size:Large,"Rs
7999",2399,70% off,Indianwear-Women
10712,Juniper,Printed rayon mandarin womens flared dress - green,Size:XX-Large,"Rs
3699",1479,60% off,Indianwear-Women
10713,W,Printed cambric regular fit womens parallel pants - ecru,"Size:6,8,10,12,14,16,18","Rs
1799",1349,25% off,Indianwear-Women
10714,Biba,Womens black viscose straight kurta - black,Size:40,"Rs
1999",999,50% off,Indianwear-Women
10715,Myshka,Printed rayon collar neck womens dress - mustard,Size:XX-Large,"Rs
2999",749,75% off,Indianwear-Women
10716,Fratini,Solid skinny fit cotton blend womens casual pants - black,"Size:26,28,32,36","Rs
1299",649,50% off,Indianwear-Women
10717,Haute curry,Printed v-neck a-line womens tunic - peach,"Size:Large,Medium,Small,X-Large,X-Small","Rs
899",449,50% off,Indianwear-Women
10718,Kashish,Embroidered v neck a-line fit womens kurta - brown,"Size:Large,Medium,Small,X-Large,X-Small,XX-Large","Rs
1799",899,50% off,Indianwear-Women
10719,Stop,Printed cotton mandarin womens knee length kurta - blue,"Size:S,M,L,X-Large,X-Small,XX-Large,XXX-Large","Rs
799",399,50% off,Indianwear-Women
10720,Haute curry,Solid round neck regular womens tunics & tops - mauve,"Size:Large,Medium,Small,X-Large,X-Small,XX-Large","Rs
499",249,50% off,Indianwear-Women
10721,Varanga,Embellished cotton mandarin neck womens regular fit kurta - maroon,"Size:X-Large,XX-Large","Rs
1999",599,70% off,Indianwear-Women
10722,Ziyaa,Solid mandarin polyester womens salwar kurta and dupatta set - white,"Size:Large,Medium,Small,X-Large,XX-Large,XXX-Large","Rs
4327",1730,60% off,Indianwear-Women
10723,Myshka,Printed cotton round neck womens kurta palazzo set - green,"Size:Large,Medium,Small,X-Large,XX-Large","Rs
4999",999,80% off,Indianwear-Women
10724,W,Printed cotton flex mandarin womens straight kurta - orange,"Size:6,8,10,12,14,16,18","Rs
1699",1274,25% off,Indianwear-Women
10725,Kashish,Embroidered viscose blend round neck womens ethnic set - mauve,"Size:Large,Medium,Small,X-Large,X-Small,XX-Large",Nan,3299,No Discount,Indianwear-Women
10726,W,Solid rayon round neck womens straight kurta - pink,"Size:6,8,10,12,14,16,18","Rs
2299",1724,25% off,Indianwear-Women
10727,Aurelia,Yarn dyed band with v straight womens kurta - blue,"Size:Large,Medium,Small,X-Large,X-Small,XX-Large","Rs
999",499,50% off,Indianwear-Women
10728,Aurelia,Printed v-neck cotton womens knee length kurta - green,"Size:Large,Medium,Small,X-Large,X-Small,XX-Large",Nan,1599,No Discount,Indianwear-Women
10729,Kashish,Embroidered viscose blend mandarin womens ethnic set - natural,"Size:Large,Medium,Small,X-Large,X-Small,XX-Large",Nan,2499,No Discount,Indianwear-Women
10730,Haute curry,Womens regular fit printed skirts - yellow,"Size:Large/X-Large,Small/Medium","Rs
1499",749,50% off,Indianwear-Women
10731,Sanaa,Geometric rayon mandarin womens mid thigh length kurti - blue,"Size:Large,Medium,Small,X-Large,XX-Large","Rs
1049",734,30% off,Indianwear-Women
10732,Kashish,Embroidered round neck viscose blend womens ethnic set - grey,"Size:Large,Medium,Small,X-Large,X-Small,XX-Large","Rs
3799",1899,50% off,Indianwear-Women
10733,Juniper,Womens white cotton chanderi embellished a-line kurta with mirrorwork & dori - white,"Size:Large,Medium,Small,X-Large,X-Small","Rs
2299",1034,55% off,Indianwear-Women
10734,Juniper,Embellished rayon round neck straight kurta palazzo set - maroon,"Size:Large,Medium,Small,X-Large","Rs
4099",1844,55% off,Indianwear-Women
10735,Haute curry,Printed rayon round neck womens regular dress - blue,"Size:Large,Medium,Small,X-Large,X-Small,XX-Large","Rs
1499",749,50% off,Indianwear-Women
10736,Stop,Solid satin womens full length palazzos - maroon,"Size:Large/X-Large,Small/Medium,XX-Large/XXX-Large","Rs
999",399,60% off,Indianwear-Women
10737,Yuris,Embroidered round neck cotton womens regular fit midi dress - multi,"Size:Large,Medium,Small,X-Large,X-Small,XX-Large","Rs
1699",849,50% off,Indianwear-Women
10738,Yuris,Solid cotton mandarin womens regular kurta - multi,"Size:Large,Medium,Small,X-Large,XXX-Large","Rs
1099",604,45% off,Indianwear-Women
10739,Janasya,Pure cotton womens kurta - indigo,"Size:Large,Medium,Small,X-Large,X-Small,XX-Large,XXX-Large","Rs
1199",599,50% off,Indianwear-Women
10740,Stop,Embroidered rayon round neck womens regular tunic - red,"Size:XL,Large,Medium,Small,XX-Large","Rs
999",499,50% off,Indianwear-Women
10741,Stop,Printed mandarin collar straight fit womens kurta - olive,"Size:S,M,L,X-Large,X-Small,XX-Large,XXX-Large","Rs
799",399,50% off,Indianwear-Women
10742,Juniper,Womens teal dull satin placement printed ethnic dress with poly crepe lining - peacock,"Size:Small,X-Small","Rs
2799",979,65% off,Indianwear-Women
10743,Jack and jones,Pu regular slip on mens slides - red,"Size:40,41,42,43,44,45","Rs
1499",1049,30% off,Indianwear-Women
10744,Infuse,Embroidered chanderi round neck womens kurta - charcoal,"Size:Large,Medium,Small,X-Large,X-Small,XX-Large","Rs
1699",849,50% off,Indianwear-Women
10745,Janasya,Womens light green poly silk ethnic dress (j0005) - green,"Size:Large,Medium,X-Small","Rs
2699",1484,45% off,Indianwear-Women
10746,Juniper,Embroidered mandarin neck anarkali womens kurta - fuschia,Size:Small,"Rs
3099",1549,50% off,Indianwear-Women
10747,Myshka,Solid silk blend round neck womens kurta palazzo set - yellow,",Medium,X-Large,XX-Large","Rs
5999",1499,75% off,Indianwear-Women
10748,Infuse,Printed rayon mandarin womens high low tunic - off white,"Size:Large,Medium,Small,X-Large,X-Small,XX-Large","Rs
999",399,60% off,Indianwear-Women
10749,Haute curry,Round neck viscose regular womens dress - navy,"Size:Large,Medium,Small,X-Large,X-Small,XX-Large","Rs
1499",749,50% off,Indianwear-Women
10750,Indya,Solid georgette regular fit womens palazzo - green,"Size:Large,Medium,Small,X-Large,X-Small","Rs
1800",900,50% off,Indianwear-Women
10751,Stop,Printed mandarin collar straight fit womens kurta - navy,"Size:S,M,L,X-Large,X-Small,XXX-Large","Rs
799",399,50% off,Indianwear-Women
10752,Biba,Womens yellow poly cotton short kurti - yellow,"Size:34,36,38","Rs
1999",999,50% off,Indianwear-Women
10753,Varanga,Printed modal round neck womens straight fit kurta - blue,"Size:Medium,Small,XX-Large","Rs
1999",599,70% off,Indianwear-Women
10754,Haute curry,Solid v neck regular womens tunics & tops - olive,"Size:Large,Medium,Small,X-Large,X-Small,XX-Large","Rs
699",349,50% off,Indianwear-Women
10755,Juniper,Bandhani mandarin collar a-line fit womens kurta - maroon,"Size:Large,Medium,Small,X-Large,X-Small,XX-Large","Rs
1699",764,55% off,Indianwear-Women
10756,Ziyaa,Floral mandarin crepe womens ethnic set - maroon,"Size:Large,Medium,Small,X-Large,XX-Large,XXX-Large","Rs
2217",775,65% off,Indianwear-Women
10757,W,Printed cotton mandarin womens ethnic set - green,"Size:10,18","Rs
3599",2159,40% off,Indianwear-Women
10758,Biba,Printed round neck flared womens kurta - yellow,"Size:34,36,38,40,42","Rs
3599",2159,40% off,Indianwear-Women
10759,Myshka,Printed round neck womens kurti - purple,",Medium,Small,X-Large,XX-Large","Rs
4999",749,85% off,Indianwear-Women
10760,Stop,Printed v neck straight fit womens kurta - rust,"Size:S,M,L,XL,X-Small","Rs
1299",649,50% off,Indianwear-Women
10761,Indya,Shraddha kapoor for indya pink embroidered ready to wear saree - pink,"Size:Large,Medium,Small,X-Large,X-Small,XX-Large","Rs
3400",2720,20% off,Indianwear-Women
10762,Indya,Printed georgette boat neck womens regular dress - pink,"Size:Large,Medium,Small,X-Large,X-Small,XX-Large","Rs
2450",1960,20% off,Indianwear-Women
10763,Myshka,Solid silk v neck womens regular casual dress - green,"Size:Large,Medium,Small,X-Large,XX-Large","Rs
5999",1499,75% off,Indianwear-Women
10764,Janasya,Embroidered cotton round neck womens kurta palazzo set - pink,"Size:Small,X-Small,XX-Large","Rs
4998",1499,70% off,Indianwear-Women
10765,Haute curry,Embroidered cotton flex regular fit womens tunic - green,"Size:Large,Small,X-Small","Rs
799",399,50% off,Indianwear-Women
10766,Myshka,Printed polyester round neck womens regular kurta - pink,"Size:Large,Small,X-Large,XX-Large","Rs
1699",509,70% off,Indianwear-Women
10767,Stop,Printed mandarin collar straight fit womens kurta - light blue,"Size:S,M,L,XL,X-Small","Rs
799",399,50% off,Indianwear-Women
10768,Infuse,Printed flex mandarin neck womens a-line kurta - green,"Size:Large,Medium,Small,X-Large,X-Small","Rs
999",399,60% off,Indianwear-Women
10769,Ziyaa,Floral round neck crepe womens ethnic set - blue,"Size:Large,Medium,Small,X-Large,XX-Large,XXX-Large","Rs
3087",1080,65% off,Indianwear-Women
10770,Varanga,Printed round neck modal womens straight kurta - rust,"Size:Large,Medium,Small,X-Large,XX-Large","Rs
2999",899,70% off,Indianwear-Women
10771,W,Printed rayon blend mandarin neck womens straight fit kurta - pink,"Size:6,10","Rs
1799",899,50% off,Indianwear-Women
10772,Haute curry,Printed v-neck flex womens flared dress - grey,"Size:Large,Medium,Small,X-Large,X-Small,XX-Large","Rs
1499",749,50% off,Indianwear-Women
10773,Varanga,Round neck viscose womens ethnic set - mauve,"Size:Large,Medium,Small,X-Large,XX-Large","Rs
4199",1469,65% off,Indianwear-Women
10774,Juniper,Solid cotton mandarin womens a line kurta - yellow,Size:Large,"Rs
1699",849,50% off,Indianwear-Women
10775,Kashish,Embroidered round neck straight fit womens kurta - green,"Size:Medium,Small,X-Large,X-Small,XX-Large","Rs
1499",749,50% off,Indianwear-Women
10776,Haute curry,Embroidered flex round neck womens regular top - grey,"Size:Large,Medium,Small,X-Large,X-Small","Rs
899",449,50% off,Indianwear-Women
10777,Infuse,Embroidered chanderi round neck womens kurta - grey,"Size:Large,Medium,Small,X-Large,X-Small,XX-Large","Rs
1699",849,50% off,Indianwear-Women
10778,W,Dyed blended v neck womens calf length kurta - pink,"Size:6,8,10,12,14,16,18",Nan,2599,No Discount,Indianwear-Women
10779,W,Solid cotton regular fit womens casual straight pants - pink,"Size:6,8,12,14,16,18",Nan,1399,No Discount,Indianwear-Women
10780,W,Solid round neck cotton blend womens knee length kurta - black,"Size:6,8,10,12,14,16,18","Rs
1999",1499,25% off,Indianwear-Women
10781,Myshka,Printed polyester v neck womens dress - purple,"Size:Medium,Small,XX-Large","Rs
2499",499,80% off,Indianwear-Women
10782,Infuse,Printed round neck rayon womens regular dress - grey,"Size:Large,Medium,Small,X-Large,X-Small,XX-Large","Rs
1599",479,70% off,Indianwear-Women
10783,Myshka,Printed viscose round neck womens dress - navy,",Medium,Small,X-Large,XX-Large","Rs
3999",599,85% off,Indianwear-Women
10784,Janasya,Womens light brown poly silk kurta (jne2305) - light brown,"Size:Large,Medium,Small,X-Large,X-Small,XX-Large","Rs
1299",519,60% off,Indianwear-Women
10785,Stop,Boat neck womens kurta - lemon,"Size:S,M,L,X-Large,X-Small,XX-Large","Rs
1199",479,60% off,Indianwear-Women
10786,Juniper,Solid rayon womens regular length flared palazzo - black,"Size:Large,Medium,Small,X-Large,X-Small,XX-Large","Rs
1299",649,50% off,Indianwear-Women
10787,Varanga,Sequins stripes cotton round neck womens regular fit kurta - blue,"Size:Medium,X-Large,XX-Large","Rs
3599",1259,65% off,Indianwear-Women
10788,Haute curry,Ankle length flex woven womens pants - mint,"Size:Large,Medium,Small,X-Large",Nan,1299,No Discount,Indianwear-Women
10789,Ziyaa,Floral round neck rayon womens ethnic set - peacock,"Size:Large,Medium,Small,X-Large,XX-Large,XXX-Large","Rs
2383",953,60% off,Indianwear-Women
10790,Biba,Printed round neck a-line womens kurta - off white,"Size:34,38,40,42","Rs
1999",999,50% off,Indianwear-Women
10791,Stop,Embroidered cotton round neck womens knee length kurta set of 2 - multi,"Size:S,M,L,X-Large,X-Small,XX-Large","Rs
999",499,50% off,Indianwear-Women
10792,Stop,Printed cotton mandarin womens straight kurta - grey,"Size:XL,Large,Medium,Small,X-Small,XX-Large,XXX-Large","Rs
899",629,30% off,Indianwear-Women
10793,Juniper,Printed round neck rayon womens a-line dress - black,Size:XX-Large,"Rs
3849",1347,65% off,Indianwear-Women
10794,Juniper,Ethnic motifs mandarin collar straight fit womens kurta dupatta set - teal,"Size:Large,Medium,Small,X-Large,X-Small","Rs
1899",949,50% off,Indianwear-Women
10795,Varanga,Round neck silk blend designer womens ethnic set - pink,"Size:Large,Medium,Small,XX-Large","Rs
5999",2099,65% off,Indianwear-Women
10796,W,Collar neck viscose straight designer womens dresses - blue,"Size:8,10,12,14,16,18","Rs
1999",1499,25% off,Indianwear-Women
10797,Infuse,Fitted full length cotton lycra womens leggings - pink,"Size:Medium,Small,X-Small","Rs
499",249,50% off,Indianwear-Women
10798,W,Solid cotton flex round neck womens ethnic set - off white,"Size:8,10,12,14,16,18","Rs
4999",3749,25% off,Indianwear-Women
10799,Varanga,Womens round neck floral kurta - rust,"Size:Large,Medium,Small,X-Large,XX-Large","Rs
1999",799,60% off,Indianwear-Women
10800,Kashish,Embroidered straight fit viscose blend womens festive pants - black,"Size:Large/X-Large,Small/Medium","Rs
1299",649,50% off,Indianwear-Women
10801,Ziyaa,Printed crepe mandarin womens a line kurta - black,"Size:Large,Medium,Small,X-Large,XX-Large,XXX-Large","Rs
2139",748,65% off,Indianwear-Women
10802,Juniper,Solid polyester round neck womens straight kurta - green,"Size:Medium,X-Large","Rs
2399",959,60% off,Indianwear-Women
10803,Biba,Printed round neck flared womens kurta - coral,"Size:32,34,36,38,40,42",Nan,3599,No Discount,Indianwear-Women
10804,Janasya,V-neck silk straight fit womens kurta with pant and dupatta set - pink,"Size:Large,Medium,Small,X-Large,X-Small,XX-Large,XXX-Large","Rs
2649",1456,45% off,Indianwear-Women
10805,Suti,Printed cotton round neck womens straight kurti - olive,"Size:Large,Medium,Small,X-Large,X-Small","Rs
1299",1039,20% off,Indianwear-Women
10806,Haute curry,Shirt collar denim regular womens dress - indigo,"Size:Large,Medium,Small,X-Large,X-Small,XX-Large",Nan,1799,No Discount,Indianwear-Women
10807,Haute curry,Printed rayon round neck womens regular top - natural,"Size:Large,Medium,Small,X-Large,X-Small,XX-Large","Rs
799",399,50% off,Indianwear-Women
10808,Haute curry,Embroidered denim regular fit womens denim top - light blue,"Size:Large,Medium,Small,X-Large,X-Small,XX-Large","Rs
1299",649,50% off,Indianwear-Women
10809,Stop,Printed rayon mandarin womens knee length kurta - natural,"Size:S,M,L,X-Large,X-Small,XX-Large,XXX-Large","Rs
799",559,30% off,Indianwear-Women
10810,Juniper,Floral cambric round neck womens jacket style kurta with mask - grey,"Size:Large,Medium,Small,X-Large,XX-Large","Rs
2499",999,60% off,Indianwear-Women
10811,W,Solid round neck viscose womens calf length kurta - wine,"Size:6,8,10,12,14,16,18",Nan,1999,No Discount,Indianwear-Women
10812,Myshka,Solid cotton square neck womens kurta palazzo set - red,",Medium,X-Large,XX-Large","Rs
3999",1199,70% off,Indianwear-Women
10813,Infuse,Printed cotton mandarin neck womens a-line kurta - green,"Size:Large,Small,X-Large,X-Small","Rs
999",399,60% off,Indianwear-Women
10814,Yuris,Floral cotton round neck womens straight fit kurta - white,"Size:Large,Medium,Small,X-Large,XX-Large,XXX-Large","Rs
1999",599,70% off,Indianwear-Women
10815,Stop,Printed mandarin collar a line fit womens kurta - blue,"Size:S,M,L,XL,X-Small,XX-Large","Rs
1299",649,50% off,Indianwear-Women
10816,Aurelia,Printed round neck straight womens kurta - mustard,Size:Medium,"Rs
1049",524,50% off,Indianwear-Women
10817,Aurelia,Yarn dyed band with v straight womens kurta - pink,"Size:Large,Medium,Small,X-Large,X-Small,XX-Large","Rs
999",499,50% off,Indianwear-Women
10818,Ziyaa,Solid mandarin polyester womens ethnic set - cream,"Size:Large,Medium,Small,X-Large,XX-Large,XXX-Large","Rs
3552",1243,65% off,Indianwear-Women
10819,Stop,Printed cotton mandarin womens knee length kurta - indigo,"Size:XL,Large,Medium,Small,X-Small,XX-Large,XXX-Large",Nan,899,No Discount,Indianwear-Women
10820,Biba,Solid cotton mandarin womens salwar kurta dupatta set - pink,"Size:32,34,36,38,40,42",Nan,3799,No Discount,Indianwear-Women
10821,Juniper,Printed rayon round neck womens tiered dress - blue,"Size:Medium,X-Large","Rs
2799",979,65% off,Indianwear-Women
10822,Aurelia,Printed polyester round neck womens flared dress - purple,"Size:Large,Medium,Small,X-Large,X-Small,XX-Large",Nan,2999,No Discount,Indianwear-Women
10823,Biba,Printed round neck viscose womens kurta pants set - multi,"Size:34,36,38,40,42","Rs
3999",2399,40% off,Indianwear-Women
10824,Juniper,Printed rayon v neck womens flared dress - olive,"Size:Large,Medium,Small,X-Large","Rs
2999",1499,50% off,Indianwear-Women
10825,Myshka,Printed silk blend round neck womens regular kurta - mustard,"Size:Medium,Small,X-Large,XX-Large","Rs
2999",899,70% off,Indianwear-Women
10826,Haute curry,Printed shirt collar regular womens tunics & tops - teal,"Size:Large,Medium,Small,X-Large,X-Small,XX-Large","Rs
899",449,50% off,Indianwear-Women
10827,Myshka,Solid cotton mandarin womens kurta palazzo set - green,"Size:Large,Medium,Small,X-Large,XX-Large","Rs
4999",1249,75% off,Indianwear-Women
10828,Aurelia,Printed chanderi round neck womens ethnic set - pink,"Size:Large,Medium,Small,X-Large,XX-Large","Rs
4699",3289,30% off,Indianwear-Women
10829,Juniper,Printed chanderi round neck womens flared dress - coral,"Size:Large,Medium,Small,X-Large","Rs
3799",1519,60% off,Indianwear-Women
10830,Haute curry,Printed rayon round neck womens straight flared top - yellow,"Size:Large,Medium,Small,X-Large,X-Small","Rs
699",349,50% off,Indianwear-Women
10831,Infuse,Fitted full length cotton lycra womens leggings - mustard,"Size:Large,Small,X-Small","Rs
499",249,50% off,Indianwear-Women
10832,Biba,Printed cotton round neck womens salwar kurta dupatta set - pink,"Size:32,34,36,38,40,42",Nan,3299,No Discount,Indianwear-Women
10833,Infuse,Embroidered polyester womens full length palazzos - natural,"Size:2XL/3XL,Large/X-Large,Small/Medium","Rs
1399",419,70% off,Indianwear-Women
10834,Varanga,Gotta patti embellished cotton round neck womens regular fit kurta - navy,"Size:Large,Medium,Small,X-Large,XX-Large","Rs
3299",989,70% off,Indianwear-Women
10835,Biba,Printed round neck cotton womens kurta palazzo set - white,"Size:36,38","Rs
4995",3496,30% off,Indianwear-Women
10836,Biba,Printed polyester cotton round neck womens salwar kurta dupatta set - peach,"Size:34,36,38",Nan,5995,No Discount,Indianwear-Women
10837,Infuse,Fitted full length cotton lycra womens leggings - fuchsia,"Size:Large,Small,X-Small","Rs
499",249,50% off,Indianwear-Women
10838,Biba,Yarndyed round neck straight fit womens kurta - ecru,"Size:34,36,38","Rs
2999",2099,30% off,Indianwear-Women
10839,Ira soleil,Embellished chiffon womens full length palazzo - black,"Size:Large,Small,X-Large",Nan,1399,No Discount,Indianwear-Women
10840,Haute curry,Solid rayon regular fit womens tunic - olive,"Size:Large,Medium,Small,X-Large,X-Small,XX-Large","Rs
799",399,50% off,Indianwear-Women
10841,Haute curry,Womens regular fit printed tunic - natural,"Size:Large,Medium,Small,X-Large,X-Small,XX-Large","Rs
899",449,50% off,Indianwear-Women
10842,Juniper,Printed mandarin rayon womens peplum top palazzo set - mustard,"Size:Large,Medium,Small,X-Large","Rs
2899",1739,40% off,Indianwear-Women
10843,Stop,Womens printed knee length casual wear kurta - pink,"Size:S,M,XL,X-Small,XX-Large,XXX-Large","Rs
799",399,50% off,Indianwear-Women
10844,Kashish,Embroidered mandarian collar a-line fit womens kurta - red,"Size:Large,Medium,Small,X-Large,X-Small,XX-Large","Rs
1799",899,50% off,Indianwear-Women
10845,Juniper,Womens indigo cambric placement printed tiered ethnic dress - indigo,"Size:Large,Medium,Small,X-Large,XX-Large","Rs
2899",1449,50% off,Indianwear-Women
10846,Juniper,Solid rayon womens regular length flared palazzo - gold,"Size:Large,Medium,Small,X-Large,X-Small,XX-Large","Rs
1299",649,50% off,Indianwear-Women
10847,Yuris,Abstract cotton mandarin womens regular kurta - multi,"Size:Small,X-Large","Rs
1499",599,60% off,Indianwear-Women
10848,Suti,Printed rayon mandarin womens regular kurti - black,"Size:Large,Medium,X-Large,X-Small","Rs
1899",1519,20% off,Indianwear-Women
10849,Janasya,Womens dark blue poly crepe kurta (jne3363) - blue,"Size:Large,Medium,Small,X-Large,XX-Large","Rs
1299",519,60% off,Indianwear-Women
10850,Stop,Solid straight fit polyester womens casual wear palazzo - silver grey,"Size:2XL/3XL,Large/X-Large,Small/Medium","Rs
899",359,60% off,Indianwear-Women
10851,Varanga,Sequins halter neck silk blend designer womens ethnic set - rust,"Size:Large,Small,X-Large,XX-Large","Rs
6799",2039,70% off,Indianwear-Women
10852,Ziyaa,Printed round neck rayon womens ethnic set - brown,"Size:Large,Medium,Small,X-Large,XX-Large,XXX-Large","Rs
2138",855,60% off,Indianwear-Women
10853,Haute curry,Embroidered crepe womens casual flared dress - green,"Size:Large,Medium,Small,X-Large,X-Small,XX-Large","Rs
1499",749,50% off,Indianwear-Women
10854,Juniper,Embroidered chanderi round neck womens flared dress - olive,"Size:Large,Medium,Small,X-Large","Rs
3799",1709,55% off,Indianwear-Women
10855,Varanga,Printed round neck cotton womens straight kurta - peach,"Size:Large,Small","Rs
2999",899,70% off,Indianwear-Women
10856,Infuse,Embroidered cotton round neck womens straight fit kurta - teal,"Size:Large,Medium,Small,X-Large","Rs
999",399,60% off,Indianwear-Women
10857,Haute curry,Solid & embroidered round neck regular womens tunics & tops - navy,"Size:Large,Medium,Small,X-Large,X-Small,XX-Large","Rs
899",449,50% off,Indianwear-Women
10858,Aurelia,Dyed cotton womens straight kurta - peach,"Size:Large,Medium,Small,X-Large,X-Small,XX-Large",Nan,999,No Discount,Indianwear-Women
10859,Stop,Yarn dyed mandarin collar a line fit womens kurta - grey,"Size:S,M,L,XL,X-Small","Rs
1299",649,50% off,Indianwear-Women
10860,Myshka,Solid crepe round neck womens kurta palazzo set - pink,",Medium,Small,X-Large,XX-Large","Rs
4999",1249,75% off,Indianwear-Women
10861,Biba,Printed polyester meta round neck womens palazzo kurta dupatta set - dark green,"Size:34,36,38","Rs
4595",3216,30% off,Indianwear-Women
10862,Juniper,Printed cotton round neck womens kurta palazzo set - green,"Size:Large,Medium,Small,X-Large,XX-Large","Rs
4199",1469,65% off,Indianwear-Women
10863,Stop,Printed boat neck straight fit womens kurta - peach,"Size:S,M,L,X-Large,X-Small,XX-Large","Rs
999",499,50% off,Indianwear-Women
10864,Ziyaa,Printed mandarin rayon womens ethnic set - mustard,"Size:Large,Medium,Small,X-Large,XX-Large,XXX-Large","Rs
2212",884,60% off,Indianwear-Women
10865,Myshka,Printed cotton blend round neck womens kurta palazzo set - peach,",Medium,Small,X-Large,XX-Large","Rs
6499",1624,75% off,Indianwear-Women
10866,Juniper,Solid cotton dobby mandarin womens a-line kurta - pink,Size:Small,"Rs
1999",999,50% off,Indianwear-Women
10867,Infuse,Solid straight fit cotton lycra womens casual wear pants - grey,"Size:Medium,Small,X-Small","Rs
899",449,50% off,Indianwear-Women
10868,Ziyaa,Floral mandarin polyester womens salwar kurta and dupatta set - blue,"Size:Large,Medium,Small,X-Large,XX-Large,XXX-Large","Rs
2912",1310,55% off,Indianwear-Women
10869,Varanga,Womens round neck embroidered kurta - pink,"Size:Small,X-Large","Rs
1799",809,55% off,Indianwear-Women
10870,Biba,Printed round neck a-line womens kurti - multi,"Size:32,34,36,38,40,42","Rs
1799",899,50% off,Indianwear-Women
10871,Yuris,Ethnic motifs key hole neck cotton womens kurta set - multi,Size:Small,"Rs
4299",1504,65% off,Indianwear-Women
10872,Haute curry,Regular fit calf length cotton womens casual skirt - light blue,"Size:Large,Medium,Small,X-Large","Rs
1299",649,50% off,Indianwear-Women
10873,Jack and jones,Polyester regular lace up mens sneakers - white,"Size:40,41,42,43,44,45","Rs
2999",2399,20% off,Indianwear-Women
10874,Juniper,Embroidered cotton round neck womens flared dress - white,"Size:Large,Medium,Small,X-Large","Rs
2999",1499,50% off,Indianwear-Women
10875,Kashish,Embroidered v neck straight fit womens kurta - yellow,"Size:Large,Medium,Small,X-Large,X-Small,XX-Large,XXX-Large","Rs
1599",799,50% off,Indianwear-Women
10876,Stop,Solid flared fit rayon womens casual wear palazzo - fuschia,"Size:Large/X-Large,Small/Medium,XX-Large/XXX-Large","Rs
799",319,60% off,Indianwear-Women
10877,Ziyaa,Printed round neck rayon womens ethnic set - peacock,"Size:Large,Medium,Small,X-Large,XX-Large,XXX-Large","Rs
2178",871,60% off,Indianwear-Women
10878,Janasya,Cotton womens tunic - red,"Size:Large,Medium,Small,X-Large,XX-Large,XXX-Large","Rs
1499",749,50% off,Indianwear-Women
10879,Sanaa,Printed rayon round neck womens kurti - black,"Size:Large,Medium,Small,X-Large,XX-Large","Rs
1699",849,50% off,Indianwear-Women
10880,Kashish,Embroidered round neck straight fit womens kurta - rust,"Size:Large,Medium,Small,X-Large,X-Small,XX-Large","Rs
2499",1249,50% off,Indianwear-Women
10881,Stop,Boat neck womens kurta - baby pink,"Size:S,M,L,X-Large,X-Small,XX-Large","Rs
1199",479,60% off,Indianwear-Women
10882,W,Solid polyester round neck womens ethnic set - coral,"Size:6,8,10,12,14,16,18",Nan,6999,No Discount,Indianwear-Women
10883,Biba,Printed round neck flared womens kurta - indigo,"Size:34,36,40,42","Rs
2599",2079,20% off,Indianwear-Women
10884,Juniper,Mandarin collar cambric cotton flex womens ethnic set - blue,"Size:Large,Medium,Small,X-Large,XX-Large","Rs
4847",1938,60% off,Indianwear-Women
10885,Juniper,Womens fuschia chanderi gold foil print a-line kurta with micro poly lining - fuschia,"Size:Large,Medium,Small,X-Large,XX-Large","Rs
1899",759,60% off,Indianwear-Women
10886,Amukti,Floral mandarin regular fit womens tunic - white,Size:Medium,"Rs
699",489,30% off,Indianwear-Women
10887,Aurelia,Yarn dyed cotton round neck womens straight kurta - green,"Size:Medium,Small,X-Large,X-Small,XX-Large","Rs
1099",769,30% off,Indianwear-Women
10888,Biba,Printed band collar polyester womens flared dress - grey,"Size:34,36,38,40","Rs
2999",1799,40% off,Indianwear-Women
10889,Stop,Printed cotton mandarin womens straight kurta - lemon,"Size:XL,Large,Medium,Small,X-Small,XX-Large,XXX-Large","Rs
799",559,30% off,Indianwear-Women
10890,Myshka,Printed cotton blend square neck womens dress - multi,"Size:Large,Medium,Small","Rs
2999",899,70% off,Indianwear-Women
10891,Stop,Solid straight fit polyester womens casual wear palazzo - navy,"Size:2XL/3XL,Large/X-Large,Small/Medium","Rs
899",359,60% off,Indianwear-Women
10892,Stop,Printed mandarin collar straight fit womens kurta - peach,"Size:S,M,L,X-Large,X-Small,XX-Large,XXX-Large","Rs
799",399,50% off,Indianwear-Women
10893,Kashish,Embroidered mandarin viscose blend womens ethnic set - peach,"Size:Large,Medium,Small,X-Large,X-Small,XX-Large","Rs
3799",1899,50% off,Indianwear-Women
10894,Biba,Printed round neck cotton womens kurta palazzo set - yellow,"Size:32,34,36,38,42",Nan,6500,No Discount,Indianwear-Women
10895,Varanga,Embroidered silk blend round neck womens ethnic set - yellow,"Size:Large,Medium,Small,X-Large,XX-Large",Nan,1799,No Discount,Indianwear-Women
10896,Biba,Printed polyester round neck womens salwar kurta dupatta set - yellow,"Size:32,34,36,38","Rs
3999",2399,40% off,Indianwear-Women
10897,Varanga,Womens mandarin collar solid kurta - black,"Size:Large,Small,X-Large,XX-Large","Rs
1399",699,50% off,Indianwear-Women
10898,Infuse,Solid straight fit cotton lycra womens casual wear pants - pink,"Size:Medium,Small,X-Large,X-Small","Rs
899",449,50% off,Indianwear-Women
10899,Infuse,Embroidered chanderi round neck womens kurta - peach,"Size:Large,Medium,Small,X-Large,X-Small,XX-Large","Rs
1699",849,50% off,Indianwear-Women
10900,Global desi,Self design cotton blend square neck womens straight top - blue,"Size:XL,Medium,Small,X-Small","Rs
1999",999,50% off,Indianwear-Women
10901,Biba,Printed polyester round neck womens palazzo kurta dupatta set - multi,"Size:34,36,38","Rs
3999",2399,40% off,Indianwear-Women
10902,Biba,Printed boat neck polyester womens kurta palazzo - natural,"Size:34,38,42","Rs
2999",1799,40% off,Indianwear-Women
10903,Janasya,Embroidered rayon mandarin womens slub top - yellow,"Size:Large,Medium,Small,X-Large,X-Small,XX-Large,XXX-Large","Rs
2179",871,60% off,Indianwear-Women
10904,Infuse,Solid rayon womens full length palazzos - mustard,"Size:Large/X-Large,Small/Medium","Rs
799",319,60% off,Indianwear-Women
10905,Biba,Solid round neck rayon womens kurta pants - peacock,"Size:32,34,36,38,40,42","Rs
2599",1819,30% off,Indianwear-Women
10906,Myshka,Solid silk round neck womens gown - pink,",Medium,Small,X-Large,XX-Large","Rs
6499",1624,75% off,Indianwear-Women
10907,Biba,Womens off white poly cotton short kurti - off white,Size:38,"Rs
1999",999,50% off,Indianwear-Women
10908,Juniper,Womens black shatoon foil printed lehenga with foil printed blouse - black,"Size:Large,Medium,Small,X-Large,X-Small","Rs
5048",2524,50% off,Indianwear-Women
10909,Juniper,Ethnic motifs mandarin neck cambric womens tiered dresses with mask - pista green,"Size:Large,Medium,X-Large,X-Small,XX-Large","Rs
3499",1574,55% off,Indianwear-Women
10910,Myshka,Solid cotton round neck womens regular kurta - green,"Size:X-Large,XX-Large","Rs
4999",749,85% off,Indianwear-Women
10911,Kashish,Embroidered mandarian collar a-line fit womens kurta - lilac,"Size:Large,Medium,Small,X-Small","Rs
1999",999,50% off,Indianwear-Women
10912,Infuse,Embroidered chanderi round neck womens kurta - cream,"Size:Large,Medium,Small,X-Large,X-Small,XX-Large","Rs
1999",999,50% off,Indianwear-Women
10913,Stop,Womens regular fit printed kurta - blue,"Size:S,M,L,XL,X-Small,XX-Large","Rs
799",399,50% off,Indianwear-Women
10914,Haute curry,Printed v neck regular womens tunics & tops - purple,"Size:Large,Medium,Small,X-Large,X-Small,XX-Large","Rs
999",499,50% off,Indianwear-Women
10915,Juniper,Mandarin neck rayon a-line womens salwar kurta dupatta set - grey,"Size:Large,Medium,Small,X-Large,X-Small,XX-Large","Rs
3646",2187,40% off,Indianwear-Women
10916,Sanaa,Printed blended mandarin womens kurti - mustard,"Size:Large,Medium,Small,X-Large,XX-Large","Rs
1399",699,50% off,Indianwear-Women
10917,Juniper,Embroidered cotton mandarin womens a line tunic - white,"Size:Large,Medium,Small","Rs
1699",764,55% off,Indianwear-Women
10918,Ziyaa,Printed mandarin rayon womens ethnic set - navy,"Size:Large,Medium,Small,X-Large,XX-Large,XXX-Large","Rs
4137",1447,65% off,Indianwear-Women
10919,Indya,Geometric viscose v neck womens kurta - maroon,"Size:Large,Medium,Small,X-Large,X-Small,XX-Large","Rs
2200",1100,50% off,Indianwear-Women
10920,Myshka,Printed cotton round neck womens top - multi,"Size:Large,Medium,Small,X-Large,XX-Large","Rs
1899",569,70% off,Indianwear-Women
10921,Infuse,Solid rayon womens full length palazzos - navy,"Size:Large/X-Large,Small/Medium","Rs
799",319,60% off,Indianwear-Women
10922,Kashish,Embroidered round neck straight fit womens kurta - green,"Size:Large,Medium,Small,X-Large,X-Small,XX-Large,XXX-Large","Rs
1599",799,50% off,Indianwear-Women
10923,Juniper,Printed silk blend calf length womens straight fit kurta - black,"Size:Small,X-Small","Rs
2098",629,70% off,Indianwear-Women
10924,Varanga,Embroidered silk blend v neck womens ethnic set - mustard,"Size:Large,Medium,Small,XX-Large","Rs
5999",2099,65% off,Indianwear-Women
10925,Stop,Printed mandarin collar straight womens kurta - yellow,"Size:S,M,L,X-Small","Rs
799",399,50% off,Indianwear-Women
10926,Indya,Shraddha kapoor for indya lavender chikankari back tie crop top - purple,"Size:Large,Medium,Small,X-Large,X-Small,XX-Large","Rs
1700",850,50% off,Indianwear-Women
10927,Indya,Womens pink mukaish foil ruffled sari skirt - pink,"Size:Large,Medium,Small,X-Large,X-Small,XX-Large","Rs
1577",788,50% off,Indianwear-Women
10928,Varanga,Embroidered round neck silk blend womens ethnic set - pink,"Size:Large,Medium,Small,X-Large,XX-Large","Rs
8999",3149,65% off,Indianwear-Women
10929,W,Printed cotton round neck womens calf length kurta - blue,"Size:8,10,18","Rs
1799",1079,40% off,Indianwear-Women
10930,Haute curry,Womens cotton mandarin collar straight fit tops & tunics - mustard,"Size:Large,Medium,Small,X-Large,X-Small,XX-Large","Rs
899",449,50% off,Indianwear-Women
10931,Stop,V neck womens kurta - teal,"Size:S,M,L,X-Large,X-Small,XX-Large","Rs
1199",599,50% off,Indianwear-Women
10932,Varanga,Stripes round neck silk blend womens ethnic set - red,"Size:Large,Medium,Small,X-Large","Rs
8999",3149,65% off,Indianwear-Women
10933,Aurelia,Printed viscose womens festive palazzo - green,"Size:Large,Medium,Small,X-Large,XX-Large","Rs
1999",1399,30% off,Indianwear-Women
10934,Janasya,Womens white cotton kurta (jne3440) - white,"Size:Large,Medium,Small,X-Large,X-Small,XX-Large,XXX-Large","Rs
1199",659,45% off,Indianwear-Women
10935,Stop,Printed mandarin collar straight fit womens kurta - brown,"Size:S,M,L,X-Small,XXX-Large","Rs
799",399,50% off,Indianwear-Women
10936,Janasya,Floral mandarin regular fit womens kurta - black,"Size:Small,X-Small,XX-Large,XXX-Large","Rs
2049",819,60% off,Indianwear-Women
10937,Aurelia,Solid cotton blend band with v womens kurta set - peach,"Size:Large,Medium,Small,X-Large,X-Small","Rs
2999",2099,30% off,Indianwear-Women
10938,Infuse,Printed rayon round neck womens tunic - maroon,"Size:Large,Medium,Small,X-Large,X-Small,XX-Large","Rs
1499",749,50% off,Indianwear-Women
10939,Haute curry,Solid v neck regular womens tunics & tops - peach,"Size:Large,Medium,Small,X-Large,X-Small,XX-Large","Rs
699",349,50% off,Indianwear-Women
10940,Global desi,Geometric viscose round neck womens regular top - black,"Size:XL,Large,Medium,Small,X-Small,XX-Large","Rs
1699",1359,20% off,Indianwear-Women
10941,Global desi,Round neck straight womens kurta - pink,"Size:XL,Large,Medium,Small,X-Small,XX-Large","Rs
2099",1679,20% off,Indianwear-Women
10942,Ziyaa,Printed round neck polyester womens salwar kurta and dupatta set - green,"Size:Large,Medium,Small,X-Large,XX-Large,XXX-Large","Rs
3500",1400,60% off,Indianwear-Women
10943,Ziyaa,Printed round neck polyester womens ethnic set - green,"Size:Large,Medium,Small,X-Large,XX-Large,XXX-Large","Rs
2943",1030,65% off,Indianwear-Women
10944,Indya,Regular ankle length georgette womens lehenga skirt - blue,"Size:Large,Medium,Small,X-Large,X-Small","Rs
3400",1700,50% off,Indianwear-Women
10945,Ziyaa,Printed mandarin crepe womens ethnic set - pink,"Size:Large,Medium,Small,X-Large,XX-Large,XXX-Large","Rs
2448",856,65% off,Indianwear-Women
10946,Kashish,Embroidered viscose blend mandarin womens ethnic set - sea green,"Size:Large,Medium,Small,X-Large,X-Small,XX-Large",Nan,3299,No Discount,Indianwear-Women
10947,Yuris,Gotta patti round neck cotton womens kurta palazzo set - teal,"Size:Medium,Small","Rs
3999",1399,65% off,Indianwear-Women
10948,Stop,Full length cotton lycra knitted womens churidar - pink,"Size:S,M,L,XL,XX-Large","Rs
499",349,30% off,Indianwear-Women
10949,Myshka,Printed cotton round neck womens dress - pink,",X-Large,XX-Large","Rs
2999",749,75% off,Indianwear-Women
10950,Janasya,Womens mustard poly crepe kurta (jne3462) - mustard,"Size:Large,Medium,Small,X-Large,XX-Large","Rs
1599",559,65% off,Indianwear-Women
10951,Kami kubi,Floral cotton mandarin womens straight kurta - navy,"Size:Large,Medium,Small,X-Large,X-Small","Rs
1999",899,55% off,Indianwear-Women
10952,Infuse,Fitted full length cotton lycra womens churidar - red,"Size:Large,Medium,Small","Rs
499",299,40% off,Indianwear-Women
10953,Juniper,Bandhni print georgette round neck high low womens tunic - peach,"Size:Large,Medium,Small,X-Large,X-Small","Rs
1999",799,60% off,Indianwear-Women
10954,Juniper,Printed cotton boat neck womens tiered top - black,Size:XX-Large,"Rs
3099",929,70% off,Indianwear-Women
10955,Varanga,Round neck womens kurta - blue,"Size:Large,Medium,Small","Rs
1499",824,45% off,Indianwear-Women
10956,Juniper,Floral mandarin collar cambric cotton voile womens flared dress - black,"Size:Large,Medium,Small,X-Large","Rs
4048",1821,55% off,Indianwear-Women
10957,Haute curry,Solid round neck regular womens tunics & tops - blue,"Size:Large,Medium,Small,X-Large,X-Small,XX-Large","Rs
699",349,50% off,Indianwear-Women
10958,Myshka,Solid cotton round neck womens kurta palazzo set - navy,",Medium,Small,X-Large,XX-Large","Rs
3999",1199,70% off,Indianwear-Women
10959,W,Solid cotton blend regular fit womens slim pants - blue,"Size:6,8,10,12,14,16,18",Nan,1399,No Discount,Indianwear-Women
10960,Myshka,Printed cotton v neck womens dress - multi,"Size:Large,Medium,Small,X-Large,XX-Large","Rs
1999",599,70% off,Indianwear-Women
10961,Biba,Printed viscose shirt collar womens palazzo kurta dupatta set - blue,"Size:32,34,40,42","Rs
3999",2799,30% off,Indianwear-Women
10962,Stop,Solid straight fit cotton lycra womens all occasions pants - maroon,"Size:S,M,L,XL",Nan,599,No Discount,Indianwear-Women
10963,Juniper,Printed silk blend calf length womens straight fit kurta - green,"Size:Large,Medium,Small,X-Large,XX-Large","Rs
2098",944,55% off,Indianwear-Women
10964,Juniper,Floral rayon round neck womens a-line kurta - yellow,"Size:Large,Medium,Small,X-Large,XX-Large","Rs
2299",804,65% off,Indianwear-Women
10965,Juniper,Womens beige chanderi embellished layered anarkali kurta with poly crepe lining - natural,"Size:Large,Medium,Small,X-Large,XX-Large","Rs
2999",1949,35% off,Indianwear-Women
10966,Juniper,Ethnic motifs mandarin neck cambric womens tiered dresses with mask - cream,"Size:Large,Medium,Small,X-Large,XX-Large","Rs
2499",999,60% off,Indianwear-Women
10967,Global desi,Floral viscose v neck womens flared kurta - pink,"Size:XL,Large,Medium,Small,X-Small,XX-Large","Rs
2499",1999,20% off,Indianwear-Women
10968,W,Womens flared printed round neck dress - green,"Size:6,8,10,12,14,16","Rs
4299",2149,50% off,Indianwear-Women
10969,Ziyaa,Floral collar neck rayon womens ethnic set - black,"Size:Large,Medium,Small,X-Large,XX-Large,XXX-Large","Rs
4027",1409,65% off,Indianwear-Women
10970,Stop,Embroidered round neck straight fit womens kurta - fuschia,"Size:S,M,L,X-Large,X-Small,XX-Large","Rs
799",399,50% off,Indianwear-Women
10971,Ziyaa,Floral round neck polyester womens ethnic set - green,"Size:Large,Medium,Small,X-Large,XX-Large,XXX-Large","Rs
2528",1011,60% off,Indianwear-Women
10972,Stop,Embroidered rayon round neck womens regular tunic - lime green,"Size:XL,Large,Medium,Small,XX-Large","Rs
1499",749,50% off,Indianwear-Women
10973,Juniper,Womens black georgette printed anarkali kurta with poly crepe straight palazzo - black,"Size:Large,Medium,Small,X-Large,X-Small","Rs
4499",2699,40% off,Indianwear-Women
10974,Ziyaa,Floral round neck polyester womens salwar kurta and dupatta set - grey,"Size:Large,Medium,Small,X-Large,XX-Large,XXX-Large","Rs
4001",1600,60% off,Indianwear-Women
10975,Suti,Printed cotton womens a line kurti - indigo,"Size:Large,Medium,Small,X-Large,X-Small","Rs
1899",1519,20% off,Indianwear-Women
10976,W,Printed cambric round neck womens ethnic set - grey,"Size:6,8,10,12,14,16,18","Rs
4999",3749,25% off,Indianwear-Women
10977,Myshka,Solid rayon womens regular length palazzo - black,"Size:Large,Medium,Small,X-Large,XX-Large","Rs
1499",449,70% off,Indianwear-Women
10978,Biba,Printed polyester womens churidar kurta dupatta set - terracotta,"Size:36,42","Rs
4595",3216,30% off,Indianwear-Women
10979,Varanga,Printed silk blend round neck womens ethnic set - fuchsia,"Size:Large,Small,X-Large",Nan,2099,No Discount,Indianwear-Women
10980,Global desi,Solid viscose round neck womens straight top - rose,"Size:XL,Large,Medium,Small,X-Small","Rs
1599",1039,35% off,Indianwear-Women
10981,Stop,Solid mandarin collar a line fit womens kurta - maroon,"Size:S,M,L,X-Large,X-Small","Rs
1299",649,50% off,Indianwear-Women
10982,Stop,Embroidered round neck straight fit womens kurta - navy,"Size:S,M,L,X-Large,X-Small,XX-Large","Rs
799",399,50% off,Indianwear-Women
10983,Infuse,Printed cotton mandarin neck womens a-line kurta - brown,"Size:Small,X-Small","Rs
999",399,60% off,Indianwear-Women
10984,W,Print mandarin neck rayon flex womens kurta - white,Size:14,"Rs
2299",1149,50% off,Indianwear-Women
10985,Janasya,Printed polyester blend v-neck womens wrap kurta - peacock,"Size:Medium,Small,X-Small,XX-Large","Rs
1599",879,45% off,Indianwear-Women
10986,Biba,Printed cotton v-neck womens salwar kurta dupatta set - bluesteel,"Size:32,34,36,38,40,42","Rs
4899",3429,30% off,Indianwear-Women
10987,W,Printed viscose round neck womens straight kurta - red,"Size:6,8,10,12,14,16,18",Nan,1799,No Discount,Indianwear-Women
10988,Janasya,Printed crepe round neck womens straight fit kurta - peacock,"Size:Large,Medium,Small,X-Large,XX-Large,XXX-Large","Rs
1269",634,50% off,Indianwear-Women
10989,Biba,Printed round neck cotton womens kurta palazzo - black,"Size:32,34,36,42","Rs
3999",2799,30% off,Indianwear-Women
10990,Juniper,Womens gold cotton solid straight pants with side pocket - gold,"Size:Large,Medium,Small,X-Large,X-Small,XX-Large","Rs
1599",719,55% off,Indianwear-Women
10991,Juniper,Womens mustard taffeta silk foil print lehenga choli set with satin lining & cancan - mustard,"Size:Large,Medium,Small,X-Large,X-Small","Rs
4200",2100,50% off,Indianwear-Women
10992,Stop,Embroidered round neck straight fit womens kurta - coral,"Size:M,L,X-Large,X-Small,XX-Large","Rs
799",399,50% off,Indianwear-Women
10993,Infuse,Floral round neck regular fit womens tunic - yellow,"Size:Large,Medium,Small,X-Large,X-Small,XX-Large","Rs
1499",749,50% off,Indianwear-Women
10994,Suti,Printed cotton v neck womens straight kurti - indigo,"Size:Large,Medium,Small,X-Small","Rs
1399",1119,20% off,Indianwear-Women
10995,Varanga,Womens round neck embellished kurta - maroon,"Size:Large,Medium,Small,X-Large,XX-Large","Rs
1999",899,55% off,Indianwear-Women
10996,Varanga,Printed cotton round neck womens straight fit kurta - pink,"Size:Large,Medium,Small,X-Large,XX-Large","Rs
2799",839,70% off,Indianwear-Women
10997,Stop,Full length cotton lycra knitted womens churidar - off white,"Size:S,M,L,X-Large,XX-Large","Rs
499",349,30% off,Indianwear-Women
10998,Biba,Printed round neck cotton womens kurta palazzo set - multi,"Size:32,34,36,38,40","Rs
5995",4196,30% off,Indianwear-Women
10999,Myshka,Printed cotton round neck womens dress - navy,"Size:Small,X-Large,XX-Large","Rs
2199",659,70% off,Indianwear-Women
11000,Ziyaa,Floral round neck rayon womens ethnic set - pink,"Size:Large,Medium,Small,X-Large,XX-Large,XXX-Large","Rs
2663",1065,60% off,Indianwear-Women
11001,Haute curry,Printed rayon round neck womens regular top - grey,"Size:Large,Medium,Small,X-Large,X-Small,XX-Large","Rs
799",399,50% off,Indianwear-Women
11002,Biba,Rayon woven womens palazzo - pink,"Size:Large,Medium,Small,X-Large","Rs
1299",1039,20% off,Indianwear-Women
11003,Haute curry,Embroidered cotton v-neck womens a-line assymetrical tunic - lime green,"Size:Large,Medium,Small,X-Large,X-Small,XX-Large","Rs
899",449,50% off,Indianwear-Women
11004,W,Solid cotton round neck womens calf length kurta - off white,"Size:6,8,10,12,14,16,18",Nan,1999,No Discount,Indianwear-Women
11005,Janasya,Poly silk womens kurta with pant and dupatta set - gold,"Size:Large,Medium,Small,X-Large,X-Small,XX-Large","Rs
2799",1399,50% off,Indianwear-Women
11006,Infuse,Printed round neck rayon womens regular dress - green,"Size:Large,Medium,Small,X-Large,X-Small,XX-Large","Rs
1599",479,70% off,Indianwear-Women
11007,Yuris,Stripes cotton mandarin womens regular kurta - multi,"Size:Medium,Small,XX-Large","Rs
1349",674,50% off,Indianwear-Women
11008,W,Checks cotton linen shirt collar womens tops & tunics - ecru,"Size:8,14","Rs
1699",849,50% off,Indianwear-Women
11009,Janasya,Womens red poly crepe kurta (jne3417) - red,"Size:Large,Medium,Small,X-Large,XX-Large","Rs
1199",479,60% off,Indianwear-Women
11010,Myshka,Printed round neck womens kurti - multi,",Medium,Small,X-Large,XX-Large","Rs
2499",749,70% off,Indianwear-Women
11011,Kashish,Embroidered round neck straight fit womens kurta - navy,"Size:Large,Medium,Small,X-Large,X-Small,XX-Large,XXX-Large","Rs
1599",799,50% off,Indianwear-Women
11012,W,Printed cotton round neck womens ethnic set - green,"Size:6,8,10,16","Rs
3999",2999,25% off,Indianwear-Women
11013,Kashish,Solid v neck a-line fit womens kurta - navy,"Size:Large,Medium,Small,X-Large,X-Small,XX-Large","Rs
1799",899,50% off,Indianwear-Women
11014,Sanaa,Printed rayon mandarin womens kurti - navy,"Size:Large,Medium,Small,X-Large,XX-Large","Rs
1299",649,50% off,Indianwear-Women
11015,Biba,Printed round neck rayon flax womens kurta - multi,"Size:32,34,36,38,40","Rs
3599",2879,20% off,Indianwear-Women
11016,Sanaa,Printed polyester mandarin womens kurti - black,"Size:Large,Medium,Small,X-Large,XX-Large","Rs
1599",799,50% off,Indianwear-Women
11017,Myshka,Embroidered rayon v neck womens regular kurta - black,"Size:Large,Medium,Small,X-Large,XX-Large","Rs
5999",1199,80% off,Indianwear-Women
11018,Varanga,Printed cotton round neck womens ethnic set - pink,"Size:Large,Medium,Small,X-Large,XX-Large","Rs
4999",1749,65% off,Indianwear-Women
11019,Haute curry,Embroidered rayon regular fit womens tunic - navy,"Size:Large,Medium,Small,X-Large,X-Small,XX-Large","Rs
999",499,50% off,Indianwear-Women
11020,Kashish,Embroidered mandarian collar straight womens kurta - peach,"Size:Large,Small,X-Large,X-Small","Rs
1599",799,50% off,Indianwear-Women
11021,Biba,Printed round neck straight fit womens kurta - navy,"Size:32,34,36,38,40,42",Nan,2599,No Discount,Indianwear-Women
11022,Jack and jones,Leather & polyester regular buckle mens sandals - brown,"Size:40,41,42,43,44,45","Rs
2499",1499,40% off,Indianwear-Women
11023,Myshka,Printed cotton round neck womens dress - pink,"Size:Large,Medium,Small,X-Large,XX-Large","Rs
1599",559,65% off,Indianwear-Women
11024,Myshka,Printed cotton blend round neck womens top - yellow,"Size:Large,Medium,Small,X-Large,XX-Large","Rs
1899",569,70% off,Indianwear-Women
11025,Ziyaa,Solid round neck rayon womens salwar kurta and dupatta set - black,"Size:Large,Medium,Small,X-Large,XX-Large,XXX-Large","Rs
3974",1390,65% off,Indianwear-Women
11026,Indya,Shraddha kapoor for indya dusty floral georgette boota saree - pink,"Size:Large,Medium,Small,X-Large,X-Small","Rs
3600",1800,50% off,Indianwear-Women
11027,Kashish,Embroidered viscose blend round neck womens a-line kurta - magenta,"Size:Large,Medium,Small,X-Large,X-Small,XX-Large","Rs
1999",999,50% off,Indianwear-Women
11028,Aurelia,Printed cotton round neck womens kurta set - pink,"Size:Large,Medium,Small,X-Large,X-Small","Rs
3399",2379,30% off,Indianwear-Women
11029,Yuris,Printed cotton round neck regular fit womens kurta palazzo set - mustard,"Size:Large,Medium,Small,X-Large,XX-Large,XXX-Large","Rs
3999",1599,60% off,Indianwear-Women
11030,Myshka,Solid silk v neck womens gown - green,",Medium,Small,X-Large,XX-Large","Rs
5999",1499,75% off,Indianwear-Women
11031,Jack and jones,Polyester regular lace up mens sneakers - black,"Size:40,41,42,43,44,45","Rs
2999",2399,20% off,Indianwear-Women
11032,Ziyaa,Printed round neck rayon womens ethnic set - maroon,"Size:Large,Medium,Small,X-Large,XX-Large,XXX-Large","Rs
2470",988,60% off,Indianwear-Women
11033,Kashish,Embroidered viscose blend round neck womens calf length kurta - blue,"Size:Large,Medium,Small,X-Large,X-Small,XX-Large,XXX-Large",Nan,1599,No Discount,Indianwear-Women
11034,Biba,Printed cotton round neck womens salwar kurta dupatta set - multi,"Size:32,34,36,38",Nan,6500,No Discount,Indianwear-Women
11035,Janasya,Georgette womens top and pant set - brown,"Size:Large,Medium,Small,X-Large,X-Small,XX-Large,XXX-Large","Rs
1999",999,50% off,Indianwear-Women
11036,Stop,Printed mandarin collar straight fit womens kurta - blue,"Size:S,M,L,X-Large,X-Small,XX-Large,XXX-Large","Rs
799",399,50% off,Indianwear-Women
11037,Aurelia,Printed viscose round neck womens straight kurta - pink,"Size:Large,Medium,Small,X-Large,X-Small,XX-Large","Rs
1399",979,30% off,Indianwear-Women
11038,Stop,Printed rayon mandarin womens knee length kurta - peach,"Size:XL,Large,Medium,Small,X-Small,XX-Large,XXX-Large","Rs
899",629,30% off,Indianwear-Women
11039,Stop,Solid cotton slub round neck womens calf length kurta - rust,"Size:S,M,L,X-Large,X-Small,XX-Large",Nan,1299,No Discount,Indianwear-Women
11040,Juniper,Bandhani mandarin collar straight fit womens kurta - black,"Size:Large,Medium,Small,X-Large,X-Small,XX-Large","Rs
1699",594,65% off,Indianwear-Women
11041,Janasya,Floral round neck regular fit womens kurta - navy,"Size:Large,Medium,Small,X-Small,XX-Large","Rs
1499",524,65% off,Indianwear-Women
11042,Global desi,Floral polyester round neck womens ankle length kurta - mid blue,"Size:XL,Large,Medium,Small,X-Small,XX-Large","Rs
3699",2959,20% off,Indianwear-Women
11043,Yuris,Floral cotton round neck womens kurta set - lime green,"Size:Large,Medium,Small,X-Large,XX-Large,XXX-Large","Rs
3499",1399,60% off,Indianwear-Women
11044,Juniper,Printed rayon round neck womens tiered dress - pink,"Size:Large,Medium,Small","Rs
1999",899,55% off,Indianwear-Women
11045,Biba,Yarndyed band collar cotton womens kurta palazzo - multi,"Size:32,34,36,38,42","Rs
3999",2799,30% off,Indianwear-Women
11046,Biba,Printed cotton round neck womens pant kurta dupatta set - peacock,"Size:32,34,36,38,40","Rs
3999",2799,30% off,Indianwear-Women
11047,Stop,Solid straight fit cotton lycra womens all occasions pants - white,"Size:S,M,L,XL",Nan,599,No Discount,Indianwear-Women
11048,Stop,Printed mandarin collar straight fit womens kurta - natural,"Size:S,M,L,XL,X-Small,XX-Large","Rs
1299",649,50% off,Indianwear-Women
11049,Juniper,Womens beige rayon slub solid asymmetric short kurta with tie-up dori & tassels - natural,"Size:Large,Medium,Small,X-Large,X-Small,XX-Large","Rs
1049",629,40% off,Indianwear-Women
11050,Juniper,Printed georgette v neck womens a line dress - blue,Size:Medium,"Rs
3599",1439,60% off,Indianwear-Women
11051,Biba,Womens ivory viscose a line kurta - ivory,"Size:32,34","Rs
2799",1399,50% off,Indianwear-Women
11052,W,Print mandarin neck viscose womens kurta - natural,Size:16,"Rs
1999",999,50% off,Indianwear-Women
11053,Kashish,Womens gadhwal 3/4th sleeves regular fit kurta - red,"Size:Large,Medium,X-Large,X-Small","Rs
1499",749,50% off,Indianwear-Women
11054,Stop,Embroidered round neck straight fit womens kurta - yellow,"Size:S,M,L,X-Large,X-Small,XX-Large","Rs
799",399,50% off,Indianwear-Women
11055,W,Printed viscose round neck womens kurta - light blue,"Size:6,8,10,12,14,16,18",Nan,1999,No Discount,Indianwear-Women
11056,Stop,Printed rayon round neck womens regular tunic - navy,"Size:XL,Large,Medium,XX-Large","Rs
1299",649,50% off,Indianwear-Women
11057,Infuse,Printed v neck regular fit womens tunic - pink,"Size:Large,Medium,Small,X-Large,X-Small,XX-Large","Rs
1799",899,50% off,Indianwear-Women
11058,Sanaa,Solid rayon mandarin womens kurta - fuchsia,"Size:Large,Medium,Small,X-Large,XX-Large","Rs
999",499,50% off,Indianwear-Women
11059,Yuris,Embroidered cotton round neck womens kurta set - navy,"Size:Large,Medium,Small,X-Large,XX-Large","Rs
3999",1599,60% off,Indianwear-Women
11060,Ziyaa,Geometric round neck rayon womens salwar kurta and dupatta set - black,"Size:Large,Medium,Small,X-Large,XX-Large,XXX-Large","Rs
4105",1642,60% off,Indianwear-Women
11061,Juniper,Ethnic motifs mandarin collar straight fit womens kurta dupatta set - brown,"Size:Medium,Small,X-Small","Rs
1899",949,50% off,Indianwear-Women
11062,Myshka,Printed cotton round neck womens dress - yellow,"Size:Medium,Small","Rs
1899",664,65% off,Indianwear-Women
11063,Indya,Regular fit full length georgette womens festive wear skirt - purple,"Size:Medium,Small,X-Small","Rs
3950",1975,50% off,Indianwear-Women
11064,Stop,Embroidered rayon round neck womens regular tunic - maroon,"Size:XL,Large,Medium,Small,XX-Large","Rs
1499",749,50% off,Indianwear-Women
11065,Infuse,Printed cotton mandarin collar womens knee length kurta - yellow,"Size:Large,Medium,Small,X-Large,X-Small","Rs
799",399,50% off,Indianwear-Women
11066,Stop,Printed cotton mandarin womens knee length kurta - pink,"Size:S,M,L,X-Large,X-Small,XX-Large,XXX-Large","Rs
799",399,50% off,Indianwear-Women
11067,Stop,Printed mandarin collar straight fit womens kurta - mustard,"Size:S,M,L,X-Large,X-Small,XX-Large,XXX-Large","Rs
799",399,50% off,Indianwear-Women
11068,Indya,Regular fit ankle length georgette womens casual skirt - pink,"Size:Large,Medium,Small,X-Large,X-Small","Rs
3200",1600,50% off,Indianwear-Women
11069,Aurelia,Printed round neck viscose womens calf length kurta - blue,"Size:Large,Medium,Small,X-Large,X-Small,XX-Large","Rs
1099",769,30% off,Indianwear-Women
11070,Infuse,Printed cotton mandarin collar womens knee length kurta - navy,"Size:Medium,Small,X-Small","Rs
799",399,50% off,Indianwear-Women
11071,Yuris,Paisley cotton tie up neck? womens salwar suit - multi,"Size:Large,Medium,Small,X-Large,XX-Large,XXX-Large","Rs
4299",1504,65% off,Indianwear-Women
11072,Ziyaa,Solid v-neck polyester womens ethnic set - pink,"Size:Large,Medium,Small,X-Large,XX-Large,XXX-Large","Rs
1985",794,60% off,Indianwear-Women
11073,Infuse,Printed round neck rayon womens regular dress - pink,"Size:Large,Medium,Small,X-Large,X-Small,XX-Large","Rs
1599",479,70% off,Indianwear-Women
11074,Myshka,Printed v neck womens kurti - yellow,",Medium,Small,X-Large,XX-Large","Rs
4999",999,80% off,Indianwear-Women
11075,Stop,Printed rayon round neck womens hi low kurta - mustard,"Size:S,M,L,X-Large,X-Small,XX-Large","Rs
999",499,50% off,Indianwear-Women
11076,Myshka,Printed rayon round neck womens regular kurta - pink,"Size:Large,Medium,Small,X-Large,XX-Large","Rs
1499",449,70% off,Indianwear-Women
11077,Stop,Printed rayon mandarin womens knee length kurta - teal,"Size:S,M,L,X-Large,X-Small,XX-Large,XXX-Large","Rs
899",629,30% off,Indianwear-Women
11078,Global desi,Geometric cotton round neck womens ethnic set - white,"Size:XL,Large,Medium,Small,XX-Large","Rs
4299",3009,30% off,Indianwear-Women
11079,Aurelia,Dyed cotton round neck womens above knee kurta - maroon,"Size:Large,Medium,Small,X-Large,X-Small,XX-Large","Rs
1049",524,50% off,Indianwear-Women
11080,Biba,Printed round neck cotton womens flared kurta - black,"Size:32,34,36,38","Rs
3599",2159,40% off,Indianwear-Women
11081,Stop,Solid round neck straight fit womens kurta - maroon,"Size:S,M,L,XL,X-Small,XX-Large","Rs
1299",649,50% off,Indianwear-Women
11082,Infuse,Embroidered polyester womens full length palazzos - maroon,"Size:2XL/3XL,Small/Medium","Rs
1399",419,70% off,Indianwear-Women
11083,Myshka,Printed round neck womens top - yellow,",Medium,Small,X-Large,XX-Large","Rs
1799",539,70% off,Indianwear-Women
11084,Stop,Womens printed knee length daily wear kurta - off white,"Size:S,X-Small","Rs
799",399,50% off,Indianwear-Women
11085,Ziyaa,Floral round neck rayon womens ethnic set - grey,"Size:Large,Medium,Small,X-Large,XX-Large,XXX-Large","Rs
2138",855,60% off,Indianwear-Women
11086,Biba,Womens peach cotton double layered kurta - peach,"Size:32,38","Rs
2599",1299,50% off,Indianwear-Women
11087,Ziyaa,Printed mandarin polyester womens ethnic set - grey,"Size:Large,Medium,Small,X-Large,XX-Large,XXX-Large","Rs
2162",972,55% off,Indianwear-Women
11088,Stop,Solid rayon round neck womens calf length kurta - dusty peach,"Size:XL,Large,Medium,Small,X-Small,XX-Large","Rs
999",399,60% off,Indianwear-Women
11089,Haute curry,Womens regular fit embroidered tunic - fuschia,"Size:Large,Medium,Small,X-Large,X-Small,XX-Large","Rs
899",449,50% off,Indianwear-Women
11090,Infuse,Solid straight fit cotton lycra womens casual wear pants - black,Size:X-Small,"Rs
899",449,50% off,Indianwear-Women
11091,Juniper,Printed polyester halter neck womens straight kurta - mustard,"Size:Large,X-Large,X-Small","Rs
1799",1259,30% off,Indianwear-Women
11092,Biba,Printed cotton round neck womens churidar kurta dupatta set - maroon,"Size:32,34,38,40","Rs
3599",2519,30% off,Indianwear-Women
11093,Myshka,Solid cotton off shoulder womens kurta palazzo set - black,",Medium,Small,X-Large,XX-Large","Rs
2999",1349,55% off,Indianwear-Women
11094,Stop,Printed mandarin collar straight fit womens kurta - grey,"Size:S,M,L,XL,X-Small,XXX-Large","Rs
799",399,50% off,Indianwear-Women
11095,Biba,Womens golden poly metallic kurti - gold,"Size:32,34,36,38,42","Rs
2599",1299,50% off,Indianwear-Women
11096,Infuse,Printed rayon round neck womens a-line kurta - coral,"Size:Large,Medium,Small,X-Large,X-Small,XX-Large","Rs
1299",649,50% off,Indianwear-Women
11097,Myshka,Solid rayon womens regular length palazzo - maroon,"Size:Large,Medium,Small","Rs
1499",449,70% off,Indianwear-Women
11098,Janasya,Solid rayon round neck womens kurta palazzo set with dupatta - pink,"Size:Large,Medium,Small,X-Large,X-Small,XX-Large,XXX-Large","Rs
4699",1174,75% off,Indianwear-Women
11099,Stop,Printed mandarin collar straight womens kurta - off white,"Size:S,M,X-Large,X-Small,XXX-Large","Rs
799",399,50% off,Indianwear-Women
11100,Kashish,Embroidered viscose blend round neck womens straight fit kurta - peach,"Size:Large,Medium,Small,X-Large,X-Small,XX-Large,XXX-Large","Rs
1599",799,50% off,Indianwear-Women
11101,Biba,Printed band collar straight fit womens kurta - red,"Size:36,38","Rs
1999",1199,40% off,Indianwear-Women
11102,Indya,Embellished georgette scoop neck womens kurta - pink,"Size:Large,Medium,Small,X-Large,X-Small,XX-Large","Rs
3400",2720,20% off,Indianwear-Women
11103,Kashish,Embroidered straight fit viscose blend womens festive pants - maroon,"Size:Large/X-Large,Small/Medium","Rs
1299",649,50% off,Indianwear-Women
11104,Haute curry,Womens regular fit solid shirt top - lime green,"Size:Large,Medium,Small,X-Large,X-Small,XX-Large","Rs
799",399,50% off,Indianwear-Women
11105,Juniper,Solid cotton dobby regular fit womens casual pants - cream,Size:X-Small,"Rs
999",649,35% off,Indianwear-Women
11106,Ziyaa,Solid round neck crepe womens ethnic set - pink,"Size:Large,Medium,Small,X-Large,XX-Large,XXX-Large","Rs
2142",749,65% off,Indianwear-Women
11107,Varanga,Wine and gold heavy sequins work kurta with 3/4th sleeves - purple,"Size:Medium,Small,XX-Large","Rs
2399",719,70% off,Indianwear-Women
11108,Janasya,Womens black pure cotton narrow pant (btm005) - black,"Size:Large,Medium,Small,X-Large,X-Small,XX-Large,XXX-Large","Rs
1198",599,50% off,Indianwear-Women
11109,Sanaa,Printed rayon mandarin womens mid thigh length kurti - red,"Size:Large,Medium,Small,X-Large,XX-Large","Rs
1699",1189,30% off,Indianwear-Women
11110,Varanga,Printed round neck silk blend womens ethnic set - purple,"Size:Large,Medium,Small,X-Large,XX-Large","Rs
3999",1399,65% off,Indianwear-Women
11111,Stop,Printed rayon mandarin womens knee length kurta - mustard,"Size:S,M,L,X-Large,X-Small,XX-Large,XXX-Large","Rs
799",559,30% off,Indianwear-Women
11112,Indya,Embellished v-neck georgette womens regular kurta - indigo,"Size:Medium,Small,X-Small,XX-Large",Nan,2100,No Discount,Indianwear-Women
11113,Aurelia,Printed viscose round neck womens ethnic set - grey,"Size:Medium,Small,X-Large,X-Small,XX-Large","Rs
1999",1399,30% off,Indianwear-Women
11114,Aurelia,Mandarin cotton womens calf length kurta - navy,"Size:Large,Medium,Small,X-Large,X-Small,XX-Large","Rs
1199",839,30% off,Indianwear-Women
11115,Myshka,Solid rayon square neck womens kurta palazzo set - black,"Size:Large,Medium,Small,X-Large,XX-Large","Rs
3999",1199,70% off,Indianwear-Women
11116,Haute curry,Womens regular fit embroidered tunic - maroon,"Size:Large,Medium,Small,X-Small","Rs
899",449,50% off,Indianwear-Women
11117,Myshka,Printed cotton round neck womens regular kurta - navy,"Size:Large,Medium,Small,X-Large,XX-Large","Rs
1499",524,65% off,Indianwear-Women
11118,Haute curry,Solid mandarin collar high low hemline womens tunic - lime green,"Size:Large,Medium,Small,X-Large,X-Small,XX-Large","Rs
899",449,50% off,Indianwear-Women
11119,Infuse,Printed rayon round neck womens straight fit kurta - pink,"Size:Large,Medium,Small,X-Large,X-Small,XX-Large","Rs
1399",419,70% off,Indianwear-Women
11120,Stop,Solid straight fit polyester womens casual wear palazzo - maroon,"Size:Large/X-Large,Small/Medium,XX-Large/XXX-Large","Rs
899",359,60% off,Indianwear-Women
11121,Zink london,Printed polyester womens ankle length regular palazzo - off white,"Size:Large,Medium,Small,X-Large","Rs
1999",1199,40% off,Indianwear-Women
11122,Varanga,Cotton womens ethnic palazzos - white,"Size:Large,Medium,Small,X-Large","Rs
2299",804,65% off,Indianwear-Women
11123,Juniper,Bandhni print georgette round neck high low womens tunic - sage,"Size:Large,Medium,Small,X-Large,X-Small","Rs
1999",799,60% off,Indianwear-Women
11124,Janasya,Floral round neck regular fit womens kurta - blue,"Size:Small,X-Small","Rs
1949",779,60% off,Indianwear-Women
11125,Yuris,Floral cotton v neck womens kurta set - yellow,"Size:Medium,Small","Rs
3499",1399,60% off,Indianwear-Women
11126,Ziyaa,Floral rayon square neck womens ethnic set - blue,"Size:Large,Small,X-Large,XX-Large","Rs
3531",1412,60% off,Indianwear-Women
11127,Biba,Printed cotton round neck womens salwar kurta dupatta set - red,"Size:32,34,36,38,40,42","Rs
3599",2159,40% off,Indianwear-Women
11128,Aurelia,Dyed poly viscose round neck womens flared kurta - red,"Size:Large,Medium,Small,X-Large,X-Small,XX-Large","Rs
2499",1749,30% off,Indianwear-Women
11129,Stop,Solid flex mandarin collar womens straight fit kurta - blue,"Size:S,M,L,X-Large,X-Small,XX-Large","Rs
1299",649,50% off,Indianwear-Women
11130,Kashish,Embroidered mandarian collar straight fit womens kurta - fuschia,"Size:Large,Medium,Small,X-Large,X-Small,XX-Large","Rs
1799",899,50% off,Indianwear-Women
11131,Yuris,Checks cotton mandarin womens salwar suit - multi,"Size:Large,Medium,Small,X-Large,XX-Large","Rs
2399",1199,50% off,Indianwear-Women
11132,Stop,Solid straight fit polyester womens casual wear palazzo - khaki,"Size:2XL/3XL,Large/X-Large,Small/Medium","Rs
899",359,60% off,Indianwear-Women
11133,Aurelia,Yarn dyed round neck straight womens kurta - pink,Size:Medium,"Rs
1199",599,50% off,Indianwear-Women
11134,W,Printed cotton round neck womens ethnic set - blue,"Size:6,8,10,12",Nan,2999,No Discount,Indianwear-Women
11135,Aurelia,Printed viscose regular fit womens casual culottes - pink,"Size:Large,Medium,Small,X-Large,XX-Large","Rs
1299",909,30% off,Indianwear-Women
11136,Biba,Printed round neck straight fit womens kurta - indigo,"Size:32,34,36,38,40,42",Nan,1799,No Discount,Indianwear-Women
11137,Varanga,Womens key hole neck floral kurta - multi,"Size:Large,Medium,Small,X-Large,XX-Large","Rs
1599",719,55% off,Indianwear-Women
11138,Indya,Embroidered silk regular fit womens top - blue,"Size:Large,Medium,Small,X-Large,X-Small,XX-Large","Rs
1500",750,50% off,Indianwear-Women
11139,Kashish,Flared full length viscose blend womens festive skirt - red,"Size:Large/X-Large,Small/Medium","Rs
1699",849,50% off,Indianwear-Women
11140,Janasya,Round neck a line designer womens kurta - blue,"Size:Large,Medium,Small,X-Large,X-Small,XX-Large,XXX-Large","Rs
1699",764,55% off,Indianwear-Women
11141,Juniper,Floral mandarin collar rayon womens flared dress - peacock,"Size:Large,Medium,Small,X-Large","Rs
3599",1619,55% off,Indianwear-Women
11142,Juniper,Womens coral georgette printed anarkali kurta with poly crepe straight palazzo - coral,"Size:Large,Medium,Small,X-Large,X-Small,XX-Large","Rs
4499",2249,50% off,Indianwear-Women
11143,Varanga,Printed cotton v neck womens calf length kurta - rust,"Size:Large,X-Large,XX-Large","Rs
3499",1049,70% off,Indianwear-Women
11144,Juniper,Printed round neck georgette womens flared dress - green,"Size:Large,Medium,Small,X-Large,X-Small","Rs
3299",1649,50% off,Indianwear-Women
11145,Kashish,Embroidered round neck straight fit womens kurta - off white,"Size:Large,Medium,Small,X-Small","Rs
1799",899,50% off,Indianwear-Women
11146,Ziyaa,Printed mandarin crepe womens ethnic set - blue,"Size:Large,Medium,Small,X-Large,XX-Large,XXX-Large","Rs
1557",700,55% off,Indianwear-Women
11147,Ziyaa,Floral mandarin polyester womens ethnic set - pink,"Size:Large,Medium,Small,X-Large,XX-Large,XXX-Large","Rs
1749",787,55% off,Indianwear-Women
11148,Stop,Embroidered cotton round neck womens knee length kurta set of 2 - multi,"Size:S,M,L,X-Large,X-Small","Rs
999",499,50% off,Indianwear-Women
11149,Varanga,Womens solid palazzo - white,"Size:Medium,Small,XX-Large","Rs
1599",719,55% off,Indianwear-Women
11150,Kashish,Embroidered round neck viscose blend womens ethnic set - gold,"Size:Large,Medium,Small,X-Large,X-Small,XX-Large","Rs
3799",1899,50% off,Indianwear-Women
11151,Juniper,Floral chiffon square neck womens flared dress - white,"Size:Large,Medium,Small,X-Large","Rs
2999",899,70% off,Indianwear-Women
11152,Varanga,Round neck womens kurta - navy,"Size:Large,Medium,Small,X-Large,XX-Large","Rs
1999",899,55% off,Indianwear-Women
11153,Infuse,Solid straight fit cotton lycra womens casual wear pants - navy,Size:X-Small,"Rs
899",449,50% off,Indianwear-Women
11154,Fusion beats,Womens square neck printed maxi dress - natural,Size:XX-Large,"Rs
1999",719,64% off,Indianwear-Women
11155,Janasya,Floral round neck georgette womens flared ethnic dress - blue,"Size:Large,Medium,Small,X-Large,X-Small,XX-Large,XXX-Large","Rs
2298",1378,40% off,Indianwear-Women
11156,Haute curry,Solid cotton blend round neck womens casual tunic - teal,"Size:Large,Medium,Small,X-Large,X-Small,XX-Large",Nan,799,No Discount,Indianwear-Women
11157,Myshka,Solid cotton round neck womens kurta palazzo set - grey,",Medium,Small,X-Large","Rs
3999",1199,70% off,Indianwear-Women
11158,Juniper,Embroidered rayon v neck womens kurta palazzo set - yellow,"Size:Large,Medium,X-Large,XX-Large","Rs
3999",1399,65% off,Indianwear-Women
11159,Infuse,Embroidered polyester womens full length palazzos - olive,"Size:2XL/3XL,Large/X-Large,Small/Medium","Rs
1399",419,70% off,Indianwear-Women
11160,Biba,Printed v-neck cotton womens regular kurta - green,"Size:32,34,36,38,40,42","Rs
3199",1919,40% off,Indianwear-Women
11161,Indya,Printed georgette v neck womens top - pink,"Size:Large,Medium,Small,X-Large,X-Small","Rs
1600",800,50% off,Indianwear-Women
11162,Juniper,Mandarin rayon a line designer women dresses - multi,Size:Small,"Rs
1999",599,70% off,Indianwear-Women
11163,Varanga,Printed round neck cotton womens ethnic set - blue,Size:X-Small,"Rs
7999",2399,70% off,Indianwear-Women
11164,Varanga,Gotta patti printed silk round neck womens regular fit kurta - orange,Size:Small,"Rs
2599",779,70% off,Indianwear-Women
11165,Juniper,Embroidered chanderi round neck womens flared dress - grey,"Size:Large,Medium,Small,X-Large","Rs
3799",1709,55% off,Indianwear-Women
11166,Haute curry,Womens cotton mandarin collar straight fit tops & tunics - red,"Size:Large,X-Small","Rs
899",449,50% off,Indianwear-Women
11167,Biba,Printed round neck a-line womens kurta - ice blue,"Size:32,34,36,38,40,42","Rs
1999",1399,30% off,Indianwear-Women
11168,Myshka,Printed round neck womens tunic - multi,",Medium,Small,X-Large,XX-Large","Rs
2499",749,70% off,Indianwear-Women
11169,Aurelia,Printed round neck straight womens kurta - maroon,"Size:Small,X-Small","Rs
999",499,50% off,Indianwear-Women
11170,Kashish,Embroidered round neck viscose blend womens festive set - grey,"Size:Large,Medium,Small,X-Large,X-Small,XX-Large","Rs
2999",1499,50% off,Indianwear-Women
11171,Janasya,Embroidered rayon round neck womens slub top - green,"Size:Large,Medium,Small,X-Large,X-Small,XX-Large,XXX-Large","Rs
2179",871,60% off,Indianwear-Women
11172,Biba,Printed round neck polyester womens straight kurta - grey,"Size:34,36,38,40","Rs
2599",1559,40% off,Indianwear-Women
11173,Myshka,Printed viscose round neck womens kurta palazzo set - white,",Medium,Small,X-Large,XX-Large","Rs
5499",1374,75% off,Indianwear-Women
11174,De moza,Solid cotton comfort fit womens culottes - ice blue,"Size:Large,Medium,X-Large",Nan,1299,No Discount,Indianwear-Women
11175,Biba,Printed mandarin rayon blend womens straight dress - mustard,"Size:32,34,36,38,40,42","Rs
2799",1679,40% off,Indianwear-Women
11176,Juniper,Printed cotton mandarin womens tiered dress - purple,"Size:Large,Medium,Small,X-Large","Rs
2999",1649,45% off,Indianwear-Women
11177,Infuse,Printed rayon round neck womens kurta - pink,"Size:Large,Medium,Small,X-Large,X-Small,XX-Large","Rs
1899",949,50% off,Indianwear-Women
11178,Haute curry,Womens regular fit embroidered tunic - mustard,"Size:Large,Medium,Small,X-Large,X-Small,XX-Large","Rs
899",449,50% off,Indianwear-Women
11179,Janasya,Solid silk round neck womens salwar suit - green,"Size:Large,Medium,Small,X-Large,X-Small,XX-Large,XXX-Large","Rs
2299",1149,50% off,Indianwear-Women
11180,Biba,Printed cotton round neck womens straight fit kurta - yellow,"Size:32,34,36,38,40","Rs
1799",1259,30% off,Indianwear-Women
11181,Haute curry,Printed rayon mandarin collar womens high low tunic - lavender,"Size:Large,Medium,Small,X-Small,XX-Large","Rs
899",449,50% off,Indianwear-Women
11182,Haute curry,Printed rayon womens casual cowl dress - blue,"Size:Large,Medium,Small,X-Large,X-Small,XX-Large","Rs
1499",749,50% off,Indianwear-Women
11183,Stop,Womens printed knee length casual wear kurta - blue,"Size:XL,XX-Large","Rs
799",399,50% off,Indianwear-Women
11184,Infuse,Printed satin round neck womens straight fit kurta - pink,"Size:Large,Medium,Small,X-Large,X-Small,XX-Large","Rs
999",399,60% off,Indianwear-Women
11185,Kashish,Embroidered viscose blend mandarin womens ethnic set - sea blue,"Size:Large,Medium,Small,X-Large,X-Small,XX-Large",Nan,4499,No Discount,Indianwear-Women
11186,Varanga,Printed cotton round neck womens calf length kurta - black,"Size:Large,Medium,Small,X-Large,XX-Large","Rs
3599",1079,70% off,Indianwear-Women
11187,Aurelia,Printed viscose round neck womens straight kurta - pink,Size:Small,Nan,1399,No Discount,Indianwear-Women
11188,Neerus,Floral cotton round neck womens a line kurta - white,Size:Medium,"Rs
3299",2639,20% off,Indianwear-Women
11189,Stop,Solid flared fit flex womens casual wear palazzo - natural,"Size:Large/X-Large,Small/Medium,XX-Large/XXX-Large",Nan,799,No Discount,Indianwear-Women
11190,Haute curry,Womens regular fit printed dress - natural,"Size:Large,Medium,Small,X-Large,X-Small,XX-Large","Rs
1499",749,50% off,Indianwear-Women
11191,Indya,Embellished silk v neck womens top - yellow,"Size:Large,Medium,Small,X-Large,X-Small","Rs
1300",1040,20% off,Indianwear-Women
11192,Stop,Printed cotton mandarin womens knee length kurta - misty blue,"Size:XL,Large,Medium,Small,X-Small,XX-Large,XXX-Large","Rs
899",629,30% off,Indianwear-Women
11193,Varanga,Embroidered round neck cotton womens ethnic set - mustard,"Size:Medium,Small,XX-Large","Rs
5999",2099,65% off,Indianwear-Women
11194,Indya,Embroidered georgette square neck womens regular fit tunic - yellow,"Size:Large,Medium,X-Large,XX-Large",Nan,2950,No Discount,Indianwear-Women
11195,Myshka,Printed rayon collar neck womens regular kurta - grey,"Size:Medium,Small,X-Large,XX-Large","Rs
1999",599,70% off,Indianwear-Women
11196,Myshka,Printed viscose round neck womens kurta palazzo set - yellow,",Medium,Small,X-Large,XX-Large","Rs
5499",1374,75% off,Indianwear-Women
11197,Yuris,Geometric v-neck cotton womens kurta set - multi,"Size:Large,Small,XX-Large,XXX-Large","Rs
4299",1504,65% off,Indianwear-Women
11198,Yuris,Gotta patti round neck cotton womens kurta palazzo set - pink,"Size:Large,Medium,Small,X-Large,XX-Large,XXX-Large","Rs
3499",1399,60% off,Indianwear-Women
11199,Infuse,Embroidered chanderi mandarin womens kurta - blue,"Size:Large,Medium,Small,X-Large,X-Small,XX-Large","Rs
1999",999,50% off,Indianwear-Women
11200,Stop,Embroidered rayon round neck womens regular tunic - yellow,"Size:XL,Large,Medium,Small,XX-Large","Rs
999",499,50% off,Indianwear-Women
11201,Haute curry,Printed rayon round neck womens regular top - mauve,"Size:Large,Medium,Small,X-Large,X-Small,XX-Large","Rs
799",399,50% off,Indianwear-Women
11202,Janasya,Solid rayon round neck womens kurta palazzo set with dupatta - black,"Size:X-Small,XX-Large,XXX-Large","Rs
2999",1799,40% off,Indianwear-Women
11203,Infuse,Solid straight fit cotton lycra womens casual wear pants - charcoal,"Size:Medium,Small","Rs
899",449,50% off,Indianwear-Women
11204,Kami kubi,Solid cotton flex round neck womens flared dress - blue,"Size:Large,Medium,Small,X-Small","Rs
1999",899,55% off,Indianwear-Women
11205,Kashish,Embroidered viscose blend round neck womens flared kurta - natural,"Size:Large,Medium,Small,X-Large,X-Small,XX-Large","Rs
3799",1899,50% off,Indianwear-Women
11206,Biba,Printed round neck a-line womens kurta - blue,Size:38,"Rs
2799",1399,50% off,Indianwear-Women
11207,Infuse,Embroidered chanderi round neck womens kurta - sky blue,"Size:Large,Medium,Small,X-Large,X-Small,XX-Large","Rs
1999",999,50% off,Indianwear-Women
11208,Varanga,Embellished v-neck cotton womens flared kurta - seagreen,"Size:Large,Medium,X-Small","Rs
7999",3199,60% off,Indianwear-Women
11209,Ziyaa,Printed round neck polyester womens salwar kurta and dupatta set - cream,"Size:Large,Medium,Small,X-Large,XX-Large,XXX-Large","Rs
3055",1374,55% off,Indianwear-Women
11210,Ziyaa,Printed mandarin rayon womens ethnic set - black,"Size:Large,Medium,Small,X-Large,XX-Large,XXX-Large","Rs
2507",1002,60% off,Indianwear-Women
11211,Aurelia,Solid cotton blend womens casual trousers - yellow,"Size:Large,Medium,Small,X-Large,XX-Large","Rs
999",699,30% off,Indianwear-Women
11212,Indya,Printed square neck silk womens crop top - yellow,"Size:Large,Medium,X-Large,XX-Large",Nan,1500,No Discount,Indianwear-Women
11213,Aurelia,Solid mandarin cotton blend womens above knee kurta - yellow,"Size:Large,Medium,Small,X-Large,X-Small,XX-Large","Rs
1049",629,40% off,Indianwear-Women
11214,Janasya,Floral rayon round neck womens kurta palazzo set - maroon,"Size:Large,Medium,Small,X-Large,X-Small,XX-Large,XXX-Large","Rs
2999",1049,65% off,Indianwear-Women
11215,Myshka,Printed cotton round neck womens kurta palazzo set - pink,"Size:Large,Medium,Small,X-Large","Rs
2999",899,70% off,Indianwear-Women
11216,Biba,Solid cotton round neck womens salwar kurta dupatta set - turquoise,"Size:32,34,36,38,42","Rs
3999",2799,30% off,Indianwear-Women
11217,Kashish,Embroidered viscose blend round neck womens straight fit kurta - pink,"Size:Large,Medium,Small,X-Large,X-Small,XX-Large,XXX-Large","Rs
1599",799,50% off,Indianwear-Women
11218,Biba,Printed rayon boat neck womens straight fit kurta - fuschia,"Size:32,34,40,42","Rs
2299",1379,40% off,Indianwear-Women
11219,Global desi,Womens regular fit solid tunic - mustard,"Size:XL,Large,Medium,Small,XX-Large","Rs
1999",599,70% off,Indianwear-Women
11220,Biba,Printed band collar straight fit womens kurta - green,"Size:32,34,36,38,40,42","Rs
2599",1559,40% off,Indianwear-Women
11221,W,Womens flared printed round neck dress - yellow,"Size:8,10,12,14,16,18","Rs
4999",2499,50% off,Indianwear-Women
11222,Haute curry,Round neck denim regular womens dress - indigo,"Size:Large,Medium,Small,X-Large,X-Small,XX-Large",Nan,1499,No Discount,Indianwear-Women
11223,Haute curry,Solid round neck regular womens tunics & tops - grey,"Size:Large,Medium,Small,X-Large,X-Small,XX-Large","Rs
499",249,50% off,Indianwear-Women
11224,Sanaa,Printed blended round neck womens mid thigh length kurti - blue,"Size:Large,Medium,Small,X-Large,XX-Large","Rs
1699",1189,30% off,Indianwear-Women
11225,Indya,Solid georgette regular fit womens saree - green,"Size:Large,Medium,Small,X-Large,X-Small","Rs
3200",2560,20% off,Indianwear-Women
11226,Juniper,Printed georgette v neck womens a line dress - green,"Size:Large,Medium,Small","Rs
3599",1439,60% off,Indianwear-Women
11227,Varanga,Printed cotton round neck womens regular fit kurta - red,Size:X-Large,"Rs
2199",659,70% off,Indianwear-Women
11228,Myshka,Printed cotton round neck womens kurta palazzo set - yellow,"Size:Medium,Small,XX-Large","Rs
2999",749,75% off,Indianwear-Women
11229,Haute curry,Solid round neck regular womens tunics & tops - mauve,"Size:Large,Medium,Small,X-Large,X-Small,XX-Large","Rs
799",399,50% off,Indianwear-Women
11230,Haute curry,Printed rayon round neck womens regular dress - red,"Size:Large,Medium,Small,X-Large,X-Small,XX-Large","Rs
1499",749,50% off,Indianwear-Women
11231,Suti,Printed cotton womens a line kurti - red,"Size:Large,Medium,Small,X-Large,X-Small,XX-Large","Rs
1899",1519,20% off,Indianwear-Women
11232,Kami kubi,Textured cotton blend round neck womens regular top - blue,"Size:Large,Medium,Small,X-Large,X-Small,XX-Large","Rs
1699",594,65% off,Indianwear-Women
11233,Juniper,Mandarin collar cambric cotton flex womens ethnic set - pista green,"Size:Large,Medium,Small,X-Large,X-Small,XX-Large","Rs
4347",1738,60% off,Indianwear-Women
11234,Global desi,Floral cotton round neck women straight tops - mint,"Size:Large,Medium","Rs
1999",1399,30% off,Indianwear-Women
11235,W,Solid round neck straight womens kurta - natural,Size:6,"Rs
1999",999,50% off,Indianwear-Women
11236,Stop,Boat neck womens kurta - light blue,"Size:S,M,L,X-Large,X-Small,XX-Large","Rs
1199",479,60% off,Indianwear-Women
11237,Haute curry,Womens rayon  flared skirt - navy,"Size:Large/X-Large,Small/Medium","Rs
1499",749,50% off,Indianwear-Women
11238,Juniper,Printed rayon round neck womens kurta palazzo set - multi,"Size:Large,X-Large","Rs
3599",1799,50% off,Indianwear-Women
11239,Kashish,Embroidered mandarian collar a-line fit womens kurta - grey,"Size:Large,Medium,Small,X-Large,X-Small,XX-Large","Rs
1799",899,50% off,Indianwear-Women
11240,Stop,Womens wide leg solid palazzo - white,Size:Small/Medium,"Rs
999",399,60% off,Indianwear-Women
11241,Janasya,Floral cotton mandarin womens kurta - cream,"Size:Large,Medium,Small,X-Large,X-Small,XX-Large,XXX-Large","Rs
1999",799,60% off,Indianwear-Women
11242,Stop,Solid satin womens full length palazzos - purple,"Size:Large/X-Large,Small/Medium,XX-Large/XXX-Large","Rs
999",399,60% off,Indianwear-Women
11243,Sanaa,Printed rayon mandarin womens mid thigh length kurti - green,"Size:Large,Medium,Small,X-Large,XX-Large","Rs
1599",1119,30% off,Indianwear-Women
11244,Suti,Printed rayon v neck womens straight kurti - tomato,"Size:Large,Medium,Small,X-Small","Rs
1299",1039,20% off,Indianwear-Women
11245,Stop,Printed round neck straight fit womens kurta - off white,"Size:S,M,X-Small","Rs
999",499,50% off,Indianwear-Women
11246,Myshka,Printed rayon collar neck womens dress - green,",Medium,Small,X-Large,XX-Large","Rs
2999",749,75% off,Indianwear-Women
11247,Aurelia,Round neck cotton straight designer womens dresses - grey,"Size:Large,Medium,Small,X-Large,X-Small,XX-Large","Rs
2199",1539,30% off,Indianwear-Women
11248,Ziyaa,Printed crepe collar neck womens straight kurta - black,"Size:Large,Medium,Small,X-Large,XX-Large,XXX-Large","Rs
1643",575,65% off,Indianwear-Women
11249,Kashish,Embroidered mandarian collar straight fit womens kurta - grey,"Size:Large,Medium,Small,X-Large,X-Small,XX-Large","Rs
1599",799,50% off,Indianwear-Women
11250,W,Printed polyester regular fit womens dress - grey,"Size:6,8,10,12",Nan,4999,No Discount,Indianwear-Women
11251,Infuse,Solid viscose blend mandarin neck womens a-line kurta - lime green,"Size:Small,X-Small","Rs
999",499,50% off,Indianwear-Women
11252,Juniper,Solid cotton round neck womens flared dress - pink,"Size:Large,Medium,Small,X-Large","Rs
4099",1844,55% off,Indianwear-Women
11253,Sanaa,Solid rayon tie up neck���� womens kurti - green,"Size:Large,Medium,Small,X-Large,XX-Large","Rs
1299",649,50% off,Indianwear-Women
11254,W,Solid polystyrene mandarin womens flared dress - purple,"Size:6,8,10,12,14,16,18",Nan,6999,No Discount,Indianwear-Women
11255,Myshka,Printed cotton round neck womens regular kurta - green,"Size:Medium,Small","Rs
1999",399,80% off,Indianwear-Women
11256,Global desi,Womens regular fit floral kurta - peach,"Size:XL,Large,Small,X-Small","Rs
1799",539,70% off,Indianwear-Women
11257,Haute curry,Printed rayon round neck womens regular dress - navy,"Size:Large,Medium,Small,X-Large,X-Small,XX-Large","Rs
1499",749,50% off,Indianwear-Women
11258,Stop,Printed mandarin collar straight womens kurta - peach,"Size:S,M,L,X-Small,XXX-Large","Rs
799",399,50% off,Indianwear-Women
11259,Varanga,Cotton womens ethnic palazzos - white,"Size:Large,Medium,Small,X-Large,XX-Large","Rs
1599",719,55% off,Indianwear-Women
11260,Juniper,"Womens black cotton flex wide leg palazzo with lacework, pockets and button closure - black","Size:Large,Medium,Small,X-Large,XX-Large","Rs
1299",779,40% off,Indianwear-Women
11261,Janasya,Solid crepe round neck womens kurta palazzo set with dupatta - navy,"Size:X-Large,XX-Large","Rs
2949",1179,60% off,Indianwear-Women
11262,Indya,Printed viscose womens regular kurta - green,"Size:X-Large,XX-Large","Rs
2100",1050,50% off,Indianwear-Women
11263,Biba,Womens black cotton flax straight kurta - black,"Size:32,34,38","Rs
2999",1499,50% off,Indianwear-Women
11264,Kashish,Embroidered mandarian collar straight fit womens kurta - lime green,"Size:Medium,Small,X-Small","Rs
1999",999,50% off,Indianwear-Women
11265,Global desi,Floral viscose round neck womens straight top - indigo,"Size:XL,Large,Medium,Small,X-Small,XX-Large","Rs
1699",1359,20% off,Indianwear-Women
11266,Janasya,Tie and dye v neck regular fit womens kurta - pink,"Size:Large,Medium,Small,X-Large,X-Small,XX-Large","Rs
2199",1099,50% off,Indianwear-Women
11267,Yuris,Floral round neck cotton womens kurta set - multi,"Size:Large,Medium,Small,X-Large,XX-Large,XXX-Large","Rs
3999",1399,65% off,Indianwear-Women
11268,Stop,Solid straight fit cotton womens all occasions pants - black,"Size:Large/X-Large,Small/Medium,XX-Large/XXX-Large",Nan,599,No Discount,Indianwear-Women
11269,Juniper,Floral cambric mandarin collar womens flared kurta - natural,"Size:Large,Small,X-Large,X-Small,XX-Large","Rs
2499",999,60% off,Indianwear-Women
11270,Varanga,Printed cotton round neck womens calf length kurta - black,"Size:Large,Medium,Small,X-Large,XX-Large","Rs
2799",699,75% off,Indianwear-Women
11271,Indya,Solid silk square neck womens regular top - blue,"Size:Large,Medium,Small,X-Large,X-Small","Rs
1300",1040,20% off,Indianwear-Women
11272,Stop,Womens embroidered calf length casual wear kurta - red,"Size:S,M,L,X-Large,X-Small,XX-Large","Rs
1299",649,50% off,Indianwear-Women
11273,Indya,Shraddha kapoor for indya pink & white bandhej chevron tiered sharara pants - pink,"Size:Large,Medium,Small,X-Large,X-Small,XX-Large","Rs
2200",1100,50% off,Indianwear-Women
11274,Myshka,Solid v neck womens kurti - green,",Medium,Small,X-Large,XX-Large","Rs
5999",1199,80% off,Indianwear-Women
11275,Stop,Embroidered round neck straight fit womens kurta - mustard,"Size:S,M,L,X-Large,X-Small,XX-Large","Rs
799",399,50% off,Indianwear-Women
11276,Infuse,Embroidered polyester womens full length palazzos - navy,"Size:2XL/3XL,Large/X-Large,Small/Medium","Rs
1399",419,70% off,Indianwear-Women
11277,Stop,Solid straight fit cotton lycra womens all occasions pants - natural,"Size:S,M,L,XL",Nan,599,No Discount,Indianwear-Women
11278,Kashish,Embroidered mandarian collar straight fit womens kurta - yellow,"Size:Large,Medium,Small,X-Large,X-Small,XX-Large","Rs
1999",999,50% off,Indianwear-Women
11279,Juniper,Embroidered mandarin rayon womens peplum tunic dhoti set - cream,"Size:Large,Medium,Small","Rs
2999",1799,40% off,Indianwear-Women
11280,Varanga,Viscose rayon womens casual trousers - white,"Size:Medium,Small,XX-Large","Rs
1999",799,60% off,Indianwear-Women
11281,Myshka,Solid cotton round neck womens kurta palazzo set - purple,"Size:X-Large,XX-Large","Rs
3999",1199,70% off,Indianwear-Women
11282,Myshka,Printed cotton blend v neck womens regular kurta - pink,"Size:Large,Medium,Small,X-Large,XX-Large","Rs
4999",1249,75% off,Indianwear-Women
11283,Myshka,Solid silk v neck womens regular casual dress - navy,"Size:Large,Medium,Small,X-Large,XX-Large","Rs
5999",1499,75% off,Indianwear-Women
11284,Juniper,Printed chiffon halter neck womens straight kurta - black,"Size:Medium,XX-Large","Rs
1699",1019,40% off,Indianwear-Women
11285,W,Printed viscose round neck womens calf length kurta - purple,"Size:6,8,10,12,14,16,18",Nan,1799,No Discount,Indianwear-Women
11286,Varanga,Womens tie and dye skirts - pink,"Size:Large,Medium,Small,X-Large,XX-Large","Rs
1999",999,50% off,Indianwear-Women
11287,Infuse,Fitted full length cotton lycra womens churidar - navy,"Size:Large,Small,X-Large,XX-Large","Rs
499",299,40% off,Indianwear-Women
11288,Kashish,Printed mandarian collar straight fit womens kurta - navy,"Size:Medium,Small,X-Large,X-Small","Rs
1999",999,50% off,Indianwear-Women
11289,Aurelia,Round neck rayon womens below knee kurta - pink,"Size:Large,Medium,Small,X-Large,X-Small,XX-Large","Rs
2299",1609,30% off,Indianwear-Women
11290,Biba,Yarn dyed polyester v neck womens ethnic set - navy,"Size:36,38","Rs
3599",2159,40% off,Indianwear-Women
11291,Varanga,Printed cotton blend v neck womens ethnic set - blue,"Size:Large,Medium,Small,X-Large",Nan,1799,No Discount,Indianwear-Women
11292,Juniper,Printed mandarin rayon womens ethnic set - black,"Size:Large,Medium,Small,X-Large,X-Small","Rs
3299",1649,50% off,Indianwear-Women
11293,Varanga,Printed round neck cotton womens ethnic set - black,"Size:Medium,Small","Rs
4999",1499,70% off,Indianwear-Women
11294,Indya,Printed georgette regular fit womens sharara - pink,"Size:Medium,Small",Nan,2600,No Discount,Indianwear-Women
11295,Indya,Shraddha kapoor for indya women pink & white geometric georgette chikankari kurta - pink,"Size:Large,XX-Large","Rs
2200",1100,50% off,Indianwear-Women
11296,Indya,Embroidered georgette round neck womens regular tunic - pink,"Size:Large,Small,X-Small","Rs
3200",1600,50% off,Indianwear-Women
11297,Haute curry,Yary dyed cotton womens casual gather dress - red,"Size:Large,Medium,Small,X-Large,X-Small","Rs
1299",649,50% off,Indianwear-Women
11298,Myshka,Printed cotton womens regular length palazzo - green,"Size:Large,Medium,Small,X-Large,XX-Large","Rs
1399",419,70% off,Indianwear-Women
11299,Haute curry,Solid rayon womens casual tier dress - natural,"Size:Large,Medium,Small,X-Large,X-Small,XX-Large","Rs
1499",749,50% off,Indianwear-Women
11300,Varanga,Pink and silver block printed mandarin collar anarkali kurta with 3/4th sleeves and printed tape at hemline - pink,"Size:Large,Medium,Small,X-Large","Rs
3299",1979,40% off,Indianwear-Women
11301,Juniper,Printed georgette v neck womens flared dress - blue,"Size:Large,Medium,X-Large","Rs
2699",1619,40% off,Indianwear-Women
11302,Indya,Solid georgette regular fit womens sari skirt - yellow,"Size:Large,Medium,Small,X-Large,X-Small,XX-Large",Nan,2800,No Discount,Indianwear-Women
11303,W,Solid rayon flax round neck womens straight kurta - blue,"Size:6,8,10,12,14,16,18","Rs
2299",1724,25% off,Indianwear-Women
11304,Yuris,Ethnic motifs cotton v neck womens kurta set - sea green,"Size:Large,Medium,Small,X-Large,XX-Large,XXX-Large","Rs
3999",1399,65% off,Indianwear-Women
11305,Global desi,Womens a-line floral kurta - pink,"Size:Large,Medium,Small,XX-Large","Rs
1999",599,70% off,Indianwear-Women
11306,Kashish,Embroidered viscose blend mandarin womens festive set - mint,"Size:Large,Medium,Small,X-Large,X-Small,XX-Large",Nan,2999,No Discount,Indianwear-Women
11307,Varanga,Mandarin collar womens kurta - off white,"Size:Large,Medium,Small,X-Large,XX-Large","Rs
3099",1394,55% off,Indianwear-Women
11308,Janasya,Embroidered round neck regular fit womens tunic - blue,"Size:Small,X-Small","Rs
1729",778,55% off,Indianwear-Women
11309,Haute curry,Womens cotton mandarin collar straight fit tops & tunics - lime green,"Size:Large,Medium,Small,X-Small","Rs
899",449,50% off,Indianwear-Women
11310,Indya,Embroidered regular fit georgette womens ethnic skirt - pink,"Size:Small,X-Large","Rs
3600",1800,50% off,Indianwear-Women
11311,Haute curry,Regular fit ankle length flex womens casual pants - coral,"Size:Large,Medium,Small,X-Large","Rs
899",449,50% off,Indianwear-Women
11312,Biba,Solid band collar cotton womens kurta palazzo - multi,"Size:32,34,36,38,40,42","Rs
3999",2799,30% off,Indianwear-Women
11313,Aurelia,Printed viscose round neck womens straight kurta - grey,"Size:Large,Medium,Small",Nan,1099,No Discount,Indianwear-Women
11314,Stop,Full length cotton lycra knitted womens churidar - grey,"Size:S,M,L,X-Large,XX-Large","Rs
499",349,30% off,Indianwear-Women
11315,Ziyaa,Printed mandarin crepe womens ethnic set - black,"Size:Large,Medium,Small,X-Large,XX-Large,XXX-Large","Rs
1616",727,55% off,Indianwear-Women
11316,Indya,Geometric viscose off shoulder womens maxi dress - blue,"Size:Large,Medium,Small,X-Large,X-Small,XX-Large","Rs
2600",1300,50% off,Indianwear-Women
11317,Ziyaa,Floral round neck polyester womens ethnic set - cream,"Size:Large,Medium,Small,X-Large,XX-Large,XXX-Large","Rs
2137",961,55% off,Indianwear-Women
11318,Janasya,Solid silk round neck womens salwar suit - peach,"Size:Large,Medium,Small,X-Large,X-Small,XX-Large,XXX-Large","Rs
2269",1134,50% off,Indianwear-Women
11319,Yuris,Floral mandarin cotton womens regular fit midi dress - multi,"Size:Medium,Small","Rs
1399",699,50% off,Indianwear-Women
11320,Varanga,Embroidered round neck silk blend womens ethnic set - peacock,"Size:Large,Medium,Small,X-Large,XX-Large","Rs
4999",1749,65% off,Indianwear-Women
11321,Haute curry,Printed rayon round neck womens straight flared top - rust,"Size:Large,Medium,Small,X-Large,X-Small,XX-Large","Rs
699",349,50% off,Indianwear-Women
11322,Stop,Printed mandarin collar a-line womens kurta - coral,"Size:S,M,L,X-Large,X-Small","Rs
999",499,50% off,Indianwear-Women
11323,Juniper,Woven design cotton dobby mandarin womens a line dress - green,"Size:Small,XX-Large","Rs
2899",1449,50% off,Indianwear-Women
11324,Aurelia,Solid cotton blend womens casual trousers - white,"Size:Medium,Small,X-Large,X-Small",Nan,999,No Discount,Indianwear-Women
11325,Kashish,Embroidered viscose blend round neck womens calf length kurta - coral,"Size:Large,Medium,Small,X-Large,X-Small,XX-Large,XXX-Large",Nan,1599,No Discount,Indianwear-Women
11326,Stop,Solid round neck straight fit womens kurta - ltgrey,"Size:S,M,L,X-Large,X-Small","Rs
799",399,50% off,Indianwear-Women
11327,Biba,Womens light blue viscose kurta dress - light blue,"Size:34,36,38,42","Rs
2999",1499,50% off,Indianwear-Women
11328,Juniper,Printed round neck georgette womens flared dress - mustard,"Size:Large,Medium,Small,X-Large","Rs
3299",1649,50% off,Indianwear-Women
11329,Haute curry,Printed rayon round neck womens tunic - blue,"Size:Large,Medium,Small,X-Large,X-Small,XX-Large",Nan,999,No Discount,Indianwear-Women
11330,Myshka,Printed cotton round neck womens tunic - natural,"Size:Large,Medium,Small,X-Large,XX-Large","Rs
1799",449,75% off,Indianwear-Women
11331,Global desi,Geometric viscose round neck womens flared kurta - indigo,"Size:XL,Large,Medium,Small,X-Small,XX-Large","Rs
1899",1519,20% off,Indianwear-Women
11332,Kashish,Solid mandarin collar a-line womens kurta - coral,"Size:Large,Medium,Small,X-Large,X-Small,XX-Large","Rs
1999",999,50% off,Indianwear-Women
11333,Yuris,Printed v-neck cotton womens kaftan with trousers - multi,"Size:Large,Medium,Small,X-Large,XX-Large","Rs
2799",1259,55% off,Indianwear-Women
11334,Stop,Solid cotton slub round neck womens calf length kurta - grey,"Size:S,M,L,X-Large,X-Small,XX-Large",Nan,1299,No Discount,Indianwear-Women
11335,Haute curry,Printed ankle length casual wear gather dress - coral,"Size:Large,Medium,Small,X-Large,X-Small,XX-Large","Rs
1299",649,50% off,Indianwear-Women
11336,Juniper,Womens maroon rayon gold foil print flared palazzo - maroon,"Size:Large,Medium,Small,X-Large,X-Small,XX-Large","Rs
1699",849,50% off,Indianwear-Women
11337,Janasya,Floral crepe round neck womens flared kurta - navy,"Size:Large,Medium,Small,X-Large,X-Small,XX-Large,XXX-Large","Rs
1599",799,50% off,Indianwear-Women
11338,Biba,Shirt collar cotton straight fit womens dresses - lemon,"Size:32,34,36,38","Rs
2599",1559,40% off,Indianwear-Women
11339,Myshka,Printed cotton round neck womens regular kurta - navy,"Size:Medium,Small","Rs
1999",399,80% off,Indianwear-Women
11340,Stop,Womens solid knee length casual wear kurta - onion_pink,"Size:M,X-Small,XX-Large,XXX-Large","Rs
899",449,50% off,Indianwear-Women
11341,Haute curry,Solid rayon regular fit womens tunic - pink,"Size:Large,Medium,Small,X-Small,XX-Large","Rs
799",399,50% off,Indianwear-Women
11342,Ziyaa,Floral round neck crepe womens ethnic set - maroon,"Size:Large,Medium,Small,X-Large,XX-Large,XXX-Large","Rs
2590",1036,60% off,Indianwear-Women
11343,Kashish,Embroidered mandarian collar straight fit womens kurta - lime green,"Size:Large,Medium,Small,X-Large,X-Small","Rs
1999",999,50% off,Indianwear-Women
11344,Aurelia,Cotton blend round neck womens kurta set - orange,"Size:Large,Medium,Small,X-Large,X-Small,XX-Large","Rs
2299",1609,30% off,Indianwear-Women
11345,Myshka,Printed round neck womens kurti - pink,",Medium,Small,X-Large,XX-Large","Rs
3999",799,80% off,Indianwear-Women
11346,Ziyaa,Floral round neck polyester womens salwar kurta and dupatta set - black,"Size:Large,Medium,Small,X-Large,XX-Large,XXX-Large","Rs
4387",1754,60% off,Indianwear-Women
11347,Kami kubi,Solid round neck cotton womens flared dress - white,"Size:Large,Medium,Small,X-Small","Rs
1999",899,55% off,Indianwear-Women
11348,Biba,Round neck cotton flared womens dresses - green,"Size:32,34,36,38,42","Rs
3599",2879,20% off,Indianwear-Women
11349,Varanga,White and mustard floral printed gathered kurta with printed tape and gota work detailing on yoke and sleeves - white,"Size:Large,Medium,Small,X-Large,XX-Large","Rs
3599",899,75% off,Indianwear-Women
11350,W,Solid cotton blend womens casual pants - ecru,"Size:6,8,10,12,14,16",Nan,1299,No Discount,Indianwear-Women
11351,Biba,Printed round neck cotton womens kurta pants - multi,"Size:32,34,36,38,40,42","Rs
2999",2099,30% off,Indianwear-Women
11352,Kami kubi,Printed boat neck silk blend womens a line dress - black,"Size:Large,Medium,Small,X-Small,XX-Large","Rs
2999",899,70% off,Indianwear-Women
11353,Kashish,Embroidered round neck flared fit womens kurta - grey,"Size:Large,Medium,Small,X-Large,X-Small,XX-Large","Rs
2499",1249,50% off,Indianwear-Women
11354,Varanga,Teal and gold all over paisley printed anarkali kurta with 3/4th sleeves - green,"Size:Large,Medium,Small,X-Large","Rs
2999",1199,60% off,Indianwear-Women
11355,Biba,Printed polyester cotton round neck womens salwar kurta dupatta set - sea green,"Size:32,34,36,38","Rs
5995",4196,30% off,Indianwear-Women
11356,Juniper,Womens burgundy cotton solid straight pants with side pocket - burgundy,"Size:Large,Medium,Small,X-Large,X-Small,XX-Large","Rs
1599",719,55% off,Indianwear-Women
11357,Juniper,Ethnic motif round neck cambric womens anarkali dress with mask - black,"Size:Large,Medium,Small,X-Large,XX-Large","Rs
2999",1349,55% off,Indianwear-Women
11358,Aurelia,Yarn dyed round neck straight womens kurta - blue,Size:Medium,"Rs
999",499,50% off,Indianwear-Women
11359,Stop,Womens regular fit printed kurta - sky blue,"Size:S,M,L,XL,X-Small,XX-Large","Rs
799",399,50% off,Indianwear-Women
11360,Janasya,Floral cotton mandarin womens kurta - white,"Size:Small,X-Large,X-Small,XX-Large,XXX-Large","Rs
1999",799,60% off,Indianwear-Women
11361,Kami kubi,Geometric cotton mandarin womens regular top - peach,"Size:Large,Medium,Small,X-Small,XX-Large","Rs
1199",539,55% off,Indianwear-Women
11362,Ziyaa,Solid crepe collar neck womens kurta palazzo set - grey,"Size:Large,Medium,Small,X-Large,XX-Large,XXX-Large","Rs
2112",844,60% off,Indianwear-Women
11363,Aurelia,Printed polyester boat neck womens straight kurta - blue,"Size:Large,Medium,Small,X-Large,X-Small,XX-Large",Nan,1199,No Discount,Indianwear-Women
11364,Global desi,Regular viscose womens trousers - white,"Size:XL,Large,Medium,Small,X-Small,XX-Large",Nan,1999,No Discount,Indianwear-Women
11365,Ziyaa,Printed v-neck polyester womens ethnic set - pink,"Size:Large,Medium,Small,X-Large,XX-Large,XXX-Large","Rs
1951",877,55% off,Indianwear-Women
11366,Kami kubi,Stripes cotton v neck womens straight kurta - olive,"Size:Large,Medium,Small,X-Large,X-Small,XX-Large,XXX-Large","Rs
1799",989,45% off,Indianwear-Women
11367,Kashish,Embroidered viscose blend round neck womens calf length kurta - yellow,"Size:Large,Medium,Small,X-Large,X-Small,XX-Large,XXX-Large",Nan,1599,No Discount,Indianwear-Women
11368,Janasya,Geometric round neck crepe womens calf length kurta - green,"Size:Large,Medium,Small,X-Large,X-Small,XX-Large,XXX-Large","Rs
1469",807,45% off,Indianwear-Women
11369,Yuris,Chevron cotton round neck womens salwar suit - multi,"Size:Large,Medium,Small,X-Large,XX-Large,XXX-Large","Rs
4299",1504,65% off,Indianwear-Women
11370,Aurelia,Solid cotton mandarin womens kurta set - blue,"Size:Large,Medium,Small,X-Large,X-Small,XX-Large","Rs
3299",2309,30% off,Indianwear-Women
11371,Kashish,Embroidered silk blend womens full length palazzos - natural,"Size:Large/X-Large,Small/Medium","Rs
1499",749,50% off,Indianwear-Women
11372,Infuse,Solid rayon womens full length palazzos - grey,"Size:Large/X-Large,Small/Medium","Rs
799",399,50% off,Indianwear-Women
11373,Juniper,Printed rayon round neck womens straight kurta - off white,"Size:Large,Medium,Small,X-Large","Rs
1699",764,55% off,Indianwear-Women
11374,Juniper,Ethnic motifs round neck rayon womens flared dress - blue,"Size:Large,Medium,Small,X-Large","Rs
3599",1259,65% off,Indianwear-Women
11375,Infuse,Solid straight fit cotton lycra womens casual wear pants - red,Size:X-Small,"Rs
899",449,50% off,Indianwear-Women
11376,Aurelia,Printed polyester round neck womens ethnic set - blue,"Size:Large,Medium,Small",Nan,4999,No Discount,Indianwear-Women
11377,Stop,Printed mandarin collar straight fit womens kurta - fuschia,"Size:S,M,L,X-Large,X-Small,XX-Large","Rs
1499",749,50% off,Indianwear-Women
11378,Indya,Womens round neck embroidered kurta - blue,"Size:Medium,Small,X-Large,X-Small","Rs
2500",1250,50% off,Indianwear-Women
11379,Ziyaa,Floral rayon round neck womens straight kurta - pink,"Size:Large,Medium,Small,X-Large,XX-Large,XXX-Large","Rs
1853",741,60% off,Indianwear-Women
11380,Myshka,Printed rayon v neck womens dress - black,",Medium,Small,X-Large,XX-Large","Rs
3999",799,80% off,Indianwear-Women
11381,Global desi,Self design cotton v-neck womens top - aqua,"Size:XL,Large,Medium,Small,X-Small","Rs
1599",799,50% off,Indianwear-Women
11382,Stop,Solid satin womens full length palazzos - cream,"Size:Large/X-Large,Small/Medium,XX-Large/XXX-Large","Rs
999",399,60% off,Indianwear-Women
11383,Ira soleil,Self design polyester womens lehenga choli set - pink,"Size:Large,Medium,Small,X-Large",Nan,10599,No Discount,Indianwear-Women
11384,W,Solid v neck straight womens kurta - green,Size:6,"Rs
1699",849,50% off,Indianwear-Women
11385,Biba,Printed round neck a-line womens kurti - off white,"Size:38,40","Rs
2299",1149,50% off,Indianwear-Women
11386,Biba,Printed band collar straight fit womens kurta - sea green,"Size:32,36","Rs
1999",1399,30% off,Indianwear-Women
11387,Juniper,Cambric boat neck womens crop top and palazzo set - cream,Size:XX-Large,"Rs
3799",949,75% off,Indianwear-Women
11388,Biba,Printed round neck a-line womens kurti - multi,"Size:34,40","Rs
1799",899,50% off,Indianwear-Women
11389,Juniper,Solid round neck rayon womens kurta palazzo set - jade,"Size:4X-Large,5X-Large,X-Large,XXX-Large","Rs
4299",1289,70% off,Indianwear-Women
11390,Myshka,Embroidered rayon collar neck womens regular kurta - pink,"Size:Large,Medium,Small,X-Large,XX-Large","Rs
2199",659,70% off,Indianwear-Women
11391,Biba,Printed v neck cotton womens kurta palazzo - black,"Size:32,34,36,38,40,42","Rs
3599",2519,30% off,Indianwear-Women
11392,Indya,Embroidered georgette scoop neck womens kurta - blue,"Size:Large,Medium,Small,X-Large,X-Small,XX-Large","Rs
2800",1400,50% off,Indianwear-Women
11393,Stop,Womens regular fit printed kurta - mint,"Size:S,M,L,XL,X-Small,XX-Large","Rs
799",399,50% off,Indianwear-Women
11394,Biba,Yarndyed band collar a-line womens kurta - natural,"Size:32,34,36,38,40,42","Rs
2599",1559,40% off,Indianwear-Women
11395,Myshka,Solid cotton regular fit womens casual trousers - red,"Size:Large,Medium,Small,X-Large,XX-Large","Rs
1099",494,55% off,Indianwear-Women
11396,W,Printed viscose round neck womens calf length kurta - yellow,"Size:10,18","Rs
1899",949,50% off,Indianwear-Women
11397,W,Regular cotton flex woven designer womens pants - gold,"Size:6,8,10,12,14,16,18",Nan,1199,No Discount,Indianwear-Women
11398,Myshka,Solid polyester v neck womens dress - pink,"Size:Large,Medium,Small,X-Large,XX-Large","Rs
2599",519,80% off,Indianwear-Women
11399,Stop,Printed flared fit rayon womens all occasions palazzo - grey,"Size:Large/X-Large,Small/Medium,XX-Large/XXX-Large","Rs
899",449,50% off,Indianwear-Women
11400,Indya,Regular ankle length georgette womens lehenga skirt - purple,"Size:Large,Medium,Small,X-Large,X-Small","Rs
2950",2360,20% off,Indianwear-Women
11401,Kashish,Embroidered v neck straight fit womens kurta - grey,"Size:Large,Medium,Small,X-Large,X-Small,XX-Large","Rs
1599",799,50% off,Indianwear-Women
11402,Myshka,Solid cotton collar neck womens kurta palazzo set - burgundy,",Medium,Small,X-Large,XX-Large","Rs
3999",999,75% off,Indianwear-Women
11403,W,Solid viscose round neck womens calf length kurta - blue,"Size:8,10,12,14,16",Nan,1999,No Discount,Indianwear-Women
11404,Janasya,Womens black poly crepe kurta (jne1525) - black,"Size:Large,Medium,Small,X-Large,X-Small,XX-Large,XXX-Large","Rs
1299",519,60% off,Indianwear-Women
11405,Myshka,Regular fit regular length silk blend womens casual skirt - multi,"Size:Large,Medium,Small,X-Large,XX-Large","Rs
2499",749,70% off,Indianwear-Women
11406,Stop,Solid cotton lycra womens full length palazzos - fuschia,"Size:Large/X-Large,Small/Medium,XX-Large/XXX-Large","Rs
999",399,60% off,Indianwear-Women
11407,Juniper,Embroidered chanderi v neck womens salwar kurta dupatta set - grey,"Size:Large,Medium,Small,X-Large","Rs
3699",1849,50% off,Indianwear-Women
11408,Juniper,Printed cotton mandarin womens kurta palazzo set - yellow,"Size:Large,Medium,Small,X-Large","Rs
3299",1484,55% off,Indianwear-Women
11409,Ziyaa,Printed polyester round neck womens straight kurta - brown,"Size:Large,Medium,Small,X-Large,XX-Large,XXX-Large","Rs
1666",666,60% off,Indianwear-Women
11410,Myshka,Printed polyester collar neck womens dress - multi,"Size:Large,Medium,Small,X-Large,XX-Large","Rs
1499",599,60% off,Indianwear-Women
11411,Suti,Printed cotton v neck womens straight kurti - olive,"Size:Large,Medium,Small,X-Large,X-Small","Rs
1399",1119,20% off,Indianwear-Women
11412,Global desi,Floral v-neck womens gown - blue,"Size:Large,Medium,Small,X-Small","Rs
1999",1399,30% off,Indianwear-Women
11413,Yuris,Printed round neck cotton womens kurta palazzo set - black,"Size:Large,Small,XX-Large,XXX-Large","Rs
3499",1399,60% off,Indianwear-Women
11414,Varanga,Mauve and silver zari embroidery kurta with mauve trouser and sequins dupatta - mauve,"Size:Large,Medium,Small,X-Large,XX-Large","Rs
5999",2399,60% off,Indianwear-Women
11415,Stop,Solid straight fit cotton lycra womens all occasions pants - navy,"Size:S,M,L,XL",Nan,599,No Discount,Indianwear-Women
11416,Janasya,Embellished round neck regular fit womens kurta - peach,"Size:Medium,Small,X-Large","Rs
1399",559,60% off,Indianwear-Women
11417,Indya,Embroidered georgette v-neck womens flared tunic - purple,Size:X-Small,"Rs
3650",1825,50% off,Indianwear-Women
11418,Aurelia,Yarn dyed cotton mandarin womens straight kurta - black,"Size:Large,Medium,Small,X-Large,X-Small,XX-Large","Rs
1199",839,30% off,Indianwear-Women
11419,Amukti,Floral viscose rayon mandarin collar womens straight kurta - red,"Size:Large,Medium,Small,X-Large,XX-Large,XXX-Large","Rs
1299",909,30% off,Indianwear-Women
11420,W,Jacquard viscose round neck womens calf length kurta - baby pink,"Size:6,8,10,12,14,16,18",Nan,3999,No Discount,Indianwear-Women
11421,Yuris,Printed round neck cotton womens kurta palazzo set - multi,"Size:Large,Medium,Small,X-Large,XX-Large,XXX-Large","Rs
3999",1399,65% off,Indianwear-Women
11422,Stop,Womens printed knee length casual wear kurta - blue,"Size:S,M,X-Small,XXX-Large","Rs
799",399,50% off,Indianwear-Women
11423,Biba,Yarndyed round neck cotton womens kurta pants - green,"Size:32,34,36,38,40,42","Rs
3299",2309,30% off,Indianwear-Women
11424,Haute curry,Lapel collar rayon flex regular womens dress - grey,"Size:Large,Medium,Small,X-Large,X-Small,XX-Large",Nan,1499,No Discount,Indianwear-Women
11425,Suti,Printed cotton womens flared kurti - gold,"Size:4X-Large,Large,Medium,Small,X-Large,X-Small","Rs
1499",1199,20% off,Indianwear-Women
11426,Gipsy,Printed cotton round neck womens front open tunic - peach,"Size:Medium,Small,XX-Large",Nan,1595,No Discount,Indianwear-Women
11427,Biba,Yarndyed round neck straight fit womens kurta - off white,Size:32,"Rs
2299",1379,40% off,Indianwear-Women
11428,Juniper,Embroidered cotton dobby round neck womens a line tunic - yellow,"Size:X-Large,X-Small","Rs
1799",899,50% off,Indianwear-Women
11429,Infuse,Printed round neck rayon womens regular dress - mustard,"Size:Large,Medium,Small,X-Large,X-Small,XX-Large","Rs
1599",479,70% off,Indianwear-Women
11430,Global desi,Solid viscose v neck womens straight top - black,"Size:XL,Large,Medium,Small,X-Small,XX-Large","Rs
1699",1359,20% off,Indianwear-Women
11431,Global desi,Chevron viscose band collar womens fit and flare kurta - teal,"Size:XL,Large,Medium,Small,X-Small,XX-Large","Rs
2099",1469,30% off,Indianwear-Women
11432,Juniper,Printed round neck chiffon womens flared dress - black,"Size:Large,Medium,X-Small","Rs
2199",989,55% off,Indianwear-Women
11433,Juniper,Printed rayon round neck womens tiered dress - blue,"Size:Large,Medium,X-Large","Rs
1999",1399,30% off,Indianwear-Women
11434,Varanga,Printed cotton round neck womens regular fit kurta - mustard,Size:Small,"Rs
1999",599,70% off,Indianwear-Women
11435,Juniper,Solid cotton round neck womens flared dress - white,"Size:Large,Medium,Small,X-Large","Rs
4099",1844,55% off,Indianwear-Women
11436,Infuse,Fitted full length cotton lycra womens leggings - grey,"Size:Large,Small,X-Small","Rs
499",249,50% off,Indianwear-Women
11437,Stop,Printed rayon mandarin womens knee length kurta - grey,"Size:S,M,L,X-Large,X-Small,XX-Large,XXX-Large","Rs
799",559,30% off,Indianwear-Women
11438,Indya,Printed silk regular fit womens layered skirt - blue,"Size:Large,Medium,Small,X-Large,X-Small","Rs
2800",1400,50% off,Indianwear-Women
11439,Indya,Embroidered silk blend v neck womens top - natural,"Size:Large,Medium,Small,X-Large,X-Small","Rs
1500",1200,20% off,Indianwear-Women
11440,Juniper,Printed chanderi round neck womens flared dress - sky blue,"Size:Large,Medium,Small,X-Large","Rs
3799",1519,60% off,Indianwear-Women
11441,Janasya,Solid silk round neck womens kurta palazzo set - mustard,"Size:Medium,Small,X-Large,XX-Large,XXX-Large","Rs
2299",1149,50% off,Indianwear-Women
11442,Myshka,Printed cotton round neck womens dress - navy,"Size:Large,Medium,Small,X-Large,XX-Large","Rs
1599",559,65% off,Indianwear-Women
11443,Kashish,Embroidered viscose blend round neck womens straight kurta - natural,"Size:Large,Medium,Small,X-Large,X-Small,XX-Large,XXX-Large",Nan,1599,No Discount,Indianwear-Women
11444,Myshka,Printed cotton round neck womens kurta palazzo set - yellow,"Size:Medium,Small,X-Large,XX-Large","Rs
2999",899,70% off,Indianwear-Women
11445,Haute curry,Printed rayon womens casual cowl dress - natural,"Size:Large,Medium,Small,X-Large,X-Small,XX-Large","Rs
1499",749,50% off,Indianwear-Women
11446,Ziyaa,Floral mandarin rayon womens ethnic set - peacock,"Size:Large,Medium,Small,X-Large,XX-Large,XXX-Large","Rs
2443",977,60% off,Indianwear-Women
11447,Ziyaa,Printed crepe round neck womens kurta palazzo set - natural,"Size:Large,Medium,Small,X-Large,XX-Large,XXX-Large","Rs
2106",842,60% off,Indianwear-Women
11448,Stop,Solid straight fit cotton lycra womens casual wear pants - navy,"Size:S,M,L,X-Large,X-Small,XX-Large",Nan,899,No Discount,Indianwear-Women
11449,W,Solid poly viscose regular fit womens festive slim pants - ecru,"Size:6,8,10,12,14,16,18",Nan,1299,No Discount,Indianwear-Women
11450,Biba,Rayon round neck womens churidar kurta dupatta set - red,"Size:32,34,36,38,42","Rs
5495",3297,40% off,Indianwear-Women
11451,Kashish,Embroidered viscose blend round neck womens straight kurta - mango,"Size:Large,Medium,Small,X-Large,X-Small,XX-Large,XXX-Large","Rs
1599",799,50% off,Indianwear-Women
11452,Ziyaa,Printed polyester round neck womens straight kurta - natural,"Size:Large,Medium,Small,X-Large,XX-Large,XXX-Large","Rs
1648",576,65% off,Indianwear-Women
11453,Ziyaa,Floral round neck rayon womens ethnic set - red,"Size:Large,Medium,Small,X-Large,XX-Large,XXX-Large","Rs
3227",1129,65% off,Indianwear-Women
11454,Indya,Solid regular fit georgette womens festive wear sharara - green,"Size:Large,Medium,Small,X-Large,X-Small","Rs
1950",975,50% off,Indianwear-Women
11455,W,Print viscose round neck womens kurta - blue,"Size:6,14","Rs
1899",949,50% off,Indianwear-Women
11456,Stop,Womens printed knee length casual wear kurta - blue,"Size:S,M,L,X-Small,XXX-Large","Rs
799",399,50% off,Indianwear-Women
11457,Haute curry,Regular fit rayon womens casual pants - pink,"Size:Large,Medium,Small,X-Large","Rs
999",499,50% off,Indianwear-Women
11458,Biba,Printed round neck poly mettalic womens kurta pants set - grey,"Size:32,34,36,38,40,42",Nan,5995,No Discount,Indianwear-Women
11459,Biba,Printed v-neck polyester womens straight kurta - green,"Size:32,34,36,38","Rs
1299",779,40% off,Indianwear-Women
11460,Ziyaa,Floral round neck crepe womens ethnic set - grey,"Size:Large,Medium,Small,X-Large,XX-Large,XXX-Large","Rs
2900",1160,60% off,Indianwear-Women
11461,Janasya,Solid cotton round neck womens flared ethnic set - blue,"Size:Large,Medium,Small,X-Large,X-Small,XX-Large,XXX-Large","Rs
3799",2089,45% off,Indianwear-Women
11462,Aurelia,Printed polyester womens flared dress - green,"Size:Large,Medium,Small,X-Large,X-Small,XX-Large",Nan,3399,No Discount,Indianwear-Women
11463,Juniper,Printed rayon round neck womens tiered dress - white,"Size:Large,Medium,Small,X-Large","Rs
2499",999,60% off,Indianwear-Women
11464,Stop,Printed mandarin collar a line fit womens kurta - off white,"Size:S,M,L,X-Large,X-Small,XX-Large","Rs
999",499,50% off,Indianwear-Women
11465,Biba,Printed round neck rayon blend womens straight dress - turquoise,"Size:32,34,36,38,40,42","Rs
1999",1199,40% off,Indianwear-Women
11466,Janasya,Womens maroon poly crepe kurta (jne3460) - maroon,"Size:Large,Medium,Small,X-Large,X-Small,XX-Large","Rs
1399",489,65% off,Indianwear-Women
11467,Biba,Printed rayon round neck womens pant kurta dupatta set - yellow,"Size:32,34,36,38,40,42","Rs
2999",2099,30% off,Indianwear-Women
11468,Haute curry,Womens regular fit solid tops - coral,"Size:Large,Medium,Small,X-Large,X-Small,XX-Large","Rs
799",399,50% off,Indianwear-Women
11469,Aurelia,Printed polyester round neck womens straight kurta - green,"Size:Large,Medium,Small,X-Large,X-Small,XX-Large",Nan,1799,No Discount,Indianwear-Women
11470,Indya,Printed georgette regular fit womens regular saree - maroon,Size:Small,"Rs
3600",1800,50% off,Indianwear-Women
11471,Stop,Womens textured calf length winter wear kurta - maroon,"Size:Medium,Small,X-Large","Rs
1699",849,50% off,Indianwear-Women
11472,Biba,Solid straight cotton womens pants - marine,Size:Medium,"Rs
1499",749,50% off,Indianwear-Women
11473,Myshka,Printed rayon round neck womens regular kurta - green,"Size:Medium,Small","Rs
1999",499,75% off,Indianwear-Women
11474,Stop,Embroidered round neck straight fit womens kurta - pink,"Size:S,M,L,X-Large,X-Small,XX-Large","Rs
799",399,50% off,Indianwear-Women
11475,Biba,Printed v neck cotton womens kurta palazzo - grey,"Size:32,34,36,38,40,42","Rs
2799",1959,30% off,Indianwear-Women
11476,Infuse,Printed rayon round neck womens hi low kurta - grey,"Size:Large,Medium,Small,X-Large,X-Small,XX-Large","Rs
1599",479,70% off,Indianwear-Women
11477,Biba,Yarndyed shirt collar cotton womens kurta pants - navy,Size:32,"Rs
2999",1799,40% off,Indianwear-Women
11478,Haute curry,Printed rayon mandarin collar womens high low tunic - blue,"Size:Large,Medium,Small,X-Small","Rs
899",449,50% off,Indianwear-Women
11479,Biba,Solid band collar cotton womens kurta palazzo - peacock,"Size:32,34,38,40,42","Rs
2999",2099,30% off,Indianwear-Women
11480,Myshka,Printed cotton collar neck womens kurta palazzo set - grey,",Medium,Small,X-Large,XX-Large","Rs
2499",874,65% off,Indianwear-Women
11481,Stop,Solid mandarin collar straight fit womens kurta - sage,"Size:S,M,L,XL,X-Small,XX-Large","Rs
999",499,50% off,Indianwear-Women
11482,Global desi,Round neck viscose flared womens dresses - black,"Size:XL,Large,Medium,Small,X-Small,XX-Large",Nan,2899,No Discount,Indianwear-Women
11483,Infuse,Printed rayon round neck womens blouson top - peach,"Size:Large,Medium,Small,X-Large,X-Small,XX-Large","Rs
999",399,60% off,Indianwear-Women
11484,Stop,Embroidered flared fit cotton womens casual wear palazzo - black,"Size:Large/X-Large,Small/Medium,XX-Large/XXX-Large",Nan,999,No Discount,Indianwear-Women
11485,Stop,Womens regular fit printed kurta - black & white,"Size:S,M,XL,X-Small","Rs
1299",649,50% off,Indianwear-Women
11486,W,Solid poly viscose round neck womens flared dress - blue,"Size:6,8,10,12,14,18",Nan,6599,No Discount,Indianwear-Women
11487,Stop,Boat neck womens kurta - mint,"Size:S,M,L,X-Large,X-Small,XX-Large","Rs
1199",599,50% off,Indianwear-Women
11488,Kami kubi,Printed cotton round neck womens calf length kurta - grey,"Size:Large,Medium,Small,X-Small,XX-Large","Rs
2999",899,70% off,Indianwear-Women
11489,Juniper,Printed cotton mandarin womens tiered dress - green,"Size:Large,Medium,Small,X-Large","Rs
2999",1499,50% off,Indianwear-Women
11490,Juniper,Womens offwhite cotton solid cigarette pants with side pocket - off white,"Size:Large,Medium,Small,X-Large,X-Small,XX-Large","Rs
1799",719,60% off,Indianwear-Women
11491,Haute curry,Solid v neck regular womens tunics & tops - grey,"Size:Large,Medium,Small,X-Large,X-Small,XX-Large","Rs
699",349,50% off,Indianwear-Women
11492,W,Dobby cotton blend mandarin womens straight kurta - navy,"Size:6,8,10,12,14,16,18",Nan,1499,No Discount,Indianwear-Women
11493,Stop,Womens stop printed calf length casual wear kurta - off white,Size:X-Small,"Rs
999",499,50% off,Indianwear-Women
11494,Juniper,Embroidered rayon v neck womens kurta palazzo set - peach,"Size:Large,Medium,X-Large","Rs
3999",1399,65% off,Indianwear-Women
11495,Ziyaa,Printed round neck polyester womens ethnic set - grey,"Size:Large,Medium,Small,X-Large,XX-Large,XXX-Large","Rs
2894",1157,60% off,Indianwear-Women
11496,Indya,Shraddha kapoor for indya maroon embellished flared maxi skirt - maroon,"Size:Large,Medium,Small,X-Large,X-Small","Rs
3200",1600,50% off,Indianwear-Women
11497,Stop,Printed round neck straight fit womens kurta - natural,Size:X-Small,"Rs
1299",649,50% off,Indianwear-Women
11498,Ziyaa,Printed crepe mandarin womens straight kurta - black,"Size:Large,Medium,Small,X-Large,XX-Large,XXX-Large","Rs
1733",693,60% off,Indianwear-Women
11499,Aurelia,Round neck cotton womens below knee kurta - yellow,"Size:Large,Medium,Small,X-Large,X-Small,XX-Large",Nan,1299,No Discount,Indianwear-Women
11500,Varanga,Womens mandarin collar floral kurta - fuchsia,"Size:Medium,Small,X-Large,XX-Large","Rs
1799",809,55% off,Indianwear-Women
11501,Myshka,Printed rayon round neck womens regular kurta - grey,"Size:Large,Medium,Small,X-Large,XX-Large","Rs
1999",399,80% off,Indianwear-Women
11502,Myshka,Printed cotton blend collar neck womens dress - navy,",Medium,Small,X-Large,XX-Large","Rs
2999",749,75% off,Indianwear-Women
11503,Ziyaa,Floral round neck crepe womens ethnic set - purple,"Size:Large,Medium,Small,X-Large,XX-Large,XXX-Large","Rs
2019",807,60% off,Indianwear-Women
11504,Stop,Printed mandarin collar straight womens kurta - red,"Size:S,M,L,X-Small,XXX-Large","Rs
799",399,50% off,Indianwear-Women
11505,Juniper,Mukaish silk blend festive womens peplum blouse - gold,"Size:Medium,Small,X-Small","Rs
1049",629,40% off,Indianwear-Women
11506,Juniper,Printed round neck satin womens flared dress - navy,"Size:Large,Medium,Small,X-Large,X-Small","Rs
2799",979,65% off,Indianwear-Women
11507,Stop,Fitted full length cotton lycra womens leggings - gold,"Size:S,M,L,X-Large,X-Small","Rs
499",349,30% off,Indianwear-Women
11508,Zink london,Stripes polyester womens ankle length palazzo - black,"Size:Large,Medium,Small,X-Large","Rs
1799",1079,40% off,Indianwear-Women
11509,Myshka,Printed cotton blend collar neck womens top - green,"Size:Large,Medium,Small,X-Large,XX-Large","Rs
1899",474,75% off,Indianwear-Women
11510,Stop,Womens printed knee length casual wear kurta - rust,"Size:S,M,L,X-Large,X-Small,XX-Large,XXX-Large","Rs
799",399,50% off,Indianwear-Women
11511,Myshka,Printed cotton off shoulder womens dress - navy,"Size:Large,Medium,Small,X-Large,XX-Large","Rs
1999",599,70% off,Indianwear-Women
11512,Suti,Printed cotton womens flared kurti - olive,"Size:4X-Large,Large,Medium,Small,X-Large,X-Small","Rs
1499",1199,20% off,Indianwear-Women
11513,Myshka,Printed cotton mandarin womens kurta palazzo set - green,"Size:Large,Medium,Small,X-Large,XX-Large","Rs
4999",999,80% off,Indianwear-Women
11514,Indya,Embroidered georgette round neck womens regular tunic - blue,"Size:Large,Medium,Small,X-Small,XX-Large","Rs
2850",1425,50% off,Indianwear-Women
11515,Varanga,Printed v-neck silk blend womens ethnic set - grey,"Size:Small,X-Large,XX-Large","Rs
4999",1749,65% off,Indianwear-Women
11516,W,Printed cotton round neck womens calf length kurta - ecru,"Size:6,8,10,12,14,16,18",Nan,1999,No Discount,Indianwear-Women
11517,Infuse,Printed rayon round neck womens kurta - light blue,"Size:Large,Medium,Small,X-Large,X-Small,XX-Large","Rs
1999",999,50% off,Indianwear-Women
11518,Myshka,Solid rayon regular fit womens casual trousers - white,"Size:Large,Medium,Small,X-Large,XX-Large","Rs
1299",584,55% off,Indianwear-Women
11519,W,Printed viscose round neck womens calf length kurta - blue,Size:6,"Rs
1999",999,50% off,Indianwear-Women
11520,Varanga,Round neck womens kurta - pink,"Size:Large,Small,XX-Large","Rs
1999",699,65% off,Indianwear-Women
11521,Juniper,Womens baby pink rayon printed tiered ethnic dress with zari embroidery - baby pink,"Size:Medium,X-Large,XX-Large","Rs
2899",1304,55% off,Indianwear-Women
11522,Global desi,Womens ethnic motifs round neck asymmetric tunic - off white,"Size:XL,Large,Medium,Small,X-Small","Rs
1799",539,70% off,Indianwear-Women
11523,Biba,Printed band collar straight fit womens kurta - coral,"Size:32,34","Rs
2299",1609,30% off,Indianwear-Women
11524,W,Solid viscose round neck womens ethnic set - light blue,"Size:6,8,10,12,14,16,18",Nan,3999,No Discount,Indianwear-Women
11525,Kami kubi,Floral cotton v neck womens regular top - black,"Size:Medium,Small,X-Small","Rs
999",449,55% off,Indianwear-Women
11526,Indya,Floral silk regular fit womens maxi skirt - blue,"Size:Large,Medium,Small,X-Large,X-Small",Nan,3850,No Discount,Indianwear-Women
11527,Myshka,Printed crepe womens dress - multi,",Medium,Small,X-Large,XX-Large","Rs
2999",599,80% off,Indianwear-Women
11528,Indya,Embroidered georgette round neck womens regular dress - orange,"Size:Large,Medium,Small,X-Large,X-Small,XX-Large","Rs
2950",1475,50% off,Indianwear-Women
11529,Janasya,Womens grey poly crepe kurta (jne1408) - grey,"Size:Large,Medium,Small,X-Large,X-Small,XX-Large,XXX-Large","Rs
1299",519,60% off,Indianwear-Women
11530,Myshka,Printed rayon collar neck womens regular kurta - green,"Size:Medium,Small,X-Large,XX-Large","Rs
1999",599,70% off,Indianwear-Women
11531,Myshka,Printed polyester round neck womens top - pink,"Size:Large,Medium,Small","Rs
1799",449,75% off,Indianwear-Women
11532,Myshka,Printed round neck womens kurti - navy,",Medium,Small,X-Large,XX-Large","Rs
2499",749,70% off,Indianwear-Women
11533,Yuris,Printed round neck cotton womens kurta palazzo set - pink,"Size:Large,Medium,Small,X-Large,XX-Large","Rs
3999",1399,65% off,Indianwear-Women
11534,Global desi,Geometric viscose v neck womens regular kurta - rose,"Size:XL,Large,Medium,Small,X-Small,XX-Large","Rs
2299",1149,50% off,Indianwear-Women
11535,Haute curry,Solid rayon regular fit womens gather top - mustard,"Size:Large,Medium,Small,X-Large,X-Small,XX-Large","Rs
999",499,50% off,Indianwear-Women
11536,Janasya,Floral cotton mandarin womens salwar kurta dupatta set - black,"Size:X-Small,XXX-Large","Rs
4399",1539,65% off,Indianwear-Women
11537,Stop,Yarn dyed mandarin collar a-line womens kurta - blue,"Size:S,M,X-Large,X-Small,XX-Large","Rs
1499",749,50% off,Indianwear-Women
11538,Myshka,Printed rayon collar neck womens dress - red,"Size:Large,Medium,Small,X-Large,XX-Large","Rs
2999",749,75% off,Indianwear-Women
11539,Aurelia,Solid georgette round neck womens ethnic set - blue,"Size:Large,Medium,Small,X-Large,XX-Large","Rs
4899",3429,30% off,Indianwear-Women
11540,Myshka,Printed rayon round neck womens regular kurta - navy,"Size:Large,Medium,Small,X-Large,XX-Large","Rs
1499",449,70% off,Indianwear-Women
11541,Indya,Regular ankle length silk womens lehenga skirt - pink,"Size:Large,Medium,Small,X-Large,X-Small","Rs
3200",2560,20% off,Indianwear-Women
11542,Global desi,Floral cotton round neck womens straight tunic - blue,"Size:XL,Large,Medium,Small,X-Small","Rs
1699",1359,20% off,Indianwear-Women
11543,Biba,Round neck cotton tired womens dresses - yellow,"Size:34,36,38","Rs
3299",2639,20% off,Indianwear-Women
11544,Myshka,Printed cotton v neck womens dress - white,"Size:Large,Medium,Small,X-Large,XX-Large","Rs
3999",799,80% off,Indianwear-Women
11545,W,Solid round neck cotton blend womens calf length kurta - maroon,"Size:6,8,10,12,14,16,18",Nan,1999,No Discount,Indianwear-Women
11546,Biba,Printed rayon round neck womens palazzo kurta dupatta set - red,"Size:32,34,36,38,42","Rs
3799",2279,40% off,Indianwear-Women
11547,De moza,Womens solid full length pleated pants - black,"Size:Large,Medium,Small,X-Large,XX-Large",Nan,1299,No Discount,Indianwear-Women
11548,Yuris,Solid cotton boat neck womens kurta set - lime green,"Size:Large,Medium,Small,X-Large,XX-Large,XXX-Large","Rs
3999",1399,65% off,Indianwear-Women
11549,Myshka,Printed polyester v neck womens dress - multi,"Size:Large,Medium,Small,X-Large,XX-Large","Rs
1299",519,60% off,Indianwear-Women
11550,Haute curry,Rayon round neck womens casual top - grey,"Size:Large,Medium,Small,X-Large,X-Small,XX-Large","Rs
899",449,50% off,Indianwear-Women
11551,Kashish,Embroidered viscose blend round neck womens straight fit kurta - coral,"Size:Large,Medium,Small,X-Large,X-Small,XX-Large,XXX-Large","Rs
1599",799,50% off,Indianwear-Women
11552,Haute curry,Embroidered rayon v-neck womens a-line assymetrical tunic - lime green,"Size:Large,Medium,Small,X-Large,X-Small,XX-Large","Rs
899",449,50% off,Indianwear-Women
11553,Stop,Solid mandarin collar straight fit womens kurta - blue,"Size:S,M,L,XL,X-Small,XX-Large","Rs
1699",849,50% off,Indianwear-Women
11554,Juniper,Womens black rayon solid dress with yoke embroidery and belt - black,"Size:Large,Medium,Small,X-Large,XX-Large","Rs
2399",959,60% off,Indianwear-Women
11555,Biba,Printed round neck rayon womens kurta - indigo,"Size:34,40",Nan,2999,No Discount,Indianwear-Women
11556,W,Printed japnaese satin round neck womens ethnic set - purple,"Size:6,8,10,12,14,16,18","Rs
6599",4949,25% off,Indianwear-Women
11557,Myshka,Solid rayon round neck womens kurta palazzo set - black,",Medium,Small,X-Large,XX-Large","Rs
5499",1649,70% off,Indianwear-Women
11558,Haute curry,All over print lapel collar regular womens tunics & tops - peach,"Size:Large,Medium,Small,X-Large,XX-Large",Nan,899,No Discount,Indianwear-Women
11559,Indya,Embellished georgette round neck womens kurta - green,"Size:Large,Medium,Small,X-Large,X-Small,XX-Large","Rs
2950",2360,20% off,Indianwear-Women
11560,Ziyaa,Printed polyester boat neck womens straight kurta - pink,"Size:Large,Medium,Small,X-Large,XX-Large,XXX-Large","Rs
1343",537,60% off,Indianwear-Women
11561,Yuris,Floral v-neck cotton womens kurta set - multi,"Size:Medium,Small,X-Large,XX-Large,XXX-Large","Rs
3999",1399,65% off,Indianwear-Women
11562,Sanaa,Printed rayon mandarin womens mid thigh length kurti - blue,"Size:Large,Medium,Small,X-Large,XX-Large","Rs
1599",1119,30% off,Indianwear-Women
11563,Kashish,Embroidered viscose blend round neck womens calf length kurta - grey,"Size:Large,Medium,Small,X-Large,X-Small,XX-Large,XXX-Large",Nan,1599,No Discount,Indianwear-Women
11564,Myshka,Printed v neck womens kurti - multi,",Medium,Small,X-Large,XX-Large","Rs
1299",454,65% off,Indianwear-Women
11565,Global desi,Jacquard square neck cotton womens flared dress - maroon,"Size:XL,Large,Small,X-Small","Rs
4199",2099,50% off,Indianwear-Women
11566,Kashish,Embroidered viscose blend round neck womens straight fit kurta - yellow,"Size:Large,Medium,Small,X-Large,X-Small,XX-Large,XXX-Large","Rs
1599",799,50% off,Indianwear-Women
11567,Kashish,Embroidered round neck viscose blend womens festive set - fuschia,"Size:Large,Medium,Small,X-Large,X-Small,XX-Large","Rs
3499",1749,50% off,Indianwear-Women
11568,Varanga,Printed cotton round neck womens calf length kurta - blue,"Size:Large,Medium,XX-Large","Rs
3899",1169,70% off,Indianwear-Women
11569,Juniper,Womens coral silk chevron print lehenga with silk lurex choli with satin lining & cancan - coral,"Size:Large,Medium,Small,X-Large,X-Small","Rs
3999",1999,50% off,Indianwear-Women
11570,Stop,Solid regular fit cotton womens casual pants - charcoal,"Size:2XL/3XL,Large/X-Large,Small/Medium",Nan,699,No Discount,Indianwear-Women
11571,Janasya,Womens red poly silk kurta with palazzo (set038) - red,"Size:Large,Small,X-Small,XX-Large","Rs
2549",892,65% off,Indianwear-Women
11572,Juniper,Embroidered cotton mandarin womens straight kurta - white,"Size:Large,Medium,Small,X-Large","Rs
2899",1449,50% off,Indianwear-Women
11573,Kami kubi,Floral cotton mandarin womens a line kurta - pink,"Size:Large,Medium,Small,X-Large,X-Small,XX-Large","Rs
2299",804,65% off,Indianwear-Women
11574,Kashish,Embroidered round neck viscose blend womens calf length kurta - grey,"Size:Large,Medium,Small,X-Large,X-Small,XX-Large,XXX-Large","Rs
1599",799,50% off,Indianwear-Women
11575,Haute curry,Printed rayon v-neck womens a-line assymetrical tunic - off white,"Size:Large,Medium,Small,X-Large,X-Small,XX-Large","Rs
899",449,50% off,Indianwear-Women
11576,Yuris,Printed round neck cotton womens kurta palazzo set - brown,Size:Small,"Rs
3999",1399,65% off,Indianwear-Women
11577,Janasya,Poly crepe womens kurta - orange,"Size:Large,Medium,Small,X-Large,X-Small,XX-Large","Rs
1199",479,60% off,Indianwear-Women
11578,Stop,Womens printed knee length daily wear kurta - brown,Size:X-Small,"Rs
799",399,50% off,Indianwear-Women
11579,Aurelia,Regular fit polyester womens festive skirt - blue,"Size:Large,Medium,Small,X-Large,XX-Large",Nan,2499,No Discount,Indianwear-Women
11580,Stop,Womens embroidered calf length casual wear kurta - coral,"Size:S,M,X-Small","Rs
1299",649,50% off,Indianwear-Women
11581,Janasya,Womens black poly crepe kurta (jne3408) - black,"Size:Large,Medium,X-Large,X-Small,XX-Large,XXX-Large","Rs
1399",629,55% off,Indianwear-Women
11582,Stop,Solid mandarin collar straight fit womens kurta - lime green,"Size:S,M,L,X-Large,X-Small,XX-Large","Rs
1299",649,50% off,Indianwear-Women
11583,Stop,Solid regular fit cotton lycra womens casual pants - mouse,"Size:XL,Large,Medium,Small,X-Small,XX-Large",Nan,999,No Discount,Indianwear-Women
11584,Myshka,Printed round neck womens kurti - multi,",Medium,Small,X-Large,XX-Large","Rs
3999",799,80% off,Indianwear-Women
11585,Stop,Solid mandarin collar a-line womens kurta - green,"Size:S,XL,X-Small","Rs
1299",649,50% off,Indianwear-Women
11586,Biba,Printed polyester round neck womens palazzo kurta dupatta set - turquoise,Size:40,"Rs
4995",2497,50% off,Indianwear-Women
11587,Kami kubi,Floral cotton round neck womens regular top - white,"Size:Large,Medium,Small,X-Large,X-Small","Rs
1999",699,65% off,Indianwear-Women
11588,Kashish,Embroidered viscose blend round neck womens calf length kurta - natural,"Size:Large,Medium,Small,X-Large,X-Small,XX-Large,XXX-Large",Nan,1599,No Discount,Indianwear-Women
11589,Yuris,Motif cotton mandarin womens regular kurta - multi,"Size:Medium,Small,XXX-Large","Rs
1799",809,55% off,Indianwear-Women
11590,Varanga,Embroidered halter neck silk blend womens ethnic set - pink,"Size:Large,Medium,Small,X-Large,XX-Large","Rs
6999",2449,65% off,Indianwear-Women
11591,Ziyaa,Printed crepe round neck womens straight kurta - pink,"Size:Large,Medium,Small,X-Large,XX-Large,XXX-Large","Rs
1526",534,65% off,Indianwear-Women
11592,Stop,Regular fit ankle length cotton lycra womens leggings - indigo,"Size:XL,Large,Medium,Small,X-Small","Rs
499",349,30% off,Indianwear-Women
11593,Stop,Full length cotton lycra knitted womens churidar - black,"Size:S,M,L,X-Large,XX-Large","Rs
499",349,30% off,Indianwear-Women
11594,Juniper,Ethnic motifs mandarin neck cambric womens tiered dresses - indigo,"Size:Large,Medium,Small,XX-Large","Rs
2499",1374,45% off,Indianwear-Women
11595,Varanga,Embroidered silk blend sweetheart neck womens ethnic set - sea green,"Size:Large,Medium,Small,XX-Large","Rs
5999",1799,70% off,Indianwear-Women
11596,Indya,Embroidered georgette v-neck womens flared tunic - pink,Size:X-Small,"Rs
3400",1700,50% off,Indianwear-Women
11597,Myshka,Printed jacard round neck womens kurta palazzo set - green,",X-Large,XX-Large","Rs
6499",1624,75% off,Indianwear-Women
11598,Stop,Printed rayon mandarin womens knee length kurta - peach,"Size:S,M,L,X-Large,X-Small,XX-Large,XXX-Large","Rs
799",559,30% off,Indianwear-Women
11599,Janasya,Womens light green poly crepe kurta (jne3395) - green,"Size:Large,Medium,Small,X-Large,X-Small,XX-Large","Rs
1549",619,60% off,Indianwear-Women
11600,Stop,Womens flax mandarin collar straight fit kurta - charcoal,"Size:S,M,X-Small,XX-Large","Rs
1299",649,50% off,Indianwear-Women
11601,Aurelia,Dyed cotton womens straight kurta - purple,"Size:Large,Medium,Small,X-Small,XX-Large","Rs
1199",839,30% off,Indianwear-Women
11602,Ziyaa,Printed mandarin polyester womens ethnic set - blue,"Size:Large,Medium,Small,X-Large,XX-Large,XXX-Large","Rs
2952",1033,65% off,Indianwear-Women
11603,Myshka,Solid cotton regular fit womens casual trousers - black,"Size:Large,Medium,X-Large,XX-Large","Rs
1299",454,65% off,Indianwear-Women
11604,Indya,Solid georgette regular fit womens sharara - blue,"Size:Large,Medium,Small,X-Large,X-Small,XX-Large","Rs
2100",1050,50% off,Indianwear-Women
11605,Indya,Shraddha kapoor for indya green georgette ethnic maxi dress - green,"Size:Small,X-Small,XX-Large","Rs
3600",2880,20% off,Indianwear-Women
11606,Haute curry,Solid v neck regular womens tunics & tops - mustard,"Size:Large,Medium,Small,X-Large,X-Small,XX-Large","Rs
699",349,50% off,Indianwear-Women
11607,W,Printed rayon regular fit womens dress - blue,"Size:6,8,10,12,14,16,18",Nan,3999,No Discount,Indianwear-Women
11608,Kashish,Embroidered round neck viscose blend womens ethnic set - grey,"Size:Large,Medium,Small,X-Large,X-Small,XX-Large","Rs
2999",1499,50% off,Indianwear-Women
11609,Global desi,Womens a-line applique solid casual wear trousers - black,"Size:XL,Large,Medium,Small","Rs
1499",749,50% off,Indianwear-Women
11610,Varanga,Sequins mandarin silk blend designer womens ethnic set - red,"Size:Medium,Small","Rs
6799",2039,70% off,Indianwear-Women
11611,Janasya,Floral round neck regular fit womens kurta - maroon,"Size:Medium,Small,X-Large,X-Small","Rs
1549",619,60% off,Indianwear-Women
11612,Stop,Printed rayon round neck womens regular tunic - brown,"Size:XL,Large,Medium,Small,XX-Large","Rs
1299",649,50% off,Indianwear-Women
11613,Stop,Solid round neck straight fit womens kurta - aqua,"Size:S,M,L,X-Large,X-Small","Rs
799",399,50% off,Indianwear-Women
11614,Global desi,Round neck straight women kurtas - dark green,"Size:XL,Large,Medium,Small,X-Small,XX-Large","Rs
3799",2469,35% off,Indianwear-Women
11615,W,Printed viscose mandarin womens straight kurta - grey,"Size:6,8,10,12,14,16","Rs
1799",1349,25% off,Indianwear-Women
11616,W,Printed mandarin neck straight womens kurta - blue,Size:6,"Rs
1699",849,50% off,Indianwear-Women
11617,Ziyaa,Printed mandarin rayon womens ethnic set - brown,"Size:Large,Medium,Small,X-Large,XX-Large,XXX-Large","Rs
2138",855,60% off,Indianwear-Women
11618,Ziyaa,Printed round neck crepe womens ethnic set - pink,"Size:Large,Medium,X-Large,XX-Large,XXX-Large","Rs
2307",807,65% off,Indianwear-Women
11619,W,Solid viscose round neck womens straight fit kurta - blue,"Size:8,14,16","Rs
1899",1139,40% off,Indianwear-Women
11620,Biba,Printed v neck flared womens kurta - indigo,"Size:32,34,36,38,40,42","Rs
2799",2239,20% off,Indianwear-Women
11621,Aurelia,Printed viscose mandarin womens straight kurta - natural,"Size:Large,Medium,Small,X-Large,X-Small,XX-Large","Rs
1399",979,30% off,Indianwear-Women
11622,Myshka,Solid cotton round neck womens regular kurta - black,"Size:Large,Medium,Small,X-Large,XX-Large","Rs
1399",559,60% off,Indianwear-Women
11623,Janasya,Womens yellow crepe high low hemline kurti (jne3520) - yellow,"Size:Large,Medium,Small,X-Large,X-Small,XX-Large","Rs
1499",524,65% off,Indianwear-Women
11624,Myshka,Printed cotton round neck womens dress - green,",Medium,Small,X-Large,XX-Large","Rs
3999",799,80% off,Indianwear-Women
11625,Stop,Womens solid knee length casual wear straight kurta - olive,"Size:S,M,L,X-Large,X-Small,XX-Large","Rs
899",449,50% off,Indianwear-Women
11626,Juniper,Womens jade green rayon embellished front slit kurta with rayon foil print flared palazzo - jade,"Size:Large,Medium,Small,X-Large,X-Small","Rs
3998",2198,45% off,Indianwear-Women
11627,Juniper,Cambric shirt collar womens tunic and palazzo set - blue,"Size:Medium,Small,X-Large,X-Small","Rs
4598",2299,50% off,Indianwear-Women
11628,Infuse,Printed cotton mandarin collar womens knee length kurta - yellow,Size:Small,"Rs
799",399,50% off,Indianwear-Women
11629,Varanga,Printed silk round neck womens a-line kurta - brown,"Size:Medium,X-Large,XX-Large","Rs
3699",1109,70% off,Indianwear-Women
11630,W,Dobby cotton blend round neck womens kurta - red,"Size:6,8,10,12,14,16,18",Nan,1799,No Discount,Indianwear-Women
11631,Biba,Printed round neck a-line womens kurta - coral,"Size:38,40","Rs
1799",899,50% off,Indianwear-Women
11632,Janasya,Solid silk round neck womens kurta palazzo set - green,"Size:Large,Medium,Small,X-Large,X-Small,XX-Large,XXX-Large","Rs
2299",1034,55% off,Indianwear-Women
11633,Myshka,Embroidered round neck womens kurti - maroon,",Medium,Small,X-Large,XX-Large","Rs
2999",749,75% off,Indianwear-Women
11634,Ziyaa,Printed polyester round neck womens straight kurta - pink,"Size:Large,Medium,Small,X-Large,XX-Large,XXX-Large","Rs
1970",788,60% off,Indianwear-Women
11635,Stop,Womens printed knee length casual wear kurta - natural,"Size:S,M,L,X-Small,XXX-Large","Rs
799",399,50% off,Indianwear-Women
11636,W,Printed viscose round neck womens kurta - pink,"Size:6,8,10,12,14,16,18","Rs
1799",1349,25% off,Indianwear-Women
11637,Myshka,Printed organza round neck womens regular casual dress - navy,"Size:Large,Medium,Small,X-Large,XX-Large","Rs
3999",1199,70% off,Indianwear-Women
11638,Aurelia,Printed band collar straight womens kurta - natural,"Size:X-Small,XX-Large","Rs
1499",749,50% off,Indianwear-Women
11639,Global desi,Solid key hole neck straight womens kurta - mustard,"Size:XL,Large,Medium,Small,X-Small","Rs
1799",719,60% off,Indianwear-Women
11640,Infuse,Embroidered polyester womens full length palazzos - silver grey,"Size:2XL/3XL,Small/Medium","Rs
1399",419,70% off,Indianwear-Women
11641,W,Solid cotton lycra regular fit womens tights - blue,"Size:Large,Medium,Small,X-Large","Rs
799",599,25% off,Indianwear-Women
11642,Juniper,Polka dots georgette mandarin collar womens a-line kurta - black,"Size:Large,Medium,Small,X-Large","Rs
2699",944,65% off,Indianwear-Women
11643,Biba,Solid cotton mandarin womens salwar kurta dupatta set - multi,"Size:32,34,36,38,40,42",Nan,3799,No Discount,Indianwear-Women
11644,Varanga,Embellished cotton round neck womens calf length kurta - navy,Size:XX-Large,"Rs
3999",1199,70% off,Indianwear-Women
11645,Global desi,Womens abstract v-neck flared dress - black,"Size:XL,Large,Small","Rs
2199",879,60% off,Indianwear-Women
11646,Myshka,Embroidered silk blend round neck womens kurta palazzo set - grey,",Medium,Small,X-Large,XX-Large","Rs
5499",1374,75% off,Indianwear-Women
11647,Indya,Printed georgette regular fit womens sharara - pink,"Size:Large,Medium,Small,X-Large,X-Small,XX-Large","Rs
2450",1225,50% off,Indianwear-Women
11648,Stop,Boat neck womens kurta - sky blue,"Size:S,M,L,X-Large,X-Small,XX-Large","Rs
1199",599,50% off,Indianwear-Women
11649,Biba,Solid band collar straight womens kurti - coral,Size:34,"Rs
1299",649,50% off,Indianwear-Women
11650,Juniper,Geometric georgette round neck womens tiered dress - black,"Size:Large,Medium,Small","Rs
3299",1979,40% off,Indianwear-Women
11651,Aurelia,Printed viscose womens straight kurta - grey,"Size:Large,Medium,Small,X-Large,X-Small,XX-Large","Rs
1499",1049,30% off,Indianwear-Women
11652,Ziyaa,Floral mandarin polyester womens ethnic set - navy,"Size:Large,Medium,Small,X-Large,XX-Large,XXX-Large","Rs
1874",843,55% off,Indianwear-Women
11653,Indya,Embellished georgette round neck womens kurta - purple,"Size:Large,Medium,Small,X-Large,X-Small","Rs
2600",2080,20% off,Indianwear-Women
11654,Infuse,Fitted full length cotton lycra womens churidar - natural,"Size:Large,Medium,Small,X-Large,XX-Large","Rs
1099",329,70% off,Indianwear-Women
11655,Global desi,Solid viscose cotton key hole neck womens kurta - white,"Size:XL,Large,Medium,Small,X-Small,XX-Large","Rs
1799",899,50% off,Indianwear-Women
11656,Biba,Printed round neck polyester womens straight kurta - black,"Size:32,34,38,40","Rs
1599",959,40% off,Indianwear-Women
11657,Biba,Printed cotton round neck womens straight fit kurta - blue,"Size:34,36,38,40","Rs
1999",1199,40% off,Indianwear-Women
11658,Stop,Womens printed knee length casual wear kurta - black,"Size:S,M,X-Small","Rs
799",399,50% off,Indianwear-Women
11659,Haute curry,Printed ankle length casual wear shirt dress - yellow,"Size:Large,Medium,Small,X-Large,X-Small,XX-Large","Rs
1499",749,50% off,Indianwear-Women
11660,Indya,Embellished georgette womens festive wear saree - purple,"Size:Medium,Small","Rs
3600",1800,50% off,Indianwear-Women
11661,Varanga,Embroidered round neck cotton womens ethnic set - blue,"Size:Medium,Small","Rs
6999",2099,70% off,Indianwear-Women
11662,Infuse,Printed cotton mandarin collar womens knee length kurta - black,"Size:Medium,Small,X-Small","Rs
799",399,50% off,Indianwear-Women
11663,Varanga,Gotta patti embellished silk halter neck womens regular fit kurta - cream,"Size:Large,Medium,Small","Rs
2999",899,70% off,Indianwear-Women
11664,Haute curry,Solid denim womens ankle length palazzo - indigo,"Size:Large,Medium,Small,X-Large",Nan,1299,No Discount,Indianwear-Women
11665,Sanaa,Printed rayon boat neck womens mid thigh length kurti - blue,"Size:Large,Medium,Small,X-Large,XX-Large","Rs
1499",1049,30% off,Indianwear-Women
11666,Biba,Printed round neck polyester womens straight kurta - off white,"Size:34,38","Rs
2299",1609,30% off,Indianwear-Women
11667,Aurelia,Printed cotton mandarin womens flared dress - yellow,"Size:Large,Medium,Small,X-Large,X-Small,XX-Large",Nan,3999,No Discount,Indianwear-Women
11668,Ziyaa,Printed crepe boat neck womens straight kurta - blue,"Size:Large,Medium,Small,X-Large,XX-Large,XXX-Large","Rs
1373",617,55% off,Indianwear-Women
11669,Kashish,Printed cotton satin round neck a-line womens calf length kurta - sea green,"Size:Small,X-Large,X-Small","Rs
1799",899,50% off,Indianwear-Women
11670,Biba,Yarn dyed cotton round neck womens ethnic set - black,"Size:32,34,36,38","Rs
3299",1979,40% off,Indianwear-Women
11671,Indya,Regular ankle length georgette womens skirt - pink,"Size:Large,Medium,Small,X-Large,X-Small","Rs
3400",1700,50% off,Indianwear-Women
11672,Haute curry,Printed lapel collar flex womens a-line dress - lavender,"Size:Large,Medium,Small,X-Small,XX-Large","Rs
1499",749,50% off,Indianwear-Women
11673,Juniper,Embroidered cotton dobby round neck womens a line tunic - white,"Size:Large,Medium,Small,X-Large","Rs
1599",1039,35% off,Indianwear-Women
11674,W,Solid poly viscose collar neck womens flared dress - red,"Size:6,8,10,12,14,16,18","Rs
3599",2699,25% off,Indianwear-Women
11675,Yuris,Buttons round neck cotton womens kurta palazzo set - blue,"Size:Large,Medium,Small,X-Large,XX-Large,XXX-Large","Rs
2899",1159,60% off,Indianwear-Women
11676,Ziyaa,Floral round neck rayon womens ethnic set - navy,"Size:Large,Medium,Small,X-Large,XX-Large,XXX-Large","Rs
2677",1070,60% off,Indianwear-Women
11677,Kashish,Embroidered round neck viscose blend womens ethnic set - peach,"Size:Large,Medium,Small,X-Large,X-Small,XX-Large","Rs
3799",1899,50% off,Indianwear-Women
11678,Varanga,Embroidered silk blend round neck womens ethnic set - magenta,"Size:Large,Medium,Small,X-Large,XX-Large",Nan,5599,No Discount,Indianwear-Women
11679,Aurelia,Yarn dyed cotton round neck womens ethnic set - peach,"Size:Large,Medium,Small,X-Large,XX-Large","Rs
1999",1399,30% off,Indianwear-Women
11680,Stop,Womens regular fit printed kurta - red,"Size:S,M,X-Small","Rs
999",499,50% off,Indianwear-Women
11681,Stop,Embroidered rayon round neck womens regular tunic - navy,"Size:XL,Large,Medium,Small,XX-Large","Rs
1499",749,50% off,Indianwear-Women
11682,Madame,Solid cotton blend womens ankle length palazzo - orange,"Size:Large,Medium,Small,X-Large,XX-Large","Rs
1799",899,50% off,Indianwear-Women
11683,Ritu kumar,Sweetheart neck chiffon womens long dress - multi,"Size:Large,Medium,Small,X-Small",Nan,7900,No Discount,Indianwear-Women
11684,Juniper,Printed rayon round neck womens flared dress - blue,"Size:Large,Medium,Small,X-Large","Rs
2499",1249,50% off,Indianwear-Women
11685,Myshka,Embroidered round neck womens kurti - grey,",Medium,Small,X-Large,XX-Large","Rs
2999",749,75% off,Indianwear-Women
11686,Infuse,Embroidered cotton womens full length palazzos - navy,"Size:Large/X-Large,Small/Medium","Rs
1499",599,60% off,Indianwear-Women
11687,Kashish,Embroidered mandarian collar straight fit womens kurta - olive,"Size:Large,Medium,Small,X-Large,X-Small,XX-Large","Rs
1799",899,50% off,Indianwear-Women
11688,Myshka,Solid silk mandarin womens regular casual dress - pink,"Size:Large,Medium,Small,X-Large,XX-Large","Rs
5999",1499,75% off,Indianwear-Women
11689,Kami kubi,Floral cotton v neck womens regular top - blue,"Size:Large,Medium,Small,X-Small","Rs
1399",489,65% off,Indianwear-Women
11690,Juniper,Printed georgette round neck womens a line dress - yellow,"Size:Medium,Small",Nan,3499,No Discount,Indianwear-Women
11691,Janasya,Cotton slub womens tunic - black,"Size:Large,Medium,X-Large,XX-Large,XXX-Large","Rs
1499",749,50% off,Indianwear-Women
11692,Biba,Printed band collar straight fit womens kurta - yellow,Size:38,"Rs
1999",1399,30% off,Indianwear-Women
11693,Yuris,Floral cotton round neck womens kurta set - peach,"Size:Large,Medium,Small,XX-Large,XXX-Large","Rs
3999",1399,65% off,Indianwear-Women
11694,Yuris,Ethnic motifs boat neck cotton womens kurta set - multi,"Size:Large,X-Large,XX-Large,XXX-Large","Rs
3999",1399,65% off,Indianwear-Women
11695,Yuris,Printed mandarin neck cotton womens flared ethnic dress - navy,"Size:Large,X-Large,XX-Large","Rs
1999",999,50% off,Indianwear-Women
11696,Juniper,Printed rayon round neck womens straight kurta - black,"Size:Large,Medium,Small,X-Large","Rs
2099",944,55% off,Indianwear-Women
11697,Myshka,Printed cotton womens dress - pink,",Medium,Small,X-Large,XX-Large","Rs
2499",499,80% off,Indianwear-Women
11698,Varanga,Mandarin collar womens kurta - pink,"Size:Large,Medium,Small,X-Large,XX-Large","Rs
1599",879,45% off,Indianwear-Women
11699,Aurelia,Dyed cotton v-neck womens knee length kurta - red,Size:XX-Large,"Rs
799",399,50% off,Indianwear-Women
11700,Kashish,Embroidered mandarian collar a-line fit womens kurta - lavender,"Size:Medium,Small,X-Small","Rs
1999",999,50% off,Indianwear-Women
11701,Haute curry,Womens rayon mandarin collar straight fit tops & tunics - rust,"Size:Large,Medium,Small,X-Large,X-Small,XX-Large","Rs
899",449,50% off,Indianwear-Women
11702,Myshka,Printed cotton round neck womens dress - navy,"Size:Large,Medium,Small,X-Large,XX-Large","Rs
1999",799,60% off,Indianwear-Women
11703,Stop,Womens flax mandarin collar straight fit kurta - maroon,Size:X-Small,"Rs
999",499,50% off,Indianwear-Women
11704,Varanga,Womens round neck floral kurta - off white,"Size:Medium,X-Large,XX-Large","Rs
2499",1374,45% off,Indianwear-Women
11705,Stop,Solid straight fit polyester womens casual wear palazzo - olive,"Size:2XL/3XL,Large/X-Large,Small/Medium","Rs
899",359,60% off,Indianwear-Women
11706,Kashish,Embroidered round neck straight fit womens kurta - coral,"Size:Large,Medium,Small,X-Large,X-Small,XX-Large,XXX-Large","Rs
1599",799,50% off,Indianwear-Women
11707,Myshka,Printed cotton round neck womens kurta palazzo set - mustard,"Size:Large,Small,X-Large","Rs
3999",1199,70% off,Indianwear-Women
11708,Juniper,Solid rayon regular fit womens full length palazzos - off white,"Size:4X-Large,5X-Large,X-Large","Rs
1899",664,65% off,Indianwear-Women
11709,Global desi,Solid viscose round neck womens straight tunic - indigo,"Size:XL,Large,Medium,Small,X-Small,XX-Large","Rs
2899",2319,20% off,Indianwear-Women
11710,Stop,Womens printed knee length daily wear kurta - indigo,Size:X-Small,"Rs
799",399,50% off,Indianwear-Women
11711,Haute curry,Solid flex womens ankle length palazzo - olive,"Size:Large,Medium,Small,X-Large",Nan,999,No Discount,Indianwear-Women
11712,Aurelia,Solid cotton flax womens non festive trousers - white,"Size:Large,Small,X-Large,X-Small",Nan,899,No Discount,Indianwear-Women
11713,Janasya,Solid silk round neck womens kurta palazzo set with dupatta - grey,"Size:Large,Medium,Small,X-Large,X-Small,XXX-Large","Rs
2649",1324,50% off,Indianwear-Women
11714,W,Printed cotton mandarin womens calf length kurta - ecru,"Size:6,8,10,12,14,16,18",Nan,1899,No Discount,Indianwear-Women
11715,Indya,Printed silk round neck womens top - pink,"Size:Large,Medium,Small,X-Large,X-Small","Rs
1500",1200,20% off,Indianwear-Women
11716,Yuris,Floral round neck cotton womens kurta set - multi,"Size:Large,Small,X-Large,XX-Large","Rs
3499",1399,60% off,Indianwear-Women
11717,Infuse,Embroidered chanderi round neck womens kurta - baby pink,"Size:Large,Medium,Small,X-Large,X-Small,XX-Large","Rs
1999",999,50% off,Indianwear-Women
11718,Ziyaa,Floral rayon round neck womens ethnic set - mustard,"Size:Large,Medium,Small,X-Large,XX-Large,XXX-Large","Rs
2550",1020,60% off,Indianwear-Women
11719,Yuris,Floral mandarin cotton womens kurta set - multi,"Size:Large,Medium,Small,X-Large,XX-Large,XXX-Large","Rs
4299",1504,65% off,Indianwear-Women
11720,Haute curry,Solid round neck regular womens tunics & tops - natural,"Size:Large,Medium,Small,X-Large,X-Small,XX-Large","Rs
799",399,50% off,Indianwear-Women
11721,Varanga,Mandarin collar womens kurta - off white,"Size:Large,Medium,Small,XX-Large","Rs
1999",899,55% off,Indianwear-Women
11722,Haute curry,Yarn dyed ankle length casual wear gather dress - black,"Size:Large,Medium,Small,X-Small,XX-Large","Rs
1299",649,50% off,Indianwear-Women
11723,Juniper,Cambric boat neck womens straight kurta and palazzo set - lime green,"Size:Large,Medium,Small,X-Large,XX-Large","Rs
3198",1439,55% off,Indianwear-Women
11724,W,Print round neck cotton flex womens kurta - orange,"Size:10,14,16","Rs
1899",949,50% off,Indianwear-Women
11725,Juniper,Printed rayon calf length womens a-line kurta - black,Size:X-Small,"Rs
2098",629,70% off,Indianwear-Women
11726,Varanga,V- neck straight designer womens kurtas - mustard,"Size:Small,XX-Large","Rs
3499",1224,65% off,Indianwear-Women
11727,Juniper,Zari round neck rayon blend designer womens ethnic sets - black,"Size:Large,Medium,Small,X-Large","Rs
3699",1664,55% off,Indianwear-Women
11728,Biba,Yarndyed round neck cotton viscose womens kurta skirt set - yellow,"Size:32,36,38",Nan,7995,No Discount,Indianwear-Women
11729,Kashish,Solid mandarian collar a-line fit womens kurta - mint,"Size:Large,Medium,Small,X-Large,X-Small,XX-Large","Rs
1799",899,50% off,Indianwear-Women
11730,Myshka,Printed mandarin womens kurti - maroon,",Medium,Small,X-Large,XX-Large","Rs
5499",1374,75% off,Indianwear-Women
11731,Infuse,Printed cotton mandarin neck womens straight fit kurta - yellow,"Size:Medium,Small,X-Small,XX-Large,XXX-Large","Rs
799",399,50% off,Indianwear-Women
11732,W,Solid round neck viscose womens calf length kurta - maroon,"Size:6,8,10,12,14,16","Rs
1799",1349,25% off,Indianwear-Women
11733,W,Regular cotton woven designer womens pants - white,Size:6,"Rs
1699",1019,40% off,Indianwear-Women
11734,Ziyaa,Solid mandarin polyester womens ethnic set - brown,"Size:Large,Medium,Small,X-Large,XX-Large,XXX-Large","Rs
1734",780,55% off,Indianwear-Women
11735,Kashish,Embroidered mandarian collar straight fit womens kurta - mustard,"Size:Large,Medium,Small,X-Large,X-Small,XX-Large","Rs
1799",899,50% off,Indianwear-Women
11736,Biba,Printed round neck a-line womens kurta - cream,"Size:34,36,42","Rs
2599",1299,50% off,Indianwear-Women
11737,Indya,Solid silk womens regular length pants - pink,"Size:Large,Medium,Small,X-Large,X-Small,XX-Large","Rs
1600",800,50% off,Indianwear-Women
11738,Infuse,Embroidered cotton womens full length palazzos - mustard,"Size:Large/X-Large,Small/Medium","Rs
1699",679,60% off,Indianwear-Women
11739,Indya,Embroidered georgette scoop neck womens regular kurta - green,"Size:Large,Medium,Small,X-Large,X-Small,XX-Large","Rs
2200",1100,50% off,Indianwear-Women
11740,Kashish,Solid v neck straight fit womens kurta - peach,"Size:Large,Medium,Small,X-Large,X-Small,XX-Large","Rs
1999",999,50% off,Indianwear-Women
11741,Varanga,Printed round neck cotton womens straight kurta - mustard,"Size:Large,Medium,Small,X-Large,XX-Large","Rs
2999",899,70% off,Indianwear-Women
11742,Juniper,Bandhni print georgette round neck high low womens tunic - mustard,Size:X-Small,"Rs
1999",799,60% off,Indianwear-Women
11743,Juniper,Floral mandarin collar rayon womens flared dress - black,"Size:Large,Medium,Small,X-Large,X-Small,XX-Large","Rs
3499",1574,55% off,Indianwear-Women
11744,Global desi,Womens regular fit floral tunic - mustard,"Size:XL,Large,Medium,Small,XX-Large","Rs
1999",599,70% off,Indianwear-Women
11745,Juniper,Womens mint georgette placement printed tiered dress with tie-up dori & tassels - mint,"Size:Small,X-Small","Rs
3299",989,70% off,Indianwear-Women
11746,Ziyaa,Floral round neck polyester womens ethnic set - brown,"Size:Large,Medium,Small,X-Large,XX-Large,XXX-Large","Rs
1701",765,55% off,Indianwear-Women
11747,Biba,Printed v neck polyester womens kurta shrug - pink,"Size:32,34,36,38,40,42","Rs
2999",1799,40% off,Indianwear-Women
11748,Varanga,Solid v-neck cotton womens ethnic set - pink,"Size:Large,Medium,Small,X-Large","Rs
6999",2449,65% off,Indianwear-Women
11749,Suti,Printed cotton round neck womens a line kurti - green,"Size:Large,Medium,Small,X-Large,X-Small","Rs
1699",1359,20% off,Indianwear-Women
11750,Aurelia,Mandarin straight designer womens kurtas - blue,"Size:Large,Medium,Small,X-Large,X-Small,XX-Large","Rs
1399",979,30% off,Indianwear-Women
11751,W,Printed viscose round neck womens kurta - pink,"Size:6,8,10,12,14,16,18",Nan,1799,No Discount,Indianwear-Women
11752,Stop,Embroidered rayon round neck womens regular tunic - teal,"Size:XL,Large,Medium,Small,XX-Large","Rs
1299",649,50% off,Indianwear-Women
11753,Haute curry,Printed lapel collar rayon womens a-line dress - pink,"Size:Large,Medium,Small,X-Large,X-Small,XX-Large","Rs
1499",749,50% off,Indianwear-Women
11754,Varanga,V- neck silk blend designer womens ethnic set - black,"Size:Medium,Small,X-Large,XX-Large","Rs
4599",1379,70% off,Indianwear-Women
11755,Juniper,Womens powder pink cambric printed jacket style kurta with tie-up dori & tassels - pink,"Size:Large,Medium,Small,X-Large,X-Small","Rs
2599",1299,50% off,Indianwear-Women
11756,Stop,Yarn dyed mandarin collar a-line womens kurta - teal_green,"Size:S,M,XL,X-Small","Rs
999",499,50% off,Indianwear-Women
11757,Varanga,Printed cotton halter neck womens calf length kurta - maroon,"Size:Large,Medium,Small,X-Large,XX-Large","Rs
3299",824,75% off,Indianwear-Women
11758,Juniper,Printed rayon round neck womens a line dress - yellow,"Size:Large,X-Large","Rs
2299",1034,55% off,Indianwear-Women
11759,Ziyaa,Stripes round neck rayon womens ethnic set - green,"Size:Large,Medium,Small,X-Large,XX-Large,XXX-Large","Rs
3021",1208,60% off,Indianwear-Women
11760,W,Dyed cotton round neck womens calf length kurta - natural,"Size:6,8,10,12,14,16,18",Nan,2399,No Discount,Indianwear-Women
11761,Janasya,Embroidered cotton flex mandarin neck womens a-line top - mustard,"Size:Small,X-Small","Rs
1699",764,55% off,Indianwear-Women
11762,Biba,Embroidered cotton flax round neck womens straight fit kurta - burnt orange,"Size:32,34,36,38","Rs
1599",1119,30% off,Indianwear-Women
11763,Biba,Printed v neck rayon flax womens kurta pants - multi,"Size:32,34,36,38,42","Rs
2599",2079,20% off,Indianwear-Women
11764,Stop,Embroidered round neck straight fit womens kurta - sage,"Size:S,M,L,X-Large,X-Small","Rs
799",399,50% off,Indianwear-Women
11765,Stop,Womens regular fit printed kurta - blue,"Size:S,M,X-Small","Rs
999",499,50% off,Indianwear-Women
11766,Yuris,Printed mandarin neck cotton womens kurta palazzo set - maroon,"Size:Large,Medium,Small,X-Large","Rs
2799",1119,60% off,Indianwear-Women
11767,Yuris,Sequins round neck cotton womens kurta palazzo set - navy,"Size:Large,Medium,Small,X-Large,XX-Large","Rs
3999",1399,65% off,Indianwear-Women
11768,Juniper,Printed boat neck rayon womens ethnic set - green,"Size:Large,Medium,Small,X-Large,X-Small,XX-Large","Rs
2699",1484,45% off,Indianwear-Women
11769,Varanga,Embroidered silk blend round neck womens ethnic set - blue,Size:XX-Large,Nan,1799,No Discount,Indianwear-Women
11770,Juniper,Womens pista green chanderi printed a-line kurta - pista green,"Size:Large,Medium,Small,X-Large,XX-Large","Rs
2599",1039,60% off,Indianwear-Women
11771,Juniper,Printed round neck rayon womens flared dress - green,"Size:Large,Medium,Small,X-Large,XX-Large","Rs
2499",1249,50% off,Indianwear-Women
11772,Juniper,Round neck rayon blend tiered designer women dresses - fuchsia,"Size:Medium,Small","Rs
3599",899,75% off,Indianwear-Women
11773,Juniper,Printed regular fit rayon womens fusion dhoti pants - maroon,Size:X-Small,"Rs
1049",419,60% off,Indianwear-Women
11774,Aurelia,Yarn dyed cotton round neck womens ethnic set - green,"Size:Large,Medium,Small,X-Large,X-Small,XX-Large","Rs
1999",1399,30% off,Indianwear-Women
11775,Juniper,Printed crepe round neck womens flared dress - cream,"Size:Large,Medium,Small,X-Large","Rs
2699",1349,50% off,Indianwear-Women
11776,Kami kubi,Solid cotton round neck womens flared dress - maroon,"Size:Large,Medium,Small,X-Large,X-Small,XX-Large","Rs
2499",874,65% off,Indianwear-Women
11777,Indya,Embroidered georgette womens full length kurta - black,"Size:Large,Medium,Small,X-Large,X-Small,XX-Large",Nan,2950,No Discount,Indianwear-Women
11778,Neerus,Printed cotton mandarin womens calf length kurta - black,Size:X-Large,"Rs
2499",1249,50% off,Indianwear-Women
11779,Biba,Printed round neck cotton womens straight fit dress - wine,Size:34,"Rs
2999",1799,40% off,Indianwear-Women
11780,Amukti,Floral viscose rayon mandarin collar womens straight kurta - black,"Size:4X-Large,Large,Medium,Small,X-Large,XX-Large,XXX-Large","Rs
1299",909,30% off,Indianwear-Women
11781,Kami kubi,Floral silk blend v neck womens a line kurta - navy,"Size:Large,Medium,Small,X-Large,X-Small,XX-Large","Rs
3499",1924,45% off,Indianwear-Women
11782,Myshka,Solid rayon square neck womens kurta palazzo set - red,"Size:Large,Small,X-Large,XX-Large","Rs
3999",1199,70% off,Indianwear-Women
11783,W,Printed cambric round neck womens ethnic set - green,"Size:6,8,10,12,14,16,18","Rs
4999",3749,25% off,Indianwear-Women
11784,Janasya,Womens navy blue pure cotton narrow pant (btm021) - blue,"Size:Large,Medium,Small,X-Small,XX-Large,XXX-Large","Rs
1198",599,50% off,Indianwear-Women
11785,Yuris,Stripes mandarin a line fit womens top - multi,"Size:Large,Medium,Small,X-Large,X-Small,XX-Large","Rs
1499",749,50% off,Indianwear-Women
11786,Biba,Printed band collar a-line womens kurta - blue,"Size:34,36,38","Rs
2799",1399,50% off,Indianwear-Women
11787,Global desi,Floral mandarin collar womens tunic - aqua,"Size:XL,Large,Medium,Small,X-Small","Rs
1799",899,50% off,Indianwear-Women
11788,Yuris,Floral cotton mandarin womens regular kurta - multi,"Size:Medium,Small","Rs
1499",599,60% off,Indianwear-Women
11789,Biba,Yarndyed round neck a-line womens kurta - red,"Size:32,34,36,38,40","Rs
1999",1199,40% off,Indianwear-Women
11790,Global desi,Dyed cotton round neck womens knee length kurta - yellow,"Size:XL,Large,Medium,Small,X-Small,XX-Large","Rs
1899",1519,20% off,Indianwear-Women
11791,Kami kubi,Mix and match cotton womens ethnic set - blue,"Size:Large,Medium,Small,X-Small,XX-Large","Rs
2999",1349,55% off,Indianwear-Women
11792,Global desi,Floral mandarin collar womens top - pink,"Size:XL,Large,Medium,Small,X-Small","Rs
1799",899,50% off,Indianwear-Women
11793,Janasya,Poly chanderi womens kurta with pant and dupatta set - khaki,"Size:Small,X-Large,X-Small,XX-Large,XXX-Large","Rs
4998",2499,50% off,Indianwear-Women
11794,Ziyaa,Printed rayon mandarin womens a line kurta - black,"Size:Large,Medium,Small,X-Large,XX-Large,XXX-Large","Rs
2229",780,65% off,Indianwear-Women
11795,Ziyaa,Floral round neck rayon womens ethnic set - red,"Size:Large,Medium,Small,X-Large,XX-Large","Rs
2333",933,60% off,Indianwear-Women
11796,Aurelia,Printed viscose poly mandarin womens straight kurta - green,"Size:Large,Medium,Small,X-Large,X-Small,XX-Large","Rs
1399",979,30% off,Indianwear-Women
11797,De moza,Dyed regular fit rayon womens casual wear pants - dark grey,"Size:Large,Medium,Small,X-Large,XX-Large","Rs
1299",779,40% off,Indianwear-Women
11798,Kami kubi,Solid rayon round neck womens calf length kurta - green,"Size:Large,Medium,Small,X-Large","Rs
2999",899,70% off,Indianwear-Women
11799,Stop,Womens rayon round neck a-line kurta - red,"Size:S,M,X-Small","Rs
999",499,50% off,Indianwear-Women
11800,W,Printed viscose round neck womens calf length kurta - yellow,"Size:6,8,10,12,14,16,18",Nan,1899,No Discount,Indianwear-Women
11801,Kashish,Embroidered viscose blend round neck womens flared kurta - green,"Size:Large,Medium,Small,X-Large,X-Small,XX-Large","Rs
2999",1499,50% off,Indianwear-Women
11802,Global desi,Embroidered round neck cotton womens ethnic set - pink,"Size:XL,Large,Medium,Small,X-Small,XX-Large","Rs
3599",2159,40% off,Indianwear-Women
11803,Stop,Womens regular fit printed kurta - blue,"Size:S,M,L,X-Small,XX-Large","Rs
799",399,50% off,Indianwear-Women
11804,Ziyaa,Printed round neck rayon womens ethnic set - red,"Size:Large,Medium,Small,X-Large,XX-Large,XXX-Large","Rs
2300",920,60% off,Indianwear-Women
11805,Myshka,Printed round neck womens tops - turquoise,",Medium,Small,X-Large,XX-Large","Rs
3999",1399,65% off,Indianwear-Women
11806,Janasya,Embroidered velvet festive wear womens stitched blouse - pink,"Size:Large,Medium,Small,X-Large,XX-Large","Rs
1798",719,60% off,Indianwear-Women
11807,Juniper,Womens maroon chanderi embellished jacket style 2 piece kurta with cambric lining - maroon,"Size:Large,Medium,Small,X-Large,XX-Large","Rs
3099",1549,50% off,Indianwear-Women
11808,Juniper,Womens black cambric placement print peplum crop-top with printed flared palazzo - black,"Size:Large,Medium,Small,X-Small","Rs
2999",1799,40% off,Indianwear-Women
11809,Juniper,Womens off white cotton solid straight pants with side pocket - off white,"Size:Medium,Small,X-Large,X-Small,XX-Large","Rs
1599",719,55% off,Indianwear-Women
11810,Haute curry,Printed short length casual wear flared top - peach,"Size:Large,Medium,Small,X-Small,XX-Large","Rs
699",349,50% off,Indianwear-Women
11811,Juniper,Printed cotton mandarin womens ethnic set - purple,Size:Small,"Rs
2299",1034,55% off,Indianwear-Women
11812,Indya,Floral georgette scoop neck womens kurta - orange,"Size:Medium,Small,X-Small,XX-Large","Rs
3400",2720,20% off,Indianwear-Women
11813,Global desi,Floral viscose round neck womens straight top - red,"Size:XL,Large,Medium,Small,X-Small,XX-Large","Rs
1699",1359,20% off,Indianwear-Women
11814,Ziyaa,Printed v-neck polyester womens ethnic set - red,"Size:Large,Medium,Small,X-Large,XX-Large,XXX-Large","Rs
1913",860,55% off,Indianwear-Women
11815,Varanga,Wine zari and sequins work yoke straight kurta with 3/4th embroidered sleeves - purple,"Size:Large,Small,X-Large,XX-Large","Rs
2599",909,65% off,Indianwear-Women
11816,Haute curry,Womens regular fit printed dress - red,"Size:Large,Medium,Small,X-Small,XX-Large","Rs
1499",749,50% off,Indianwear-Women
11817,Ziyaa,Geometric round neck polyester womens ethnic set - blue,"Size:Large,Medium,Small,X-Large,XX-Large,XXX-Large","Rs
2087",834,60% off,Indianwear-Women
11818,Haute curry,Full length rayon woven womens pants - ecru,"Size:Large,Medium,Small,X-Large","Rs
999",499,50% off,Indianwear-Women
11819,Stop,Boat neck womens kurta - light orange,"Size:S,M,L,X-Large,X-Small,XX-Large","Rs
1199",479,60% off,Indianwear-Women
11820,Indya,Regular fit ankle length silk womens festive wear skirt - natural,"Size:Large,Medium,Small","Rs
2950",2360,20% off,Indianwear-Women
11821,Aurelia,Printed polyester womens festive palazzo - red,"Size:X-Large,XX-Large",Nan,799,No Discount,Indianwear-Women
11822,Varanga,Embroidered cotton round neck womens regular fit kurta - peach,Size:Small,"Rs
2799",839,70% off,Indianwear-Women
11823,Fusion beats,Womens collared printed top - off white,"Size:Large,Medium,X-Large,XX-Large","Rs
1499",599,60% off,Indianwear-Women
11824,Ziyaa,Printed round neck rayon womens ethnic set - blue,"Size:Large,Medium,Small,X-Large,XX-Large,XXX-Large","Rs
2030",812,60% off,Indianwear-Women
11825,Kami kubi,Checks mandarin cotton womens flared dress - white,"Size:Large,Medium,Small,X-Large,X-Small,XX-Large","Rs
1799",809,55% off,Indianwear-Women
11826,Global desi,Floral cotton round neck womens straight tunic - pink,"Size:XL,Large,Medium,Small,X-Small,XX-Large","Rs
2299",1839,20% off,Indianwear-Women
11827,Infuse,Printed viscose twill womens casual pants - blue,"Size:Large,Medium,Small,X-Large","Rs
999",399,60% off,Indianwear-Women
11828,Juniper,Printed georgette halter neck womens tiered dress - off white,"Size:Large,Small",Nan,2299,No Discount,Indianwear-Women
11829,Indya,Floral viscose collar neck womens kurta - natural,"Size:Large,Medium,Small,X-Large,X-Small,XX-Large","Rs
2500",1250,50% off,Indianwear-Women
11830,Ziyaa,Printed crepe mandarin womens straight kurta - grey,"Size:Large,Medium,Small,X-Large,XX-Large,XXX-Large","Rs
1107",553,50% off,Indianwear-Women
11831,Myshka,Printed cotton round neck womens kurta palazzo set - yellow,"Size:Medium,Small,X-Large","Rs
4999",1249,75% off,Indianwear-Women
11832,Neerus,Embroidered cotton blend round neck womens straight kurta - mustard,Size:Medium,"Rs
1980",990,50% off,Indianwear-Women
11833,Ziyaa,Printed round neck polyester womens ethnic set - blue,"Size:Large,Medium,Small,X-Large,XX-Large,XXX-Large","Rs
2406",842,65% off,Indianwear-Women
11834,Global desi,Solid viscose round neck womens straight tunic - white,"Size:XL,Large,Medium,Small,X-Small,XX-Large",Nan,2699,No Discount,Indianwear-Women
11835,Juniper,Printed rayon mandarin womens a-line kurta - olive,"Size:4X-Large,5X-Large,X-Large,XXX-Large","Rs
2199",659,70% off,Indianwear-Women
11836,Ziyaa,Printed polyester mandarin womens a line kurta - black,"Size:Large,Medium,Small,X-Large,XX-Large,XXX-Large","Rs
2000",800,60% off,Indianwear-Women
11837,Stop,Printed mandarin collar straight fit womens kurta - blue,"Size:S,M,XL,X-Small,XXX-Large","Rs
799",399,50% off,Indianwear-Women
11838,Stop,Womens printed calf length casual wear kurta - indigo,"Size:S,X-Small","Rs
1299",649,50% off,Indianwear-Women
11839,Global desi,Womens bodycon geometric casual wear tunic - dark blue,"Size:XL,Medium,Small","Rs
1899",759,60% off,Indianwear-Women
11840,Global desi,Womens geometric bodycon top - gold,"Size:Medium,Small","Rs
1499",599,60% off,Indianwear-Women
11841,Suti,Embroidered cotton round neck womens straight kurti - apple green,"Size:Large,Medium,Small,X-Large,XX-Large","Rs
3999",3199,20% off,Indianwear-Women
11842,Aurelia,Printed polyester round neck womens ethnic set - green,"Size:Large,Medium,Small,X-Large",Nan,4999,No Discount,Indianwear-Women
11843,Juniper,Embroidered cotton mandarin womens flared kurta - white,"Size:Large,Medium,Small,X-Large","Rs
2699",1349,50% off,Indianwear-Women
11844,Haute curry,Peter pan collar rayon flex regular womens dress - sage,"Size:Large,Medium,Small,X-Large,X-Small,XX-Large",Nan,1499,No Discount,Indianwear-Women
11845,Ziyaa,Printed crepe round neck womens straight kurta - black,"Size:Large,Medium,Small,X-Large,XX-Large,XXX-Large","Rs
1641",656,60% off,Indianwear-Women
11846,Aurelia,Yarn dyed cotton round neck womens straight kurta - white,"Size:Large,Medium,Small,X-Large,X-Small,XX-Large","Rs
1199",839,30% off,Indianwear-Women
11847,Stop,Solid mandarin collar a line fit womens kurta - purple,"Size:S,M,L,X-Large,X-Small,XX-Large","Rs
1499",749,50% off,Indianwear-Women
11848,Aurelia,Dyed cotton womens ethnic set - black,"Size:Large,Medium,Small,X-Large,XX-Large","Rs
1999",1399,30% off,Indianwear-Women
11849,Global desi,Stripes cotton collar neck womens top - pink,"Size:XL,Large,Medium,Small,X-Small,XX-Large","Rs
2699",1349,50% off,Indianwear-Women
11850,Juniper,Printed rayon round neck womens ethnic set - yellow,"Size:Large,Medium,Small,X-Large","Rs
2499",1499,40% off,Indianwear-Women
11851,W,Printed cotton round neck womens straight fit kurta - black,"Size:8,10,12,16,18","Rs
1999",999,50% off,Indianwear-Women
11852,Stop,Printed mandarin collar a line fit womens kurta - grey,"Size:S,M,L,XL,X-Small","Rs
999",499,50% off,Indianwear-Women
11853,Indya,Shraddha kapoor for indya maroon embellished polka foil crop top - maroon,"Size:Large,Medium,Small,X-Large,X-Small,XX-Large","Rs
1600",800,50% off,Indianwear-Women
11854,Aurelia,Printed polyester round neck womens ethnic set - green,"Size:Large,Medium,Small,X-Large,X-Small,XX-Large",Nan,1899,No Discount,Indianwear-Women
11855,Myshka,Printed rayon round neck womens regular kurta - brown,"Size:Large,Medium,Small,X-Large,XX-Large","Rs
1899",664,65% off,Indianwear-Women
11856,Neerus,Solid mandarin georgette womens a-line kurta - maroon,"Size:Large,Medium,Small,X-Large,XX-Large","Rs
3499",2099,40% off,Indianwear-Women
11857,Indya,Regular fit ankle length silk womens festive wear skirt - purple,"Size:Large,Medium,Small,X-Large,X-Small","Rs
3000",2400,20% off,Indianwear-Women
11858,Yuris,Gotta patti v-neck cotton womens kurta palazzo set - blue,"Size:Large,Medium,Small,X-Large,XX-Large,XXX-Large","Rs
3999",1399,65% off,Indianwear-Women
11859,Stop,Rayon womens 3/4th sleeves kurta - indigo,"Size:S,M,L,XL,X-Small,XX-Large","Rs
1199",599,50% off,Indianwear-Women
11860,Janasya,Checks cotton v-neck womens regular fit tunic - red,"Size:Large,Medium,Small,X-Large,X-Small,XX-Large,XXX-Large","Rs
1398",629,55% off,Indianwear-Women
11861,Varanga,V- neck silk blend designer womens ethnic set - maroon,"Size:Large,Medium,Small,X-Large,XX-Large","Rs
4999",1499,70% off,Indianwear-Women
11862,Indya,Regular fit full length georgette womens fusion wear skirt - pink,Size:Small,Nan,2850,No Discount,Indianwear-Women
11863,Global desi,Solid round neck viscose womens calf length kurta - aqua,"Size:XL,Large,Medium,Small,X-Small,XX-Large","Rs
2699",2159,20% off,Indianwear-Women
11864,Myshka,Solid cotton v neck womens dress - white,"Size:Large,Medium,Small,X-Large,XX-Large","Rs
3299",824,75% off,Indianwear-Women
11865,Yuris,Textured cotton mandarin womens regular kurta - multi,Size:Small,"Rs
1499",599,60% off,Indianwear-Women
11866,W,Printed viscose mandarin womens calf length kurta - purple,"Size:8,16,18","Rs
1999",1499,25% off,Indianwear-Women
11867,Aurelia,Printed polyester v neck womens straight kurta - white,"Size:Medium,Small,X-Small","Rs
999",699,30% off,Indianwear-Women
11868,Biba,Yarn dyed poly mettalic round neck womens straight fit kurta - rust,"Size:32,34,42","Rs
1999",1199,40% off,Indianwear-Women
11869,Indya,Printed nylon round neck womens peplum top - green,"Size:Large,Medium,Small,X-Large,X-Small","Rs
1600",800,50% off,Indianwear-Women
11870,Kashish,Embroidered viscose blend round neck womens calf length kurta - gold,"Size:Large,Medium,Small,X-Large,X-Small,XX-Large,XXX-Large",Nan,1599,No Discount,Indianwear-Women
11871,Juniper,Printed rayon round neck womens kurta palazzo set - olive,"Size:Large,Medium,Small","Rs
4199",1889,55% off,Indianwear-Women
11872,Janasya,Womens maroon pure cotton narrow pant (btm003) - red,"Size:Large,Medium,Small,X-Large,X-Small","Rs
1198",599,50% off,Indianwear-Women
11873,Myshka,Printed cotton mandarin womens dress - multi,"Size:Large,Medium,Small,X-Large,XX-Large","Rs
4999",999,80% off,Indianwear-Women
11874,W,Solid georgette v neck womens ethnic set - yellow,"Size:6,8,10,16","Rs
6999",5249,25% off,Indianwear-Women
11875,Stop,Solid flex round neck womens calf length kurta - teal,"Size:S,M,L,X-Large,X-Small",Nan,1199,No Discount,Indianwear-Women
11876,Stop,Solid flex v neck womens straight fit kurta - lime green,"Size:S,M,L,X-Large,X-Small,XX-Large","Rs
1299",649,50% off,Indianwear-Women
11877,Global desi,Floral viscose v-neck womens straight top - pink mix,"Size:XL,Large,Medium,Small,X-Small","Rs
1899",949,50% off,Indianwear-Women
11878,Varanga,Gotta patti round neck cotton designer womens ethnic set - mustard,"Size:Large,Medium,Small,X-Large,XX-Large","Rs
5599",1959,65% off,Indianwear-Women
11879,Juniper,Cambric boat neck womens tunic and sharara set - peach,"Size:Large,Medium,Small,X-Large,X-Small","Rs
4099",1434,65% off,Indianwear-Women
11880,Juniper,Womens fuchsia shantoon gold foil placement print layered ethnic dress with poly shantoon lining - fuschia,"Size:Large,Medium,Small,X-Large,X-Small","Rs
3999",2399,40% off,Indianwear-Women
11881,Stop,Womens regular fit printed kurta - maroon,"Size:S,X-Small","Rs
799",399,50% off,Indianwear-Women
11882,Varanga,Printed round neck cotton womens ethnic set - black,"Size:Large,Medium,Small,X-Large,XX-Large","Rs
3999",1599,60% off,Indianwear-Women
11883,W,Dobby cotton blend round neck womens kurta - blue,"Size:6,8,10,12,14,16,18",Nan,1999,No Discount,Indianwear-Women
11884,Stop,Yarn dyed mandarin collar a-line womens kurta - red,"Size:S,M,L,X-Large,X-Small,XX-Large","Rs
1499",749,50% off,Indianwear-Women
11885,Indya,Floral silk regular fit womens maxi skirt - white,"Size:Large,Medium,Small,X-Large,X-Small",Nan,3850,No Discount,Indianwear-Women
11886,Myshka,Checks cotton regular fit womens casual trousers - black,"Size:Large,Medium,Small,X-Large,XX-Large","Rs
1299",454,65% off,Indianwear-Women
11887,Stop,Solid regular fit cotton lycra womens casual pants - natural,"Size:XL,Large,Medium,Small,X-Small,XX-Large",Nan,999,No Discount,Indianwear-Women
11888,Stop,Printed cotton mandarin womens knee length kurta - yellow,"Size:XL,Large,Medium,Small,X-Small,XX-Large,XXX-Large",Nan,899,No Discount,Indianwear-Women
11889,Haute curry,Womens rayon mandarin collar straight fit blouse - turquoise,"Size:Large,Medium,Small,X-Large,X-Small,XX-Large","Rs
799",399,50% off,Indianwear-Women
11890,Aurelia,Printed polyester round neck womens flared dress - white,"Size:Large,Medium,Small,X-Large,X-Small,XX-Large",Nan,2499,No Discount,Indianwear-Women
11891,Juniper,Printed round neck rayon blend designer womens lehenga choli set - black,"Size:Large,Medium,Small,X-Large,X-Small","Rs
5199",2079,60% off,Indianwear-Women
11892,W,Printed viscose regular fit womens parallel pants - multi,"Size:6,8,10,12,14,16,18",Nan,1799,No Discount,Indianwear-Women
11893,Biba,Fitted polyester viscose womens classics skirt - magenta,"Size:Large,Medium,XX-Large","Rs
3999",2399,40% off,Indianwear-Women
11894,Infuse,Fitted full length cotton lycra womens churidar - off white,"Size:Large,Medium,Small,X-Large","Rs
499",299,40% off,Indianwear-Women
11895,Ziyaa,Printed mandarin rayon womens ethnic set - blue,"Size:Large,Medium,Small,X-Large,XX-Large,XXX-Large","Rs
2138",855,60% off,Indianwear-Women
11896,Indya,Printed georgette v neck womens kurta - blue,"Size:Large,Medium,Small,X-Large,X-Small,XX-Large","Rs
1800",900,50% off,Indianwear-Women
11897,W,Solid regular fit viscose womens casual pants - silver cloud,"Size:6,8,10,12,14,16,18",Nan,1199,No Discount,Indianwear-Women
11898,Juniper,Womens olive rayon gold foil print a-line panelled kurta - olive,"Size:Large,Medium,Small,X-Large,XX-Large","Rs
1699",849,50% off,Indianwear-Women
11899,Varanga,Round neck art silk womens indian wear sets - lavender,"Size:Medium,Small,XX-Large","Rs
3999",1999,50% off,Indianwear-Women
11900,Juniper,Cambric mandarin neck womens straight kurta palazzo & dupatta set - pista green,"Size:Large,Medium,Small,X-Large,XX-Large","Rs
4447",1778,60% off,Indianwear-Women
11901,Janasya,Embroidered rayon blend mandarin womens slub top - blue,"Size:Small,X-Small","Rs
2179",980,55% off,Indianwear-Women
11902,Haute curry,Ankle length cotton flex woven womens pants - grey,"Size:Large,Medium,Small,X-Large",Nan,1299,No Discount,Indianwear-Women
11903,Juniper,Printed rayon round neck womens a line dress - blue,"Size:Large,Medium,Small,X-Large,XX-Large","Rs
2299",1034,55% off,Indianwear-Women
11904,Infuse,Fitted full length cotton lycra womens leggings - coral,"Size:Large,Small,X-Small","Rs
899",269,70% off,Indianwear-Women
11905,Indya,Shraddha kapoor for indya purple embellished ruffled high slit kurta - purple,"Size:X-Large,X-Small,XX-Large","Rs
2450",1960,20% off,Indianwear-Women
11906,Biba,Printed v neck flared womens kurta - indigo,"Size:32,36",Nan,3299,No Discount,Indianwear-Women
11907,Indya,Geometric viscose v neck womens kurta - green,"Size:Large,Medium,Small,X-Large,X-Small,XX-Large","Rs
2100",1050,50% off,Indianwear-Women
11908,Suti,Printed cotton round neck womens straight kurti - peach,"Size:Large,Medium,Small,X-Large,X-Small","Rs
1299",1039,20% off,Indianwear-Women
11909,Stop,Full length cotton lycra knitted womens churidar - yellow,"Size:S,M,L,X-Large,XX-Large","Rs
499",349,30% off,Indianwear-Women
11910,Aurelia,Solid cotton womens straight kurta - blue,"Size:Large,Medium,Small,X-Large,X-Small,XX-Large","Rs
1299",909,30% off,Indianwear-Women
11911,Indya,Printed georgette round neck womens ethnic set - yellow,"Size:Large,Medium,Small,X-Large,X-Small,XX-Large","Rs
3600",2880,20% off,Indianwear-Women
11912,W,Solid cotton round neck womens straight kurta - black,"Size:6,8,10,12,14,16","Rs
1799",1349,25% off,Indianwear-Women
11913,Yuris,Polka dots cotton womens full length palazzo - multi,"Size:30,34,36,38","Rs
1699",849,50% off,Indianwear-Women
11914,Yuris,Geometric cotton round neck womens regular kurta - multi,"Size:Large,Medium,Small,X-Large,XX-Large,XXX-Large","Rs
1799",719,60% off,Indianwear-Women
11915,Haute curry,Solid rayon womens casual shirt dress - mustard,"Size:Large,Medium,Small,X-Large,X-Small,XX-Large","Rs
1499",749,50% off,Indianwear-Women
11916,Kami kubi,Colour block cotton round neck womens regular top - olive,Size:Small,"Rs
1999",899,55% off,Indianwear-Women
11917,Yuris,Lace round neck cotton womens kurta palazzo set - yellow,"Size:Large,Medium,Small,X-Large,XX-Large,XXX-Large","Rs
3999",1399,65% off,Indianwear-Women
11918,Infuse,Printed rayon round neck womens kaftan - pink,"Size:Large,Medium,Small,X-Large,X-Small,XX-Large","Rs
1799",899,50% off,Indianwear-Women
11919,Ziyaa,Solid crepe collar neck womens straight kurta - grey,"Size:Large,Medium,Small,X-Large,XX-Large,XXX-Large","Rs
1388",555,60% off,Indianwear-Women
11920,Juniper,Round neck velvet flared womens lehenga choli set - black,"Size:Large,Medium,Small,X-Large,X-Small","Rs
5799",4059,30% off,Indianwear-Women
11921,Stop,Printed cotton flex mandarin womens calf length kurta - teal,Size:S,Nan,1199,No Discount,Indianwear-Women
11922,Infuse,Printed cotton mandarin neck womens straight fit kurta - white,"Size:Medium,Small,X-Small","Rs
799",319,60% off,Indianwear-Women
11923,Yuris,Stripes round neck cotton womens kurta set - multi,"Size:Medium,Small,X-Large","Rs
4299",1504,65% off,Indianwear-Women
11924,And,Solid viscose round neck womens ethnic set - sage,"Size:8,10,12,14,16,18","Rs
2099",1049,50% off,Indianwear-Women
11925,Ziyaa,Printed rayon round neck womens straight kurta - blue,"Size:Large,Medium,Small,X-Large,XX-Large,XXX-Large","Rs
1868",747,60% off,Indianwear-Women
11926,Global desi,Floral viscose round neck womens regular kurta - red,"Size:XL,Large,Medium,Small,X-Small,XX-Large","Rs
2099",1679,20% off,Indianwear-Women
11927,Ziyaa,Printed v-neck rayon womens ethnic set - green,"Size:Large,Medium,Small,X-Large,XX-Large,XXX-Large","Rs
2503",1001,60% off,Indianwear-Women
11928,Janasya,Womens pink poly silk kurta with palazzo and dupatta (j0009) - multi,"Size:Large,Medium,Small,X-Large,X-Small","Rs
3199",1279,60% off,Indianwear-Women
11929,Ziyaa,Geometric round neck polyester womens ethnic set - purple,"Size:Large,Medium,Small,X-Large,XX-Large,XXX-Large","Rs
3396",1358,60% off,Indianwear-Women
11930,Stop,Printed round neck hi low womens kurta - off white,"Size:S,M,L,XL,X-Small,XX-Large","Rs
999",499,50% off,Indianwear-Women
11931,Yuris,Textured cotton boat neck womens kurta set - white,"Size:Large,Medium,Small,X-Large,XX-Large,XXX-Large","Rs
3999",1399,65% off,Indianwear-Women
11932,Biba,Embroidred round neck cotton viscose womens kurta pants set - multi,"Size:32,34,36,38,40,42","Rs
4995",3496,30% off,Indianwear-Women
11933,Myshka,Printed rayon round neck womens regular kurta - multi,"Size:Large,Medium,Small,X-Large,XX-Large","Rs
1499",449,70% off,Indianwear-Women
11934,Myshka,Solid silk blend round neck womens kurta palazzo set - green,",Medium,Small,X-Large,XX-Large","Rs
5499",1374,75% off,Indianwear-Women
11935,Kashish,Embroidered round neck viscose blend womens ethnic set - brown,"Size:Large,Medium,Small,X-Large,X-Small,XX-Large","Rs
3799",1899,50% off,Indianwear-Women
11936,Myshka,Printed cotton womens dress - pink,"Size:Medium,Small","Rs
2499",749,70% off,Indianwear-Women
11937,Yuris,Motif cotton mandarin womens regular kurta - multi,Size:Small,"Rs
1699",764,55% off,Indianwear-Women
11938,Juniper,Textured regular fit rayon womens fusion dhoti pants - gold,Size:X-Small,"Rs
999",399,60% off,Indianwear-Women
11939,W,Printed viscose round neck womens calf length kurta - red,"Size:6,8,10,12,14,16,18",Nan,1799,No Discount,Indianwear-Women
11940,Indya,Printed georgette v-neck womens tiered tunic - white,"Size:Large,Medium,Small,X-Large,X-Small,XX-Large","Rs
2500",1250,50% off,Indianwear-Women
11941,W,Printed cotton round neck womens flared dress - black,"Size:6,8,10,12,14,16,18",Nan,2999,No Discount,Indianwear-Women
11942,Juniper,Embellished rayon round neck straight kurta palazzo set - black,"Size:Large,Medium,Small,X-Large","Rs
4099",1844,55% off,Indianwear-Women
11943,Infuse,Embroidered cotton womens full length palazzos - mustard,"Size:Large/X-Large,Small/Medium","Rs
1499",599,60% off,Indianwear-Women
11944,Myshka,Solid silk v neck womens regular casual dress - pink,"Size:Large,Medium,Small,X-Large,XX-Large","Rs
5999",1499,75% off,Indianwear-Women
11945,Global desi,Womens geometric v-neck fit and flare top - natural,"Size:XL,Large,Medium,X-Small,XX-Large","Rs
1999",999,50% off,Indianwear-Women
11946,Infuse,Printed round neck regular fit womens kurta - pink,"Size:Large,Medium,Small,X-Large,X-Small,XX-Large","Rs
1299",649,50% off,Indianwear-Women
11947,Suti,Printed cotton round neck womens straight kurti - lime,"Size:Large,Medium,Small,X-Large,X-Small","Rs
1199",959,20% off,Indianwear-Women
11948,Kashish,Womens embroidered calf length festive kurta - grey,"Size:Large,Small,X-Small","Rs
1499",749,50% off,Indianwear-Women
11949,W,Printed viscose round neck womens straight kurta - pink,"Size:6,8,10,12,14,16,18",Nan,1699,No Discount,Indianwear-Women
11950,Janasya,Graphic polyester blend round neck womens flared kurta - coral,"Size:Large,X-Large,X-Small,XXX-Large","Rs
1399",699,50% off,Indianwear-Women
11951,Aurelia,Printed round neck cotton womens knee length kurta - pink,"Size:Large,Medium,Small,X-Large,X-Small",Nan,1199,No Discount,Indianwear-Women
11952,Global desi,Floral viscose round neck womens straight top - yellow,"Size:XL,Large,Medium,Small,X-Small,XX-Large","Rs
1699",1359,20% off,Indianwear-Women
11953,Haute curry,Printed cotton regular fit womens knit placement print top - white,"Size:Large,Medium,Small,X-Large,X-Small,XX-Large","Rs
699",349,50% off,Indianwear-Women
11954,Juniper,Abstract round neck alphin chiffon womens flared dress - black,"Size:Small,X-Large","Rs
3299",2144,35% off,Indianwear-Women
11955,Indya,Floral georgette regular fit womens sari skirt - yellow,"Size:Medium,Small,X-Small",Nan,2950,No Discount,Indianwear-Women
11956,Amukti,Solid rayon womens kurta - yellow,Size:Large,"Rs
999",499,50% off,Indianwear-Women
11957,Janasya,Embroidered silk blend mandarin womens kurta palazzo set - maroon,"Size:Medium,X-Small","Rs
3839",1535,60% off,Indianwear-Women
11958,Yuris,Geometric cotton mandarin womens regular kurta - multi,Size:Small,"Rs
1599",719,55% off,Indianwear-Women
11959,Infuse,Embroidered polyester womens full length palazzos - gold,Size:2XL/3XL,"Rs
1399",419,70% off,Indianwear-Women
11960,Kashish,Womens embroidered calf length occasion wear kurta - grey,"Size:Large,Medium,Small,X-Large,X-Small,XX-Large,XXX-Large","Rs
1599",799,50% off,Indianwear-Women
11961,Janasya,Poly crepe womens kurta - peacock,"Size:Large,Medium,Small,X-Large,XX-Large","Rs
1399",629,55% off,Indianwear-Women
11962,Aurelia,Printed viscose blend round neck womens ethnic set - brown,"Size:Large,Medium,Small,XX-Large",Nan,3999,No Discount,Indianwear-Women
11963,Janasya,Womens turquoise blue poly crepe kurta (jne3465) - turquoise,"Size:Large,Medium,X-Large,X-Small,XX-Large,XXX-Large","Rs
1699",764,55% off,Indianwear-Women
11964,Stop,Womens viscose blend mandarin collar a-line kurta - fuschia,"Size:S,M","Rs
1499",749,50% off,Indianwear-Women
11965,Neerus,Printed model mandarin womens ethnic set - rust,"Size:Large,Medium,X-Large,XX-Large","Rs
2699",2159,20% off,Indianwear-Women
11966,Indya,Printed viscose round neck womens ethnic set - blue,"Size:Large,Medium,Small,X-Large,X-Small","Rs
3200",1600,50% off,Indianwear-Women
11967,Myshka,Printed chiffon round neck womens regular kurta - pink,Size:Small,"Rs
2299",574,75% off,Indianwear-Women
11968,Biba,Printed round neck cotton womens kurta pants - multi,"Size:32,34,36,38,40,42","Rs
3999",2799,30% off,Indianwear-Women
11969,W,Printed cotton round neck womens ethnic set - white,"Size:6,8,10,12,14,16,18",Nan,3799,No Discount,Indianwear-Women
11970,Stop,Embroidered round neck straight fit womens kurta - coral,"Size:S,M,L,X-Large,X-Small,XX-Large","Rs
799",399,50% off,Indianwear-Women
11971,Biba,Printed polyester round neck womens straight fit kurta - multi,"Size:32,34,36,38,40,42","Rs
1999",1199,40% off,Indianwear-Women
11972,Juniper,Cambric boat neck womens tunic and sharara set - pista green,"Size:Large,Medium,Small,X-Large,XX-Large","Rs
4099",1434,65% off,Indianwear-Women
11973,Juniper,Ethnic motifs boat neck cambric womens anarkali dresses with mask - cream,"Size:Large,Medium,Small,X-Large,XX-Large","Rs
2999",1349,55% off,Indianwear-Women
11974,Global desi,Womens a-line belted geometric casual wear kurta - mint,"Size:XL,Large,Medium,Small,XX-Large","Rs
1799",539,70% off,Indianwear-Women
11975,Varanga,Womens sky blue floral printed puff sleeves crop top with full length placket at back - blue,"Size:Large,Medium,X-Large","Rs
1299",519,60% off,Indianwear-Women
11976,Aurelia,Yarn dyed band collar dobby womens straight dress - green,"Size:Large,Small","Rs
2599",1299,50% off,Indianwear-Women
11977,Stop,Womens regular fit printed kurta - grey,"Size:S,X-Small","Rs
799",399,50% off,Indianwear-Women
11978,Ziyaa,Floral round neck polyester womens ethnic set - cream,"Size:Large,Medium,Small,X-Large,XX-Large,XXX-Large","Rs
1934",870,55% off,Indianwear-Women
11979,Juniper,Printed georgette round neck womens straight tunic - blue,"Size:Large,X-Large","Rs
1499",1049,30% off,Indianwear-Women
11980,Ziyaa,Printed mandarin polyester womens ethnic set - black,"Size:Large,Medium,Small,X-Large,XX-Large,XXX-Large","Rs
2470",864,65% off,Indianwear-Women
11981,Ziyaa,Printed rayon mandarin womens straight kurta - brown,"Size:Large,Medium,Small,X-Large,XX-Large,XXX-Large","Rs
1602",640,60% off,Indianwear-Women
11982,W,Printed cotton round neck womens a line kurta - grey,"Size:6,8,10,12,14,16,18",Nan,2999,No Discount,Indianwear-Women
11983,Janasya,Cotton womens top - red,"Size:Large,Medium,Small,X-Large,X-Small,XX-Large","Rs
1199",599,50% off,Indianwear-Women
11984,W,Solid rayon blend round neck womens flared dress - ecru,"Size:6,8,10,12,14,16,18",Nan,3799,No Discount,Indianwear-Women
11985,W,Printed cotton mandarin neck womens flared kurta - blue,Size:10,"Rs
2999",1499,50% off,Indianwear-Women
11986,Aurelia,Yarn dyed round neck straight womens kurta - black,"Size:Small,X-Large","Rs
1199",599,50% off,Indianwear-Women
11987,Ziyaa,Floral round neck polyester womens ethnic set - blue,"Size:Large,Medium,Small,X-Large,XX-Large,XXX-Large","Rs
1964",883,55% off,Indianwear-Women
11988,Amukti,Floral mandarin regular fit womens kurti - black,"Size:Large,Medium,Small,X-Large,XX-Large,XXX-Large","Rs
1299",909,30% off,Indianwear-Women
11989,Myshka,Solid cotton blend round neck womens kurta palazzo set - multi,"Size:Large,Medium,Small,X-Large,XX-Large","Rs
5499",1374,75% off,Indianwear-Women
11990,Kami kubi,Geometric cotton v neck womens regular top - green,"Size:Large,Medium,Small","Rs
1399",559,60% off,Indianwear-Women
11991,Ziyaa,Printed polyester round neck womens ethnic set - navy,"Size:Large,X-Large,XX-Large,XXX-Large","Rs
3304",1321,60% off,Indianwear-Women
11992,Aurelia,Dyed rayon collared neck womens above knee kurta - blue,"Size:Large,Medium,Small,X-Large,X-Small",Nan,1599,No Discount,Indianwear-Women
11993,Haute curry,Solid v neck regular womens tunics & tops - navy,"Size:Large,Medium,Small,X-Large,X-Small,XX-Large","Rs
699",349,50% off,Indianwear-Women
11994,Ira soleil,Solid chiffon collarless womens casual jacket - pink,"Size:Large,Medium,Small,X-Large",Nan,1499,No Discount,Indianwear-Women
11995,Biba,Printed polyester round neck womens layered kurta - mustard,"Size:32,36,38","Rs
1999",1199,40% off,Indianwear-Women
11996,Yuris,Printed v-neck cotton womens kurta palazzo set - blue,"Size:Large,Medium,Small,X-Large,XX-Large","Rs
2799",1119,60% off,Indianwear-Women
11997,Ziyaa,Geometric rayon round neck womens straight kurta - cream,"Size:Large,Medium,Small,X-Large,XX-Large,XXX-Large","Rs
1888",755,60% off,Indianwear-Women
11998,Fratini,Solid skinny fit nr roma womens casual pants - peach,"Size:26,28,30,32,34,36","Rs
999",499,50% off,Indianwear-Women
11999,Juniper,Cambric boat neck womens crop top and palazzo set - indigo,"Size:Large,Medium,Small,X-Large,X-Small,XX-Large","Rs
3799",1709,55% off,Indianwear-Women
12000,Varanga,Maxi cotton blend womens ethnic skirt - blue,"Size:Large,Medium,Small,X-Large,XX-Large","Rs
2199",989,55% off,Indianwear-Women
12001,Aurelia,Yarn dyed viscose poly slub regular fit womens palazzo - multi,"Size:Large,Medium,Small,X-Large","Rs
999",699,30% off,Indianwear-Women
12002,Kashish,Solid mandarin collar a-line womens kurta - off white,"Size:Medium,X-Small","Rs
1799",899,50% off,Indianwear-Women
12003,Juniper,Printed georgette round neck womens flared dress - black,Size:Small,"Rs
3499",2099,40% off,Indianwear-Women
12004,Aurelia,Band with placket cotton womens calf length kurta - purple,"Size:Medium,X-Small,XX-Large","Rs
999",699,30% off,Indianwear-Women
12005,W,Printed cotton round neck womens straight kurta - blue,"Size:6,8,10,12,14,16,18",Nan,1799,No Discount,Indianwear-Women
12006,Myshka,Printed v neck womens top - maroon,",Medium,Small,X-Large,XX-Large","Rs
1999",599,70% off,Indianwear-Women
12007,Biba,Solid polyester womens palazzo kurta dupatta set - red,"Size:32,34,36,38,40,42","Rs
3599",2519,30% off,Indianwear-Women
12008,Biba,Printed band collar straight fit womens kurta - terracotta,"Size:32,34,36,38,40,42","Rs
1799",1439,20% off,Indianwear-Women
12009,Stop,Printed mandarin collar straight fit womens kurta - mustard,"Size:S,M,L,XL,X-Small,XX-Large,XXX-Large","Rs
799",399,50% off,Indianwear-Women
12010,Myshka,Printed cotton round neck womens kurta palazzo set - orange,",Medium,Small,X-Large,XX-Large","Rs
4999",1249,75% off,Indianwear-Women
12011,Global desi,Solid viscose v neck womens straight top - mint,"Size:XL,Large,Medium,Small,X-Small,XX-Large","Rs
2299",1839,20% off,Indianwear-Women
12012,Haute curry,Solid & embroidered round neck regular womens tunics & tops - off white,"Size:Large,Medium,Small,X-Large,X-Small,XX-Large",Nan,1199,No Discount,Indianwear-Women
12013,Ziyaa,Printed georgette round neck womens flared kurta - black,"Size:Large,Medium,Small,X-Large,XX-Large,XXX-Large","Rs
1568",705,55% off,Indianwear-Women
12014,Kashish,Embroidered mandarian collar flared fit womens kurta - sea green,"Size:Large,Medium,Small,X-Large,X-Small,XX-Large","Rs
1999",999,50% off,Indianwear-Women
12015,Stop,Womens printed calf length casual wear kurta - coral,"Size:S,M,L,XL,X-Small","Rs
999",499,50% off,Indianwear-Women
12016,Myshka,Printed polyester v neck womens dress - navy,"Size:Large,Medium,Small,X-Large,XX-Large","Rs
1499",524,65% off,Indianwear-Women
12017,Kashish,Embroidered round neck viscose blend womens calf length kurta - brown,"Size:Large,Medium,Small,X-Large,X-Small,XX-Large","Rs
1999",999,50% off,Indianwear-Women
12018,Myshka,Solid cotton blend off shoulder womens dress - red,"Size:Large,Medium,Small,X-Large,XX-Large","Rs
2499",749,70% off,Indianwear-Women
12019,Aurelia,Printed viscose round neck womens ethnic set - pink,"Size:Medium,Small,X-Large","Rs
4599",2299,50% off,Indianwear-Women
12020,Ziyaa,Printed crepe round neck womens kurta palazzo set - natural,"Size:Large,Medium,Small,X-Large,XX-Large,XXX-Large","Rs
1902",760,60% off,Indianwear-Women
12021,Sanaa,Printed blended mandarin womens mid thigh length kurti - blue,"Size:Large,Medium,Small,X-Large,XX-Large","Rs
1499",1049,30% off,Indianwear-Women
12022,Yuris,Floral round neck cotton womens kurta set - multi,"Size:Large,Medium,Small,X-Large,XX-Large","Rs
3499",1399,60% off,Indianwear-Women
12023,Yuris,Lace round neck cotton womens kurta palazzo set - white,"Size:Large,Medium,Small,X-Large,XX-Large,XXX-Large","Rs
3499",1399,60% off,Indianwear-Women
12024,Janasya,Printed round neck empire line designer womens tunic - blue,"Size:Large,Medium,Small,X-Large,X-Small,XX-Large,XXX-Large","Rs
1599",879,45% off,Indianwear-Women
12025,Varanga,Embroidered silk blend round neck womens ethnic set - turquoise,"Size:Large,Medium,Small,X-Large,XX-Large",Nan,5599,No Discount,Indianwear-Women
12026,Varanga,Gotta patti printed cotton round neck womens regular fit kurta - peach,"Size:Large,Medium,Small,X-Large,XX-Large","Rs
3299",1154,65% off,Indianwear-Women
12027,Biba,Yarndyed round neck straight fit womens kurta - ecru,"Size:32,38","Rs
3999",2799,30% off,Indianwear-Women
12028,Indya,Embroidered georgette v-neck womens flared tunic - yellow,"Size:Small,X-Small","Rs
3650",1825,50% off,Indianwear-Women
12029,Global desi,Floral round neck womens gown - maroon,Size:X-Small,"Rs
2999",1799,40% off,Indianwear-Women
12030,Stop,Solid polyester womens full length palazzos - deep navy,"Size:Large/X-Large,Small/Medium,XX-Large/XXX-Large","Rs
899",449,50% off,Indianwear-Women
12031,Suti,Printed rayon womens a line kurti - olive,"Size:4X-Large,Large,Medium,Small,X-Large,X-Small,XX-Large","Rs
1999",1599,20% off,Indianwear-Women
12032,Neerus,Solid rayon round neck womens a line kurta - off white,"Size:Large,Medium,Small,X-Large,XX-Large,XXX-Large","Rs
2299",1379,40% off,Indianwear-Women
12033,Suti,Printed cotton v neck womens flared dress - peach,"Size:Large,Medium,Small,X-Large,XX-Large","Rs
2499",1999,20% off,Indianwear-Women
12034,Aurelia,Printed poly viscose womens ethnic set - white,"Size:Large,Medium,Small,X-Large,XX-Large",Nan,3799,No Discount,Indianwear-Women
12035,Amukti,Floral mandarin regular fit womens kurti - white,"Size:Large,Medium,Small,XX-Large,XXX-Large","Rs
1299",909,30% off,Indianwear-Women
12036,Kashish,Embroidered mandarian collar flared fit womens kurta - natural,"Size:Large,Medium,Small,X-Large,X-Small,XX-Large","Rs
1999",999,50% off,Indianwear-Women
12037,Aurelia,Printed polyester round neck womens ethnic set - green,"Size:Large,Medium,Small,X-Large,X-Small,XX-Large","Rs
1899",1329,30% off,Indianwear-Women
12038,Aurelia,Printed viscose blend regular fit womens kurta set - green,"Size:Large,Medium,Small,X-Large,XX-Large",Nan,4199,No Discount,Indianwear-Women
12039,Ziyaa,Embellished rayon round neck womens salwar kurta dupatta set - black,"Size:Large,XX-Large","Rs
3621",1448,60% off,Indianwear-Women
12040,Juniper,Printed rayon round neck womens a line kurta - blue,"Size:Large,Medium,Small,X-Large,XX-Large","Rs
2299",804,65% off,Indianwear-Women
12041,Aurelia,Round neck cotton womens knee length kurta - orange,"Size:Large,Medium,X-Large,X-Small,XX-Large","Rs
1049",734,30% off,Indianwear-Women
12042,Kashish,Embroidered mandarin collar straight fit womens kurta - natural,"Size:Large,Medium,Small,X-Large,X-Small,XX-Large","Rs
1599",799,50% off,Indianwear-Women
12043,W,Printed viscose round neck womens ethnic set - green,"Size:8,10,16,18","Rs
4999",2999,40% off,Indianwear-Women
12044,Yuris,Floral v-neck cotton womens kurta set - multi,"Size:Large,Medium,Small,X-Large,XX-Large,XXX-Large","Rs
3999",1399,65% off,Indianwear-Women
12045,Global desi,Floral cotton round neck womens top - blue,"Size:XL,Large,Medium,Small,X-Small,XX-Large","Rs
1699",1359,20% off,Indianwear-Women
12046,Haute curry,Printed lapel collar flex womens a-line dress - lime green,"Size:Large,Medium,Small,X-Large,X-Small,XX-Large","Rs
1499",749,50% off,Indianwear-Women
12047,Varanga,Printed silk round neck womens regular fit kurta - pink,Size:XX-Large,"Rs
2999",749,75% off,Indianwear-Women
12048,Varanga,Printed cotton round neck womens calf length kurta - mustard,"Size:Medium,Small,XX-Large","Rs
3299",824,75% off,Indianwear-Women
12049,Juniper,Round neck georgette flared womens lehenga choli set - black,"Size:Large,Small,X-Small","Rs
3499",2099,40% off,Indianwear-Women
12050,Janasya,Polka dots round neck crepe womens calf length kurta - maroon,"Size:Small,X-Large,X-Small,XX-Large","Rs
1269",507,60% off,Indianwear-Women
12051,Global desi,Solid viscose y neck womens ethnic set - pink,"Size:XL,Large,Medium,Small,XX-Large",Nan,7999,No Discount,Indianwear-Women
12052,Juniper,Solid silk round neck womens straight kurta - natural,"Size:Large,Medium,Small,X-Large","Rs
1499",749,50% off,Indianwear-Women
12053,Global desi,Geometric viscose round neck womens gown - mint,"Size:XL,Large,Medium,Small,X-Small","Rs
2699",2159,20% off,Indianwear-Women
12054,Kashish,Printed mandarin collar a-line womens kurta - pale pink,"Size:Large,Medium,Small,X-Large,X-Small,XX-Large","Rs
1799",899,50% off,Indianwear-Women
12055,Kashish,Solid v neck a-line fit womens kurta - green,"Size:Large,Medium,Small,X-Large,X-Small,XX-Large","Rs
1799",899,50% off,Indianwear-Women
12056,W,Solid round neck viscose womens calf length kurta - green,"Size:6,8,10,12,14,16,18","Rs
1899",1424,25% off,Indianwear-Women
12057,Ziyaa,Solid collar neck polyester womens ethnic set - cream,"Size:Large,Medium,Small,X-Large,XX-Large,XXX-Large","Rs
2971",1039,65% off,Indianwear-Women
12058,Stop,Printed cotton mandarin womens straight kurta - off white,"Size:S,M,L,X-Large,X-Small,XX-Large,XXX-Large","Rs
899",629,30% off,Indianwear-Women
12059,Yuris,Lace round neck cotton womens kurta palazzo set - multi,"Size:Large,Medium,Small,X-Large,XX-Large,XXX-Large","Rs
3499",1399,60% off,Indianwear-Women
12060,Biba,Solid polyester viscose womens fitted kurta - off white,Size:38,"Rs
1299",909,30% off,Indianwear-Women
12061,Stop,Solid straight fit cotton womens all occasions pants - natural,"Size:Large/X-Large,Small/Medium,XX-Large/XXX-Large",Nan,599,No Discount,Indianwear-Women
12062,Infuse,Printed rayon mandarin neck womens straight fit kurta - blue,"Size:Large,Medium,Small,X-Large,X-Small,XX-Large","Rs
999",399,60% off,Indianwear-Women
12063,Stop,Printed round neck straight fit womens kurta - grey,"Size:S,M,L,XL,X-Small,XX-Large","Rs
899",449,50% off,Indianwear-Women
12064,Kashish,Embroidered round neck viscose blend womens ethnic set - sea green,"Size:Large,Medium,Small,X-Large,X-Small,XX-Large","Rs
3499",1749,50% off,Indianwear-Women
12065,Stop,Printed v neck rayon womens calf length kurta - blue,"Size:S,M,L,X-Large,X-Small","Rs
1299",649,50% off,Indianwear-Women
12066,Juniper,Womens black rayon gold foil print jacket style kurta dress with stylized sleeves - black,"Size:Large,Medium,Small,X-Large","Rs
3849",1347,65% off,Indianwear-Women
12067,Juniper,Floral mandarin neck womens flared dresses dupatta set with mask - natural,"Size:Large,Medium,XX-Large","Rs
4048",1821,55% off,Indianwear-Women
12068,Biba,Round neck rayon womens flared dress - peacock,Size:40,"Rs
4595",3216,30% off,Indianwear-Women
12069,Janasya,Gold print cotton round neck womens kurta palazzo set with dupatta - pink,"Size:Large,Medium","Rs
4999",2499,50% off,Indianwear-Women
12070,W,Printed cotton round neck womens ethnic set - natural,Size:14,"Rs
2999",1499,50% off,Indianwear-Women
12071,Ira soleil,Embellished polyester regular fit womens festive wear blouse - silver cloud,"Size:Large,Medium,Small,X-Large,XX-Large",Nan,1999,No Discount,Indianwear-Women
12072,Stop,Printed cotton mandarin womens knee length kurta - aqua,"Size:XL,Large,Medium,Small,X-Small,XX-Large,XXX-Large",Nan,899,No Discount,Indianwear-Women
12073,Stop,Womens rayon round neck a-line kurta - yellow,"Size:S,M,L,XL,X-Small","Rs
999",499,50% off,Indianwear-Women
12074,Haute curry,Peter pan collar rayon flex regular womens dress - peach,"Size:Large,Medium,Small,X-Large,X-Small,XX-Large",Nan,1499,No Discount,Indianwear-Women
12075,Myshka,Printed cotton round neck womens kurta palazzo set - green,"Size:Large,Medium,Small,X-Large,XX-Large","Rs
3499",874,75% off,Indianwear-Women
12076,Janasya,Poly muslin womens kurta with pant and dupatta set - peach,"Size:Small,X-Large,X-Small,XX-Large,XXX-Large","Rs
4998",2748,45% off,Indianwear-Women
12077,W,Solid cotton lycra regular fit womens tights - grey,"Size:Large,Medium,Small","Rs
799",599,25% off,Indianwear-Women
12078,Global desi,Floral viscose round neck womens regular kurta - indigo,"Size:XL,Large,Medium,Small,X-Small","Rs
1899",1519,20% off,Indianwear-Women
12079,W,Printed round neck cotton blend womens calf length kurta - ecru,"Size:6,8,10,12,14,16,18",Nan,1999,No Discount,Indianwear-Women
12080,Janasya,Womens mustard poly silk kurta with palazzo and dupatta (j0008) - multi,"Size:Large,Medium,Small,X-Large,X-Small,XX-Large,XXX-Large","Rs
3599",1979,45% off,Indianwear-Women
12081,Myshka,Printed cotton round neck womens dress - red,",Medium,Small,X-Large,XX-Large","Rs
3499",874,75% off,Indianwear-Women
12082,Yuris,Floral cotton round neck womens kurta set - blue,"Size:Large,Medium,Small,X-Large,XX-Large,XXX-Large","Rs
3999",1599,60% off,Indianwear-Women
12083,Yuris,Embroidered cotton v neck womens kurta set - lavender,"Size:Large,Medium,Small,X-Large,XX-Large","Rs
3999",1399,65% off,Indianwear-Women
12084,Varanga,Womens mandarin collar solid kurta set - mauve,"Size:Large,Medium,Small,XX-Large","Rs
3399",1699,50% off,Indianwear-Women
12085,Juniper,Cambric boat neck womens kurta and palazzo set - black,"Size:Large,Medium,Small,X-Large,XX-Large","Rs
4099",1639,60% off,Indianwear-Women
12086,Janasya,Solid silk round neck womens kurta palazzo set with dupatta - peach,"Size:Medium,Small,X-Small","Rs
2199",879,60% off,Indianwear-Women
12087,Janasya,Womens pink rayon kurta with pant (set055) - pink,"Size:X-Large,XX-Large,XXX-Large","Rs
3299",989,70% off,Indianwear-Women
12088,Juniper,Floral chiffon calf length womens straight fit kurta - mustard,"Size:Medium,Small","Rs
1699",1019,40% off,Indianwear-Women
12089,Aurelia,Printed viscose regular fit womens palazzo - peach,"Size:Large,Medium,Small,X-Large,XX-Large","Rs
1199",839,30% off,Indianwear-Women
12090,Aarke,Printed chiffon v neck womens short top - dusty pink,"Size:Large,Medium,X-Large",Nan,2300,No Discount,Indianwear-Women
12091,Janasya,Poly crepe womens kurta - green,"Size:Large,Medium,Small,X-Large,X-Small,XX-Large,XXX-Large","Rs
1799",899,50% off,Indianwear-Women
12092,Global desi,Geometric cotton round neck womens knee length kurta - white,"Size:XL,Large,Medium,Small,XX-Large","Rs
1899",1329,30% off,Indianwear-Women
12093,Kami kubi,Floral cotton boat neck womens regular top - blue,"Size:Large,Medium,Small,X-Large,X-Small","Rs
999",449,55% off,Indianwear-Women
12094,Aurelia,Solid cotton blend womens casual trousers - pink,"Size:Large,Medium,Small,X-Large,XX-Large",Nan,999,No Discount,Indianwear-Women
12095,Haute curry,Printed rayon womens ankle length palazzos - lime green,"Size:Large,Medium,Small,X-Large","Rs
899",449,50% off,Indianwear-Women
12096,Ziyaa,Printed round neck polyester womens ethnic set - green,"Size:Large,Medium,Small,X-Large,XX-Large,XXX-Large","Rs
3012",1204,60% off,Indianwear-Women
12097,Ziyaa,Printed round neck polyester womens ethnic set - pink,"Size:Large,Medium,Small,X-Large,XX-Large,XXX-Large","Rs
3215",1125,65% off,Indianwear-Women
12098,W,Printed polyester round neck womens knee length kurta - green,"Size:6,8,10,12,14,16,18",Nan,1699,No Discount,Indianwear-Women
12099,Juniper,Printed rayon round neck womens a line dress - pink,"Size:Large,X-Large,XX-Large","Rs
2299",1034,55% off,Indianwear-Women
12100,Stop,Solid flared fit flex womens casual wear palazzo - white,"Size:Large/X-Large,Small/Medium,XX-Large/XXX-Large",Nan,799,No Discount,Indianwear-Women
12101,Stop,Womens slim fit solid stretch pants - grey,"Size:S,M,L,X-Large,X-Small,XX-Large",Nan,999,No Discount,Indianwear-Women
12102,Fusion beats,Womens round neck slub top - off white,"Size:Large,X-Large,XX-Large","Rs
1399",559,60% off,Indianwear-Women
12103,Haute curry,Printed rayon mandarin collar womens high low tunic - green,"Size:Large,Medium,Small,X-Large,X-Small","Rs
899",449,50% off,Indianwear-Women
12104,Janasya,Floral round neck regular fit womens kurta - peacock,"Size:Large,Medium,Small,X-Large,XX-Large","Rs
1499",749,50% off,Indianwear-Women
12105,Global desi,Printed round neck polyester womens flared gown - wine,"Size:XL,Large,Medium,Small,X-Small,XX-Large","Rs
3999",1999,50% off,Indianwear-Women
12106,Ziyaa,Floral round neck rayon womens ethnic set - blue,"Size:Large,Medium,Small,X-Large,XX-Large,XXX-Large","Rs
2178",871,60% off,Indianwear-Women
12107,Biba,Printed round neck rayon womens straight fit dress - mustard,"Size:32,34,36,38,40","Rs
3299",1979,40% off,Indianwear-Women
12108,Global desi,Floral polyester square neck womens flared gown - pink,"Size:XL,Large,Medium,Small,X-Small","Rs
3299",2639,20% off,Indianwear-Women
12109,Juniper,Womens mustard rayon foil print asymmetric dress with belt - mustard,"Size:Large,Medium,Small,X-Large,X-Small","Rs
2098",1049,50% off,Indianwear-Women
12110,Juniper,"Womens black cotton flex wide leg palazzo with lacework, pockets and button closure - natural","Size:Large,Medium,Small,X-Large,XX-Large","Rs
1299",844,35% off,Indianwear-Women
12111,Yuris,Paisley cotton mandarin womens regular kurta - multi,Size:Small,"Rs
1599",719,55% off,Indianwear-Women
12112,W,Printed viscose round neck womens calf length kurta - black,"Size:6,8,10,18",Nan,1799,No Discount,Indianwear-Women
12113,Janasya,Cotton womens kurta and pant set - green,Size:XXX-Large,"Rs
2998",1049,65% off,Indianwear-Women
12114,Yuris,Geometric cotton round neck womens salwar suit - multi,"Size:Large,Medium,Small","Rs
3499",1399,60% off,Indianwear-Women
12115,W,Printed viscose round neck womens calf length kurta - yellow,"Size:8,14,16","Rs
1699",849,50% off,Indianwear-Women
12116,Janasya,Cotton slub womens top - green,"Size:Large,Medium","Rs
1299",649,50% off,Indianwear-Women
12117,Indya,Embellished georgette scoop neck womens regular top - black,Size:XX-Large,"Rs
1600",800,50% off,Indianwear-Women
12118,Suti,Printed cotton round neck womens ethnic set - blue,"Size:4X-Large,Large,Small,X-Large,X-Small","Rs
4399",3519,20% off,Indianwear-Women
12119,W,Printed rayon blend v neck womens flared dress - white,"Size:6,8,10,12,14,16,18",Nan,2499,No Discount,Indianwear-Women
12120,Kashish,Womens art silk sleeveless straight fit choli - fuschia,"Size:Large,Medium,X-Large,X-Small,XX-Large","Rs
1499",749,50% off,Indianwear-Women
12121,W,Printed cotton round neck womens calf length kurta - grey,"Size:6,8,10,12,14,16,18",Nan,1999,No Discount,Indianwear-Women
12122,Kashish,Womens embroidered calf length festive kurta - red,"Size:Large,Medium,Small,X-Large,X-Small,XX-Large","Rs
1699",849,50% off,Indianwear-Women
12123,Stop,Womens printed knee length daily wear kurta - indigo,"Size:S,X-Small","Rs
799",399,50% off,Indianwear-Women
12124,Sanaa,Solid blended tie up neck womens mid thigh length kurti - blue,"Size:Large,Medium,Small,X-Large,XX-Large","Rs
1699",1189,30% off,Indianwear-Women
12125,Stop,Womens mandarin collar solid kurta - purple,Size:M,Nan,999,No Discount,Indianwear-Women
12126,Global desi,Self design round neck asymmetric womens kurta - pink,"Size:XL,Large,Medium,Small,X-Small","Rs
2999",1499,50% off,Indianwear-Women
12127,W,Printed round neck cotton womens calf length kurta - white,"Size:6,8,10,12,14,16,18","Rs
2799",2099,25% off,Indianwear-Women
12128,Aurelia,Dyed cotton round neck womens straight kurta - green,"Size:Large,Medium,Small,X-Large,XX-Large","Rs
1299",909,30% off,Indianwear-Women
12129,Kashish,Flared full length viscose blend womens festive skirt - navy,"Size:Large/X-Large,Small/Medium","Rs
1699",849,50% off,Indianwear-Women
12130,Ziyaa,Printed round neck rayon womens ethnic set - off white,"Size:Large,Medium,Small,X-Large,XX-Large,XXX-Large","Rs
2067",826,60% off,Indianwear-Women
12131,Kashish,Solid straight fit viscose blend womens festive pants - yellow,"Size:Large/X-Large,Small/Medium","Rs
1299",649,50% off,Indianwear-Women
12132,Biba,Printed viscose womens dress - peacock,"Size:36,38","Rs
3999",2799,30% off,Indianwear-Women
12133,Kashish,Embroidered viscose blend womens full length palazzos - gold,"Size:Large/X-Large,Small/Medium","Rs
1299",649,50% off,Indianwear-Women
12134,Ziyaa,Printed round neck rayon womens ethnic set - pink,"Size:Large,Medium,Small,X-Large,XX-Large,XXX-Large","Rs
2333",933,60% off,Indianwear-Women
12135,Kami kubi,Floral cotton v neck womens regular top - red,"Size:Large,Medium,X-Small,XX-Large","Rs
1999",799,60% off,Indianwear-Women
12136,Ziyaa,Floral round neck rayon womens ethnic set - peacock,"Size:Large,Medium,Small,X-Large,XX-Large,XXX-Large","Rs
2238",895,60% off,Indianwear-Women
12137,Haute curry,Solid crepe round neck womens straight fit top - white,"Size:Large,Medium,Small,X-Large,X-Small,XX-Large","Rs
1199",599,50% off,Indianwear-Women
12138,Stop,Solid v neck anarkali fit womens kurta - indigo,"Size:S,M,L,XL,X-Small,XX-Large","Rs
1699",849,50% off,Indianwear-Women
12139,Juniper,Embroidered round neck straight fit womens dailywear jumpsuit - dark blue,"Size:Large,Medium,Small,X-Large,XX-Large","Rs
2549",1019,60% off,Indianwear-Women
12140,Juniper,Floral georgette mandarin collar womens a-line kurta - black,Size:X-Small,"Rs
2699",809,70% off,Indianwear-Women
12141,Juniper,Cambric v-neck womens lehenga choli and dupatta set - natural,"Size:Large,Medium","Rs
4446",1778,60% off,Indianwear-Women
12142,Varanga,Embroidered round neck silk blend regular fit womens ethnic set - sea green,"Size:Small,X-Large,XX-Large","Rs
4599",1609,65% off,Indianwear-Women
12143,Aurelia,Solid band with v cotton blend womens knee length kurta - yellow,"Size:Medium,Small,X-Small","Rs
1399",979,30% off,Indianwear-Women
12144,Juniper,Printed georgette round neck womens salwar kurta dupatta set - multi,"Size:Large,X-Large","Rs
3899",1949,50% off,Indianwear-Women
12145,Aurelia,Round neck cotton womens calf length kurta - navy,"Size:Large,Medium,Small,X-Large,X-Small,XX-Large","Rs
1299",909,30% off,Indianwear-Women
12146,Global desi,Geometric polyester round neck womens flared kurta - multi,"Size:XL,Large,Medium,Small,X-Small","Rs
3099",2479,20% off,Indianwear-Women
12147,Janasya,Polka dots v neck cotton womens regular fit dress - peach,"Size:Large,Medium,Small,X-Large,X-Small,XX-Large,XXX-Large","Rs
2199",769,65% off,Indianwear-Women
12148,Ziyaa,Floral polyester mandarin womens kurta palazzo set - pink,"Size:Large,Medium,Small,X-Large,XX-Large,XXX-Large","Rs
1956",880,55% off,Indianwear-Women
12149,Myshka,Printed rayon round neck womens regular kurta - black,"Size:Large,Medium,Small,X-Large,XX-Large","Rs
2299",574,75% off,Indianwear-Women
12150,Sanaa,Printed rayon mandarin womens kurta - navy,"Size:Large,Medium,Small,X-Large,XX-Large","Rs
1399",699,50% off,Indianwear-Women
12151,Janasya,Womens wine cotton kurta (jne3404) - purple,"Size:Large,Medium,Small,X-Large,X-Small,XXX-Large","Rs
1399",769,45% off,Indianwear-Women
12152,Juniper,Solid silk round neck womens straight kurta - mustard,"Size:Large,Medium,Small,X-Large,XX-Large","Rs
1499",599,60% off,Indianwear-Women
12153,Myshka,Checks cotton regular fit womens casual trousers - pink,"Size:Large,Medium,Small,X-Large,XX-Large","Rs
1399",489,65% off,Indianwear-Women
12154,W,Printed poly georgette round neck womens flared dress - green,"Size:6,8,10,12,14,16","Rs
3799",2849,25% off,Indianwear-Women
12155,Ziyaa,Floral polyester boat neck womens kurta palazzo set - natural,"Size:Large,Medium,Small,X-Large,XX-Large,XXX-Large","Rs
2598",1169,55% off,Indianwear-Women
12156,Juniper,Embroidered rayon round neck womens salwar kurta dupatta set - white,"Size:Large,Medium,Small,X-Large","Rs
4899",2449,50% off,Indianwear-Women
12157,Kashish,Embroidered cotton womens full length palazzos - natural,"Size:Large/X-Large,Small/Medium","Rs
1499",749,50% off,Indianwear-Women
12158,Janasya,Printed polyester blend round neck womens kaftan kurta - green,"Size:Large,Medium,Small,XX-Large","Rs
1898",1043,45% off,Indianwear-Women
12159,Haute curry,Solid cotton blend round neck womens casual tunic - sage,"Size:Large,Medium,Small,X-Large,X-Small,XX-Large",Nan,799,No Discount,Indianwear-Women
12160,Kashish,Solid straight fit viscose blend womens festive pants - red,"Size:Large/X-Large,Small/Medium","Rs
1299",649,50% off,Indianwear-Women
12161,Zink london,Textured polyester womens ankle length palazzo - black,"Size:Large,Medium,Small,X-Large,X-Small","Rs
2199",1319,40% off,Indianwear-Women
12162,Varanga,Solid silk round neck womens calf length kurta - blue,"Size:Medium,Small,X-Large,XX-Large","Rs
3699",924,75% off,Indianwear-Women
12163,Stop,Womens printed knee length casual wear kurta - blue,"Size:S,M,XXX-Large","Rs
799",399,50% off,Indianwear-Women
12164,Haute curry,Printed rayon round neck womens regular tunic - red,"Size:Large,Medium,Small,X-Large,X-Small,XX-Large","Rs
899",449,50% off,Indianwear-Women
12165,Aurelia,Yarn dyed cotton collar neck womens a line kurta - navy,"Size:Large,Medium,Small,X-Large,X-Small,XX-Large",Nan,2299,No Discount,Indianwear-Women
12166,Ziyaa,Printed polyester boat neck womens flared kurta - blue,"Size:Large,Medium,Small,X-Large,XX-Large,XXX-Large","Rs
2438",853,65% off,Indianwear-Women
12167,Haute curry,Printed round neck rayon womens flared cowl dress - blue,"Size:Large,Medium,Small,X-Small,XX-Large","Rs
1499",749,50% off,Indianwear-Women
12168,W,Printed cotton round neck womens straight kurta - ecru,"Size:6,8,10,12,14,16,18",Nan,1999,No Discount,Indianwear-Women
12169,W,Printed round neck 30's rayon womens gathered dress - green,Size:12,"Rs
3799",1899,50% off,Indianwear-Women
12170,Janasya,Solid rayon round neck womens kurta palazzo set with dupatta - mustard,"Size:Large,Medium,Small,X-Large,X-Small,XX-Large,XXX-Large","Rs
3149",1731,45% off,Indianwear-Women
12171,Stop,Solid regular fit cotton lycra womens casual pants - olive,"Size:XL,Large,Medium,Small,X-Small,XX-Large",Nan,999,No Discount,Indianwear-Women
12172,Aurelia,Solid cotton blend womens casual trousers - black,"Size:Large,Medium,Small,X-Large,XX-Large",Nan,999,No Discount,Indianwear-Women
12173,W,Printed viscose round neck womens calf length kurta - blue,"Size:6,8,10,12,14,16,18",Nan,1899,No Discount,Indianwear-Women
12174,Stop,Solid straight fit polyester womens casual wear palazzo - black,"Size:2XL/3XL,Large/X-Large,Small/Medium","Rs
899",359,60% off,Indianwear-Women
12175,Janasya,Floral silk mandarin womens kurta palazzo set with dupatta - pink,"Size:Large,Medium,Small,X-Large,X-Small","Rs
2949",1474,50% off,Indianwear-Women
12176,Stop,Solid v neck anarkali fit womens kurta - maroon,"Size:S,M,L,XL,X-Small,XX-Large","Rs
1699",849,50% off,Indianwear-Women
12177,Ziyaa,Floral rayon round neck womens straight kurta - maroon,"Size:Large,Medium,Small,X-Large,XX-Large,XXX-Large","Rs
2047",818,60% off,Indianwear-Women
12178,Varanga,Printed sweetheart neck cotton womens ethnic set - yellow,"Size:Large,Medium,Small,X-Small","Rs
6999",2449,65% off,Indianwear-Women
12179,Stop,Embroidered rayon round neck womens regular tunic - coral,"Size:XL,Large,Medium,Small,XX-Large","Rs
1299",649,50% off,Indianwear-Women
12180,Kashish,Embroidered v neck flared fit womens kurta - yellow,"Size:Large,Medium,Small,X-Large,X-Small,XX-Large","Rs
1799",899,50% off,Indianwear-Women
12181,Juniper,Round neck rayon flared womens lehenga choli set - black,"Size:Large,Medium,Small,X-Large,X-Small","Rs
3299",1979,40% off,Indianwear-Women
12182,Juniper,Cambric mandarin neck womens kurta and palazzo set - peach,"Size:Large,Medium,Small,X-Large,X-Small,XX-Large","Rs
3398",1529,55% off,Indianwear-Women
12183,Varanga,Womens black and gold zari embroidery and mirror work bell sleeves crop top - black,"Size:Large,Medium,Small,X-Large","Rs
1999",799,60% off,Indianwear-Women
12184,W,Print viscose mandarin neck womens kurta - blue,"Size:6,16","Rs
1699",849,50% off,Indianwear-Women
12185,Indya,Regular fit georgette womens festive wear skirt - black,Size:X-Small,"Rs
3200",1600,50% off,Indianwear-Women
12186,Juniper,Womens blue cotton embroidered tiered dress with poly crepe lining & dori - blue,"Size:Small,XX-Large","Rs
3299",1649,50% off,Indianwear-Women
12187,Juniper,Bandhani mandarin collar a-line fit womens kurta - jade,Size:X-Small,"Rs
1699",679,60% off,Indianwear-Women
12188,Ziyaa,Floral round neck rayon womens salwar kurta and dupatta set - green,"Size:Large,Medium,Small,X-Large,XX-Large,XXX-Large","Rs
4132",1652,60% off,Indianwear-Women
12189,Ziyaa,Floral mandarin rayon womens ethnic set - yellow,"Size:Large,Medium,Small,X-Large,XX-Large,XXX-Large","Rs
2520",1008,60% off,Indianwear-Women
12190,Aurelia,Printed cotton mandarin womens straight kurta - grey,"Size:Large,Medium,Small,X-Large,X-Small,XX-Large","Rs
1299",909,30% off,Indianwear-Women
12191,W,Printed collar neck viscose womens straight fit dress - ecru,"Size:6,8,10,16,18","Rs
1999",999,50% off,Indianwear-Women
12192,Sanaa,Printed rayon blend mandarin womens kurta - mustard,"Size:Large,Medium,Small,X-Large,XX-Large","Rs
1299",649,50% off,Indianwear-Women
12193,Ziyaa,Checks polyester round neck womens kurta palazzo set - yellow,"Size:Large,Medium,Small,X-Large,XX-Large,XXX-Large","Rs
1874",843,55% off,Indianwear-Women
12194,Ziyaa,Floral mandarin polyester womens salwar kurta and dupatta set - peacock,"Size:Large,Medium,Small,X-Large,XX-Large,XXX-Large","Rs
2057",1439,30% off,Indianwear-Women
12195,W,Solid cotton lycra womens festive tights - off white,"Size:Large,Medium,Small","Rs
799",599,25% off,Indianwear-Women
12196,Haute curry,Womens cotton  flared skirt - yellow,"Size:Large/X-Large,Small/Medium","Rs
1499",749,50% off,Indianwear-Women
12197,Kashish,Embroidered mandarian collar straight fit womens kurta - natural,"Size:Small,X-Large,X-Small,XX-Large","Rs
1999",999,50% off,Indianwear-Women
12198,Infuse,Printed round neck regular fit womens kurta - coral,"Size:Large,Medium,Small,X-Large,X-Small,XX-Large","Rs
1299",649,50% off,Indianwear-Women
12199,Kami kubi,Geometric cotton round neck womens ethnic set - yellow,"Size:Large,Medium,Small,X-Small,XX-Large","Rs
2999",1949,35% off,Indianwear-Women
12200,Janasya,Polka dots round neck crepe womens calf length kurta - maroon,"Size:Large,Medium,X-Large,X-Small,XX-Large","Rs
1339",535,60% off,Indianwear-Women
12201,Janasya,Lace crepe round neck womens kurta palazzo set with dupatta - wine,"Size:Large,Medium,Small,X-Large,X-Small,XX-Large,XXX-Large","Rs
2699",944,65% off,Indianwear-Women
12202,Juniper,Womens indigo cambric floral placement printed flared palazzo with lace hem - indigo,"Size:Large,Medium,Small,X-Large,X-Small","Rs
1799",989,45% off,Indianwear-Women
12203,Juniper,Womens mint cambric placement print peplum crop-top with printed flared palazzo - mint,"Size:Large,Medium,Small,X-Large","Rs
2999",1649,45% off,Indianwear-Women
12204,And,Solid rayon mandarin womens regular kurta - bottle green,"Size:Small,XX-Large,XXX-Large","Rs
1299",1039,20% off,Indianwear-Women
12205,Indya,Shraddha kapoor for indya women mustard yellow ethnic motifs embroidered chikankari georgette kurta - yellow,Size:XX-Large,"Rs
2200",1100,50% off,Indianwear-Women
12206,Fusion beats,Womens v neck printed tunic - off white,"Size:Small,X-Large","Rs
1499",559,63% off,Indianwear-Women
12207,W,Printed viscose round neck womens kurta - peacock,"Size:6,8,10,12,14,16,18",Nan,2399,No Discount,Indianwear-Women
12208,W,Printed viscose mandarin womens calf length kurta - green,"Size:6,8,10,14","Rs
1699",849,50% off,Indianwear-Women
12209,Myshka,Printed cotton round neck womens kurta palazzo set - pink,"Size:Medium,Small","Rs
2999",899,70% off,Indianwear-Women
12210,Haute curry,Solid regular fit rayon womens casual pants - grey,"Size:Large,Medium,Small,X-Large","Rs
899",449,50% off,Indianwear-Women
12211,Ziyaa,Floral boat neck polyester womens ethnic set - blue,"Size:Large,Medium,Small,X-Large,XX-Large,XXX-Large","Rs
1934",773,60% off,Indianwear-Women
12212,Janasya,Poly muslin womens kurta with pant and dupatta set - peach,"Size:Large,Medium","Rs
4998",2748,45% off,Indianwear-Women
12213,Haute curry,Solid rayon regular fit womens tunic - yellow,"Size:Large,Medium,Small,X-Large,X-Small,XX-Large","Rs
799",399,50% off,Indianwear-Women
12214,Janasya,Printed crepe v-neck womens flared kurta - green,"Size:Large,Medium,Small,X-Large","Rs
1399",559,60% off,Indianwear-Women
12215,Stop,Printed mandarin collar straight fit womens kurta - off white,"Size:S,M,L,XL,X-Small,XX-Large","Rs
1299",649,50% off,Indianwear-Women
12216,Stop,Embro calf length casual wear kurta - sage,"Size:S,M,L,X-Large,X-Small,XX-Large",Nan,1299,No Discount,Indianwear-Women
12217,W,Round neck poly viscose regular designer womens dresses - pink,"Size:10,14","Rs
3999",1999,50% off,Indianwear-Women
12218,Biba,Printed cotton round neck womens ethnic set - navy,"Size:32,34,36,38,40,42","Rs
3599",2519,30% off,Indianwear-Women
12219,Janasya,Womens light green poly crepe kurta (jne3473) - leaf green,"Size:Large,Medium,Small,X-Large,X-Small,XX-Large","Rs
1499",749,50% off,Indianwear-Women
12220,Indya,Solid viscose womens regular palazzo - black,"Size:Large,Medium,Small,X-Large,X-Small","Rs
1300",1040,20% off,Indianwear-Women
12221,Infuse,Embroidered chanderi mandarin womens kurta - cream,"Size:Large,Medium,Small,X-Large,X-Small,XX-Large","Rs
1999",999,50% off,Indianwear-Women
12222,Ziyaa,Printed polyester round neck womens straight kurta - green,"Size:Large,Medium,Small,X-Large,XX-Large,XXX-Large","Rs
1933",676,65% off,Indianwear-Women
12223,Yuris,Printed round neck cotton womens kurta palazzo set - navy,"Size:Small,X-Large,XXX-Large","Rs
3499",1399,60% off,Indianwear-Women
12224,Juniper,Embroidered mandarin neck rayon womens flared dress - navy,Size:X-Small,"Rs
2999",1499,50% off,Indianwear-Women
12225,W,Printed round neck cotton blend womens calf length kurta - blue,"Size:6,8,10,12,14,16,18",Nan,1999,No Discount,Indianwear-Women
12226,Infuse,Printed rayon round neck womens shirt top - red,"Size:Medium,Small,X-Small","Rs
699",349,50% off,Indianwear-Women
12227,Biba,Printed round neck flared womens kurta - indigo,"Size:32,34,36,38,40","Rs
2599",2079,20% off,Indianwear-Women
12228,Stop,Womens printed calf length casual wear kurta - yellow,"Size:S,M,L,XL,X-Small,XX-Large","Rs
999",499,50% off,Indianwear-Women
12229,Haute curry,Printed v neck regular womens tunics & tops - teal,"Size:Large,Medium,Small,X-Large,X-Small,XX-Large","Rs
999",499,50% off,Indianwear-Women
12230,Indya,Shraddha kapoor for indya navy floral embroidered sleeveless crop top - blue,"Size:Large,Medium,Small,X-Large,X-Small","Rs
1700",1360,20% off,Indianwear-Women
12231,Aurelia,Solid georgette round neck womens ethnic set - yellow,"Size:Large,Medium,Small,X-Large,XX-Large","Rs
4899",3429,30% off,Indianwear-Women
12232,W,Regular fit poly blend womens festive skirt - gold,"Size:Large,Medium,Small,X-Large",Nan,2999,No Discount,Indianwear-Women
12233,Ziyaa,Printed round neck rayon womens ethnic set - off white,"Size:Large,Medium,Small,X-Large,XX-Large,XXX-Large","Rs
2610",1044,60% off,Indianwear-Women
12234,Aurelia,Dyed cotton womens straight kurta - navy,"Size:Large,Medium,Small,X-Large,X-Small,XX-Large","Rs
1499",1049,30% off,Indianwear-Women
12235,Janasya,Womens navy blue poly crepe kurta with dhoti pant (set186) - navy,"Size:Medium,Small,X-Large,X-Small","Rs
2699",1079,60% off,Indianwear-Women
12236,Myshka,Solid rayon regular fit womens casual trousers - red,"Size:Large,Medium,Small,X-Large,XX-Large","Rs
1299",454,65% off,Indianwear-Women
12237,Global desi,Womens solid pants - navy,"Size:XL,Large,Medium,Small","Rs
1499",599,60% off,Indianwear-Women
12238,Kashish,Embroidered round neck viscose blend womens ethnic set - sea green,"Size:Large,Medium,Small,X-Large,X-Small,XX-Large","Rs
3799",1899,50% off,Indianwear-Women
12239,Stop,Solid straight fit cotton lycra womens casual wear pants - black,"Size:S,M,L,X-Large,X-Small,XX-Large",Nan,899,No Discount,Indianwear-Women
12240,Juniper,Ethnic motifs round neck cambric womens anarkali dresses - indigo,"Size:Large,Medium,Small,X-Large,XX-Large","Rs
2999",1349,55% off,Indianwear-Women
12241,Juniper,Womens teal dull satin placement print kalidar lehenga choli set with satin lining & cancan - peacock,"Size:Large,Medium,Small,X-Small","Rs
4998",1999,60% off,Indianwear-Women
12242,Aurelia,Printed polyester v neck womens straight kurta - blue,"Size:Large,Medium,Small,X-Small","Rs
999",699,30% off,Indianwear-Women
12243,W,Solid ps regular fit womens slim pants - pink,"Size:6,14","Rs
1299",974,25% off,Indianwear-Women
12244,Aurelia,Printed polyester round neck womens ankle length kurta - brown,"Size:Medium,XX-Large","Rs
2199",1099,50% off,Indianwear-Women
12245,Myshka,Printed cotton round neck womens dress - pink,"Size:Small,XX-Large","Rs
3499",699,80% off,Indianwear-Women
12246,Yuris,Lace round neck cotton womens kurta palazzo set - green,"Size:Small,X-Large","Rs
3499",1399,60% off,Indianwear-Women
12247,Juniper,Womens red cotton solid straight pants with side pocket - red,"Size:Small,X-Large,XX-Large","Rs
1599",719,55% off,Indianwear-Women
12248,Biba,Printed cotton v-neck womens pant kurta dupatta set - black,"Size:32,34,36,38,40,42","Rs
5995",4196,30% off,Indianwear-Women
12249,Sanaa,Solid blended mandarin womens mid thigh length kurti - olive,"Size:Large,Medium,Small,X-Large,XX-Large","Rs
1599",1119,30% off,Indianwear-Women
12250,W,Solid rayon round neck womens ethnic set - black,"Size:8,10,12,14,16,18","Rs
4999",3749,25% off,Indianwear-Women
12251,W,Dyed dobby mandarin womens calf length kurta - black,"Size:8,10,12,14,16,18",Nan,2399,No Discount,Indianwear-Women
12252,Indya,Printed georgette womens festive wear saree - yellow,"Size:Large,Medium,Small,X-Large","Rs
3600",1800,50% off,Indianwear-Women
12253,Kashish,Solid round neck straight fit womens kurta - grey,"Size:Large,Medium,Small,X-Large,X-Small,XX-Large","Rs
1599",799,50% off,Indianwear-Women
12254,Infuse,Printed rayon round neck womens kaftan - multi,"Size:Large,Medium,Small,X-Large,X-Small,XX-Large","Rs
1799",899,50% off,Indianwear-Women
12255,Ziyaa,Geometric v-neck polyester womens ethnic set - brown,"Size:Large,Medium,Small,X-Large,XX-Large,XXX-Large","Rs
2568",1027,60% off,Indianwear-Women
12256,Global desi,Solid cotton round neck womens kurta - pink,"Size:XL,Large,Medium,Small,X-Small,XX-Large","Rs
2199",1759,20% off,Indianwear-Women
12257,Janasya,Floral round neck regular fit womens kurta - green,"Size:4X-Large,5X-Large","Rs
1779",889,50% off,Indianwear-Women
12258,Aurelia,Solid polyester mandarin womens straight kurta - black,"Size:Large,Medium,Small,X-Large,X-Small,XX-Large",Nan,1099,No Discount,Indianwear-Women
12259,Myshka,Printed crepe round neck womens kurta palazzo set - pink,",Medium,Small,X-Large,XX-Large","Rs
3999",999,75% off,Indianwear-Women
12260,Stop,Solid round neck straight fit womens kurta - natural,"Size:S,M,L,X-Large,X-Small,XX-Large","Rs
799",399,50% off,Indianwear-Women
12261,Aurelia,Solid cotton flex regular fit womens casual trousers - pink,"Size:Large,Medium,Small,X-Large,XX-Large",Nan,1049,No Discount,Indianwear-Women
12262,W,Solid cotton regular fit womens slim pants - lilac,"Size:6,8,10,12,14,16,18",Nan,1099,No Discount,Indianwear-Women
12263,Indya,Maroon embroidered waist palazzo pants - maroon,"Size:Large,Medium,Small,X-Large,X-Small","Rs
1950",975,50% off,Indianwear-Women
12264,Haute curry,Solid cotton blend round neck womens casual tunic - mustard,"Size:Large,Medium,Small,X-Large,X-Small,XX-Large",Nan,799,No Discount,Indianwear-Women
12265,Yuris,Printed round neck cotton womens kurta palazzo set - black,"Size:Large,Medium,Small,X-Large,XX-Large,XXX-Large","Rs
3499",1399,60% off,Indianwear-Women
12266,Biba,Yarn dyed rayon round neck womens flared kurta - red,"Size:32,34,36,38,42","Rs
1999",1199,40% off,Indianwear-Women
12267,Varanga,Gotta patti round neck silk blend designer womens ethnic set - coral,"Size:Medium,Small,X-Large","Rs
5799",2609,55% off,Indianwear-Women
12268,Juniper,Polka print rayon slub regular sleeves womens peplum tunic - ivory,"Size:Large,Medium,Small,X-Large,XX-Large","Rs
1299",779,40% off,Indianwear-Women
12269,Global desi,Womens ethnic motifs round neck straight fit top - rust,"Size:XL,Large,Medium,Small,X-Small,XX-Large","Rs
1499",449,70% off,Indianwear-Women
12270,Juniper,Cambric boat neck womens straight kurta palazzo & dupatta set - yellow,"Size:Large,Medium,Small,X-Large,XX-Large","Rs
4197",1888,55% off,Indianwear-Women
12271,Janasya,Gold print crepe round neck womens kurta palazzo set - rust,"Size:Medium,Small,X-Small","Rs
1999",799,60% off,Indianwear-Women
12272,W,Solid cotton round neck womens kurta - pink,Size:8,Nan,2599,No Discount,Indianwear-Women
12273,Kami kubi,Woven mandarin cotton womens flared dress - grey,"Size:Large,Medium,X-Small","Rs
2499",749,70% off,Indianwear-Women
12274,Global desi,Women mandarin collar animal - indigo,Size:Small,"Rs
1699",679,60% off,Indianwear-Women
12275,Juniper,Floral v-neck womens flared anarkali dresses & dupatta set - aqua,"Size:Small,X-Large,XX-Large","Rs
4899",1714,65% off,Indianwear-Women
12276,Kami kubi,Printed cotton boat neck womens flared dress - white,"Size:Large,Medium,Small,X-Large,X-Small","Rs
1799",989,45% off,Indianwear-Women
12277,Janasya,Floral round neck regular fit womens kurta - peacock,"Size:Large,Medium,Small,X-Large,X-Small,XX-Large","Rs
1339",535,60% off,Indianwear-Women
12278,Haute curry,Womens regular fit printed dress - yellow,"Size:Large,Medium,Small,X-Large,X-Small,XX-Large","Rs
1299",649,50% off,Indianwear-Women
12279,Gipsy,Floral rayon v-neck womens tunic - natural,"Size:Large,X-Large,XX-Large,XXX-Large","Rs
1495",1046,30% off,Indianwear-Women
12280,Janasya,Bandhni silk round neck womens kurta palazzo set with dupatta - grey,"Size:Small,X-Large,X-Small,XX-Large,XXX-Large","Rs
4598",2299,50% off,Indianwear-Women
12281,W,Solid viscose round neck womens straight fit kurta - green,"Size:6,12,14","Rs
1799",899,50% off,Indianwear-Women
12282,W,Printed viscose round neck womens ethnic set - grey,"Size:6,8,10,12,14,16,18",Nan,6999,No Discount,Indianwear-Women
12283,Indya,Shraddha kapoor for indya yellow & gold-toned geometric embellished regular crop top - yellow,Size:X-Large,"Rs
1600",800,50% off,Indianwear-Women
12284,Haute curry,Solid v-neck cotton slub womens empire waist dress - turquoise,"Size:Large,Medium,Small,X-Large,X-Small","Rs
1499",749,50% off,Indianwear-Women
12285,Ziyaa,Floral mandarin rayon womens ethnic set - cream,"Size:Large,Medium,Small,X-Large,XX-Large,XXX-Large","Rs
2138",855,60% off,Indianwear-Women
12286,Haute curry,Embroidered cotton flex regular fit womens tunic - aqua,"Size:Large,Medium,Small,X-Large,X-Small,XX-Large","Rs
999",499,50% off,Indianwear-Women
12287,Juniper,Printed rayon round neck womens straight kurta - maroon,"Size:Large,Medium,Small,X-Large","Rs
1499",599,60% off,Indianwear-Women
12288,Stop,Womens regular fit printed kurta - natural,"Size:S,X-Small","Rs
999",499,50% off,Indianwear-Women
12289,Biba,Printed round neck rayon womens kurta - pink,"Size:32,34,36,38,40","Rs
3999",2799,30% off,Indianwear-Women
12290,Global desi,Printed viscose collared neck womens kurta - aqua,"Size:XL,Large,Medium,Small,X-Small","Rs
1799",899,50% off,Indianwear-Women
12291,Kashish,Embroidered straight fit viscose blend womens festive pants - gold,"Size:Large/X-Large,Small/Medium","Rs
1299",649,50% off,Indianwear-Women
12292,Biba,Printed round neck straight fit womens kurti - mustard,Size:34,"Rs
1499",749,50% off,Indianwear-Women
12293,Kashish,Solid mandarian collar flared fit womens kurta - grey,"Size:Large,Medium,Small,X-Large,X-Small,XX-Large","Rs
1699",849,50% off,Indianwear-Women
12294,Stop,Womens textured calf length winter wear kurta - indigo,"Size:Medium,Small,X-Large","Rs
1999",999,50% off,Indianwear-Women
12295,Janasya,Floral round neck regular fit womens kurta - peach,"Size:Large,Medium,Small,X-Large,X-Small,XX-Large","Rs
1399",559,60% off,Indianwear-Women
12296,Aurelia,Solid cotton flex regular fit womens casual culottes - green,"Size:Large,Medium,Small,XX-Large","Rs
1049",734,30% off,Indianwear-Women
12297,Kashish,Womens art silk 3/4th sleeves straight fit kurta - coral,"Size:Large,Medium,Small,X-Large,X-Small","Rs
1499",749,50% off,Indianwear-Women
12298,Infuse,Embroidered cotton womens full length palazzos - red,"Size:Large/X-Large,Small/Medium","Rs
1499",599,60% off,Indianwear-Women
12299,Infuse,Fitted full length cotton lycra womens churidar - grey,"Size:Large,Medium,Small,X-Large,XX-Large","Rs
499",299,40% off,Indianwear-Women
12300,Yuris,Floral cotton round neck womens kurta set - blue,"Size:Large,Medium,Small,X-Large,XX-Large,XXX-Large","Rs
3999",1399,65% off,Indianwear-Women
12301,Varanga,Printed round neck cotton womens ethnic set - blue,"Size:Large,Medium,Small,X-Large,X-Small","Rs
6999",2449,65% off,Indianwear-Women
12302,Infuse,Fitted full length cotton lycra womens leggings - green,"Size:Large,Medium,Small,X-Small","Rs
499",249,50% off,Indianwear-Women
12303,Infuse,Embroidered cotton womens full length palazzos - navy,"Size:Large/X-Large,Small/Medium","Rs
1699",679,60% off,Indianwear-Women
12304,Juniper,Womens white cotton solid cigarette pants with side pocket - white,"Size:X-Large,X-Small,XX-Large","Rs
1799",809,55% off,Indianwear-Women
12305,Juniper,Ethnic motifs cambric round neck a-line womens tunic - indigo,"Size:Small,X-Large,XX-Large","Rs
1499",1049,30% off,Indianwear-Women
12306,Haute curry,Printed ankle length casual wear cowl dress - yellow,"Size:Large,Medium,Small,X-Large,X-Small","Rs
1499",749,50% off,Indianwear-Women
12307,Juniper,Womens grey chanderi silk embroidered high-slit kurta with poly crepe solid skirt - grey,"Size:Large,Medium,Small,X-Large,X-Small","Rs
4698",3053,35% off,Indianwear-Women
12308,Varanga,Printed v-neck cotton womens straight kurta - peach,Size:Small,"Rs
2999",899,70% off,Indianwear-Women
12309,Varanga,Printed silk round neck womens straight fit kurta - blue,Size:Small,"Rs
3599",899,75% off,Indianwear-Women
12310,Aurelia,Yarn dyed round neck straight womens kurta - navy,Size:X-Small,"Rs
1299",649,50% off,Indianwear-Women
12311,Amukti,Floral mandarin regular fit womens kurti - maroon,"Size:4X-Large,Small,XXX-Large","Rs
1299",909,30% off,Indianwear-Women
12312,Yuris,Floral cotton mandarin womens regular kurta - multi,"Size:Medium,Small","Rs
1499",674,55% off,Indianwear-Women
12313,Varanga,Womens dark teal anarkali kurta with sequence and handwork detailing on yoke and sleeves - peacock,"Size:Large,Small","Rs
1999",799,60% off,Indianwear-Women
12314,Aurelia,Dyed cotton round neck womens ethnic set - purple,"Size:Large,Medium,Small,X-Large,X-Small,XX-Large","Rs
1999",1399,30% off,Indianwear-Women
12315,Stop,Womens solid knee length casual wear straight kurta - maroon,"Size:S,L,X-Large,XX-Large","Rs
899",449,50% off,Indianwear-Women
12316,Janasya,Solid silk round neck womens salwar suit - natural,"Size:Medium,Small,X-Large,X-Small,XX-Large,XXX-Large","Rs
2269",1134,50% off,Indianwear-Women
12317,Biba,Printed round neck polyester womens kurta pants set - powder blue,"Size:32,34,36,38,40,42","Rs
6500",5200,20% off,Indianwear-Women
12318,Ziyaa,Floral polyester mandarin womens straight kurta - pink,"Size:Large,Medium,Small,X-Large,XX-Large,XXX-Large","Rs
1571",706,55% off,Indianwear-Women
12319,Stop,Fitted full length cotton lycra womens leggings - sage,"Size:S,M,L,X-Large,X-Small","Rs
499",349,30% off,Indianwear-Women
12320,Haute curry,Rayon round neck womens casual top - natural,"Size:Large,Medium,Small,X-Large,X-Small,XX-Large","Rs
799",399,50% off,Indianwear-Women
12321,Janasya,Printed round neck crepe designer womens ethnic set - maroon,"Size:Large,Medium,Small,X-Large,X-Small","Rs
2099",1154,45% off,Indianwear-Women
12322,W,Solid round neck viscose womens calf length kurta - blue,"Size:6,8,10,12,14,16,18",Nan,1999,No Discount,Indianwear-Women
12323,Kami kubi,Geometric cotton v neck womens straight kurta - navy,"Size:Large,Medium,Small,X-Large,X-Small,XX-Large","Rs
1799",989,45% off,Indianwear-Women
12324,Biba,Yarn dyed poly mettalic round neck womens straight fit kurta - turquoise,Size:34,"Rs
1999",1199,40% off,Indianwear-Women
12325,Ira soleil,Floral polyester womens casual skirt - pink,"Size:Large,Medium,Small,X-Large",Nan,1899,No Discount,Indianwear-Women
12326,Aurelia,Printed cotton womens casual palazzo - blue,"Size:Large,Medium,Small,X-Large","Rs
899",629,30% off,Indianwear-Women
12327,Juniper,Printed georgette round neck womens a line dress - multi,"Size:Large,Medium,Small,X-Large",Nan,3499,No Discount,Indianwear-Women
12328,Global desi,Solid viscose round neck womens flared kurta - black,"Size:XL,Large,Medium,Small,X-Small,XX-Large","Rs
2499",1999,20% off,Indianwear-Women
12329,Myshka,Solid cotton round neck womens regular kurta - pink,"Size:Large,Medium,Small,X-Large,XX-Large","Rs
4999",999,80% off,Indianwear-Women
12330,Kashish,Embroidered v neck straight fit womens kurta - natural,"Size:Large,Medium,Small,X-Large,X-Small,XX-Large","Rs
2999",1499,50% off,Indianwear-Women
12331,Kami kubi,Embellished cotton mandarin womens a line kurta - red,"Size:Large,Medium,Small,X-Large,X-Small,XX-Large","Rs
2499",874,65% off,Indianwear-Women
12332,Global desi,Solid viscose round neck women straight tops - mustard,"Size:XL,Large,Medium,Small,X-Small","Rs
1599",799,50% off,Indianwear-Women
12333,Ziyaa,Solid round neck crepe womens ethnic set - black,"Size:Large,Medium,Small,X-Large,XX-Large,XXX-Large","Rs
2538",888,65% off,Indianwear-Women
12334,Varanga,Printed v-neck cotton blend womens ethnic set - green,"Size:Large,Medium,Small,X-Large","Rs
4999",1499,70% off,Indianwear-Women
12335,Indya,Solid cotton lycra womens ankle length palazzo - pink,"Size:Large,Medium,Small,X-Large,X-Small","Rs
1400",700,50% off,Indianwear-Women
12336,Juniper,Womens mustard cambric floral placement printed flared palazzo with lace hem - mustard,"Size:Large,Medium,Small,X-Large,X-Small,XX-Large","Rs
1799",989,45% off,Indianwear-Women
12337,Juniper,Printed round neck crepe womens flared dress - peacock,"Size:Large,Medium,Small,X-Small","Rs
2999",1499,50% off,Indianwear-Women
12338,Varanga,Embroidered silk blend round neck womens ethnic set - pink,"Size:Large,Medium,Small,X-Large,X-Small,XX-Large",Nan,4999,No Discount,Indianwear-Women
12339,And,Solid polyester cowl neck womens ethnic set - wine,"Size:8,12,16","Rs
3499",1749,50% off,Indianwear-Women
12340,Haute curry,Yarn dyed round neck cotton womens empire waist dress - blue,Size:Small,"Rs
1299",649,50% off,Indianwear-Women
12341,Indya,Embroidered georgette v-neck womens wrap tunic - purple,Size:Small,"Rs
3400",1700,50% off,Indianwear-Women
12342,Aurelia,Printed polyester womens straight kurta - pink,"Size:Large,Medium,Small,X-Large,X-Small,XX-Large","Rs
999",699,30% off,Indianwear-Women
12343,Stop,Yarn dyed mandarin collar a line fit womens kurta - fuschia,"Size:S,M,L,XL,X-Small,XX-Large","Rs
1299",649,50% off,Indianwear-Women
12344,Haute curry,Printed rayon round neck womens regular top - grey,"Size:Large,Medium,Small,X-Small","Rs
799",399,50% off,Indianwear-Women
12345,W,Round neck cotton blend womens calf length kurta - blue,"Size:6,8,10,12,14,16,18",Nan,2299,No Discount,Indianwear-Women
12346,W,Printed rayon blend mandarin womens kurta - green,"Size:6,8,10,12,14,16,18",Nan,1899,No Discount,Indianwear-Women
12347,Aurelia,Round neck cotton womens below knee kurta - multi,"Size:Large,Medium,Small,X-Large,X-Small,XX-Large","Rs
1599",1119,30% off,Indianwear-Women
12348,Myshka,Printed cotton round neck womens regular kurta - pink,"Size:Large,Medium,Small,X-Large,XX-Large","Rs
1899",569,70% off,Indianwear-Women
12349,Myshka,Printed round neck womens kurti - red,",Medium,Small,X-Large,XX-Large","Rs
2999",899,70% off,Indianwear-Women
12350,Biba,Printed cotton round neck womens salwar kurta dupatta set - ivory,"Size:32,34,36,38,42",Nan,6500,No Discount,Indianwear-Women
12351,Myshka,Solid cotton round neck womens regular kurta - pink,"Size:Large,Medium,Small,X-Large,XX-Large","Rs
2999",899,70% off,Indianwear-Women
12352,Myshka,Printed cotton round neck womens regular kurta - green,"Size:Large,Medium,Small,X-Large,XX-Large","Rs
1499",524,65% off,Indianwear-Women
12353,Myshka,Printed cotton v neck womens dress - multi,"Size:Large,Medium,Small,X-Large,XX-Large","Rs
3999",799,80% off,Indianwear-Women
12354,Juniper,Embroidered cotton round neck womens a line kurta - pink,"Size:Large,Medium,Small,X-Large","Rs
3699",1849,50% off,Indianwear-Women
12355,Infuse,Fitted full length cotton lycra womens churidar - sage,"Size:Large,Medium,Small,X-Large,XX-Large","Rs
1099",329,70% off,Indianwear-Women
12356,Ira soleil,Embellished polyester regular fit womens festive wear blouse - mint,"Size:Large,Medium,Small,X-Large,XX-Large",Nan,1999,No Discount,Indianwear-Women
12357,W,Jacquard viscose mandarin womens a line kurta - pink,"Size:8,10,12,16,18","Rs
2999",1499,50% off,Indianwear-Women
12358,Stop,Womens printed calf length casual wear kurta - yellow,"Size:S,M,X-Small,XX-Large","Rs
999",499,50% off,Indianwear-Women
12359,Indya,Regular fit full length georgette womens festive wear skirt - purple,"Size:Large,Medium","Rs
3400",1700,50% off,Indianwear-Women
12360,Yuris,Motif cotton mandarin womens regular kurta - multi,"Size:Large,Medium,Small,XX-Large","Rs
1599",719,55% off,Indianwear-Women
12361,W,Printed viscose round neck womens straight fit kurta - pink,"Size:6,8,16","Rs
1899",1139,40% off,Indianwear-Women
12362,Yuris,Abstract cotton womens palazzos - multi,"Size:28,30,32,34,36,38","Rs
1699",764,55% off,Indianwear-Women
12363,Gas,Regular fit regular length crepe womens casual skirt - multi,"Size:Large,Medium,Small,X-Large,XX-Large","Rs
2499",624,75% off,Indianwear-Women
12364,Janasya,Cotton womens tunic - grey,"Size:Large,Medium,Small,X-Large,X-Small,XX-Large,XXX-Large","Rs
1399",769,45% off,Indianwear-Women
12365,Infuse,Fitted full length cotton lycra womens churidar - fuchsia,"Size:Large,Medium,Small,X-Large","Rs
499",299,40% off,Indianwear-Women
12366,Juniper,Printed rayon round neck womens flared dress - pink,"Size:Large,Medium,Small,X-Large","Rs
2499",1749,30% off,Indianwear-Women
12367,Juniper,Cambric boat neck womens straight kurta palazzo & dupatta set - mustard,"Size:Large,Medium,Small,XX-Large","Rs
4197",2098,50% off,Indianwear-Women
12368,Juniper,Womens maroon chanderi gold foil print 2 piece layered kurta with poly crepe lining - maroon,"Size:Large,Medium,Small,X-Large,XX-Large","Rs
3549",1419,60% off,Indianwear-Women
12369,Varanga,Womens multi color phulkari printed tiered long skirt with drawstring and patch work at flared hemline - orange,"Size:Large,Medium,Small,X-Large","Rs
1999",999,50% off,Indianwear-Women
12370,Juniper,Solid rayon womens wide leg palazzo pants - ivory,"Size:Medium,Small,XX-Large","Rs
1799",719,60% off,Indianwear-Women
12371,Varanga,Gotta patti embellished cotton round neck womens regular fit kurta - purple,Size:Small,"Rs
3299",989,70% off,Indianwear-Women
12372,Infuse,Printed rayon round neck womens kurta - white,"Size:Large,Medium,Small,X-Large,X-Small,XX-Large","Rs
1199",599,50% off,Indianwear-Women
12373,Ziyaa,Floral polyester mandarin womens straight kurta - green,"Size:Large,Medium,Small,X-Large,XX-Large,XXX-Large","Rs
1303",651,50% off,Indianwear-Women
12374,Ziyaa,Printed round neck rayon womens ethnic set - navy,"Size:Large,Medium,Small,X-Large,XX-Large,XXX-Large","Rs
3060",1224,60% off,Indianwear-Women
12375,W,Printed cambric round neck womens straight kurta - yellow,"Size:6,8,10,12,14,16,18","Rs
1999",1499,25% off,Indianwear-Women
12376,Global desi,Solid viscose collar neck womens tops - coral,"Size:XL,Large,Medium,Small,X-Small,XX-Large","Rs
2299",1839,20% off,Indianwear-Women
12377,W,Solid chanderi round neck womens ethnic set - black,"Size:6,8,10,12,14,16,18",Nan,6599,No Discount,Indianwear-Women
12378,Biba,Cotton woven womens skirt - mustard,"Size:Large,Medium,Small,X-Large","Rs
3999",2399,40% off,Indianwear-Women
12379,Stop,Regular fit ankle length cotton lycra womens leggings - mouse,"Size:XL,Large,Medium,Small,X-Small","Rs
499",349,30% off,Indianwear-Women
12380,Stop,Embroidered mandarin collar a line fit womens kurta - orange,"Size:S,M,XL,X-Small","Rs
1299",649,50% off,Indianwear-Women
12381,Biba,Printed cotton womens pant kurta dupatta set - yellow,"Size:32,34,36,38,40","Rs
4995",3496,30% off,Indianwear-Women
12382,Janasya,Womens brown pure cotton narrow pant (btm031) - brown,"Size:Large,Small,X-Small,XX-Large,XXX-Large","Rs
1198",599,50% off,Indianwear-Women
12383,Ziyaa,Printed round neck polyester womens ethnic set - grey,"Size:Large,Medium,Small,X-Large,XX-Large,XXX-Large","Rs
3051",1220,60% off,Indianwear-Women
12384,Ziyaa,Floral round neck rayon womens ethnic set - pink,"Size:Large,Medium,Small,X-Large,XX-Large,XXX-Large","Rs
2138",855,60% off,Indianwear-Women
12385,Aurelia,Printed cotton round neck womens straight kurta - yellow,"Size:Large,Medium,Small,X-Large,X-Small,XX-Large","Rs
1299",909,30% off,Indianwear-Women
12386,Yuris,Embroidered cotton round neck womens salwar suit - multi,"Size:Large,Medium,X-Large,XX-Large","Rs
3499",1399,60% off,Indianwear-Women
12387,Yuris,Printed v-neck cotton womens kurta palazzo set - red,"Size:Large,Medium,Small,XX-Large","Rs
3999",1399,65% off,Indianwear-Women
12388,Varanga,Womens round neck printed kurta - multi,"Size:Large,Medium,Small,X-Large,XX-Large","Rs
1799",809,55% off,Indianwear-Women
12389,Kashish,Embroidered round neck viscose blend womens ethnic set - natural,"Size:Large,Medium,Small,X-Large,X-Small,XX-Large","Rs
3499",1749,50% off,Indianwear-Women
12390,Biba,Printed rayon round neck womens kalidar kurta - mustard,"Size:32,34","Rs
1599",959,40% off,Indianwear-Women
12391,Varanga,Mandarin collar womens kurta - green,"Size:Large,Medium,Small,X-Large,XX-Large","Rs
1999",899,55% off,Indianwear-Women
12392,Juniper,Solid cotton flex mandarin womens a-line kurta - peach,"Size:Large,Medium,Small,X-Large","Rs
1699",849,50% off,Indianwear-Women
12393,Juniper,Printed round neck chiffon womens flared dress - black,"Size:Large,Medium,Small,X-Small","Rs
3299",1484,55% off,Indianwear-Women
12394,Stop,Printed  rayon womens 3/4 sleeves kurta - rust,"Size:S,M,L,X-Large,X-Small,XX-Large",Nan,1199,No Discount,Indianwear-Women
12395,Global desi,Solid key hole neck womens tunic - pink,"Size:Medium,Small,X-Small","Rs
2799",1399,50% off,Indianwear-Women
12396,Biba,Printed round neck viscose womens kurta pants set - sea green,"Size:38,40","Rs
5995",4796,20% off,Indianwear-Women
12397,Janasya,Floral v neck crepe womens calf length kurta - magenta,"Size:Large,Medium","Rs
1469",587,60% off,Indianwear-Women
12398,W,Printed viscose womens festive pants - ecru,"Size:6,8,10,12,14,16",Nan,1699,No Discount,Indianwear-Women
12399,Kashish,Womens embroidered calf length occasion wear kurta - pink,"Size:Large,Medium,Small,X-Small","Rs
1599",799,50% off,Indianwear-Women
12400,Aurelia,Band with placket cotton womens knee length kurta - green,"Size:Large,Medium,Small,X-Large,X-Small",Nan,1599,No Discount,Indianwear-Women
12401,Haute curry,Printed lapel collar flex womens shirt style dress - sky blue,"Size:Large,Medium,Small,X-Large,X-Small,XX-Large","Rs
1499",749,50% off,Indianwear-Women
12402,Global desi,Solid viscose v neck womens regular tunic - purple,"Size:XL,Large,Medium,Small,XX-Large",Nan,1799,No Discount,Indianwear-Women
12403,Infuse,Fitted full length cotton lycra womens churidar - pink,Size:Small,"Rs
1099",329,70% off,Indianwear-Women
12404,Suti,Printed cotton round neck womens straight kurti - green,"Size:Large,Medium,Small,X-Large,X-Small","Rs
1199",959,20% off,Indianwear-Women
12405,Haute curry,Printed rayon round neck womens tunic - green,"Size:Large,Medium,Small,X-Large,X-Small,XX-Large",Nan,999,No Discount,Indianwear-Women
12406,Stop,Womens regular fit printed kurta - off white,"Size:S,M,L,XL,X-Small,XX-Large","Rs
1299",649,50% off,Indianwear-Women
12407,W,Printed viscose regular fit womens kurta set - grey,"Size:6,8,10,12,14,16,18",Nan,4599,No Discount,Indianwear-Women
12408,Ziyaa,Printed round neck polyester womens salwar kurta and dupatta set - grey,"Size:Large,Medium,Small,X-Large,XX-Large,XXX-Large","Rs
4367",1746,60% off,Indianwear-Women
12409,Janasya,Womens multicolor poly silk stitched blouse (bl087) - multi,"Size:Large,Medium,X-Large,X-Small,XX-Large","Rs
1199",599,50% off,Indianwear-Women
12410,Kashish,Embroidered round neck flared fit womens kurta - grey,"Size:Large,Medium,Small,X-Large,X-Small,XX-Large","Rs
2999",1499,50% off,Indianwear-Women
12411,Aurelia,Printed 60's cambric womens non festive culottes - blue,"Size:Large,XX-Large","Rs
1049",629,40% off,Indianwear-Women
12412,Indya,Embellished round neck georgette womens regular kurta - yellow,Size:XX-Large,"Rs
2200",1100,50% off,Indianwear-Women
12413,Global desi,Floral shirt collar womens tunic - off white,"Size:XL,Large,Medium,Small,X-Small","Rs
1799",719,60% off,Indianwear-Women
12414,Kami kubi,Textured cotton round neck womens straight kurta - pink,"Size:Medium,Small","Rs
1699",764,55% off,Indianwear-Women
12415,Indya,Printed georgette regular fit womens sharara - pink,"Size:Large,Medium,Small,X-Large,X-Small","Rs
2100",1050,50% off,Indianwear-Women
12416,Stop,Full length cotton lycra knitted womens churidar - sage,"Size:S,M,L,XL,XX-Large","Rs
499",349,30% off,Indianwear-Women
12417,Global desi,Womens regular fit solid pattern a-line kurta - mint,"Size:XL,Large,Medium,Small,X-Small,XX-Large","Rs
1699",509,70% off,Indianwear-Women
12418,Haute curry,Womens regular fit printed tops - turquoise,"Size:Large,Medium,Small,X-Large,X-Small,XX-Large","Rs
899",449,50% off,Indianwear-Women
12419,Janasya,Womens black poly crepe kurta (jne3373) - black,"Size:Large,Medium,Small,X-Large,X-Small,XX-Large,XXX-Large","Rs
1399",559,60% off,Indianwear-Women
12420,Juniper,Womens pink poly muslin embroidered flared lehenga choli with satin lining - pink,"Size:Large,Medium,Small,X-Small","Rs
4098",2049,50% off,Indianwear-Women
12421,Juniper,Embroidered mandarin silk blend womens a-line dress - fuchsia,"Size:Medium,Small,X-Large,XX-Large","Rs
2999",1949,35% off,Indianwear-Women
12422,Varanga,Printed cotton round neck womens calf length kurta - yellow,Size:XX-Large,"Rs
3999",1199,70% off,Indianwear-Women
12423,Varanga,Round neck womens kurta - pink,"Size:Large,Medium,Small,X-Large,XX-Large","Rs
1599",799,50% off,Indianwear-Women
12424,Varanga,Mandarin collar womens kurta - grey,"Size:Large,Medium,Small,X-Large,XX-Large","Rs
1499",749,50% off,Indianwear-Women
12425,Juniper,Floral round neck alphin chiffon womens flared dress - black,"Size:Large,Medium,Small,X-Large","Rs
3299",2474,25% off,Indianwear-Women
12426,Indya,Embroidered georgette scoop neck womens flared tunic - pink,Size:Small,"Rs
3500",1750,50% off,Indianwear-Women
12427,Varanga,Printed silk round neck womens straight fit kurta - blue,"Size:Small,XX-Large","Rs
2999",749,75% off,Indianwear-Women
12428,Varanga,Embroidered silk round neck womens regular fit kurta - yellow,Size:Medium,"Rs
2999",899,70% off,Indianwear-Women
12429,Ziyaa,Printed crepe boat neck womens straight kurta - blue,"Size:Large,Medium,Small,X-Large,XX-Large,XXX-Large","Rs
1373",549,60% off,Indianwear-Women
12430,Infuse,Embroidered chanderi mandarin womens kurta - red,"Size:Large,Medium,Small,X-Large,X-Small,XX-Large","Rs
1999",999,50% off,Indianwear-Women
12431,Kashish,Embroidered viscose blend mandarin womens festive set - pale yellow,"Size:Large,Medium,Small,X-Large,X-Small,XX-Large",Nan,2999,No Discount,Indianwear-Women
12432,Stop,Fitted full length cotton lycra womens leggings - pink,"Size:S,M,L,XL,X-Small","Rs
499",349,30% off,Indianwear-Women
12433,W,Printed cotton blend round neck womens calf length kurta - ecru,"Size:6,8,10,12,14,16,18",Nan,1799,No Discount,Indianwear-Women
12434,Myshka,Solid silk blend round neck womens kurta palazzo set - brown,",X-Large,XX-Large","Rs
5499",1374,75% off,Indianwear-Women
12435,Myshka,Solid cotton blend round neck womens dress - sea green,"Size:Medium,Small,X-Large,XX-Large","Rs
2999",599,80% off,Indianwear-Women
12436,Juniper,Printed rayon regular fit womens palazzo - grey,"Size:Large,Medium,X-Large",Nan,2699,No Discount,Indianwear-Women
12437,Kashish,Solid silk blend womens full length palazzos - black,"Size:Large/X-Large,Small/Medium,XX-Large/XXX-Large","Rs
1299",649,50% off,Indianwear-Women
12438,Stop,Fitted full length cotton lycra womens shimmer leggings - silver,"Size:S,M,L,X-Large,X-Small","Rs
699",489,30% off,Indianwear-Women
12439,Ziyaa,Printed round neck polyester womens ethnic set - brown,"Size:Large,Medium,Small,X-Large,XX-Large,XXX-Large","Rs
2420",968,60% off,Indianwear-Women
12440,Aurelia,Printed viscose womens ethnic set - pink,"Size:Large,Medium,Small,X-Large,X-Small,XX-Large","Rs
1999",1399,30% off,Indianwear-Women
12441,Juniper,Embroidered rayon v neck womens kurta palazzo set - lime green,"Size:Large,Medium,X-Large","Rs
3999",1399,65% off,Indianwear-Women
12442,Kashish,Embroidered round neck straight fit womens kurta - peach,"Size:Large,Medium,Small,X-Large,X-Small,XX-Large,XXX-Large",Nan,1599,No Discount,Indianwear-Women
12443,W,Collar neck polyester flared designer womens dresses - yellow,"Size:8,10,12,14","Rs
4999",2499,50% off,Indianwear-Women
12444,Kami kubi,Floral cotton v neck womens regular top - yellow,"Size:Large,Medium,Small,X-Large,X-Small","Rs
999",449,55% off,Indianwear-Women
12445,Global desi,Floral viscose rayon v-neck womens a-line kurta - orange,"Size:XL,Large,Medium,Small,X-Small","Rs
1999",999,50% off,Indianwear-Women
12446,Global desi,Printed viscose round neck womens straight kurta - mustard,"Size:XL,Large,Medium,Small,X-Small","Rs
1999",999,50% off,Indianwear-Women
12447,Yuris,Ethnic motifs cotton round neck womens kurta set - pink,"Size:Large,Medium,Small,X-Large,XX-Large,XXX-Large","Rs
3999",1399,65% off,Indianwear-Women
12448,Yuris,Floral cotton round neck womens calf length kurta - red,"Size:Large,Medium,Small,XXX-Large","Rs
1799",809,55% off,Indianwear-Women
12449,Aurelia,Round neck straight designer womens kurtas - blue,"Size:Large,Medium,Small,X-Large,X-Small,XX-Large","Rs
1049",734,30% off,Indianwear-Women
12450,Haute curry,Printed v-neck cotton slub womens empire waist dress - peach,"Size:Large,Medium,Small,X-Large,X-Small,XX-Large","Rs
1499",749,50% off,Indianwear-Women
12451,Haute curry,Yarn dyed ankle length casual wear gather dress - turquoise,"Size:Large,Medium,Small,X-Small","Rs
1299",649,50% off,Indianwear-Women
12452,Aurelia,Printed viscose blend womens regular fit palazzo - pink,"Size:Medium,Small","Rs
999",599,40% off,Indianwear-Women
12453,Janasya,Womens multicolor poly crepe kurta (jne1998) - multi,Size:Small,"Rs
1199",479,60% off,Indianwear-Women
12454,Biba,Solid embroidred poly viscose round neck womens pant kurta dupatta set - green,"Size:32,42","Rs
4595",3216,30% off,Indianwear-Women
12455,Yuris,Abstract cotton mandarin womens salwar suit - multi,"Size:Large,Medium,Small","Rs
2999",1349,55% off,Indianwear-Women
12456,Juniper,Solid polyester round neck womens straight kurta - mustard,"Size:Large,Medium,Small,X-Large","Rs
2399",959,60% off,Indianwear-Women
12457,W,Printed viscose round neck womens ethnic set - yellow,"Size:10,12,18",Nan,4999,No Discount,Indianwear-Women
12458,Aurelia,Printed viscose round neck womens ethnic set - green,Size:Medium,"Rs
3599",2159,40% off,Indianwear-Women
12459,Vip,Buddy junior pack of 3 small size ast - multi,Size:Small,Nan,349,No Discount,Indianwear-Women
12460,Myshka,Printed georgette round neck womens dress - pink,"Size:Large,Medium,X-Large,XX-Large","Rs
3999",999,75% off,Indianwear-Women
12461,Janasya,Printed round neck crepe womens calf length kurta - peacock,"Size:Small,X-Large,X-Small,XX-Large,XXX-Large","Rs
1349",674,50% off,Indianwear-Women
12462,Juniper,Printed chiffon mandarin womens tiered dress - pink,"Size:Large,Medium,X-Large,XX-Large","Rs
1899",1329,30% off,Indianwear-Women
12463,Suti,Printed cotton mandarin womens straight kurti - gold,"Size:Large,Medium,Small,X-Large","Rs
1499",1199,20% off,Indianwear-Women
12464,Aurelia,Solid cotton blend band with v womens kurta set - yellow,"Size:Large,Medium,Small,X-Large","Rs
2999",2099,30% off,Indianwear-Women
12465,Myshka,Printed cotton square neck womens regular kurta - maroon,"Size:Large,Medium,Small,X-Large,XX-Large","Rs
2999",599,80% off,Indianwear-Women
12466,Aurelia,Regular fit polyester womens festive skirt - multi,"Size:Large,Medium,Small,X-Large,XX-Large","Rs
2399",1679,30% off,Indianwear-Women
12467,Aurelia,Printed polyester v neck womens ethnic set - blue,"Size:Large,Medium,Small,X-Large,X-Small,XX-Large",Nan,2999,No Discount,Indianwear-Women
12468,Myshka,Printed polyester mandarin womens regular kurta - white,"Size:Large,Medium,Small,X-Large,XX-Large","Rs
1599",559,65% off,Indianwear-Women
12469,Janasya,Womens maroon cotton stitched blouse (bl097) - red,"Size:Large,Medium,Small,XX-Large","Rs
899",539,40% off,Indianwear-Women
12470,Janasya,Stripes crepe round neck womens straight fit kurta - maroon,"Size:Large,Medium,Small,X-Large,XX-Large","Rs
1299",519,60% off,Indianwear-Women
12471,Gipsy,Solid polyester choker neck womens tunic - raspberry,"Size:Large,Medium,XX-Large,XXX-Large","Rs
1895",1326,30% off,Indianwear-Women
12472,Suti,Printed cotton mandarin womens a line kurti - brown,"Size:Large,Medium,Small,X-Large,X-Small","Rs
1649",1319,20% off,Indianwear-Women
12473,Aurelia,Printed viscose v-neck womens flared dress - black,"Size:Large,Medium,Small,X-Large,X-Small,XX-Large",Nan,2799,No Discount,Indianwear-Women
12474,Myshka,Printed cotton round neck womens kurta palazzo set - yellow,",Medium,Small,X-Large,XX-Large","Rs
5999",1499,75% off,Indianwear-Women
12475,Global desi,Womens solid kurta - natural,"Size:XL,Large,Medium,Small,X-Small","Rs
2399",719,70% off,Indianwear-Women
12476,Global desi,Solid v-neck viscose womens regular length kurta - indigo,"Size:XL,Large,Medium,Small,X-Small,XX-Large","Rs
2099",1679,20% off,Indianwear-Women
12477,Haute curry,Regular fit rayon womens casual pants - teal,"Size:Large,Medium,Small,X-Large","Rs
999",499,50% off,Indianwear-Women
12478,Global desi,Regular viscose womens trousers - red,"Size:XL,Large,Medium,Small,X-Small,XX-Large","Rs
1699",1359,20% off,Indianwear-Women
12479,Yuris,Floral cotton v neck womens kurta set - yellow,"Size:Medium,Small,X-Large,XX-Large,XXX-Large","Rs
3499",1399,60% off,Indianwear-Women
12480,Global desi,Solid viscose square neck regular fit womens tunic - black,"Size:Medium,Small,X-Small","Rs
1699",1019,40% off,Indianwear-Women
12481,Haute curry,Womens regular fit embroidered tunic - charcoal,"Size:Large,Medium,Small,X-Large,X-Small","Rs
899",449,50% off,Indianwear-Women
12482,Varanga,Round neck womens kurta - mustard,"Size:Medium,Small,XX-Large","Rs
2399",1199,50% off,Indianwear-Women
12483,Juniper,Floral round neck cambric womens kurta pant set - coral,"Size:Large,Medium,Small,X-Large,XX-Large","Rs
3898",1364,65% off,Indianwear-Women
12484,W,Print round neck cotton womens kurta - natural,Size:14,"Rs
1999",1199,40% off,Indianwear-Women
12485,Kashish,Womens embroidered calf length occasion wear kurta - pink,"Size:X-Large,X-Small,XX-Large","Rs
1599",799,50% off,Indianwear-Women
12486,Global desi,Self design v-neck womens top - black,"Size:Small,X-Small","Rs
2399",1439,40% off,Indianwear-Women
12487,Indya,Shraddha kapoor for indya women pink embellished a-line layered maxi skirt - pink,"Size:Large,Small,X-Small","Rs
2950",1475,50% off,Indianwear-Women
12488,Biba,Yarn dyed poly viscose womens kurta - black,Size:32,"Rs
1599",1119,30% off,Indianwear-Women
12489,W,Printed cotton v neck womens calf length kurta - off white,"Size:6,18",Nan,1899,No Discount,Indianwear-Women
12490,Varanga,Embellished silk mandarin neck womens regular fit kurta - purple,"Size:Medium,Small","Rs
2599",779,70% off,Indianwear-Women
12491,Stop,Printed mandarin collar straight fit womens kurta - green,"Size:S,M,L,X-Small,XXX-Large","Rs
799",399,50% off,Indianwear-Women
12492,Aurelia,Printed viscose mandarin womens straight kurta - pink,"Size:Large,Medium,Small,X-Large,X-Small,XX-Large","Rs
1399",979,30% off,Indianwear-Women
12493,Ziyaa,Printed mandarin polyester womens salwar kurta and dupatta set - green,"Size:Large,Medium,Small,X-Large,XX-Large,XXX-Large","Rs
3301",1320,60% off,Indianwear-Women
12494,Aurelia,Boat neck cotton womens knee length kurta - blue,"Size:Large,Medium,Small,X-Large,X-Small,XX-Large","Rs
1499",1049,30% off,Indianwear-Women
12495,Janasya,Womens yellow poly crepe kurta (jne3453) - yellow,"Size:Large,Medium,Small,X-Large,XX-Large","Rs
1699",594,65% off,Indianwear-Women
12496,W,Printed cambric mandarin womens straight kurta - ecru,"Size:6,8,10,12,14,16,18","Rs
1699",1274,25% off,Indianwear-Women
12497,Indya,Regular fit calf length cotton womens fusion wear skirt - blue,"Size:Large,Medium,Small,X-Large,X-Small,XX-Large",Nan,1600,No Discount,Indianwear-Women
12498,Biba,Printed polyester round neck womens churidar kurta dupatta set - blue,"Size:32,36,38,40","Rs
5995",4196,30% off,Indianwear-Women
12499,Myshka,Solid round neck womens kurti - green,",Medium,Small,X-Large,XX-Large","Rs
3499",699,80% off,Indianwear-Women
12500,Global desi,Solid viscose round neck womens straight tunic - pink,"Size:XL,Large,Medium,Small,X-Small,XX-Large",Nan,3099,No Discount,Indianwear-Women
12501,Haute curry,Solid round neck regular womens tunics & tops - white,"Size:Large,Medium,Small,X-Large,X-Small,XX-Large",Nan,899,No Discount,Indianwear-Women
12502,Janasya,Womens black cotton stitched blouse (bl104) - black,"Size:Large,Medium,Small,X-Large,X-Small,XX-Large","Rs
1299",519,60% off,Indianwear-Women
12503,Haute curry,Round neck rayon regular womens dress - blue,"Size:Large,Medium,Small,X-Large,X-Small,XX-Large",Nan,1699,No Discount,Indianwear-Women
12504,Stop,Womens embroidered calf length casual wear kurta - grey,"Size:S,M,L,XL,X-Small,XX-Large","Rs
1299",649,50% off,Indianwear-Women
12505,Janasya,Solid polyester blend round neck womens straight fit ethnic set - green,"Size:Large,Medium,Small,X-Large,X-Small,XX-Large,XXX-Large","Rs
2699",1349,50% off,Indianwear-Women
12506,Global desi,Women v-neck floral a-line shrug - off white,"Size:XL,Medium,Small,XX-Large","Rs
2599",1039,60% off,Indianwear-Women
12507,Global desi,Floral viscose mandarin womens straight tunic - orange,"Size:XL,Large,Medium,Small,X-Small,XX-Large","Rs
1799",899,50% off,Indianwear-Women
12508,Haute curry,Printed regular fit rayon womens casual pants - ecru,"Size:Large,Medium,Small,X-Large","Rs
999",499,50% off,Indianwear-Women
12509,Varanga,Dyed cotton round neck womens flared kurta - maroon,"Size:Large,Medium,Small,X-Large","Rs
3999",1199,70% off,Indianwear-Women
12510,Gipsy,Solid polyester choker neck womens tunic - blue,"Size:Medium,XX-Large,XXX-Large","Rs
1895",1326,30% off,Indianwear-Women
12511,Kashish,Embroidered silk blend womens full length palazzos - red,"Size:Large/X-Large,Small/Medium","Rs
1499",749,50% off,Indianwear-Women
12512,Juniper,Printed silk blend boat neck womens lehenga choli set - mustard,Size:XX-Large,"Rs
4200",2100,50% off,Indianwear-Women
12513,Varanga,Round neck womens top - rust,"Size:Large,Small","Rs
899",404,55% off,Indianwear-Women
12514,Stop,Solid mandarin collar a-line womens kurta - yellow,"Size:S,M,L,X-Small","Rs
1299",649,50% off,Indianwear-Women
12515,Haute curry,Printed ankle length casual wear lapel collar shirt dress - rust,"Size:Large,Medium,Small,X-Small,XX-Large","Rs
1499",749,50% off,Indianwear-Women
12516,Haute curry,Yarn dyed ankle length casual wear flared sleeve schiffli dress - blue,"Size:Medium,Small,X-Large,X-Small","Rs
1499",749,50% off,Indianwear-Women
12517,Janasya,Womens maroon rayon straight kurti (jne3549) - maroon,"Size:Large,Small","Rs
1399",559,60% off,Indianwear-Women
12518,Indya,Shraddha kapoor for indya women sage floral angrakha - green,Size:Large,"Rs
2800",1400,50% off,Indianwear-Women
12519,Biba,Printed band collar flared womens kurta - wine,"Size:32,34","Rs
1999",1399,30% off,Indianwear-Women
12520,Stop,Womens printed knee length daily wear kurta - indigo,Size:S,"Rs
799",399,50% off,Indianwear-Women
12521,Yuris,Stripes cotton round neck womens regular kurta - multi,Size:Small,"Rs
1399",629,55% off,Indianwear-Women
12522,Fusion beats,Womens round neck striped top - blush,"Size:Large,Medium,Small,X-Large,XX-Large","Rs
1499",599,60% off,Indianwear-Women
12523,Ziyaa,Geometric rayon mandarin womens straight kurta - black,"Size:Large,Medium,Small,X-Large,XX-Large,XXX-Large","Rs
1943",777,60% off,Indianwear-Women
12524,W,Solid polyester round neck womens ethnic set - orange,"Size:6,10,12","Rs
4999",2499,50% off,Indianwear-Women
12525,Global desi,Solid viscose v neck womens regular tunic - pink,"Size:XL,Medium,Small,X-Small","Rs
2299",1839,20% off,Indianwear-Women
12526,And,Printed viscose v neck womens ethnic set - navy,"Size:8,10,12,14,16","Rs
3499",1749,50% off,Indianwear-Women
12527,Myshka,Printed silk blend mandarin womens kurta palazzo set - pink,"Size:Large,Medium,Small,X-Large,XX-Large","Rs
5999",1499,75% off,Indianwear-Women
12528,W,Stripes cotton linen womens casual slim pants - ecru,"Size:10,16","Rs
1499",899,40% off,Indianwear-Women
12529,Kami kubi,Solid silk blend v-neck womens flared salwar kurta dupatta set - pink,"Size:Large,Medium,Small,X-Large,X-Small,XX-Large,XXX-Large","Rs
5999",2399,60% off,Indianwear-Women
12530,W,Solid regular fit cotton flex womens casual pants - natural,"Size:8,12",Nan,1299,No Discount,Indianwear-Women
12531,Janasya,Cotton blend womens western dresses - blue,Size:X-Small,"Rs
2698",944,65% off,Indianwear-Women
12532,Sanaa,Solid rayon mandarin womens mid thigh length kurti - navy,"Size:Large,Medium,Small,X-Large,XX-Large","Rs
1499",1049,30% off,Indianwear-Women
12533,Haute curry,Printed round neck rayon womens regular dress - brown,"Size:Large,Medium,Small,X-Large,X-Small,XX-Large","Rs
1499",749,50% off,Indianwear-Women
12534,Ziyaa,Stripes mandarin rayon womens ethnic set - grey,"Size:Large,Medium,Small,X-Large,XX-Large,XXX-Large","Rs
2983",1193,60% off,Indianwear-Women
12535,W,Womens flared printed round neck jacket skirt set - ecru,"Size:6,8,10,12,14,16,18","Rs
6999",3499,50% off,Indianwear-Women
12536,Global desi,Self design viscose shirt collar womens curved top - yellow,"Size:XL,Large,Medium,Small,X-Small,XX-Large","Rs
1899",759,60% off,Indianwear-Women
12537,Kashish,Embroidered cotton womens full length palazzos - mustard,"Size:Large/X-Large,Small/Medium","Rs
1499",749,50% off,Indianwear-Women
12538,Aurelia,Round neck cotton womens calf length kurta - white,"Size:Large,Medium,Small,X-Large,X-Small,XX-Large","Rs
2599",1819,30% off,Indianwear-Women
12539,W,Printed collar neck polyester womens flared dress - blue,"Size:8,12,14,20,22","Rs
4999",2999,40% off,Indianwear-Women
12540,Ziyaa,Geometric v-neck polyester womens ethnic set - blue,"Size:Large,Medium,Small,X-Large,XX-Large,XXX-Large","Rs
1919",863,55% off,Indianwear-Women
12541,Ziyaa,Printed round neck rayon womens ethnic set - peach,"Size:Large,Medium,Small,X-Large,XX-Large,XXX-Large","Rs
2475",990,60% off,Indianwear-Women
12542,Biba,Yarndyed round neck flared womens kurta - black,Size:40,"Rs
1999",1199,40% off,Indianwear-Women
12543,Myshka,Printed round neck womens kurti - pink,",Medium,Small,X-Large,XX-Large","Rs
1799",539,70% off,Indianwear-Women
12544,Myshka,Solid cotton womens palazzo - black,",Medium,Small,X-Large,XX-Large","Rs
1899",474,75% off,Indianwear-Women
12545,Haute curry,Womens cotton  flared skirt - fuschia,Size:Large/X-Large,"Rs
1499",749,50% off,Indianwear-Women
12546,W,Solid viscose round neck womens flared dress - orange,"Size:6,8,10,12,14","Rs
2599",1949,25% off,Indianwear-Women
12547,Aurelia,Collar neck polyester a line designer womens dresses - natural,"Size:Large,Medium,Small,X-Large,XX-Large","Rs
1999",1399,30% off,Indianwear-Women
12548,W,Printed cambric round neck womens straight kurta - grey,"Size:6,8,10,12,14,16,18",Nan,1999,No Discount,Indianwear-Women
12549,Janasya,Floral silk round neck womens kurta palazzo set with dupatta - blue,"Size:Large,Medium,X-Small,XXX-Large","Rs
3098",1549,50% off,Indianwear-Women
12550,Janasya,Floral crepe round neck womens kurta palazzo set - maroon,"Size:Large,Medium,Small,X-Large,X-Small,XX-Large,XXX-Large","Rs
2499",874,65% off,Indianwear-Women
12551,Suti,Printed cotton v neck womens flared dress - turquoise,"Size:Large,Medium,Small,X-Large,XX-Large","Rs
2499",1999,20% off,Indianwear-Women
12552,Janasya,Solid silk round neck womens kurta palazzo set with dupatta - red,"Size:Small,X-Large,X-Small,XX-Large,XXX-Large","Rs
2699",1349,50% off,Indianwear-Women
12553,Biba,Printed polyester round neck womens straight fit kurta - green,Size:34,"Rs
1999",1199,40% off,Indianwear-Women
12554,Yuris,Printed viscose blend round neck regular fit womens kurta palazzo set - maroon,"Size:Large,Medium,Small,X-Large,XX-Large","Rs
3999",1599,60% off,Indianwear-Women
12555,Stop,Embroidered cotton womens full length palazzo - maroon,"Size:2XL/3XL,Large/X-Large,Small/Medium",Nan,1199,No Discount,Indianwear-Women
12556,Myshka,Printed round neck womens tunic - orange,",Medium,Small,X-Large,XX-Large","Rs
2199",659,70% off,Indianwear-Women
12557,Varanga,Zari embroidered silk round neck womens regular fit kurta - burgundy,"Size:Large,Medium,Small","Rs
3999",1399,65% off,Indianwear-Women
12558,Janasya,Floral cotton round neck womens kurta palazzo set with dupatta - black,"Size:Small,X-Small","Rs
3998",1399,65% off,Indianwear-Women
12559,Juniper,Woven mandarin neck cotton dobby straight fit womens kurta - grey,Size:X-Small,"Rs
1999",999,50% off,Indianwear-Women
12560,Stop,Solid regular fit cotton lycra womens casual pants - mustard,"Size:XL,Large,Medium,Small,X-Small,XX-Large",Nan,999,No Discount,Indianwear-Women
12561,Ziyaa,Printed crepe boat neck womens straight kurta - pink,"Size:Large,Medium,Small,X-Large,XX-Large,XXX-Large","Rs
1449",507,65% off,Indianwear-Women
12562,Infuse,Embroidered chanderi mandarin womens kurta - sky blue,"Size:Large,Medium,Small,X-Large,X-Small,XX-Large","Rs
1999",999,50% off,Indianwear-Women
12563,Ziyaa,Printed mandarin polyester womens ethnic set - blue,"Size:Large,Medium,Small,X-Large,XX-Large,XXX-Large","Rs
2162",972,55% off,Indianwear-Women
12564,Biba,Solid band collar rayon flax womens kurta pants - navy,"Size:32,34,36,38,40,42","Rs
2999",2099,30% off,Indianwear-Women
12565,Stop,Printed mandarin collar straight fit womens kurta - lime green,"Size:S,M,L,X-Large,X-Small,XX-Large,XXX-Large","Rs
799",399,50% off,Indianwear-Women
12566,Kashish,Embroidered viscose blend round neck womens straight fit kurta - gold,"Size:Large,Medium,Small,X-Large,X-Small,XX-Large","Rs
1699",849,50% off,Indianwear-Women
12567,Varanga,Womens round neck embroidered tops & tunics - mustard,"Size:Large,Medium,Small,X-Large","Rs
1599",719,55% off,Indianwear-Women
12568,Myshka,Solid cotton blend round neck womens dress - maroon,",Medium,Small,X-Large,XX-Large","Rs
1699",594,65% off,Indianwear-Women
12569,Kashish,Embroidered viscose blend round neck womens calf length kurta - peach,"Size:Large,Medium,Small,X-Large,X-Small,XX-Large,XXX-Large",Nan,1599,No Discount,Indianwear-Women
12570,Janasya,Solid silk round neck womens kurta palazzo set - grey,"Size:Large,Medium,Small,X-Large,X-Small,XX-Large,XXX-Large","Rs
2329",1164,50% off,Indianwear-Women
12571,Stop,Fitted full length cotton lycra womens leggings - navy,"Size:S,M,L,X-Large,X-Small","Rs
499",349,30% off,Indianwear-Women
12572,Aarke,Regular fit calf length polyester blend womens fusion wear skirt - rust,"Size:Large,Medium,Small,X-Large",Nan,1900,No Discount,Indianwear-Women
12573,Aurelia,Printed crepe mandarin womens flared kurta - orange,"Size:Large,Medium,Small,X-Large,XX-Large","Rs
2799",1399,50% off,Indianwear-Women
12574,Biba,Printed cotton round neck womens salwar kurta set - brown,"Size:32,34,36,38,40,42","Rs
3299",1979,40% off,Indianwear-Women
12575,Indya,Reglar fit regular length georgette womens ethnic sari skirt - blue,"Size:Large,Medium,Small,X-Large,X-Small,XX-Large","Rs
3600",1800,50% off,Indianwear-Women
12576,Yuris,Printed round neck cotton womens kurta palazzo set - grey,"Size:Large,Medium,Small,X-Large,XX-Large,XXX-Large","Rs
3499",1399,60% off,Indianwear-Women
12577,Yuris,Lace round neck cotton womens kurta palazzo set - off white,"Size:Large,Medium,Small,X-Large,XX-Large,XXX-Large","Rs
3499",1399,60% off,Indianwear-Women
12578,Haute curry,Printed round neck rayon womens flared cowl dress - coral,"Size:Large,Medium,Small,X-Large,X-Small,XX-Large","Rs
1499",749,50% off,Indianwear-Women
12579,Varanga,Printed mandarin silk womens straight kurta - natural,"Size:Large,Medium,Small,X-Large,XX-Large","Rs
3599",1079,70% off,Indianwear-Women
12580,Kashish,Embroidered viscose blend round neck womens straight fit kurta - white,"Size:Large,Medium,Small,X-Large,X-Small,XX-Large,XXX-Large","Rs
1599",799,50% off,Indianwear-Women
12581,W,Solid cotton blend regular fit womens casual slim pants - black,"Size:6,8,10,16,18",Nan,999,No Discount,Indianwear-Women
12582,Juniper,Embellished key hole neck layered womens festive dress with mask - pink,"Size:Large,Medium,Small,X-Large,X-Small,XX-Large","Rs
3599",1439,60% off,Indianwear-Women
12583,Juniper,Womens sand grey cotton solid straight pants with side pocket - grey,"Size:Large,Medium,Small,X-Large,X-Small,XX-Large","Rs
1599",719,55% off,Indianwear-Women
12584,Varanga,Round neck cotton designer womens ethnic set - seagreen,"Size:Large,Medium,X-Large,XX-Large","Rs
5999",1799,70% off,Indianwear-Women
12585,Varanga,Gotta patti round neck silk blend designer womens ethnic set - pink,"Size:Large,Medium,X-Large,XX-Large","Rs
5999",2099,65% off,Indianwear-Women
12586,Haute curry,Printed ankle length casual wear lapel collar shirt dress - peach,"Size:Large,Medium,Small,X-Large,X-Small,XX-Large","Rs
1499",749,50% off,Indianwear-Women
12587,Haute curry,Yarn dyed ankle length casual wear gather dress - blue,"Size:Large,Medium,Small,X-Large,X-Small,XX-Large","Rs
1299",649,50% off,Indianwear-Women
12588,Biba,Printed band collar rayon flax womens kurta pants - multi,"Size:40,42","Rs
2599",2079,20% off,Indianwear-Women
12589,Kami kubi,Embellished cotton boat neck womens a line kurta - white,"Size:Large,X-Large,X-Small","Rs
1699",764,55% off,Indianwear-Women
12590,Juniper,Embroidered rayon calf length womens straight fit kurta - burgundy,Size:X-Small,"Rs
2098",629,70% off,Indianwear-Women
12591,Varanga,Printed silk round neck womens calf length kurta - magenta,"Size:X-Large,XX-Large","Rs
4999",1499,70% off,Indianwear-Women
12592,Juniper,Embroidered rayon round neck womens kurta palazzo set - maroon,"Size:Large,Medium,Small,X-Large","Rs
4099",2049,50% off,Indianwear-Women
12593,Kashish,Embroidered viscose blend womens kurta - grey,"Size:Large,Medium,Small,X-Large,X-Small,XX-Large","Rs
2999",1499,50% off,Indianwear-Women
12594,Aurelia,Yarn dyed round neck straight womens kurta - gold,Size:Large,"Rs
1499",749,50% off,Indianwear-Women
12595,Varanga,Olive green floral thread embroidery straight kurta with 3/4th sleeves - green,Size:X-Large,"Rs
2199",769,65% off,Indianwear-Women
12596,Neerus,Printed round neck silk womens straight kurta - pink,"Size:Medium,X-Large,XX-Large",Nan,1699,No Discount,Indianwear-Women
12597,Myshka,Printed rayon collar neck womens dress - navy,"Size:Small,X-Large","Rs
2999",749,75% off,Indianwear-Women
12598,De moza,Solid regular fit cotton womens casual wear pants - coffee,"Size:Small,XX-Large","Rs
1299",779,40% off,Indianwear-Women
12599,Janasya,Stripes round neck regular fit womens top - blue,"Size:Large,Medium,Small,X-Large,X-Small,XX-Large,XXX-Large","Rs
1498",749,50% off,Indianwear-Women
12600,W,Printed round neck viscose womens calf length kurta - pink,"Size:6,8,10,12,14,16,18",Nan,1699,No Discount,Indianwear-Women
12601,Global desi,Solid viscose square neck womens straight kurta - indigo,"Size:XL,Large,Medium,Small,X-Small,XX-Large","Rs
2699",2159,20% off,Indianwear-Women
12602,Ziyaa,Printed mandarin rayon womens ethnic set - off white,"Size:Large,Medium,Small,X-Large,XX-Large,XXX-Large","Rs
2325",930,60% off,Indianwear-Women
12603,Ziyaa,Printed rayon round neck womens straight kurta - yellow,"Size:Large,Medium,Small,X-Large,XX-Large,XXX-Large","Rs
1752",700,60% off,Indianwear-Women
12604,Faballey,Floral strappy cotton womens top pyjama set - olive,"Size:Large,Medium,Small,X-Large","Rs
1900",950,50% off,Indianwear-Women
12605,Kashish,Embroidered v neck flared fit womens kurta - olive,"Size:Large,Medium,Small,X-Large,X-Small,XX-Large","Rs
1799",899,50% off,Indianwear-Women
12606,Neerus,Stripes chanderi round neck womens salwar kurta dupatta set - mustard,Size:Large,"Rs
3499",2799,20% off,Indianwear-Women
12607,Biba,Rayon flax woven womens palazzo - natural,"Size:Large,Medium,Small,X-Large",Nan,1299,No Discount,Indianwear-Women
12608,Infuse,Fitted full length cotton lycra womens leggings - turquoise,"Size:Large,Medium,Small,X-Small","Rs
499",249,50% off,Indianwear-Women
12609,Stop,Printed round neck straight fit womens kurta - pink,"Size:S,M,L,X-Large,X-Small,XX-Large","Rs
999",499,50% off,Indianwear-Women
12610,Aurelia,Printed viscose round neck womens straight kurta - peach,"Size:Large,Medium,Small,X-Large,X-Small,XX-Large",Nan,1099,No Discount,Indianwear-Women
12611,Ziyaa,Floral round neck crepe womens salwar kurta and dupatta set - grey,"Size:Large,Medium,Small,X-Large,XX-Large,XXX-Large","Rs
2824",1270,55% off,Indianwear-Women
12612,Haute curry,Womens regular fit printed dress - navy,"Size:Large,Medium,Small,X-Small","Rs
1299",649,50% off,Indianwear-Women
12613,Aurelia,Printed polyester regular fit womens dress - grey,"Size:Large,Medium,Small,X-Large,X-Small,XX-Large",Nan,3799,No Discount,Indianwear-Women
12614,Biba,Printed round neck polyester womens kurta - sky blue,"Size:32,34,36,38,40,42","Rs
3799",2659,30% off,Indianwear-Women
12615,Stop,Womens regular fit printed kurta - blue,"Size:S,X-Small","Rs
799",399,50% off,Indianwear-Women
12616,W,Printed french crepe round neck womens straight kurta - blue,"Size:6,8,10,12,14,16,18","Rs
3599",2699,25% off,Indianwear-Women
12617,Biba,Printed round neck polyester womens layered kurta - cherry,"Size:34,36,38,40","Rs
4599",2759,40% off,Indianwear-Women
12618,And,Solid polyester v neck womens ethnic set - magenta,"Size:8,10,12,14","Rs
3999",2599,35% off,Indianwear-Women
12619,Yuris,Abstract cotton round neck womens salwar suit - multi,"Size:Large,Medium,Small,X-Large","Rs
3499",1399,60% off,Indianwear-Women
12620,Varanga,Printed silk blend v neck womens ethnic set - black,"Size:Medium,Small,X-Large,XX-Large",Nan,5199,No Discount,Indianwear-Women
12621,Varanga,Gotta patti mandarin straight designer womens kurtas - turquoise,"Size:Large,Medium,Small,X-Large","Rs
2999",899,70% off,Indianwear-Women
12622,Aurelia,Solid round neck cotton blend womens knee length kurta - black,"Size:Large,Medium,X-Large,XX-Large","Rs
999",699,30% off,Indianwear-Women
12623,Infuse,Fitted full length cotton lycra womens churidar - black,Size:Small,"Rs
499",299,40% off,Indianwear-Women
12624,Varanga,Printed cotton boat neck womens straight fit kurta - black,"Size:Small,XX-Large","Rs
2999",749,75% off,Indianwear-Women
12625,Janasya,Womens green poly crepe kurta (jne3291) - green,"Size:Large,Medium,Small,X-Large,XX-Large,XXX-Large","Rs
1699",679,60% off,Indianwear-Women
12626,Myshka,Solid cotton round neck womens regular kurta - navy,"Size:Large,Medium,Small,X-Large,XX-Large","Rs
1499",524,65% off,Indianwear-Women
12627,Infuse,Solid flex mandarin neck womens straight fit kurta - navy,"Size:Large,Medium,Small,X-Large,X-Small,XX-Large","Rs
899",449,50% off,Indianwear-Women
12628,Aurelia,Dyed polyester round neck womens straight kurta - blue,"Size:Large,Medium,Small,X-Large,X-Small,XX-Large","Rs
1599",1119,30% off,Indianwear-Women
12629,Kashish,Embroidered mandarian collar a-line fit womens kurta - lime green,"Size:Large,Medium,Small,X-Large,X-Small,XX-Large","Rs
2499",1249,50% off,Indianwear-Women
12630,Myshka,Solid cotton round neck womens kurta palazzo set - pink,"Size:Large,Medium,Small,X-Large,XX-Large","Rs
3999",999,75% off,Indianwear-Women
12631,W,Printed round neck 92x80 voile womens layred dress - pink,Size:16,"Rs
2699",1349,50% off,Indianwear-Women
12632,Aurelia,Printed polyester womens flared dress - black,"Size:Large,Medium,Small,X-Large,X-Small,XX-Large",Nan,3399,No Discount,Indianwear-Women
12633,Kashish,Embroidered round neck viscose blend womens calf length kurta - peach,"Size:Large,Medium,Small,X-Large,X-Small,XX-Large","Rs
1999",999,50% off,Indianwear-Women
12634,Stop,Printed cotton flex mandarin womens calf length kurta - off white,"Size:S,M,L,X-Large,X-Small,XX-Large",Nan,1199,No Discount,Indianwear-Women
12635,Stop,Solid flared fit flex womens casual wear palazzo - navy,"Size:Large/X-Large,Small/Medium,XX-Large/XXX-Large",Nan,799,No Discount,Indianwear-Women
12636,Stop,Fitted full length cotton lycra womens leggings - fuchsia,"Size:S,M,L,X-Large,X-Small","Rs
499",349,30% off,Indianwear-Women
12637,Janasya,Embroidered velvet round neck womens kurta palazzo set with dupatta - blue,"Size:Large,Medium,Small,X-Large,X-Small,XX-Large,XXX-Large","Rs
4598",2069,55% off,Indianwear-Women
12638,Ziyaa,Printed mandarin rayon womens ethnic set - turquoise,"Size:Large,Medium,Small,X-Large,XX-Large,XXX-Large","Rs
2138",855,60% off,Indianwear-Women
12639,Juniper,Solid cotton round neck womens flared dress - peach,"Size:Large,Medium,Small,X-Large","Rs
3299",1649,50% off,Indianwear-Women
12640,Myshka,Printed cotton womens dress - red,",Medium,Small,X-Large,XX-Large","Rs
2999",749,75% off,Indianwear-Women
12641,Haute curry,Round neck rayon slub womens dress - fuchsia,"Size:Large,Medium,Small,X-Large,X-Small,XX-Large","Rs
1499",749,50% off,Indianwear-Women
12642,Ziyaa,Printed round neck rayon womens ethnic set - green,"Size:Large,Medium,Small,X-Large,XX-Large,XXX-Large","Rs
2553",1021,60% off,Indianwear-Women
12643,Janasya,Womens multicolor cotton kurta (jne2086) - multi,"Size:Large,Medium,Small,X-Large,X-Small,XX-Large,XXX-Large","Rs
2449",1102,55% off,Indianwear-Women
12644,Haute curry,Ankle length cotton flex woven womens pants - ecru,"Size:Large,Medium,Small,X-Large",Nan,1299,No Discount,Indianwear-Women
12645,Ziyaa,Floral mandarin polyester womens ethnic set - maroon,"Size:Large,Medium,Small,X-Large,XX-Large,XXX-Large","Rs
2044",919,55% off,Indianwear-Women
12646,Ira soleil,Polyester womens kurta palazzo set - black,"Size:Large,Medium,Small,X-Large",Nan,4899,No Discount,Indianwear-Women
12647,W,Printed viscose round neck womens calf length kurta - pink,"Size:6,8,10,12,14,16,18",Nan,1699,No Discount,Indianwear-Women
12648,Indya,Navy embroidered long shrug - blue,"Size:Small,XX-Large","Rs
1800",900,50% off,Indianwear-Women
12649,Ziyaa,Floral polyester round neck womens straight kurta - brown,"Size:Large,Medium,Small,X-Large,XX-Large,XXX-Large","Rs
1278",639,50% off,Indianwear-Women
12650,Janasya,Solid silk round neck womens salwar suit - black,"Size:Large,Medium,Small,X-Large,XX-Large","Rs
2269",1134,50% off,Indianwear-Women
12651,W,Printed rayon flax round neck womens a line kurta - grey,"Size:6,8,10,12,14,16,18","Rs
2399",1799,25% off,Indianwear-Women
12652,W,Solid viscose round neck womens kurta - blue,"Size:6,8,10,12,14,16,18",Nan,1999,No Discount,Indianwear-Women
12653,Stop,Full length cotton lycra knitted womens churidar - gold,"Size:S,M,L,X-Large,XX-Large","Rs
499",349,30% off,Indianwear-Women
12654,Neerus,Floral dupion silk round neck womens regular kurta - carrot,"Size:Large,Medium,X-Large,XX-Large","Rs
1699",1359,20% off,Indianwear-Women
12655,Yuris,Floral cotton round neck womens kurta set - yellow,"Size:Large,Medium,Small,X-Large,XX-Large","Rs
3999",1399,65% off,Indianwear-Women
12656,Haute curry,Printed flex round neck womens regular top - mustard,"Size:Large,Medium,Small,X-Large,X-Small,XX-Large","Rs
899",449,50% off,Indianwear-Women
12657,Stop,Full length cotton lycra knitted womens churidar - navy,"Size:S,M,L,X-Large,XX-Large","Rs
499",349,30% off,Indianwear-Women
12658,Stop,Fitted full length cotton lycra womens leggings - off white,"Size:S,M,L,X-Large,X-Small","Rs
499",349,30% off,Indianwear-Women
12659,Stop,Womens solid knee length casual wear straight kurta - black,"Size:S,M,L,X-Large,X-Small,XX-Large","Rs
899",449,50% off,Indianwear-Women
12660,Varanga,Printed cotton blend round neck womens ethnic set - blue,"Size:Large,Medium,Small,X-Large",Nan,2099,No Discount,Indianwear-Women
12661,Juniper,Womens mint micro poly printed flared lehenga choli with satin lining - mint,"Size:Large,Medium,Small","Rs
3599",1799,50% off,Indianwear-Women
12662,Juniper,Solid cotton flex mandarin womens a-line kurta - yellow,"Size:Large,Medium,X-Large,XX-Large","Rs
1699",764,55% off,Indianwear-Women
12663,Juniper,Womens black cotton solid straight pants with side pocket - black,"Size:Small,X-Large,X-Small,XX-Large","Rs
1599",719,55% off,Indianwear-Women
12664,Aurelia,Printed round neck straight womens kurta - off white,Size:X-Small,"Rs
1199",599,50% off,Indianwear-Women
12665,Indya,Printed georgette regular fit womens sari skirt - purple,"Size:Medium,Small",Nan,3500,No Discount,Indianwear-Women
12666,W,Print round neck viscose womens kurta - yellow,Size:18,"Rs
1999",999,50% off,Indianwear-Women
12667,Yuris,Floral round neck cotton womens kurta set - multi,"Size:Large,Medium,Small","Rs
3999",1399,65% off,Indianwear-Women
12668,Janasya,Womens black poly crepe kurta with palazzo and dupatta (set062) - black,Size:XX-Large,"Rs
3059",1070,65% off,Indianwear-Women
12669,Kami kubi,Solid cotton boat neck womens knee length kurta - maroon,"Size:Large,X-Large,X-Small,XX-Large","Rs
2499",1124,55% off,Indianwear-Women
12670,Ziyaa,Printed rayon round neck womens straight kurta - peach,"Size:Large,Medium,Small,X-Large,XX-Large,XXX-Large","Rs
1752",700,60% off,Indianwear-Women
12671,Global desi,Women shirt collar striped kurta - blue,"Size:XL,Large,Medium,Small","Rs
2599",1039,60% off,Indianwear-Women
12672,Aurelia,Printed polyester womens festive palazzo - green,"Size:Large,Medium,Small,X-Large,XX-Large",Nan,799,No Discount,Indianwear-Women
12673,Ziyaa,Checks polyester round neck womens straight kurta - yellow,"Size:Large,Medium,Small,X-Large,XX-Large,XXX-Large","Rs
1336",668,50% off,Indianwear-Women
12674,Aurelia,Mandarin straight designer womens kurtas - peach,"Size:Large,Medium,Small,X-Large,X-Small,XX-Large","Rs
999",699,30% off,Indianwear-Women
12675,Suti,Embroidered rayon v neck womens straight kurti - lime green,"Size:4X-Large,Large,Medium,Small,X-Large,X-Small,XX-Large","Rs
2299",1839,20% off,Indianwear-Women
12676,Janasya,Bandhni cotton round neck womens kurta palazzo set with dupatta - pink,"Size:Large,Medium,X-Large,XXX-Large","Rs
4349",2609,40% off,Indianwear-Women
12677,W,Printed round neck viscose womens calf length kurta - green,"Size:6,8,10,12,14,16,18",Nan,1999,No Discount,Indianwear-Women
12678,Varanga,Printed round neck silk blend womens ethnic set - mustard,"Size:Small,X-Large,XX-Large","Rs
3999",1399,65% off,Indianwear-Women
12679,Infuse,Embroidered polyester womens full length palazzos - khaki,"Size:2XL/3XL,Small/Medium","Rs
1399",419,70% off,Indianwear-Women
12680,Janasya,Schiffli cotton round neck womens crop top - green,"Size:Large,Medium,Small,X-Large,X-Small,XX-Large,XXX-Large","Rs
1698",594,65% off,Indianwear-Women
12681,Gipsy,Solid polyester v-neck womens tunic - rust,"Size:Large,Medium,XX-Large,XXX-Large","Rs
1795",1256,30% off,Indianwear-Women
12682,Zink london,Stripes rayon womens ankle length palazzo - blue,"Size:Large,Medium,Small,X-Large","Rs
1799",1079,40% off,Indianwear-Women
12683,Kami kubi,Floral cotton boat neck womens a line dress - white,"Size:Large,Medium,Small,X-Large,X-Small,XX-Large","Rs
1799",719,60% off,Indianwear-Women
12684,Aurelia,Dyed cotton womens straight kurta - green,"Size:Large,Medium,Small,X-Large,X-Small,XX-Large","Rs
1599",1119,30% off,Indianwear-Women
12685,Ziyaa,Solid crepe round neck womens ethnic set - pink,"Size:Large,Medium,Small,X-Large,XX-Large,XXX-Large","Rs
1978",890,55% off,Indianwear-Women
12686,Aurelia,Printed polyester round neck womens ethnic set - natural,"Size:Large,X-Large","Rs
3799",1899,50% off,Indianwear-Women
12687,Sanaa,Solid rayon blend mandarin womens kurta - turquoise,"Size:Large,Medium,Small,X-Large,XX-Large","Rs
1599",799,50% off,Indianwear-Women
12688,W,Solid viscose regular fit womens casual slim pants - ecru,"Size:6,8,10,12,14,16,18",Nan,1099,No Discount,Indianwear-Women
12689,Myshka,Printed cotton round neck womens lehenga choli set - yellow,"Size:Large,Medium,Small,X-Large,XX-Large","Rs
4999",999,80% off,Indianwear-Women
12690,Indya,Embroidered georgette square neck womens top - green,"Size:Large,Medium,Small,X-Large,X-Small","Rs
1500",1200,20% off,Indianwear-Women
12691,Haute curry,Full length rayon woven womens pants - dark grey,"Size:Large,Medium,Small,X-Large","Rs
999",499,50% off,Indianwear-Women
12692,Kashish,Embroidered viscose blend round neck womens straight fit kurta - mustard,"Size:Large,Medium,Small,X-Large,X-Small,XX-Large","Rs
1699",849,50% off,Indianwear-Women
12693,Aurelia,Dyed cotton womens straight kurta - blue,"Size:Large,Medium,Small,X-Large,X-Small,XX-Large","Rs
1599",1119,30% off,Indianwear-Women
12694,Global desi,Geometric cotton round neck womens straight top - blue,"Size:XL,Large,Medium,Small,X-Small","Rs
1299",649,50% off,Indianwear-Women
12695,Global desi,Solid viscose round neck womens a line tunic - pink,"Size:XL,Large,Medium,Small,X-Small","Rs
1699",849,50% off,Indianwear-Women
12696,Biba,Printed shirt collar straight fit womens kurta - carbon,"Size:32,34,36,38,40,42","Rs
1799",1439,20% off,Indianwear-Women
12697,Sanaa,Solid rayon mandarin womens mid thigh length kurti - cream,"Size:Large,Medium,Small,X-Large,XX-Large","Rs
1499",1049,30% off,Indianwear-Women
12698,Stop,Solid boat neck a line fit womens kurta - mustard,"Size:S,M,L,XL,X-Small","Rs
1299",649,50% off,Indianwear-Women
12699,Stop,Fitted full length cotton lycra womens leggings - lilac,"Size:S,M,L,X-Large,X-Small","Rs
499",349,30% off,Indianwear-Women
12700,Varanga,Round neck silk blend designer womens ethnic set - gold,"Size:Large,Medium,Small,X-Large,XX-Large","Rs
4999",1749,65% off,Indianwear-Women
12701,Juniper,Womens maroon chanderi zari embroidered 2 piece kurta dress with cambric polka dot lining - maroon,"Size:Large,Medium,Small,X-Large,X-Small,XX-Large","Rs
2999",1949,35% off,Indianwear-Women
12702,Haute curry,Yarn dyed ankle length casual wear gather dress - red,"Size:Large,Medium,Small,X-Small","Rs
1299",649,50% off,Indianwear-Women
12703,Ira soleil,Printed polyester boat neck womens anarkali dress - pink,"Size:Large,Medium,Small,X-Large",Nan,3299,No Discount,Indianwear-Women
12704,Varanga,Womens green silk zari embroidered anarkali kurta highlighted with sequins work with gota detailing at hem - green,"Size:Medium,Small,X-Large,XX-Large","Rs
3599",1619,55% off,Indianwear-Women
12705,Varanga,Sequins round neck cotton designer womens ethnic set - pink,"Size:Large,Medium,X-Large,XX-Large","Rs
4999",1749,65% off,Indianwear-Women
12706,Juniper,Printed mandarin georgette womens flared dress - indigo,"Size:Large,Medium,Small,X-Large,X-Small","Rs
2999",2099,30% off,Indianwear-Women
12707,Indya,Printed round neck viscose blend womens regular dress - maroon,"Size:Small,X-Small",Nan,2500,No Discount,Indianwear-Women
12708,Janasya,Stripes tie up neck� regular fit womens top - pink,"Size:Small,X-Small","Rs
1798",629,65% off,Indianwear-Women
12709,W,Printed cotton front open womens calf length kurta - yellow,"Size:6,8,10,12,16,18",Nan,3599,No Discount,Indianwear-Women
12710,Global desi,Solid viscose v neck womens straight top - off white,"Size:XL,Large,Medium,Small,X-Small,XX-Large","Rs
2899",2319,20% off,Indianwear-Women
12711,Global desi,Geometric viscose round neck womens flared tunic - white,"Size:XL,Large,Medium,Small,X-Small,XX-Large","Rs
1899",1519,20% off,Indianwear-Women
12712,W,Solid viscose round neck womens straight kurta - navy,"Size:6,8,10,14,16,18","Rs
3799",2849,25% off,Indianwear-Women
12713,Ira soleil,Art silk regular fit womens festive wear skirt - blue,"Size:Large,Medium,Small,X-Large",Nan,1499,No Discount,Indianwear-Women
12714,Varanga,Printed round neck silk blend womens ethnic set - brown,"Size:Small,X-Large,XX-Large","Rs
6599",2639,60% off,Indianwear-Women
12715,Stop,Womens yarn dyed calf length casual wear kurta - rust,"Size:S,M,L,XL,X-Small,XX-Large","Rs
1299",649,50% off,Indianwear-Women
12716,Janasya,Printed polyester blend round neck womens kaftan kurta - peach,"Size:Large,Medium,Small,X-Large","Rs
1898",1043,45% off,Indianwear-Women
12717,Indya,Printed cotton regular fit womens dress - blue,"Size:Large,Medium,Small,X-Large,X-Small",Nan,2200,No Discount,Indianwear-Women
12718,Ziyaa,Geometric mandarin polyester womens ethnic set - green,"Size:Large,Medium,Small,X-Large,XX-Large,XXX-Large","Rs
3124",1249,60% off,Indianwear-Women
12719,Biba,Printed cotton round neck womens ethnic set - fuschia,"Size:34,36,38,42",Nan,6995,No Discount,Indianwear-Women
12720,Neerus,Printed muslin v-neck womens ankle length kurta - maroon,"Size:Medium,X-Large,XX-Large","Rs
2799",1399,50% off,Indianwear-Women
12721,Ziyaa,Floral round neck polyester womens ethnic set - pink,"Size:Large,Medium,Small,X-Large,XX-Large,XXX-Large","Rs
2528",1011,60% off,Indianwear-Women
12722,Kashish,Embroidered viscose blend round neck womens straight fit kurta - coral,"Size:Large,Medium,Small,X-Large,X-Small,XX-Large","Rs
1699",849,50% off,Indianwear-Women
12723,Haute curry,Ankle length rayon woven womens pants - yellow,"Size:Large,Medium,Small,X-Large","Rs
999",499,50% off,Indianwear-Women
12724,Aurelia,Solid american crepe womens non festive palazzo - white,"Size:Large,Medium,Small,X-Large,X-Small,XX-Large",Nan,1499,No Discount,Indianwear-Women
12725,Global desi,Solid viscose regular fit womens fusion trousers - black,"Size:XL,Large,Medium,Small,X-Small,XX-Large",Nan,1599,No Discount,Indianwear-Women
12726,Myshka,Printed cotton round neck womens dress - multi,"Size:Large,Medium,Small,X-Large,XX-Large","Rs
2999",599,80% off,Indianwear-Women
12727,Biba,Polyester woven womens skirt - green,"Size:Large,Medium","Rs
3599",2159,40% off,Indianwear-Women
12728,Stop,Solid regular fit cotton lycra womens casual pants - red,"Size:XL,Large,Medium,Small,X-Small,XX-Large",Nan,999,No Discount,Indianwear-Women
12729,Myshka,Solid cotton regular fit womens casual trousers - black,"Size:Large,Medium,Small,X-Large,XX-Large","Rs
1399",489,65% off,Indianwear-Women
12730,W,Printed viscose round neck womens ethnic set - pink,"Size:6,8,10,12,14,16,18",Nan,4599,No Discount,Indianwear-Women
12731,Stop,Printed cotton mandarin womens knee length kurta - yellow,"Size:S,M,L,X-Large,X-Small,XX-Large,XXX-Large","Rs
799",559,30% off,Indianwear-Women
12732,Kashish,Embroidered round neck cotton satin womens flared dress - navy,"Size:Large,Medium,Small,X-Large,X-Small,XX-Large","Rs
2999",1499,50% off,Indianwear-Women
12733,Aurelia,Dyed cotton round neck womens ethnic set - green,"Size:Large,Medium,Small,X-Large,X-Small,XX-Large","Rs
1799",1259,30% off,Indianwear-Women
12734,Kashish,Solid v neck a-line fit womens kurta - grey,"Size:Large,Medium,Small,X-Large,X-Small,XX-Large","Rs
1799",899,50% off,Indianwear-Women
12735,Global desi,Solid viscose round neck womens straight tunic - peach,"Size:XL,Large,Medium,Small,X-Small,XX-Large","Rs
2899",2319,20% off,Indianwear-Women
12736,Global desi,Solid cotton round neck womens ethnic set - pink,"Size:XL,Large,Medium,X-Small","Rs
4999",3499,30% off,Indianwear-Women
12737,Global desi,Solid key hole neck womens kurta - mustard,"Size:XL,Large,Medium,Small,X-Small","Rs
1799",899,50% off,Indianwear-Women
12738,Global desi,Floral polyester round neck womens blouson top - pink,"Size:Large,Medium,Small,X-Small","Rs
1799",1169,35% off,Indianwear-Women
12739,W,Solid cotton flex regular fit womens festive slim pants - blue,"Size:6,8,10,12,14,16,18",Nan,1099,No Discount,Indianwear-Women
12740,De moza,Solid cotton regular fit womens palazzos - ice blue,"Size:Large,Medium,X-Large",Nan,1499,No Discount,Indianwear-Women
12741,Indya,Embellished georgette round neck womens kurta - blue,"Size:Large,Medium,Small,X-Large,X-Small,XX-Large","Rs
3400",1700,50% off,Indianwear-Women
12742,Biba,Printed rayon boat neck womens straight fit kurta - peacock,"Size:32,34,36,38,40,42","Rs
2299",1379,40% off,Indianwear-Women
12743,Haute curry,Embroidered rayon v-neck womens a-line assymetrical tunic - aqua,"Size:Large,Medium,Small,X-Large,X-Small","Rs
899",449,50% off,Indianwear-Women
12744,Juniper,Womens jade green georgette gold foil placement print layered ethnic dress with cambric lining & concealed zip - jade,"Size:Large,Medium,Small,X-Large,X-Small","Rs
4299",2149,50% off,Indianwear-Women
12745,Aurelia,Yarn dyed band with placket straight womens kurta - peach,Size:Large,"Rs
1499",749,50% off,Indianwear-Women
12746,Biba,Solid cotton flax womens churidar kurta dupatta set - black,Size:42,"Rs
4599",3219,30% off,Indianwear-Women
12747,Stop,Printed stand up collar straight fit womens kurta - off white,"Size:S,M,L,X-Large,X-Small","Rs
999",499,50% off,Indianwear-Women
12748,Ziyaa,Printed round neck rayon womens ethnic set - yellow,"Size:Large,Medium,Small,X-Large,XX-Large,XXX-Large","Rs
2333",933,60% off,Indianwear-Women
12749,Stop,Solid flex v neck womens straight fit kurta - teal,"Size:S,M,L,X-Large,X-Small,XX-Large","Rs
899",449,50% off,Indianwear-Women
12750,Infuse,Printed rayon round neck womens kurta - peach,"Size:Large,Medium,Small,X-Large,X-Small,XX-Large","Rs
1899",949,50% off,Indianwear-Women
12751,Ziyaa,Printed crepe collar neck womens straight kurta - pink,"Size:Large,Medium,Small,X-Large,XX-Large,XXX-Large","Rs
1427",570,60% off,Indianwear-Women
12752,W,Print mandarin neck cotton womens a-line dress - ecru,Size:10,"Rs
3599",1799,50% off,Indianwear-Women
12753,Stop,Yarn dyed mandarin collar straight fit womens kurta - navy,"Size:S,M,L,X-Small","Rs
1699",849,50% off,Indianwear-Women
12754,Aurelia,Regular fit polyester womens festive skirt - pink,"Size:Large,Medium,Small,X-Large,XX-Large","Rs
2399",1679,30% off,Indianwear-Women
12755,Aurelia,Printed viscose round neck womens ethnic set - peach,"Size:Large,Medium","Rs
3999",1999,50% off,Indianwear-Women
12756,Ziyaa,Printed crepe round neck womens straight kurta - purple,"Size:Large,Medium,Small,X-Large,XX-Large,XXX-Large","Rs
1645",575,65% off,Indianwear-Women
12757,Ziyaa,Solid mandarin rayon womens ethnic set - grey,"Size:Large,Medium,Small,X-Large,XX-Large,XXX-Large","Rs
2912",1164,60% off,Indianwear-Women
12758,Janasya,Floral round neck regular fit womens kurta - green,"Size:Large,Medium,Small,X-Large,X-Small,XX-Large","Rs
1399",699,50% off,Indianwear-Women
12759,Juniper,Printed rayon round neck womens tiered dress - yellow,Size:Large,"Rs
2499",1499,40% off,Indianwear-Women
12760,Faballey,Solid  crepe womens regular palazzo - black,"Size:4X-Large,XXX-Large","Rs
1900",1520,20% off,Indianwear-Women
12761,Global desi,Printed viscose round neck womens regular kurta - turquoise,"Size:XL,Large,Medium,Small,X-Small,XX-Large","Rs
2099",1679,20% off,Indianwear-Women
12762,Aurelia,Printed cotton blend mandarin womens kurta set - white,"Size:Large,Medium,Small,X-Large",Nan,4199,No Discount,Indianwear-Women
12763,Marie claire,Womens off shoulder embroidered top - off white,"Size:Large,X-Large","Rs
1299",324,75% off,Indianwear-Women
12764,W,Mandarin straight designer womens kurtas - green,"Size:6,8,10","Rs
1999",999,50% off,Indianwear-Women
12765,Jack and jones,Leather & polyester regular buckle mens sandals - blue,"Size:40,41,42,43,44,45","Rs
2499",1499,40% off,Indianwear-Women
12766,Aurelia,Dyed cotton mandarin womens a line kurta - black,"Size:Large,Medium,Small,X-Small,XX-Large",Nan,2599,No Discount,Indianwear-Women
12767,Aurelia,Solid viscose v-neck womens above knee kurta - pink,"Size:Small,X-Large,X-Small,XX-Large",Nan,1599,No Discount,Indianwear-Women
12768,Stop,Printed cotton mandarin womens knee length kurta - peach,"Size:XL,Large,Medium,Small,X-Small,XX-Large,XXX-Large","Rs
899",629,30% off,Indianwear-Women
12769,W,Printed viscose regular fit womens slim pants - peacock,"Size:6,8,10,12,14,16,18",Nan,1399,No Discount,Indianwear-Women
12770,Stop,Printed round neck straight fit womens kurta - red,"Size:S,M,L,X-Large,X-Small","Rs
999",499,50% off,Indianwear-Women
12771,Aurelia,Cotton rayon round neck womens kurta - off white,"Size:Medium,X-Large","Rs
1299",649,50% off,Indianwear-Women
12772,Varanga,Mauve and gold zari and thread embroidery anarkali kurta with 3/4th embroidered sleeves - purple,"Size:Large,Small,XX-Large","Rs
3399",1189,65% off,Indianwear-Women
12773,Ziyaa,Printed crepe round neck womens straight kurta - pink,"Size:Large,Medium,Small,X-Large,XX-Large,XXX-Large","Rs
1470",514,65% off,Indianwear-Women
12774,Haute curry,Womens regular fit printed tops - natural,"Size:Large,Medium,Small,X-Large,X-Small,XX-Large,XXX-Large","Rs
799",399,50% off,Indianwear-Women
12775,Yuris,Printed cotton womens regular length palazzos - natural,Size:36,"Rs
1699",679,60% off,Indianwear-Women
12776,Stop,Solid round neck straight designer womens kurta - blue,"Size:S,M,L,X-Large,X-Small,XX-Large","Rs
999",499,50% off,Indianwear-Women
12777,Yuris,Bandhani cotton round neck womens kurta set - pink,"Size:Large,Medium,Small,X-Large,XX-Large,XXX-Large","Rs
2799",1259,55% off,Indianwear-Women
12778,Yuris,Ethnic motifs round neck cotton womens kurta set - multi,"Size:Medium,Small,XX-Large,XXX-Large","Rs
4299",1504,65% off,Indianwear-Women
12779,Kashish,Embroidered silk blend womens full length palazzos - navy,"Size:Large/X-Large,Small/Medium","Rs
1499",749,50% off,Indianwear-Women
12780,Kami kubi,Textured cotton round neck womens ethnic set - yellow,"Size:Large,Medium,X-Large,X-Small,XX-Large","Rs
3999",1799,55% off,Indianwear-Women
12781,Stop,Solid straight fit cotton womens all occasions pants - white,"Size:Large/X-Large,Small/Medium,XX-Large/XXX-Large",Nan,599,No Discount,Indianwear-Women
12782,Biba,Printed v neck cotton womens kurta palazzo - cream,"Size:32,34,36,38,40,42","Rs
3999",2799,30% off,Indianwear-Women
12783,Haute curry,Printed mid thigh casual wear high low tunic - peach,"Size:Large,Medium,Small,X-Small,XX-Large","Rs
899",449,50% off,Indianwear-Women
12784,Juniper,Printed round neck rayon womens flared dress - fuchsia,"Size:Large,Medium,Small,X-Large,X-Small,XX-Large","Rs
2499",1249,50% off,Indianwear-Women
12785,Juniper,Embroidered round neck rayon womens calf length kurta - green,"Size:Small,X-Small","Rs
2499",749,70% off,Indianwear-Women
12786,Juniper,Womens embellished saree style dress - rose gold,"Size:Large,Medium,Small,X-Large,X-Small","Rs
4499",2249,50% off,Indianwear-Women
12787,Juniper,Round neck chiffon flared designer women dresses - multi,Size:X-Small,"Rs
3299",989,70% off,Indianwear-Women
12788,Juniper,Solid slim fit rayon blend womens casual wear pants - cream,"Size:Large,Medium,Small,X-Large,X-Small,XX-Large","Rs
1799",719,60% off,Indianwear-Women
12789,Varanga,Womens pink and white khari block printed straight kurta - pink,"Size:Large,Medium,Small,X-Large,XX-Large","Rs
1599",879,45% off,Indianwear-Women
12790,Amukti,A-line rayon womens kurta - yellow,"Size:Small,XX-Large","Rs
999",499,50% off,Indianwear-Women
12791,Indya,Embroidered georgette round neck womens regular fit short tunic - pink,Size:X-Large,"Rs
2400",1200,50% off,Indianwear-Women
12792,Biba,Printed cotton round neck womens salwar kurta dupatta set - sky blue,"Size:32,34,36,38,40,42",Nan,3299,No Discount,Indianwear-Women
12793,Juniper,Bandhani mandarin collar straight fit womens kurta - maroon,Size:X-Small,"Rs
1699",509,70% off,Indianwear-Women
12794,Juniper,Printed regular fit rayon womens fusion dhoti pants - black,"Size:Small,X-Small","Rs
1049",472,55% off,Indianwear-Women
12795,Janasya,Floral polyester blend round neck womens a-line kurta - orange,"Size:Large,Medium,Small,X-Large,X-Small,XX-Large,XXX-Large","Rs
1529",764,50% off,Indianwear-Women
12796,Juniper,Solid cotton round neck womens flared dress - sky blue,"Size:Large,Medium,Small,X-Large","Rs
4099",1844,55% off,Indianwear-Women
12797,Aurelia,Dyed viscose v neck womens straight kurta - red,"Size:Large,Medium,Small,X-Large,X-Small,XX-Large","Rs
1499",1049,30% off,Indianwear-Women
12798,Indya,Shraddha kapoor for indya women purple geometric keyhole neck georgette anarkali kurta - purple,"Size:Large,X-Large,X-Small,XX-Large","Rs
2200",1760,20% off,Indianwear-Women
12799,Ziyaa,Printed crepe round neck womens straight kurta - natural,"Size:Large,Medium,Small,X-Large,XX-Large,XXX-Large","Rs
1542",616,60% off,Indianwear-Women
12800,Kashish,Embroidered round neck straight fit womens kurta - sea blue,"Size:Large,Medium,Small,X-Large,X-Small,XX-Large","Rs
1799",899,50% off,Indianwear-Women
12801,Janasya,Womens peach poly silk kurta with palazzo and dupatta (j0002) - multi,"Size:Large,Medium,Small,X-Large,X-Small,XX-Large,XXX-Large","Rs
3799",2089,45% off,Indianwear-Women
12802,Aurelia,Printed polyester blend womens festive palazzo - gold,"Size:Large,Medium,Small,X-Large,XX-Large",Nan,999,No Discount,Indianwear-Women
12803,Aurelia,Printed chanderi round neck womens ethnic set - blue,"Size:Large,Medium,Small,X-Large,XX-Large",Nan,4999,No Discount,Indianwear-Women
12804,Myshka,Printed cotton mandarin womens kurta palazzo set - multi,"Size:Large,Medium,Small,X-Large,XX-Large","Rs
3999",999,75% off,Indianwear-Women
12805,Kami kubi,Embroidered viscose womens salwar kurta dupatta set - blue,"Size:Large,Medium,Small,X-Large,X-Small,XX-Large","Rs
6999",2799,60% off,Indianwear-Women
12806,Juniper,Printed rayon round neck womens straight fit kurta - burgundy,"Size:4X-Large,5X-Large,X-Large,XXX-Large","Rs
2699",809,70% off,Indianwear-Women
12807,Stop,Printed cotton mandarin womens knee length kurta - grey,"Size:XL,Large,Medium,Small,X-Small,XX-Large,XXX-Large",Nan,899,No Discount,Indianwear-Women
12808,Aurelia,Printed viscose round neck womens straight kurta - yellow,"Size:Large,Medium,Small,X-Large,X-Small,XX-Large","Rs
1099",769,30% off,Indianwear-Women
12809,Ziyaa,Floral round neck polyester womens ethnic set - purple,"Size:Large,Medium,Small,X-Large,XX-Large,XXX-Large","Rs
3111",1244,60% off,Indianwear-Women
12810,Stop,Printed round neck straight fit womens kurta - grey,"Size:S,M,L,X-Large,X-Small","Rs
999",499,50% off,Indianwear-Women
12811,W,Printed round neck cotton womens calf length kurta - ecru,"Size:6,8,10,12,14,16,18",Nan,1699,No Discount,Indianwear-Women
12812,Ziyaa,Printed round neck rayon womens ethnic set - maroon,"Size:Large,Medium,Small,X-Large,XX-Large,XXX-Large","Rs
2333",933,60% off,Indianwear-Women
12813,Ira soleil,Embellished polyester womens festive wear jacket - gold,"Size:Large,Medium,Small,X-Large,XX-Large",Nan,1799,No Discount,Indianwear-Women
12814,Varanga,Womens round neck printed kurta - blue,"Size:Large,Medium,Small","Rs
1799",809,55% off,Indianwear-Women
12815,Janasya,Floral cotton mandarin womens kurta - black,"Size:Large,Medium,Small,X-Large,X-Small,XX-Large,XXX-Large","Rs
2559",1151,55% off,Indianwear-Women
12816,Stop,Regular fit full length cotton lycra womens churidar - mouse,"Size:XL,Large,Medium,Small,XX-Large","Rs
499",349,30% off,Indianwear-Women
12817,Indya,Reglar fit regular length mesh womens ethnic maxi skirt - pink,"Size:Large,Medium,Small,X-Large,X-Small","Rs
3200",1600,50% off,Indianwear-Women
12818,Global desi,Geometric viscose round neck women straight tops - blue,"Size:XL,Large,Medium,Small,X-Small","Rs
1699",1189,30% off,Indianwear-Women
12819,Kashish,Embroidered round neck straight fit womens kurta - lime green,"Size:Large,Medium,Small,X-Large,X-Small,XX-Large,XXX-Large","Rs
1599",799,50% off,Indianwear-Women
12820,Haute curry,Embroidered denim regular fit womens denim top - dark blue,"Size:Medium,Small,X-Large,X-Small","Rs
1299",649,50% off,Indianwear-Women
12821,Ziyaa,Printed round neck rayon womens ethnic set - black,"Size:Large,Medium,Small,X-Large,XX-Large,XXX-Large","Rs
2950",1180,60% off,Indianwear-Women
12822,Ziyaa,Geometric crepe mandarin womens ethnic set - black,"Size:Large,Medium,Small,X-Large,XX-Large,XXX-Large","Rs
2819",986,65% off,Indianwear-Women
12823,Gipsy,Solid polyester v-neck womens tunic - bottle green,"Size:Large,Medium,X-Large,XX-Large,XXX-Large","Rs
1795",1256,30% off,Indianwear-Women
12824,Global desi,Womens tie up neck printed top - white,"Size:Large,Small,X-Large,X-Small,XX-Large","Rs
1499",599,60% off,Indianwear-Women
12825,De moza,Solid regular fit silk womens festive wear pants - black,"Size:Large,Medium,Small,X-Large,XX-Large","Rs
999",599,40% off,Indianwear-Women
12826,Global desi,Womens round neck printed top - off white,"Size:XL,Large,Small,X-Small,XX-Large","Rs
1999",799,60% off,Indianwear-Women
12827,Biba,Printed band collar cotton womens straight fit dress - red,"Size:32,34,36,38","Rs
3999",2399,40% off,Indianwear-Women
12828,Stop,Printed mandarin collar a line fit womens kurta - lilac,"Size:S,M,L,XL,X-Small,XX-Large","Rs
999",499,50% off,Indianwear-Women
12829,Juniper,Round neck crepe flared womens lehenga choli set - green,"Size:Large,Medium,Small,X-Large,X-Small","Rs
4799",2639,45% off,Indianwear-Women
12830,Juniper,Bandhani mandarin collar straight fit womens kurta - indigo,"Size:Large,Medium,Small,X-Large,X-Small,XX-Large","Rs
1699",679,60% off,Indianwear-Women
12831,Varanga,Embroidered silk blend round neck womens ethnic set - peacock,"Size:Large,X-Large,XX-Large",Nan,5999,No Discount,Indianwear-Women
12832,Varanga,Viscose rayon womens casual trousers - white,"Size:Medium,Small,XX-Large","Rs
1399",769,45% off,Indianwear-Women
12833,Varanga,Mandarin collar art silk womens indian wear sets - blue,"Size:Large,Medium,Small,X-Large,XX-Large","Rs
4399",2199,50% off,Indianwear-Women
12834,Varanga,Zari v- neck velvet designer womens ethnic set - magenta,"Size:Large,Medium,Small,X-Large,XX-Large","Rs
6999",2449,65% off,Indianwear-Women
12835,Haute curry,Printed short length casual wear assymetrical tunic with print - peach,"Size:Large,Medium,Small,X-Large,X-Small,XX-Large","Rs
899",449,50% off,Indianwear-Women
12836,Biba,Printed round neck cotton womens kurta churidar set - multi,"Size:36,38",Nan,6500,No Discount,Indianwear-Women
12837,Global desi,Womens viscose rayon tie up neck kurta - mint,Size:Small,"Rs
1999",799,60% off,Indianwear-Women
12838,Stop,Womens printed knee length casual wear kurta - blue,"Size:S,X-Small","Rs
799",399,50% off,Indianwear-Women
12839,Indya,Embroidered mesh boat neck womens regular fit top - green,"Size:Medium,X-Large,XX-Large","Rs
1600",800,50% off,Indianwear-Women
12840,Aurelia,Printed round neck straight womens kurta - yellow,Size:XX-Large,"Rs
1299",649,50% off,Indianwear-Women
12841,Varanga,Embellished cotton round neck womens calf length kurta - black,Size:Small,"Rs
2999",749,75% off,Indianwear-Women
12842,Global desi,Womens round neck printed gown - off white,"Size:XL,Large,Medium,Small,XX-Large","Rs
3299",1319,60% off,Indianwear-Women
12843,Aurelia,Round neck cotton womens knee length kurta - orange,"Size:Large,Medium,Small,X-Large,X-Small,XX-Large","Rs
1199",839,30% off,Indianwear-Women
12844,Biba,Printed cotton round neck womens kalidar kurta - navy,"Size:32,34,36,38,40","Rs
1799",1259,30% off,Indianwear-Women
12845,Janasya,Poly crepe womens kurta - black,"Size:Large,Medium,Small,X-Large,X-Small,XX-Large,XXX-Large","Rs
1399",699,50% off,Indianwear-Women
12846,Janasya,Solid rayon v neck womens kurta palazzo set with dupatta - olive,"Size:X-Small,XX-Large","Rs
3699",2034,45% off,Indianwear-Women
12847,Aurelia,Printed georgette womens ethnic set - blue,"Size:Large,Medium,Small,X-Large,X-Small,XX-Large",Nan,3399,No Discount,Indianwear-Women
12848,Ziyaa,Floral round neck polyester womens salwar kurta and dupatta set - blue,"Size:Large,Medium,Small,X-Large,XX-Large,XXX-Large","Rs
1762",1233,30% off,Indianwear-Women
12849,Ziyaa,Floral round neck polyester womens ethnic set - maroon,"Size:Large,Medium,Small,X-Large,XX-Large,XXX-Large","Rs
3598",1439,60% off,Indianwear-Women
12850,Ziyaa,Printed rayon mandarin womens straight kurta - blue,"Size:Large,Medium,Small,X-Large,XX-Large,XXX-Large","Rs
1602",640,60% off,Indianwear-Women
12851,Infuse,Printed rayon mandarin neck womens a-line kurta - coral,"Size:Large,Medium,Small,X-Large,X-Small,XX-Large","Rs
1699",509,70% off,Indianwear-Women
12852,Kashish,Embroidered mandarian collar straight fit womens kurta - grey,"Size:Large,Medium,Small,X-Large,X-Small,XX-Large","Rs
1999",999,50% off,Indianwear-Women
12853,Global desi,Round neck flared womens kurta - wine,"Size:XL,Large,Medium,Small,X-Small,XX-Large","Rs
2499",1999,20% off,Indianwear-Women
12854,Ziyaa,Floral round neck rayon womens ethnic set - multi,"Size:Large,Medium,Small,X-Large,XX-Large,XXX-Large","Rs
3063",1225,60% off,Indianwear-Women
12855,W,Printed viscose collar neck womens straight kurta - white,"Size:6,8,10,12,14,16,18",Nan,2399,No Discount,Indianwear-Women
12856,Stop,Womens solid knee length casual wear straight kurta - navy,"Size:S,M,L,X-Large,X-Small,XX-Large","Rs
899",449,50% off,Indianwear-Women
12857,Indya,Regular ankle length georgette womens sari skirt - purple,"Size:Large,Medium,Small,X-Large,X-Small","Rs
3200",2560,20% off,Indianwear-Women
12858,Biba,Printed round neck cotton womens kurta palazzo - white,"Size:32,34,36,42","Rs
3999",2799,30% off,Indianwear-Women
12859,Haute curry,Printed rayon round neck womens regular dress - maroon,"Size:Large,Medium,Small,X-Large,X-Small,XX-Large","Rs
1499",749,50% off,Indianwear-Women
12860,Myshka,Checks cotton regular fit womens casual trousers - grey,"Size:Large,Medium,Small,X-Large,XX-Large","Rs
1399",489,65% off,Indianwear-Women
12861,Myshka,Printed cotton blend round neck womens kurta palazzo set - grey,",Medium,Small,X-Large,XX-Large","Rs
6899",1724,75% off,Indianwear-Women
12862,Ziyaa,Printed polyester round neck womens straight kurta - blue,"Size:Large,Medium,Small,X-Large,XX-Large,XXX-Large","Rs
1931",772,60% off,Indianwear-Women
12863,Indya,Printed georgette round neck womens top - blue,"Size:Large,Medium,Small,X-Large,X-Small","Rs
1500",750,50% off,Indianwear-Women
12864,Yuris,Printed cotton round neck regular fit womens kurta palazzo set - white,"Size:Large,Medium,Small,X-Large,XX-Large,XXX-Large","Rs
2799",1119,60% off,Indianwear-Women
12865,Janasya,Womens black cotton kurta (jne2170) - black,"Size:Large,Medium,Small,X-Large,X-Small","Rs
1899",949,50% off,Indianwear-Women
12866,Stop,Embroidered rayon round neck womens regular tunic - mustard,"Size:XL,Large,Medium,Small,XX-Large","Rs
1299",649,50% off,Indianwear-Women
12867,Juniper,Printed silk blend mandarin womens regular fit kurta - natural,Size:X-Small,"Rs
2999",1799,40% off,Indianwear-Women
12868,Varanga,Round neck womens kurta - pink,"Size:Large,Medium,Small,X-Large,XX-Large","Rs
1999",999,50% off,Indianwear-Women
12869,Juniper,Solid rayon regular fit womens casual pants - gold,"Size:Large,Medium,X-Small","Rs
1049",786,25% off,Indianwear-Women
12870,Juniper,Womens dark grey chanderi embroidered 2 piece kurta with cambric lining - dark grey,"Size:Large,Medium,Small,X-Large,XX-Large","Rs
3099",1394,55% off,Indianwear-Women
12871,Varanga,Gotta patti round neck straight designer womens kurtas - red,"Size:Large,Medium,Small,X-Large,XX-Large","Rs
2799",699,75% off,Indianwear-Women
12872,Kashish,Womens embroidered calf length occasion wear kurta - pink,"Size:Medium,Small,X-Small","Rs
1599",799,50% off,Indianwear-Women
12873,Amukti,Stripes mandarin regular fit womens kurti - white,Size:Large,"Rs
1299",909,30% off,Indianwear-Women
12874,Global desi,Womens printed round neck kurta - teal,"Size:XL,Large,Medium,Small,X-Small","Rs
1999",799,60% off,Indianwear-Women
12875,W,Solid viscose round neck womens flared dress - blue,"Size:6,8,10,12,14,16,18",Nan,2799,No Discount,Indianwear-Women
12876,Haute curry,Printed flex round neck womens regular top - pink,"Size:Large,Medium,Small,X-Large,X-Small,XX-Large","Rs
899",449,50% off,Indianwear-Women
12877,Aurelia,Dyed rayon womens ethnic set - green,"Size:Large,Medium,Small,X-Large,XX-Large",Nan,4299,No Discount,Indianwear-Women
12878,Myshka,Solid cotton regular fit womens casual trousers - off white,"Size:Medium,Small,X-Large,XX-Large","Rs
1399",489,65% off,Indianwear-Women
12879,Aurelia,Solid band with v cotton blend womens knee length kurta - peach,"Size:Large,Medium,Small,X-Large,X-Small,XX-Large","Rs
1399",979,30% off,Indianwear-Women
12880,Indya,Embroidered georgette scoop neck womens flared tunic - green,"Size:Large,Medium,Small,X-Large,X-Small","Rs
3500",2800,20% off,Indianwear-Women
12881,Neerus,Embroidered round neck muslin womens a-line kurta - green,"Size:Large,Medium,Small,X-Large,XX-Large,XXX-Large","Rs
2499",1499,40% off,Indianwear-Women
12882,Indya,Printed square neck regular fit womens kurta - brown,"Size:Medium,Small,X-Large,XX-Large","Rs
2100",1680,20% off,Indianwear-Women
12883,Haute curry,Round neck rayon womens dress - mustard,"Size:Large,Medium,Small,X-Large,X-Small,XX-Large","Rs
1499",749,50% off,Indianwear-Women
12884,Stop,Fitted full length cotton lycra womens leggings - mustard,"Size:S,M,L,X-Large,X-Small","Rs
499",349,30% off,Indianwear-Women
12885,Ziyaa,Floral round neck polyester womens ethnic set - cream,"Size:Large,Medium,Small,X-Large,XX-Large,XXX-Large","Rs
2433",973,60% off,Indianwear-Women
12886,Ziyaa,Geometric round neck rayon womens ethnic set - peacock,"Size:Large,Medium,Small,X-Large,XX-Large,XXX-Large","Rs
2632",1052,60% off,Indianwear-Women
12887,Janasya,Womens dark green poly crepe kurta with attached jacket (jne3387) - green,"Size:Large,Medium,Small,X-Large,XX-Large","Rs
1699",594,65% off,Indianwear-Women
12888,Janasya,Floral crepe round neck womens straight fit kurta - olive,"Size:Large,Medium,Small,X-Large,X-Small,XX-Large","Rs
1299",519,60% off,Indianwear-Women
12889,Aurelia,Round neck rayon womens below knee kurta - green,"Size:Large,Medium,Small,X-Large,X-Small,XX-Large",Nan,2299,No Discount,Indianwear-Women
12890,Myshka,Solid cotton round neck womens regular kurta - red,"Size:Large,Medium,Small,X-Large,XX-Large","Rs
1799",539,70% off,Indianwear-Women
12891,Kashish,Embroidered round neck straight fit womens kurta - sea green,"Size:Large,Medium,Small,X-Large,X-Small,XX-Large,XXX-Large","Rs
1599",799,50% off,Indianwear-Women
12892,Ziyaa,Printed crepe mandarin womens straight kurta - pink,"Size:Large,Medium,Small,X-Large,XX-Large,XXX-Large","Rs
1556",622,60% off,Indianwear-Women
12893,Ira soleil,Art silk womens kurta palazzo set - white,"Size:Large,Medium,Small,X-Large",Nan,4899,No Discount,Indianwear-Women
12894,Kami kubi,Embroidered silk blend womens ethnic set - blue,"Size:Large,Medium,Small,X-Large,X-Small","Rs
4999",1999,60% off,Indianwear-Women
12895,Ziyaa,Floral round neck rayon womens ethnic set - black,"Size:Large,Medium,Small,X-Large,XX-Large,XXX-Large","Rs
2565",1026,60% off,Indianwear-Women
12896,Janasya,Round neck poly muslin designer womens salwar suits - purple,"Size:Large,Medium,Small,X-Large,X-Small,XXX-Large","Rs
4398",1979,55% off,Indianwear-Women
12897,Global desi,Solid viscose straight fit womens trousers - pink,"Size:XL,Large,Medium,Small,X-Small","Rs
1899",1519,20% off,Indianwear-Women
12898,De moza,Printed rayon comfort fit womens culottes - black,"Size:Large,Medium",Nan,1699,No Discount,Indianwear-Women
12899,Global desi,Geometric polyester round neck womens flared tunic - blue,"Size:XL,Large,Medium,Small,X-Small,XX-Large","Rs
2499",1999,20% off,Indianwear-Women
12900,Janasya,Bandhni silk mandarin womens kurta palazzo set with dupatta - pink,"Size:Large,Small,X-Large,X-Small,XX-Large,XXX-Large","Rs
4598",2528,45% off,Indianwear-Women
12901,Myshka,Printed georgette square neck womens kurta palazzo set - multi,"Size:Large,Medium,X-Large,XX-Large","Rs
5999",5399,10% off,Indianwear-Women
12902,Aurelia,Printed viscose mandarin womens flared dress - olive,"Size:Large,Medium,Small,X-Large,X-Small,XX-Large","Rs
2599",1819,30% off,Indianwear-Women
12903,Aarke,Regular fit calf length polyester blend womens fusion wear skirt - green,"Size:Large,Medium,Small,X-Large",Nan,1900,No Discount,Indianwear-Women
12904,Biba,Printed round neck modal womens kurta palazzo set - mustard,"Size:32,34,36,38,42","Rs
3299",1979,40% off,Indianwear-Women
12905,W,Solid polyester round neck womens a line kurta - green,"Size:6,8,10,12,14,16,18",Nan,3999,No Discount,Indianwear-Women
12906,Aurelia,Printed band neck with slit straight womens kurta - blue,"Size:X-Large,XX-Large","Rs
1499",749,50% off,Indianwear-Women
12907,Haute curry,Printed round neck rayon womens flared cowl dress - turquoise,"Size:Large,Medium,Small,X-Large,X-Small,XX-Large","Rs
999",499,50% off,Indianwear-Women
12908,Global desi,Chevron polyester halter neck womens top - pink,"Size:XL,Large,Medium,Small,XX-Large","Rs
2299",1839,20% off,Indianwear-Women
12909,W,Round neck chanderi designer womens ethnic set - green,"Size:14,16","Rs
8999",6749,25% off,Indianwear-Women
12910,W,Printed viscose round neck womens calf length kurta - baby pink,"Size:8,10,12,14,16,18",Nan,1799,No Discount,Indianwear-Women
12911,Aurelia,Printed rayon blend round neck womens straight kurta - white,"Size:Large,Medium,Small,X-Large,X-Small",Nan,1499,No Discount,Indianwear-Women
12912,Haute curry,Solid round neck regular womens tunics & tops - olive,"Size:Large,Medium,Small,X-Large,X-Small,XX-Large",Nan,899,No Discount,Indianwear-Women
12913,Janasya,Womens black poly crepe jacket style kurta (jne2049) - black,"Size:Medium,Small,X-Small,XX-Large,XXX-Large","Rs
1549",619,60% off,Indianwear-Women
12914,Aurelia,Viscose poly womens festive trousers - multi,"Size:Large,Medium,Small,X-Large,XX-Large",Nan,999,No Discount,Indianwear-Women
12915,W,Printed viscose regular fit womens dress - pink,"Size:6,8,10,12,14,16,18",Nan,3599,No Discount,Indianwear-Women
12916,Stop,Solid cotton full length womens pants - navy,"Size:Large/X-Large,Small/Medium,XX-Large/XXX-Large",Nan,599,No Discount,Indianwear-Women
12917,Kashish,Embroidered round neck viscose blend womens festive set - gold,"Size:Large,Medium,Small,X-Large","Rs
3999",1999,50% off,Indianwear-Women
12918,Juniper,Cambric boat neck womens crop top and palazzo set - black,"Size:Large,Medium,Small,X-Large,X-Small,XX-Large","Rs
3799",1899,50% off,Indianwear-Women
12919,Varanga,Round neck womens kurta - blue,"Size:Large,Medium,Small,X-Large,XX-Large","Rs
1799",809,55% off,Indianwear-Women
12920,Juniper,Printed rayon round neck womens straight kurta - yellow,"Size:Large,Medium,Small,X-Large","Rs
1699",1019,40% off,Indianwear-Women
12921,Juniper,Womens mustard cambric placement printed tiered ethnic dress - mustard,"Size:Large,Medium,Small,X-Large,XX-Large","Rs
2899",1449,50% off,Indianwear-Women
12922,Juniper,Womens mustard chanderi gold foil print 2 piece layered kurta with poly crepe lining - mustard,"Size:Large,Medium,Small,X-Large,X-Small,XX-Large","Rs
3549",1419,60% off,Indianwear-Women
12923,Biba,V-neck metallic cotton womens straight suit set - brown,Size:40,"Rs
8995",4497,50% off,Indianwear-Women
12924,Amukti,Ankle length rayon womens kurta - blue,"Size:XX-Large,XXX-Large","Rs
1049",524,50% off,Indianwear-Women
12925,Biba,Printed round neck cotton womens kurta pants - multi,Size:34,"Rs
3999",2799,30% off,Indianwear-Women
12926,Biba,Printed cotton round neck womens salwar kurta dupatta set - multi,"Size:40,42",Nan,6199,No Discount,Indianwear-Women
12927,Varanga,Black and gold boho print tunic with 3/4th sleeves - black,"Size:X-Large,XX-Large","Rs
1999",799,60% off,Indianwear-Women
12928,Varanga,Gotta patti printed cotton round neck womens regular fit kurta - yellow,"Size:Medium,Small","Rs
3599",1259,65% off,Indianwear-Women
12929,Juniper,Ethnic motifs cambric round neck a-line womens tunic - cream,Size:Small,"Rs
1499",899,40% off,Indianwear-Women
12930,Biba,Printed band collar flared womens kurta - indigo,"Size:32,34,36,38,40","Rs
2999",2399,20% off,Indianwear-Women
12931,Global desi,Floral polyester boat neck straight gown - black,"Size:XL,Large,Medium,Small,X-Small,XX-Large",Nan,3599,No Discount,Indianwear-Women
12932,Ziyaa,Printed round neck crepe womens ethnic set - pink,"Size:Large,Medium,Small,X-Large,XX-Large,XXX-Large","Rs
2844",995,65% off,Indianwear-Women
12933,Janasya,Embroidered round neck silk womens calf length kurta - mustard,"Size:Large,Medium,Small,X-Large,X-Small,XX-Large,XXX-Large","Rs
1599",799,50% off,Indianwear-Women
12934,Biba,Printed band collar straight fit womens kurta - red,"Size:32,34","Rs
1999",1199,40% off,Indianwear-Women
12935,Aurelia,Printed round neck polyester womens flared dress - navy,"Size:Large,Small,X-Large,X-Small","Rs
1899",949,50% off,Indianwear-Women
12936,Stop,Womens printed knee length casual wear kurta - blue,"Size:S,M,L,XL,X-Small,XXX-Large","Rs
799",399,50% off,Indianwear-Women
12937,Ziyaa,Floral round neck rayon womens ethnic set - grey,"Size:Large,Medium,Small,X-Large,XX-Large,XXX-Large","Rs
2263",905,60% off,Indianwear-Women
12938,Zink london,Floral polyester womens ankle length palazzo - blue,"Size:Large,Small,X-Large","Rs
1799",1079,40% off,Indianwear-Women
12939,Myshka,Checks cotton regular fit womens casual trousers - white,"Size:Large,Medium,Small,X-Large,XX-Large","Rs
1399",489,65% off,Indianwear-Women
12940,Suti,Printed rayon mandarin womens regular kurti - coral,"Size:Large,Medium,X-Large","Rs
1899",1519,20% off,Indianwear-Women
12941,Aurelia,Printed polyester round neck womens straight kurta - blue,"Size:Large,Medium,Small,X-Large,X-Small,XX-Large",Nan,1799,No Discount,Indianwear-Women
12942,Janasya,Solid rayon mandarin womens kurta palazzo set with dupatta - magenta,"Size:Large,Medium,Small,X-Large,X-Small,XX-Large,XXX-Large","Rs
3199",1279,60% off,Indianwear-Women
12943,Kami kubi,Stripes v neck cotton womens flared dress - navy,"Size:Large,Medium,X-Large,X-Small","Rs
1999",899,55% off,Indianwear-Women
12944,Aurelia,Dyed cotton womens ethnic set - navy,"Size:Large,Medium,Small,X-Large,X-Small,XX-Large","Rs
1999",1399,30% off,Indianwear-Women
12945,W,Printed cotton round neck womens straight kurta - ecru,"Size:8,10,12,14,16,18",Nan,2599,No Discount,Indianwear-Women
12946,Aurelia,Printed round neck viscose womens calf length kurta - blue,"Size:Large,Medium,Small,X-Large,X-Small",Nan,1499,No Discount,Indianwear-Women
12947,Indya,Printed viscose round neck womens regular fit tunic - maroon,"Size:Large,Medium,Small,X-Small","Rs
2850",1425,50% off,Indianwear-Women
12948,De moza,Solid boat neck polyester womens top - bottle green,"Size:Large,Medium,Small,X-Large,XX-Large","Rs
799",479,40% off,Indianwear-Women
12949,W,Printed viscose mandarin womens calf length kurta - blue,"Size:8,10,12,16","Rs
1999",1499,25% off,Indianwear-Women
12950,Global desi,Womens printed pants suit - pink,"Size:XL,Large,Medium,X-Small,XX-Large","Rs
3499",1049,70% off,Indianwear-Women
12951,Aurelia,Printed band with placket straight womens kurta - orange,Size:X-Large,"Rs
2199",1099,50% off,Indianwear-Women
12952,De moza,Jacquard polyester boat neck womens crop top - black,"Size:Large,Medium,Small,X-Large,XX-Large","Rs
1099",659,40% off,Indianwear-Women
12953,Juniper,Solid cotton regular fit womens full length palazzos - black,"Size:5X-Large,X-Large","Rs
1699",849,50% off,Indianwear-Women
12954,Myshka,Solid round neck womens kurti - red,"Size:Medium,Small,X-Large,XX-Large","Rs
5999",1799,70% off,Indianwear-Women
12955,Ziyaa,Floral round neck crepe womens ethnic set - peach,"Size:Large,Medium,Small,X-Large,XX-Large,XXX-Large","Rs
2492",872,65% off,Indianwear-Women
12956,Indya,Printed georgette v neck womens regular kurta - yellow,"Size:Large,Medium,Small,X-Large,XX-Large","Rs
2600",1300,50% off,Indianwear-Women
12957,Indya,Embroidered boat neck silk blend womens regular dress - green,"Size:Medium,Small","Rs
3400",2720,20% off,Indianwear-Women
12958,Ziyaa,Solid crepe round neck womens straight kurta - pink,"Size:Large,Medium,Small,X-Large,XX-Large,XXX-Large","Rs
1489",595,60% off,Indianwear-Women
12959,Kashish,Embroidered v neck flared fit womens kurta - grey,"Size:Large,Medium,Small,X-Large,X-Small,XX-Large","Rs
1799",899,50% off,Indianwear-Women
12960,Global desi,V neck flared womens kurta - yellow,"Size:Large,Medium,XX-Large","Rs
2299",1839,20% off,Indianwear-Women
12961,And,Solid chiffon round neck womens ethnic set - black,"Size:10,12,14","Rs
3699",2589,30% off,Indianwear-Women
12962,Indya,Embroidered v neck regular fit womens top - green,"Size:Large,Medium,Small,X-Large,XX-Large",Nan,1600,No Discount,Indianwear-Women
12963,Aarke,Printed round neck polyester blend womens dress - blue,"Size:Large,Medium,Small,X-Small",Nan,3900,No Discount,Indianwear-Women
12964,De moza,Jacquard polyester boat neck womens crop top - red,"Size:Large,Medium,Small,X-Large,XX-Large","Rs
1099",659,40% off,Indianwear-Women
12965,Myshka,Printed cotton regular length womens casual palazzo - black,"Size:Large,Medium,Small,X-Large,XX-Large","Rs
1999",599,70% off,Indianwear-Women
12966,Global desi,Solid viscose v neck womens regular kurta - sage,"Size:XL,Large,Medium,Small,X-Small","Rs
2599",1689,35% off,Indianwear-Women
12967,Janasya,Womens peach poly crepe kurta with dhoti pant (set187) - peach,"Size:Large,Medium,Small,X-Large,X-Small,XX-Large,XXX-Large","Rs
2299",1149,50% off,Indianwear-Women
12968,Global desi,Geometric viscose y neck womens crop top - sage,"Size:XL,Large,Medium,Small,X-Small,XX-Large","Rs
1699",1359,20% off,Indianwear-Women
12969,Yuris,Printed round neck cotton womens a-line ethnic dress - black,"Size:Large,Medium,Small,X-Large,XX-Large","Rs
1999",899,55% off,Indianwear-Women
12970,Yuris,Gotta patti round neck cotton womens kurta palazzo set - white,"Size:Large,Small,X-Large,XX-Large,XXX-Large","Rs
3999",1399,65% off,Indianwear-Women
12971,Ziyaa,Stripes rayon round neck womens straight kurta - blue,"Size:Large,Medium,Small,X-Large,XX-Large,XXX-Large","Rs
1943",777,60% off,Indianwear-Women
12972,Varanga,Womens round neck striped kurta - blue,"Size:Large,Small,X-Large","Rs
1799",809,55% off,Indianwear-Women
12973,Haute curry,Womens regular fit printed tops - red,"Size:Large,Medium,Small,X-Large,X-Small,XX-Large,XXX-Large","Rs
799",399,50% off,Indianwear-Women
12974,Stop,Solid cotton slub round neck womens calf length kurta - navy,"Size:S,M,L,X-Large,X-Small,XX-Large",Nan,1299,No Discount,Indianwear-Women
12975,Varanga,Zari mandarin silk blend designer womens ethnic set - magenta,"Size:Medium,Small,X-Large,XX-Large","Rs
5599",1679,70% off,Indianwear-Women
12976,Varanga,Viscose rayon womens casual trousers - natural,"Size:Large,Medium,Small,X-Large,XX-Large","Rs
1499",749,50% off,Indianwear-Women
12977,Varanga,Sequined round neck womens top - black,"Size:Large,Medium,X-Large","Rs
1599",639,60% off,Indianwear-Women
12978,Global desi,Womens floral v-neck straight fit dress - sage,"Size:Large,Small,X-Small,XX-Large","Rs
2499",999,60% off,Indianwear-Women
12979,Global desi,Womens regular fit self pattern tunic - orange,"Size:Large,Medium,Small,X-Small,XX-Large","Rs
1699",679,60% off,Indianwear-Women
12980,Neerus,Floral cotton round neck womens a line kurta - pista green,Size:XX-Large,"Rs
3299",2639,20% off,Indianwear-Women
12981,Janasya,Cotton womens tunic - red,"Size:Large,Small,X-Large","Rs
1399",559,60% off,Indianwear-Women
12982,Aurelia,Printed round neck straight womens kurta - maroon,Size:Small,"Rs
1299",649,50% off,Indianwear-Women
12983,Aurelia,Printed polyester mandarin womens flared dress - green,Size:Large,"Rs
2499",1499,40% off,Indianwear-Women
12984,Haute curry,Printed ankle length casual wear cowl dress - indigo,"Size:Medium,Small","Rs
1499",749,50% off,Indianwear-Women
12985,Haute curry,Printed rayon collared womens tunic - blue,"Size:Large,Medium,Small,X-Large,X-Small,XX-Large",Nan,999,No Discount,Indianwear-Women
12986,Aurelia,Printed viscose round neck womens straight kurta - yellow,"Size:Large,Medium,Small,X-Large,X-Small,XX-Large","Rs
1499",1049,30% off,Indianwear-Women
12987,Myshka,Printed round neck womens kurti - green,",Medium,Small,X-Large,XX-Large","Rs
5999",1799,70% off,Indianwear-Women
12988,Janasya,Womens light green poly crepe kurta (jne3364) - green,"Size:Large,Medium,Small,X-Large,X-Small,XX-Large,XXX-Large","Rs
1299",519,60% off,Indianwear-Women
12989,Ziyaa,Printed round neck rayon womens ethnic set - peacock,"Size:Large,Medium,Small,X-Large,XX-Large,XXX-Large","Rs
2550",1020,60% off,Indianwear-Women
12990,Ziyaa,Printed round neck polyester womens ethnic set - peacock,"Size:Large,Medium,Small,X-Large,XX-Large,XXX-Large","Rs
2952",1180,60% off,Indianwear-Women
12991,W,Round neck cotton flared designer womens dresses - blue,"Size:8,14","Rs
4999",2499,50% off,Indianwear-Women
12992,Stop,Womens embroidered calf length casual wear kurta - blue,"Size:S,M,L,X-Large,X-Small","Rs
1299",649,50% off,Indianwear-Women
12993,Varanga,Embroidered round neck cotton womens ethnic set - yellow,"Size:Large,Medium,Small,X-Small","Rs
7999",2799,65% off,Indianwear-Women
12994,Biba,Round neck rayon flared womens dresses - indigo,"Size:32,34,36,38,40,42","Rs
2999",2099,30% off,Indianwear-Women
12995,Faballey,Solid  crepe womens regular palazzo - purple,"Size:4X-Large,X-Large,XX-Large,XXX-Large","Rs
2100",1050,50% off,Indianwear-Women
12996,Haute curry,Printed lapel collar regular womens tunics & tops - pink,"Size:Large,Medium,Small,X-Large,X-Small,XX-Large",Nan,1199,No Discount,Indianwear-Women
12997,Global desi,Embroidered polyester round neck womens ethnic set - indigo,"Size:XL,Large,Small,X-Small,XX-Large","Rs
15999",12799,20% off,Indianwear-Women
12998,Kami kubi,Stripes cotton round neck womens flared kurta - pink,"Size:Large,Medium,Small,X-Large,X-Small,XX-Large,XXX-Large","Rs
1999",899,55% off,Indianwear-Women
12999,Ziyaa,Printed crepe round neck womens straight kurta - natural,"Size:Large,Medium,Small,X-Large,XX-Large,XXX-Large","Rs
1364",545,60% off,Indianwear-Women
13000,Ziyaa,Solid crepe round neck womens straight kurta - brown,"Size:Large,Medium,Small,X-Large,XX-Large,XXX-Large","Rs
1321",594,55% off,Indianwear-Women
13001,Global desi,Solid viscose mandarin womens straight tunic - wine,"Size:XL,Medium,Small,X-Small","Rs
1999",1399,30% off,Indianwear-Women
13002,Haute curry,Solid flex womens ankle length palazzo - black,"Size:Large,Medium,Small,X-Large",Nan,999,No Discount,Indianwear-Women
13003,Ziyaa,Printed polyester v neck womens straight kurta - pink,"Size:Large,Medium,Small,X-Large,XX-Large,XXX-Large","Rs
1547",618,60% off,Indianwear-Women
13004,Varanga,Printed cotton round neck womens flared kurta - black,"Size:Large,Medium,Small,XX-Large","Rs
4999",1499,70% off,Indianwear-Women
13005,Janasya,Printed round neck rayon womens regular fit dress - green,"Size:Large,Medium,Small,X-Large,X-Small,XX-Large,XXX-Large","Rs
3798",1709,55% off,Indianwear-Women
13006,Indya,Embroidered georgette v-neck womens flared tunic - green,"Size:Large,Medium,Small,X-Large,X-Small,XX-Large","Rs
3400",2720,20% off,Indianwear-Women
13007,Kami kubi,Printed round neck cotton womens flared ethnic dress - grey,"Size:Large,Medium,Small,X-Small","Rs
1999",899,55% off,Indianwear-Women
13008,Yuris,Abstract round neck cotton womens kurta set - multi,"Size:Large,Medium,Small,X-Large,XX-Large,XXX-Large","Rs
3999",1399,65% off,Indianwear-Women
13009,Janasya,Floral crepe v-neck womens straight fit kurta - peacock,"Size:Medium,Small,X-Large,X-Small,XX-Large","Rs
1339",669,50% off,Indianwear-Women
13010,Yuris,Printed round neck cotton womens kurta palazzo set - dark green,"Size:Large,Medium,Small,X-Large","Rs
2699",1214,55% off,Indianwear-Women
13011,Yuris,Lace round neck cotton womens kurta palazzo set - blue,"Size:Large,Medium,Small,X-Large,XX-Large,XXX-Large","Rs
3999",1399,65% off,Indianwear-Women
13012,W,Printed cotton mandarin womens calf length kurta - pink,"Size:6,8,10,12,14,16,18,22",Nan,1899,No Discount,Indianwear-Women
13013,Yuris,Gotta patti mandarin neck cotton womens kurta palazzo set - pink,"Size:Large,Small,X-Large,XX-Large,XXX-Large","Rs
3199",1119,65% off,Indianwear-Women
13014,Aurelia,Mandarin straight designer womens kurtas - yellow,"Size:Large,Medium,Small,X-Large,X-Small,XX-Large","Rs
1399",979,30% off,Indianwear-Women
13015,Haute curry,Embroidered ankle length casual wear three tier dress - mustard,"Size:Large,Medium,Small,X-Small,XX-Large","Rs
1699",849,50% off,Indianwear-Women
13016,Juniper,Printed mandarin rayon womens ethnic set - green,"Size:Large,Medium,Small,X-Small","Rs
3299",1484,55% off,Indianwear-Women
13017,Juniper,Kantha print key hole neck straight fit womens kurta with mask - black,"Size:Large,Small,X-Large,XX-Large","Rs
1499",674,55% off,Indianwear-Women
13018,Varanga,Powder blue straight kurta with overall white khari print and gota work detailing on placket and sleeves - blue,Size:Small,"Rs
2999",899,70% off,Indianwear-Women
13019,Global desi,Floral mandarin collar womens kurta - blue,"Size:Medium,Small","Rs
1999",999,50% off,Indianwear-Women
13020,W,Printed viscose round neck womens calf length kurta - ecru,Size:14,"Rs
1899",949,50% off,Indianwear-Women
13021,Global desi,Womens viscose rayon v-neck tops & tunics - mid blue,"Size:Small,X-Small","Rs
2499",1499,40% off,Indianwear-Women
13022,Aurelia,Solid cotton flex regular fit womens casual trousers - blue,"Size:Large,Medium,Small,X-Large","Rs
999",699,30% off,Indianwear-Women
13023,Indya,Full length georgette woven designer womens skirts - yellow,"Size:Small,X-Small","Rs
3400",1700,50% off,Indianwear-Women
13024,Varanga,Round neck silk blend designer womens ethnic set - maroon,Size:Small,"Rs
6799",2039,70% off,Indianwear-Women
13025,Janasya,Floral silk v neck womens kurta palazzo set with dupatta - peacock,"Size:Large,Medium,Small,X-Large,X-Small,XX-Large,XXX-Large","Rs
3398",1189,65% off,Indianwear-Women
13026,Gipsy,Solid cotton collared neck womens regular fit tunic - mango,Size:XXX-Large,"Rs
1795",1256,30% off,Indianwear-Women
13027,Global desi,Geometric polyester round neck womens flared kurta - off white,"Size:XL,Large,Medium,Small,X-Small,XX-Large","Rs
3099",2479,20% off,Indianwear-Women
13028,Global desi,Solid viscose round neck womens flared tunic - pink,"Size:XL,Large,Medium,Small,X-Small,XX-Large","Rs
2699",1754,35% off,Indianwear-Women
13029,Global desi,Printed viscose round neck womens straight kurta - pink,"Size:XL,Large,Medium,Small,XX-Large","Rs
1799",1439,20% off,Indianwear-Women
13030,Myshka,Solid silk mandarin womens regular casual dress - multi,"Size:Large,Medium,Small,X-Large,XX-Large","Rs
5999",1499,75% off,Indianwear-Women
13031,Ziyaa,Floral round neck rayon womens ethnic set - green,"Size:Large,Medium,Small,X-Large,XX-Large,XXX-Large","Rs
2753",1101,60% off,Indianwear-Women
13032,Janasya,Solid silk round neck womens salwar suit - black,"Size:Medium,X-Small,XXX-Large","Rs
2349",822,65% off,Indianwear-Women
13033,Stop,Embroidered rayon round neck womens regular tunic - mustard,"Size:XL,Large,Medium,Small,XX-Large","Rs
1499",749,50% off,Indianwear-Women
13034,Neerus,Zardosi modal round neck womens kurta palazzo set - gold,"Size:Large,XX-Large,XXX-Large","Rs
2499",1999,20% off,Indianwear-Women
13035,W,Printed cotton round neck womens ethnic set - blue,"Size:6,8,10,12,14,16,18",Nan,4999,No Discount,Indianwear-Women
13036,Global desi,Checked round neck womens top - natural,"Size:Medium,Small,X-Small","Rs
1999",999,50% off,Indianwear-Women
13037,Suti,Printed cotton womens a line kurti - olive,"Size:Large,Medium,Small,X-Large,X-Small","Rs
1899",1519,20% off,Indianwear-Women
13038,Aurelia,Dyed regular fit viscose blend womens casual trousers - grey,"Size:Large,Medium,Small,X-Large,XX-Large",Nan,999,No Discount,Indianwear-Women
13039,Ziyaa,Printed round neck rayon womens ethnic set - peacock,"Size:Large,Medium,Small,X-Large,XX-Large,XXX-Large","Rs
2333",933,60% off,Indianwear-Women
13040,Aurelia,Printed polyester womens flared dress - green,"Size:Large,Medium,Small,X-Large,X-Small,XX-Large",Nan,2999,No Discount,Indianwear-Women
13041,Indya,Printed georgette womens regular palazzos - pink,"Size:Large,Medium,Small,X-Large,X-Small,XX-Large","Rs
3400",1700,50% off,Indianwear-Women
13042,Ziyaa,Printed round neck rayon womens ethnic set - grey,"Size:Large,Medium,Small,X-Large,XX-Large,XXX-Large","Rs
2667",1066,60% off,Indianwear-Women
13043,W,Solid viscose round neck womens calf length kurta - green,"Size:14,18","Rs
2999",1499,50% off,Indianwear-Women
13044,Indya,Shraddha kapoor for indya black & gold-toned polka dot printed crop top - black,"Size:Large,Medium,Small,X-Large,X-Small,XX-Large","Rs
1400",1120,20% off,Indianwear-Women
13045,Biba,Printed band collar straight fit womens kurta - red,"Size:32,34",Nan,2599,No Discount,Indianwear-Women
13046,Ziyaa,Printed mandarin rayon womens ethnic set - grey,"Size:Large,Medium,Small,X-Large,XX-Large,XXX-Large","Rs
2598",1039,60% off,Indianwear-Women
13047,Infuse,Solid flex mandarin neck womens straight fit kurta - rust,"Size:Large,Medium,Small,X-Large,X-Small,XX-Large","Rs
899",449,50% off,Indianwear-Women
13048,Myshka,Printed cotton v neck womens regular casual dress - yellow,"Size:Large,Medium,Small,X-Large,XX-Large","Rs
2999",749,75% off,Indianwear-Women
13049,Indya,Printed v-neck cotton blend womens regular kurta - purple,"Size:Small,X-Small",Nan,2600,No Discount,Indianwear-Women
13050,Biba,Yarn dyed polyester round neck womens churidar kurta dupatta set - black,Size:32,Nan,3799,No Discount,Indianwear-Women
13051,Ziyaa,Printed polyester mandarin womens straight kurta - black,"Size:Large,Medium,Small,X-Large,XX-Large,XXX-Large","Rs
1739",608,65% off,Indianwear-Women
13052,Myshka,Printed v neck womens kurti - burgundy,",Medium,Small,X-Large,XX-Large","Rs
4999",999,80% off,Indianwear-Women
13053,Indya,Floral cotton regular fit womens a-line dress - pink,"Size:Medium,Small,X-Small","Rs
2100",1050,50% off,Indianwear-Women
13054,Amukti,Pleated rayon womens kurta - black,"Size:Small,X-Large,XX-Large,XXX-Large","Rs
1499",749,50% off,Indianwear-Women
13055,Fusion beats,Womens boat neck printed kurta - yellow,Size:Small,"Rs
1299",479,63% off,Indianwear-Women
13056,Janasya,Womens cream pure cotton kurta with pant and dupatta (set171) - cream,Size:X-Small,"Rs
4199",1259,70% off,Indianwear-Women
13057,Janasya,Poly crepe womens kurta - maroon,"Size:Large,Medium,Small","Rs
1499",599,60% off,Indianwear-Women
13058,Kashish,Embroidered mandarian collar a-line fit womens kurta - peach,"Size:Large,Medium,Small","Rs
2499",1249,50% off,Indianwear-Women
13059,Global desi,Womens regular fit floral kurta - off white,"Size:XL,Large,Medium,Small,XX-Large","Rs
1799",539,70% off,Indianwear-Women
13060,Haute curry,Embroidered crepe round neck womens regular top - sage,"Size:Large,Medium,Small,X-Large,X-Small,XX-Large","Rs
899",449,50% off,Indianwear-Women
13061,Indya,Solid silk womens regular length pants - white,"Size:Large,Medium,Small,X-Large,X-Small,XX-Large",Nan,1700,No Discount,Indianwear-Women
13062,Haute curry,Womens cotton  flared skirt - red,"Size:Large/X-Large,Small/Medium","Rs
1499",749,50% off,Indianwear-Women
13063,Myshka,Printed round neck womens kurti - multi,"Size:Medium,Small,XX-Large","Rs
2499",874,65% off,Indianwear-Women
13064,Ziyaa,Floral round neck polyester womens ethnic set - peacock,"Size:Large,Medium,Small,X-Large,XX-Large,XXX-Large","Rs
2903",1161,60% off,Indianwear-Women
13065,Varanga,Embroidered silk blend round neck womens ethnic set - red,"Size:Large,Medium,Small,X-Large,XX-Large","Rs
5999",2099,65% off,Indianwear-Women
13066,Varanga,Mandarin collar womens kurta - pink,"Size:Medium,Small,XX-Large","Rs
1799",809,55% off,Indianwear-Women
13067,Juniper,Womens off white rayon gold foil print flared palazzo - off white,"Size:Medium,Small,X-Small","Rs
1699",849,50% off,Indianwear-Women
13068,Varanga,Womens maroon and gold floral block printed anarkali kurta - maroon,"Size:Large,Medium,Small,X-Large,XX-Large","Rs
2599",1169,55% off,Indianwear-Women
13069,Varanga,Gotta patti round neck cotton designer womens ethnic set - blue,"Size:Large,Medium,Small,X-Large,XX-Large","Rs
5999",2099,65% off,Indianwear-Women
13070,Kashish,Embroidered round neck flared womens kurta - green,"Size:Large,Medium,Small,X-Large,X-Small,XX-Large","Rs
2499",1249,50% off,Indianwear-Women
13071,Global desi,Womens a-line applique solid casual wear trousers - off white,Size:Medium,"Rs
1499",899,40% off,Indianwear-Women
13072,Juniper,Floral mandarin collar rayon womens flared dress - peach,"Size:Large,Medium,Small,X-Large","Rs
3599",1619,55% off,Indianwear-Women
13073,Juniper,Womens beige chanderi gold foil print 2 piece layered kurta with poly crepe lining - natural,"Size:Large,Medium,X-Large,XX-Large","Rs
3549",1774,50% off,Indianwear-Women
13074,Juniper,Floral v-neck cambric cotton voile womens anarkali dress - coral,"Size:Large,Medium,Small,X-Large,XX-Large","Rs
4899",1714,65% off,Indianwear-Women
13075,Juniper,Womens offwhite rayon solid wide-leg palazzo with lace detailing - off white,"Size:Large,Medium,Small,X-Small,XX-Large","Rs
1799",719,60% off,Indianwear-Women
13076,Varanga,Printed cotton round neck womens regular fit kurta - blue,Size:Small,"Rs
1999",599,70% off,Indianwear-Women
13077,Juniper,Womens mustard chanderi zari embroidered 2 piece kurta dress with cambric polka dot lining - mustard,"Size:Small,X-Small,XX-Large","Rs
2999",1949,35% off,Indianwear-Women
13078,Juniper,Womens ivory silk lurex embellished saree blouse with zip closure - ivory,"Size:Large,Medium,Small,X-Large,X-Small","Rs
1849",832,55% off,Indianwear-Women
13079,Global desi,Floral cotton round neck women straight tops - yellow,"Size:Large,Medium","Rs
1999",1399,30% off,Indianwear-Women
13080,Kashish,Womens mandarin collar embroidered kurta - coral,Size:Medium,Nan,2199,No Discount,Indianwear-Women
13081,Janasya,Printed mandarin cotton womens regular fit dress - blue,"Size:Small,X-Small,XX-Large","Rs
2279",911,60% off,Indianwear-Women
13082,Aurelia,Dyed cotton mandarin womens a line kurta - pink,Size:Small,Nan,2599,No Discount,Indianwear-Women
13083,Amukti,Floral cotton mandarin collar womens straight kurta - green,"Size:Large,X-Large","Rs
1299",909,30% off,Indianwear-Women
13084,Yuris,Embroidered round neck cotton womens regular fit midi dress - multi,"Size:X-Large,XX-Large","Rs
1499",749,50% off,Indianwear-Women
13085,Ziyaa,Printed crepe round neck womens straight kurta - navy,"Size:Large,Medium,Small,X-Large,XX-Large,XXX-Large","Rs
1845",645,65% off,Indianwear-Women
13086,Global desi,Solid viscose round neck womens straight tunic - multi,"Size:XL,Large,Medium,Small,X-Small,XX-Large","Rs
1999",1399,30% off,Indianwear-Women
13087,W,Printed round neck viscose womens knee length kurta - green,"Size:8,10,12,14,16,18",Nan,1899,No Discount,Indianwear-Women
13088,Haute curry,Printed rayon shirt collar womens straight fit top - blue,"Size:Medium,Small,X-Large,X-Small","Rs
799",399,50% off,Indianwear-Women
13089,Infuse,Printed cotton mandarin neck womens straight fit kurta - maroon,"Size:Medium,Small,X-Large,X-Small,XX-Large","Rs
799",399,50% off,Indianwear-Women
13090,Kashish,Printed straight fit viscose blend womens festive pants - navy,"Size:Large/X-Large,Small/Medium","Rs
1299",649,50% off,Indianwear-Women
13091,Ziyaa,Printed crepe round neck womens straight kurta - pink,"Size:Large,Medium,Small,X-Large,XX-Large,XXX-Large","Rs
1619",647,60% off,Indianwear-Women
13092,Ira soleil,Art silk regular fit womens festive wear skirt - blue,"Size:Large,Medium,Small,X-Large",Nan,1999,No Discount,Indianwear-Women
13093,Janasya,Printed round neck crepe designer womens ethnic set - peacock,"Size:Large,Medium,Small,X-Large,X-Small,XX-Large,XXX-Large","Rs
2099",1154,45% off,Indianwear-Women
13094,Global desi,Floral polyester round neck womens regular dress - mid blue,"Size:Large,Medium,Small,X-Small","Rs
3999",1999,50% off,Indianwear-Women
13095,W,Solid cotton flex regular fit womens parallel pants - black,"Size:6,8,10,12,14,16,18",Nan,1599,No Discount,Indianwear-Women
13096,Varanga,Womens floral skirts - blue,"Size:Large,Medium,Small,X-Large,XX-Large","Rs
2199",989,55% off,Indianwear-Women
13097,Indya,Regular fit full length silk womens casual skirt - blue,"Size:Medium,Small,X-Large","Rs
3500",1750,50% off,Indianwear-Women
13098,Neerus,Floral rayon mandarin womens regular kurta - pistachio,"Size:Large,Medium,Small,X-Large,XX-Large,XXX-Large","Rs
1999",1199,40% off,Indianwear-Women
13099,Suti,Printed cotton round neck womens a line kurti - yellow,"Size:Large,Medium,Small,X-Small","Rs
1699",1359,20% off,Indianwear-Women
13100,Ziyaa,Floral v-neck rayon womens ethnic set - peach,"Size:Large,Medium,Small,X-Large,XX-Large,XXX-Large","Rs
2683",1073,60% off,Indianwear-Women
13101,W,Printed round neck cotton womens flared dress - blue,"Size:14,16,18","Rs
2799",1399,50% off,Indianwear-Women
13102,W,Solid cotton womens festive pants - ecru,"Size:8,10,12,14,16",Nan,2499,No Discount,Indianwear-Women
13103,Myshka,Solid cotton round neck womens regular kurta - green,"Size:Large,Medium,Small,X-Large,XX-Large","Rs
4999",999,80% off,Indianwear-Women
13104,Ziyaa,Printed crepe round neck womens straight kurta - black,"Size:Large,Medium,Small,X-Large,XX-Large,XXX-Large","Rs
1234",555,55% off,Indianwear-Women
13105,Global desi,Solid viscose v neck womens flared dress - yellow,"Size:XL,Large,Medium,Small,X-Small,XX-Large",Nan,3699,No Discount,Indianwear-Women
13106,Stop,Womens stop printed calf length casual wear kurta - off white,"Size:S,M,L,X-Small","Rs
1299",649,50% off,Indianwear-Women
13107,Global desi,Solid viscose regular fit womens trousers - white,"Size:XL,Large,Medium,Small,X-Small,XX-Large",Nan,1699,No Discount,Indianwear-Women
13108,Fusion beats,Womens band neck slub top - natural,"Size:Large,Medium,Small,X-Large,X-Small","Rs
1399",559,60% off,Indianwear-Women
13109,Stop,Womens printed calf length casual wear kurta - blue,"Size:S,M,L,XL,X-Small,XX-Large","Rs
999",499,50% off,Indianwear-Women
13110,Stop,Printed rayon round neck womens regular tunic - sky blue,"Size:XL,Large,Medium,Small,XX-Large","Rs
1299",649,50% off,Indianwear-Women
13111,Ziyaa,Printed rayon round neck womens straight kurta - blue,"Size:Large,Medium,Small,X-Large,XX-Large,XXX-Large","Rs
1943",777,60% off,Indianwear-Women
13112,Global desi,Viscose round neck women's top - blue,"Size:XL,Large,Medium,Small,X-Small","Rs
1799",899,50% off,Indianwear-Women
13113,Stop,Solid mandarin collar straight fit womens kurta - yellow,"Size:S,M,L,X-Large,X-Small,XX-Large","Rs
1299",649,50% off,Indianwear-Women
13114,Juniper,Bandhani mandarin collar straight fit womens kurta - jade,"Size:Large,Medium,Small,X-Large,X-Small,XX-Large","Rs
1699",679,60% off,Indianwear-Women
13115,Varanga,Mandarin collar womens kurta - purple,"Size:Large,Small,XX-Large","Rs
1999",999,50% off,Indianwear-Women
13116,Stop,Solid mandarin collar a-line womens kurta - turquoise,"Size:S,M,L,XL,X-Small,XX-Large","Rs
1299",649,50% off,Indianwear-Women
13117,Varanga,Cotton womens ethnic palazzos - white,"Size:Large,Medium,Small,XX-Large","Rs
1599",719,55% off,Indianwear-Women
13118,Varanga,Maxi pure cotton womens ethnic skirt - pink,"Size:Large,Medium,Small,X-Large,XX-Large","Rs
1999",999,50% off,Indianwear-Women
13119,Janasya,Womens dark blue poly crepe kurta (jne3413) - blue,"Size:Small,X-Large,XX-Large","Rs
1699",594,65% off,Indianwear-Women
13120,Indya,Shraddha kapoor for indya women blue floral yoke design anarkali kurta - blue,"Size:Medium,XX-Large","Rs
2200",1100,50% off,Indianwear-Women
13121,Myshka,Printed cotton round neck womens dress - multi,"Size:Small,X-Large","Rs
1599",719,55% off,Indianwear-Women
13122,Biba,Printed rayon round neck womens skirt kurta dupatta set - red,Size:38,"Rs
7500",5250,30% off,Indianwear-Women
13123,Kami kubi,Textured cotton round neck womens straight kurta - black,Size:X-Small,"Rs
1999",899,55% off,Indianwear-Women
13124,W,Dobby viscose mandarin womens kurta - blue,"Size:6,8,10,12,14,16,18",Nan,2399,No Discount,Indianwear-Women
13125,Aurelia,Printed round neck straight womens kurta - green,Size:Small,"Rs
1299",649,50% off,Indianwear-Women
13126,Janasya,Womens turquoise blue cotton straight kurti (jne3547) - turquoise,"Size:Large,Medium,X-Large,XX-Large","Rs
1499",824,45% off,Indianwear-Women
13127,Aurelia,Printed round neck cotton womens knee length kurta - yellow,"Size:Large,Medium,Small,X-Large,X-Small","Rs
1199",839,30% off,Indianwear-Women
13128,Ziyaa,Floral round neck rayon womens salwar kurta and dupatta set - blue,"Size:Large,Medium,Small,X-Large,XX-Large,XXX-Large","Rs
4513",1805,60% off,Indianwear-Women
13129,Myshka,Solid cotton v neck womens kurta palazzo set - black,",Medium,Small,X-Large,XX-Large","Rs
3999",1199,70% off,Indianwear-Women
13130,Biba,Printed round neck viscose womens straight fit dress - off white,"Size:36,38","Rs
3599",2159,40% off,Indianwear-Women
13131,Ritu kumar,Round neck viscose blend womens long dress - peacock,"Size:Large,Medium,Small",Nan,5700,No Discount,Indianwear-Women
13132,Ziyaa,Geometric round neck rayon womens ethnic set - blue,"Size:Large,Medium,Small,X-Large,XX-Large,XXX-Large","Rs
2643",1057,60% off,Indianwear-Women
13133,Global desi,Floral viscose round neck womens regular kurta - maroon,"Size:XL,Large,Medium,Small,X-Small,XX-Large","Rs
2499",1624,35% off,Indianwear-Women
13134,Aurelia,Cotton lycra woven womens tights - yellow,"Size:Large,Small,X-Large,XX-Large","Rs
699",419,40% off,Indianwear-Women
13135,Ziyaa,Printed round neck crepe womens ethnic set - natural,"Size:Large,Medium,Small,X-Large,XX-Large,XXX-Large","Rs
2626",1050,60% off,Indianwear-Women
13136,W,Printed round neck viscose womens calf length kurta - brown,"Size:6,8,10,12,14,16,18",Nan,2499,No Discount,Indianwear-Women
13137,Ziyaa,Printed crepe mandarin womens straight kurta - black,"Size:Large,Medium,Small,X-Large,XX-Large,XXX-Large","Rs
1245",622,50% off,Indianwear-Women
13138,Global desi,Floral cotton y neck womens ethnic set - lilac,"Size:XL,Large,Medium,Small,X-Small,XX-Large",Nan,5999,No Discount,Indianwear-Women
13139,Global desi,Solid cotton square neck womens flared top - white,"Size:XL,Large,Medium,Small,X-Small,XX-Large","Rs
2299",1839,20% off,Indianwear-Women
13140,Haute curry,Printed round neck rayon womens flared dress - brown,"Size:Large,Medium,Small,X-Large,X-Small,XX-Large","Rs
1499",749,50% off,Indianwear-Women
13141,Haute curry,Printed shirt collar flex womens straight shirt dress - blue,"Size:Large,Medium,Small,X-Large,X-Small","Rs
1499",749,50% off,Indianwear-Women
13142,Sanaa,Checks rayon tie up neck womens mid thigh length kurti - red,"Size:Large,Medium,Small,X-Large,XX-Large","Rs
1699",1189,30% off,Indianwear-Women
13143,W,Solid cotton flex regular fit womens casual parallel pants - off white,"Size:6,8,10,12,14,16,18",Nan,1799,No Discount,Indianwear-Women
13144,And,Printed v-neck polyester womens casual set - sage,"Size:8,10,12,14,16","Rs
3499",2799,20% off,Indianwear-Women
13145,Janasya,Rayon womens kurta with pant and dupatta set - mustard,"Size:Large,Medium,Small,X-Large,X-Small,XX-Large,XXX-Large","Rs
4699",1644,65% off,Indianwear-Women
13146,Janasya,Womens peach poly crepe kurta (jne3366) - peach,"Size:Large,Medium,Small,X-Large,X-Small,XX-Large,XXX-Large","Rs
1299",519,60% off,Indianwear-Women
13147,Myshka,Solid cotton regular fit womens casual trousers - grey,"Size:Large,Medium,Small,X-Large,XX-Large","Rs
1399",489,65% off,Indianwear-Women
13148,Kami kubi,Floral boat neck cotton womens a-line ethnic dress - yellow,"Size:Large,Medium,Small,X-Large","Rs
1499",674,55% off,Indianwear-Women
13149,Haute curry,Embroidered rayon peter pan collar womens straight fit top - grey,"Size:Large,Medium,Small,X-Large,X-Small","Rs
899",449,50% off,Indianwear-Women
13150,Ziyaa,Geometric rayon mandarin womens ethnic set - blue,"Size:Large,Medium,Small,X-Large,XX-Large,XXX-Large","Rs
2550",1020,60% off,Indianwear-Women
13151,Janasya,Printed round neck crepe designer womens ethnic set - maroon,"Size:Medium,Small,X-Large,X-Small,XX-Large,XXX-Large","Rs
2099",944,55% off,Indianwear-Women
13152,W,Printed viscose round neck womens ethnic set - blue,"Size:6,8,10,12,14,16,18",Nan,4999,No Discount,Indianwear-Women
13153,Neerus,Floral dupion silk round neck womens regular kurta - yellow,"Size:Large,Medium,X-Large","Rs
1699",1359,20% off,Indianwear-Women
13154,W,Printed cambric round neck womens ethnic set - yellow,"Size:6,8,10,12,14,16,18","Rs
4999",3749,25% off,Indianwear-Women
13155,Varanga,Womens v-neck solid kurta set - teal,"Size:Small,X-Large,XX-Large","Rs
2999",1499,50% off,Indianwear-Women
13156,Ziyaa,Floral round neck rayon womens salwar kurta and dupatta set - maroon,"Size:Large,Medium,Small,X-Large,XX-Large,XXX-Large","Rs
4140",1656,60% off,Indianwear-Women
13157,Amukti,Solid mandarin regular fit womens kurti - natural,"Size:X-Large,X-Small","Rs
1049",734,30% off,Indianwear-Women
13158,Global desi,Ethnic motifs polyester v-neck womens straight kurta - pink mix,"Size:XL,Large,Medium,Small,X-Small,XX-Large","Rs
3299",2144,35% off,Indianwear-Women
13159,Fusion beats,Womens printed kurta - pink,"Size:Large,Medium,Small,X-Large,XX-Large","Rs
1999",799,60% off,Indianwear-Women
13160,Haute curry,Womens rayon mandarin collar straight fit blouse - red,"Size:Medium,Small,X-Small","Rs
799",399,50% off,Indianwear-Women
13161,Varanga,Womens round neck floral dresses - yellow,"Size:Large,Medium,Small,X-Large,XX-Large","Rs
2499",999,60% off,Indianwear-Women
13162,Biba,Printed round neck rayon blend womens flared dress - off white,"Size:32,34,36,38,40,42","Rs
2299",1379,40% off,Indianwear-Women
13163,Varanga,Womens self pattern palazzo - gold,"Size:Large,Medium,Small,X-Large,XX-Large","Rs
1599",639,60% off,Indianwear-Women
13164,W,Printed round neck cotton womens calf length kurta - yellow,"Size:6,8,10,12,14,16,18",Nan,2799,No Discount,Indianwear-Women
13165,Varanga,Mirror work round neck womens kurta - magenta,"Size:Large,Medium,Small,X-Large,XX-Large","Rs
2599",1039,60% off,Indianwear-Women
13166,Haute curry,Printed ankle length casual wear gather dress - black,"Size:Large,Medium,Small,X-Large,X-Small,XX-Large","Rs
1299",649,50% off,Indianwear-Women
13167,Juniper,Round neck rayon cotton voile womens ethnic set - ivory,"Size:Large,Medium,Small,X-Large,XX-Large","Rs
3797",1708,55% off,Indianwear-Women
13168,Varanga,Round neck womens kurta - peacock,"Size:Large,Medium,Small,X-Large","Rs
1699",934,45% off,Indianwear-Women
13169,Varanga,Embroidered silk round neck womens regular fit kurta - purple,Size:Small,"Rs
2999",1049,65% off,Indianwear-Women
13170,Juniper,Printed boat neck rayon womens ethnic set - grey,"Size:Large,Medium,Small,X-Large,X-Small","Rs
2699",1484,45% off,Indianwear-Women
13171,Juniper,Ethnic motifs round neck layered womens festive dress - navy,"Size:Large,Medium,Small,X-Large,XX-Large","Rs
3499",2099,40% off,Indianwear-Women
13172,Myshka,Printed polyester v neck womens dress - navy,Size:Small,"Rs
1299",519,60% off,Indianwear-Women
13173,Varanga,Womens round neck solid kurta set - magenta,"Size:Large,Medium,Small,X-Large,XX-Large","Rs
3199",1599,50% off,Indianwear-Women
13174,Juniper,Round neck rayon blend tiered designer women dresses - peacock,"Size:Medium,Small","Rs
3599",899,75% off,Indianwear-Women
13175,De moza,Womens solid full length pleated pants - grey,"Size:Large,Medium,Small,X-Large,XX-Large",Nan,1299,No Discount,Indianwear-Women
13176,De moza,Relaxed fit regular length polyester womens festive skirt - black,"Size:Large,Medium,Small,X-Large,XX-Large","Rs
1699",1019,40% off,Indianwear-Women
13177,Neerus,Printed mulmul mandarin womens a line kurta - blue,"Size:Large,Medium,Small,X-Large,XX-Large","Rs
2999",1799,40% off,Indianwear-Women
13178,Myshka,Printed cotton round neck womens kurta palazzo set - navy,",Medium,Small,X-Large,XX-Large","Rs
5999",1199,80% off,Indianwear-Women
13179,Myshka,Printed crepe round neck womens dress - pink,",Medium,Small,X-Large,XX-Large","Rs
1399",559,60% off,Indianwear-Women
13180,Kashish,Embroidered round neck straight fit womens kurta - yellow,"Size:Large,Medium,Small,X-Large,X-Small,XX-Large","Rs
1699",849,50% off,Indianwear-Women
13181,Haute curry,Solid cotton blend round neck womens casual tunic - grey,"Size:Large,Medium,Small,X-Large,X-Small,XX-Large",Nan,799,No Discount,Indianwear-Women
13182,Global desi,Solid comfort fit viscose womens fusion wear pants - white,"Size:Large,Medium,Small,XX-Large",Nan,2199,No Discount,Indianwear-Women
13183,Aurelia,Printed polyester round neck womens ethnic set - brown,"Size:Large,Medium,Small,X-Large,XX-Large",Nan,3999,No Discount,Indianwear-Women
13184,W,Printed collar neck viscose womens a-line dress - grey,"Size:6,8,12,14","Rs
2799",1399,50% off,Indianwear-Women
13185,W,Womens solid casual pants - black,"Size:6,8,10,12,14,16",Nan,999,No Discount,Indianwear-Women
13186,Ziyaa,Floral polyester mandarin womens kurta palazzo set - pink,"Size:Large,Medium,Small,X-Large,XX-Large,XXX-Large","Rs
2699",1079,60% off,Indianwear-Women
13187,W,Printed cambric round neck womens straight kurta - green,"Size:6,8,10,12,14,16,18",Nan,1999,No Discount,Indianwear-Women
13188,W,Dyed viscose mandarin womens calf length kurta - ecru,"Size:6,8,10,12,14,16,18",Nan,1999,No Discount,Indianwear-Women
13189,Janasya,Floral polyester blend round neck womens straight fit kurta - maroon,"Size:Large,Medium,Small,X-Large,XX-Large","Rs
1399",699,50% off,Indianwear-Women
13190,Ziyaa,Floral polyester round neck womens ethnic set - maroon,"Size:Large,Medium,Small,X-Large,XX-Large,XXX-Large","Rs
6232",2492,60% off,Indianwear-Women
13191,Stop,Womens embroidered calf length casual wear kurta - yellow,"Size:S,M,L,XL,X-Small","Rs
1299",649,50% off,Indianwear-Women
13192,Janasya,Floral silk mandarin womens kurta palazzo set with dupatta - pink,"Size:Large,Medium,Small,X-Large,X-Small,XX-Large,XXX-Large","Rs
2999",1499,50% off,Indianwear-Women
13193,Infuse,Solid flex mandarin neck womens straight fit kurta - teal,"Size:Large,Medium,Small,X-Large,X-Small,XX-Large","Rs
899",449,50% off,Indianwear-Women
13194,Janasya,Floral crepe v-neck womens straight fit kurta - peacock,"Size:Medium,Small,X-Large,XX-Large","Rs
1299",649,50% off,Indianwear-Women
13195,Ziyaa,Solid crepe round neck womens kurta palazzo set - brown,"Size:Large,Medium,Small,X-Large,XX-Large,XXX-Large","Rs
2046",818,60% off,Indianwear-Women
13196,Kashish,Embroidered round neck a-line womens kurta - yellow,"Size:Large,Medium,Small,X-Large,X-Small,XX-Large","Rs
1999",999,50% off,Indianwear-Women
13197,Global desi,Solid comfort viscose women fusion wear trouser - white,"Size:XL,Large,Medium,Small,X-Small",Nan,2399,No Discount,Indianwear-Women
13198,Ziyaa,Printed crepe round neck womens straight kurta - natural,"Size:Large,Medium,Small,X-Large,XX-Large,XXX-Large","Rs
1734",606,65% off,Indianwear-Women
13199,Kashish,Embroidered round neck straight fit womens kurta - grey,"Size:Large,Medium,Small,X-Large,X-Small,XX-Large","Rs
999",499,50% off,Indianwear-Women
13200,Kashish,Embroidered straight fit viscose blend womens festive pants - lime green,"Size:Large,Medium,Small","Rs
999",499,50% off,Indianwear-Women
13201,Aurelia,Printed viscose round neck womens ethnic set - pink,Size:XX-Large,"Rs
4599",2299,50% off,Indianwear-Women
13202,De moza,Solid regular fit cotton womens workwear pants - black,Size:XXX-Large,Nan,799,No Discount,Indianwear-Women
13203,Ziyaa,Printed crepe boat neck womens straight kurta - purple,"Size:Large,Medium,Small,X-Large,XX-Large,XXX-Large","Rs
1356",610,55% off,Indianwear-Women
13204,Kami kubi,Textured cotton blend v neck womens regular top - pink,"Size:Large,Medium,Small,X-Large,X-Small","Rs
1399",489,65% off,Indianwear-Women
13205,Indya,Embellished georgette collar neck womens kurta - green,"Size:Large,Medium,Small,X-Large,X-Small","Rs
2400",1200,50% off,Indianwear-Women
13206,Aurelia,Yarn dyed round neck straight womens kurta - pink,"Size:Large,X-Small","Rs
1299",649,50% off,Indianwear-Women
13207,Indya,Solid georgette womens ankle length palazzo - pink,"Size:Large,Medium,Small,X-Large,X-Small,XX-Large","Rs
1800",1440,20% off,Indianwear-Women
13208,Haute curry,Womens regular fit printed tops - lime green,"Size:Large,Medium,Small,X-Large,X-Small,XX-Large,XXX-Large","Rs
799",399,50% off,Indianwear-Women
13209,Suti,Solid cotton mandarin womens straight kurti - navy,"Size:Large,Medium,Small,X-Large,X-Small,XX-Large","Rs
1145",916,20% off,Indianwear-Women
13210,Yuris,Printed round neck cotton womens tunic with trousers - multi,"Size:Large,Medium,Small,X-Large,XX-Large","Rs
2799",1259,55% off,Indianwear-Women
13211,Fratini,Solid skinny fit nr roma womens casual pants - anthra,"Size:26,28,30,32,34,36","Rs
999",499,50% off,Indianwear-Women
13212,Aurelia,Round neck straight designer womens kurtas - blue,"Size:Large,Medium,Small,X-Small,XX-Large","Rs
1299",909,30% off,Indianwear-Women
13213,Global desi,Solid viscose cotton v-neck womens kurta - natural,"Size:XL,Large,Medium,Small,X-Small","Rs
2599",1299,50% off,Indianwear-Women
13214,Global desi,Floral key hole neck straight womens kurta - off white,"Size:XL,Large,Medium,Small,X-Small,XX-Large","Rs
2399",1199,50% off,Indianwear-Women
13215,De moza,Dyed regular fit rayon womens casual wear pants - black,"Size:Large,Medium,Small","Rs
1299",779,40% off,Indianwear-Women
13216,Infuse,Solid flex mandarin neck womens straight fit kurta - mustard,"Size:Large,Medium,Small,X-Large,X-Small,XX-Large","Rs
899",449,50% off,Indianwear-Women
13217,Kashish,Embroidered round neck straight fit womens kurta - fuchsia,"Size:Large,Medium,Small,X-Large,X-Small,XX-Large,XXX-Large","Rs
1599",799,50% off,Indianwear-Women
13218,Varanga,Printed round neck cotton blend regular fit womens ethnic set - blue,"Size:Medium,Small,X-Large,XX-Large","Rs
3999",1399,65% off,Indianwear-Women
13219,Kashish,Embroidered mandarin neck a-line womens kurta - blue,"Size:Large,Medium,Small,X-Large,X-Small,XX-Large","Rs
2999",1499,50% off,Indianwear-Women
13220,Juniper,Sequins round neck velvet designer women ethnic sets - fuchsia,"Size:Large,Medium,Small,X-Large,XX-Large","Rs
4999",2499,50% off,Indianwear-Women
13221,Juniper,Round neck rayon flared womens lehenga choli set - pink,"Size:Large,Medium,Small,X-Large,X-Small","Rs
3299",1979,40% off,Indianwear-Women
13222,Varanga,Printed cotton round neck womens calf length kurta - grey,"Size:Large,Medium,Small,XX-Large","Rs
3299",824,75% off,Indianwear-Women
13223,Varanga,Round neck womens kurta - pink,"Size:Large,Small,X-Large,XX-Large","Rs
4599",1839,60% off,Indianwear-Women
13224,Aurelia,Yarn dyed band neck with slit herringbone stripe womens flared dress - navy,Size:Medium,"Rs
2299",1149,50% off,Indianwear-Women
13225,Global desi,Womens floral tie up neck straight fit top - mustard,Size:XX-Large,"Rs
1899",759,60% off,Indianwear-Women
13226,Indya,Embroidered round neck viscose blend womens regular dress - indigo,Size:Small,"Rs
2400",1200,50% off,Indianwear-Women
13227,And,Solid cotton round neck womens ethnic set - wine,"Size:14,16","Rs
3299",2639,20% off,Indianwear-Women
13228,W,Printed cotton regular fit womens slim pants - pink,"Size:8,10,12,14,16",Nan,1399,No Discount,Indianwear-Women
13229,Stop,Fitted full length cotton lycra womens leggings - natural,"Size:S,M,L,X-Large,X-Small","Rs
499",349,30% off,Indianwear-Women
13230,Global desi,Round neck straight womens kurta - white,"Size:XL,Large,Medium,Small,X-Small,XX-Large",Nan,3299,No Discount,Indianwear-Women
13231,Aurelia,Printed polyester round neck womens ethnic set - yellow,"Size:Large,Medium,Small,X-Large,X-Small,XX-Large","Rs
1899",1329,30% off,Indianwear-Women
13232,And,Solid polyester square neck womens ethnic set - green,Size:8,"Rs
3499",1749,50% off,Indianwear-Women
13233,Ziyaa,Floral round neck rayon womens ethnic set - maroon,"Size:Large,Medium,Small,X-Large,XX-Large,XXX-Large","Rs
3117",1246,60% off,Indianwear-Women
13234,W,Printed polyester round neck womens knee length kurta - ecru,"Size:6,8,10,12,14,16,18",Nan,1699,No Discount,Indianwear-Women
13235,Haute curry,Ankle length rayon woven womens pants - teal,"Size:Large,Medium,Small,X-Large","Rs
999",499,50% off,Indianwear-Women
13236,Juniper,Printed rayon mandarin womens tiered dress - olive,Size:X-Large,"Rs
2999",1799,40% off,Indianwear-Women
13237,Stop,Fitted full length cotton lycra womens churidar - gold,"Size:S,M,L,X-Large,XX-Large","Rs
999",699,30% off,Indianwear-Women
13238,De moza,Solid skinny fit cotton womens leggings - white,"Size:4X-Large,Large,Medium,Small,X-Large,XX-Large,XXX-Large",Nan,449,No Discount,Indianwear-Women
13239,Janasya,Womens blue poly crepe kurta (jne1233) - blue,"Size:Large,Medium,Small,X-Large,X-Small,XX-Large,XXX-Large","Rs
1399",559,60% off,Indianwear-Women
13240,Indya,Reglar fit regular length chanderi womens ethnic maxi skirt - blue,"Size:Small,XX-Large","Rs
2850",1425,50% off,Indianwear-Women
13241,Biba,Printed round neck cotton womens kurta skirt set - yellow,"Size:32,34,38,40,42","Rs
6995",5596,20% off,Indianwear-Women
13242,Global desi,Floral v-neck womens kurta - white,Size:Medium,"Rs
2599",1559,40% off,Indianwear-Women
13243,Kami kubi,Textured cotton round neck womens empire line dress - grey,"Size:Large,Medium,Small,X-Large,X-Small,XX-Large","Rs
2299",804,65% off,Indianwear-Women
13244,Yuris,Abstract mandarin cotton womens kurta set - multi,Size:Small,"Rs
3999",1399,65% off,Indianwear-Women
13245,Myshka,Printed cotton blend collar neck womens dress - multi,Size:Small,"Rs
2499",624,75% off,Indianwear-Women
13246,Janasya,Womens light pink poly crepe kurta (jne3451) - baby pink,"Size:Large,Medium,Small,X-Large,X-Small,XX-Large","Rs
1699",594,65% off,Indianwear-Women
13247,Kashish,Embroidered mandarian collar a-line fit womens kurta - off white,"Size:Medium,Small,X-Large,X-Small,XX-Large","Rs
1999",999,50% off,Indianwear-Women
13248,Indya,Embroidered georgette v-neck womens regular fit high slit tunic - white,Size:X-Large,"Rs
2500",1250,50% off,Indianwear-Women
13249,Global desi,Solid cotton round neck womens straight top - white,"Size:XL,Large,Medium,Small,XX-Large","Rs
2299",1839,20% off,Indianwear-Women
13250,W,Printed chanderi regular fit womens a line ethnic set - ecru,"Size:6,8,10,18",Nan,3999,No Discount,Indianwear-Women
13251,Global desi,Round neck straight women kurtas - indigo,"Size:XL,Large,Medium,Small,X-Small,XX-Large","Rs
2599",1299,50% off,Indianwear-Women
13252,Indya,Reglar fit regular length georgette womens ethnic sari skirt - purple,"Size:Medium,Small,X-Small","Rs
3200",1600,50% off,Indianwear-Women
13253,Global desi,Solid cotton round neck womens knee length kurta - black,"Size:Large,Medium,Small,X-Small","Rs
1999",1599,20% off,Indianwear-Women
13254,Janasya,Womens black poly crepe top with palazzo and jacket (set110) - black,"Size:Large,Medium,Small,X-Large,X-Small,XX-Large,XXX-Large","Rs
3059",1223,60% off,Indianwear-Women
13255,Global desi,Solid cotton round neck womens knee length kurta - yellow,"Size:XL,Large,Medium,Small,X-Small,XX-Large",Nan,2899,No Discount,Indianwear-Women
13256,Juniper,Solid rayon regular fit womens full length palazzos - black,"Size:4X-Large,5X-Large,X-Large","Rs
1899",949,50% off,Indianwear-Women
13257,Neerus,Regular chanderi round neck womens regular kurta - yellow,"Size:Large,Medium,Small,X-Large,XX-Large","Rs
3499",1749,50% off,Indianwear-Women
13258,Indya,Embroidered georgette round neck womens regular kurta - green,"Size:Large,Medium,Small,X-Large,X-Small","Rs
2800",2240,20% off,Indianwear-Women
13259,Ziyaa,Printed crepe boat neck womens straight kurta - black,"Size:Large,Medium,Small,X-Large,XX-Large,XXX-Large","Rs
1252",563,55% off,Indianwear-Women
13260,Stop,Womens embroidered calf length casual wear kurta - coral,"Size:S,M,L,XL,X-Small","Rs
1299",649,50% off,Indianwear-Women
13261,Janasya,Checks v neck rayon womens regular fit dress - turquoise,"Size:Large,Medium,Small,X-Small,XX-Large","Rs
2449",979,60% off,Indianwear-Women
13262,Ziyaa,Floral rayon round neck womens straight kurta - blue,"Size:Large,Medium,Small,X-Large,XX-Large,XXX-Large","Rs
1752",700,60% off,Indianwear-Women
13263,Yuris,Stripes cotton round neck womens salwar suit - multi,"Size:Large,Medium,Small,X-Large,XX-Large,XXX-Large","Rs
3499",1399,60% off,Indianwear-Women
13264,Global desi,Womens floral a-line kurta - pink,"Size:XL,Large,Medium,Small,X-Small,XX-Large","Rs
2199",879,60% off,Indianwear-Women
13265,Global desi,Solid viscose rayon shirt collar womens straight tunic - black,"Size:XL,Large,Medium,Small,X-Small,XX-Large","Rs
1999",1199,40% off,Indianwear-Women
13266,Yuris,Bandhni cotton round neck womens salwar suit - multi,"Size:Large,Medium,Small,X-Large,XX-Large,XXX-Large","Rs
4299",1504,65% off,Indianwear-Women
13267,Yuris,Printed mandarin neck cotton womens kurta palazzo set - navy,"Size:Large,Medium,Small,X-Large,XX-Large","Rs
3499",1399,60% off,Indianwear-Women
13268,Yuris,Solid cotton mandarin womens regular kurta - multi,Size:Small,"Rs
1499",674,55% off,Indianwear-Women
13269,Stop,Solid mandarin collar straight fit womens kurta - sage,"Size:S,M,L,XL,X-Small,XX-Large","Rs
1299",649,50% off,Indianwear-Women
13270,Yuris,Floral cotton round neck womens kurta set - pista green,"Size:Large,Medium,Small,X-Large,XX-Large,XXX-Large","Rs
3999",1399,65% off,Indianwear-Women
13271,Global desi,Solid viscose round neck women straight tunic - indigo,"Size:XL,Large,Medium,Small,X-Small","Rs
1999",1399,30% off,Indianwear-Women
13272,Haute curry,Printed lapel collar rayon womens a-line dress - green,"Size:Large,Medium,Small,X-Large,X-Small,XX-Large","Rs
1499",749,50% off,Indianwear-Women
13273,Infuse,Embroidered cotton womens full length palazzos - red,"Size:Large/X-Large,Small/Medium","Rs
1699",679,60% off,Indianwear-Women
13274,Juniper,Solid silk blend mandarin womens regular fit kurta - green,"Size:Large,Medium,Small,X-Large,XX-Large","Rs
3099",1549,50% off,Indianwear-Women
13275,Juniper,Womens gold cotton solid cigarette pants with side pocket - gold,"Size:Large,Medium,Small,X-Large,X-Small,XX-Large","Rs
1799",719,60% off,Indianwear-Women
13276,Kashish,Embroidered mandarin neck a-line womens kurta - yellow,"Size:Large,Medium,Small,X-Large,X-Small,XX-Large","Rs
1999",999,50% off,Indianwear-Women
13277,Varanga,Mandarin collar womens kurta - mustard,"Size:Medium,Small,X-Large","Rs
1799",809,55% off,Indianwear-Women
13278,Juniper,Ethnic motifs round neck rayon womens flared dress - green,"Size:Large,Medium,Small,X-Large","Rs
3599",1259,65% off,Indianwear-Women
13279,Juniper,Womens baby pink cotton voile embroidered straight kurta with cotton sharara - baby pink,Size:XX-Large,Nan,3799,No Discount,Indianwear-Women
13280,Haute curry,Printed ankle length casual wear lapel collar shirt dress - turquoise,"Size:Large,Medium,Small,X-Small,XX-Large","Rs
1499",749,50% off,Indianwear-Women
13281,Varanga,Zari v- neck silk blend designer womens ethnic set - wine,"Size:Large,Medium,Small,X-Small","Rs
5599",1679,70% off,Indianwear-Women
13282,Aurelia,Printed band collar straight womens kurta - wine,Size:Small,"Rs
1199",839,30% off,Indianwear-Women
13283,Janasya,Solid pure cotton womens palazzo pants - olive,"Size:Small,X-Small","Rs
1499",599,60% off,Indianwear-Women
13284,Global desi,Striped round neck womens kurta - white,Size:XX-Large,"Rs
2399",1439,40% off,Indianwear-Women
13285,Neerus,Printed rayon round neck womens straight kurta - green,Size:Medium,"Rs
1999",1599,20% off,Indianwear-Women
13286,Juniper,Printed round neck a line designer women kurtas - navy,Size:X-Small,"Rs
2699",809,70% off,Indianwear-Women
13287,Varanga,Womens black and golden quirky block printed crop-top with short ruffle sleeves - black,"Size:Large,X-Large","Rs
1399",559,60% off,Indianwear-Women
13288,Stop,Full length cotton lycra knitted womens churidar - white,"Size:S,M,L,X-Large,XX-Large","Rs
499",349,30% off,Indianwear-Women
13289,Indya,Floral cotton collar neck womens midi dress - green,"Size:Large,Medium,Small,X-Large,X-Small,XX-Large","Rs
2600",1300,50% off,Indianwear-Women
13290,W,Printed cambric round neck womens ethnic set - green,"Size:6,8,10,12,14,16,18",Nan,5599,No Discount,Indianwear-Women
13291,W,Solid cotton flex regular fit womens casual slim pants - off white,"Size:6,8,10,12,14,16,18",Nan,1399,No Discount,Indianwear-Women
13292,Haute curry,Solid cotton blend round neck womens casual tunic - pink,"Size:Large,Medium,Small,X-Large,X-Small,XX-Large",Nan,799,No Discount,Indianwear-Women
13293,Ziyaa,Geometric mandarin polyester womens ethnic set - blue,"Size:Large,Medium,Small,X-Large,XX-Large,XXX-Large","Rs
4132",1652,60% off,Indianwear-Women
13294,Ziyaa,Printed rayon round neck womens straight kurta - black,"Size:Large,Medium,Small,X-Large,XX-Large,XXX-Large","Rs
1457",582,60% off,Indianwear-Women
13295,W,Round neck french crepe designer womens ethnic set - yellow,"Size:6,8,10,16","Rs
4999",2499,50% off,Indianwear-Women
13296,Ziyaa,Floral polyester round neck womens straight kurta - pink,"Size:Large,Medium,Small,X-Large,XX-Large,XXX-Large","Rs
1727",690,60% off,Indianwear-Women
13297,Yuris,Gotta patti round neck cotton womens kurta palazzo set - pink,"Size:Large,Medium,Small,X-Large,XX-Large,XXX-Large","Rs
3499",1574,55% off,Indianwear-Women
13298,Indya,Floral regular fit georgette womens festive wear sharara - green,"Size:Large,Medium,Small,X-Large,X-Small","Rs
2200",1100,50% off,Indianwear-Women
13299,Global desi,Mandarin straight women kurtas - black,"Size:XL,Large,Medium,Small,XX-Large","Rs
1899",1329,30% off,Indianwear-Women
13300,Ziyaa,Floral georgette round neck womens kurta palazzo set - grey,"Size:Large,Medium,Small,X-Large,XX-Large,XXX-Large","Rs
6376",2550,60% off,Indianwear-Women
13301,W,Printed rayon round neck womens straight kurta - coral,"Size:6,8,10,12,14,16,18",Nan,1999,No Discount,Indianwear-Women
13302,Varanga,Art silk coral kurta with floral zari and thread embroidery - pink,"Size:Medium,Small,X-Large,XX-Large","Rs
2499",874,65% off,Indianwear-Women
13303,Ziyaa,Printed polyester mandarin womens straight kurta - natural,"Size:Large,Medium,Small,X-Large,XX-Large,XXX-Large","Rs
1812",634,65% off,Indianwear-Women
13304,Haute curry,Embroidered crepe tie up neck womens straight fit top - white,"Size:Large,Small,X-Small,XX-Large","Rs
999",499,50% off,Indianwear-Women
13305,Global desi,Floral viscose round neck womens flared kurta - coral,"Size:XL,Large,Medium,Small,X-Small,XX-Large","Rs
1699",1359,20% off,Indianwear-Women
13306,Suti,Embroidered rayon v neck womens straight kurti - blue,"Size:4X-Large,Large,Medium,Small,X-Large,X-Small,XX-Large","Rs
2299",1839,20% off,Indianwear-Women
13307,Biba,Solid embroidered polyester band collar womens salwar kurta dupatta set - black,"Size:32,34,36,38,40","Rs
4995",3496,30% off,Indianwear-Women
13308,Janasya,Geometric cotton mandarin womens kurta - red,"Size:Large,Medium,Small,X-Large,X-Small,XX-Large,XXX-Large","Rs
1999",799,60% off,Indianwear-Women
13309,Haute curry,Solid crepe v-neck womens straight fit top - lavender,"Size:Large,Medium,Small,X-Large,X-Small,XX-Large","Rs
999",499,50% off,Indianwear-Women
13310,Indya,Printed viscose collar neck womens kurta - blue,"Size:Large,Medium,Small,X-Large,X-Small","Rs
2400",1200,50% off,Indianwear-Women
13311,Aurelia,Dyed poly viscose round neck womens flared kurta - green,"Size:Large,Medium,Small,X-Large,X-Small,XX-Large","Rs
2499",1749,30% off,Indianwear-Women
13312,Yuris,Paisley round neck cotton womens kurta set - multi,"Size:Large,Medium,Small,X-Large,XX-Large,XXX-Large","Rs
3499",1399,60% off,Indianwear-Women
13313,W,Printed round neck polyester womens calf length kurta - natural,"Size:6,8,10,12,14,16,18",Nan,1999,No Discount,Indianwear-Women
13314,Global desi,Solid straight fit womens workwear pants - pink,"Size:Large,Medium,Small,X-Small","Rs
1399",979,30% off,Indianwear-Women
13315,Stop,Full length cotton lycra knitted womens churidar - maroon,"Size:S,M,L,X-Large,XX-Large","Rs
499",349,30% off,Indianwear-Women
13316,Stop,Solid flared fit flex womens casual wear palazzo - peach,"Size:Large/X-Large,Small/Medium,XX-Large/XXX-Large",Nan,799,No Discount,Indianwear-Women
13317,Varanga,Zari round neck silk blend designer womens ethnic set - peacock,"Size:Large,Medium,X-Large,XX-Large","Rs
5999",2099,65% off,Indianwear-Women
13318,Varanga,Embroidered silk round neck womens ethnic set - rust,"Size:Medium,Small,X-Large,X-Small,XX-Large,XXX-Large",Nan,5599,No Discount,Indianwear-Women
13319,Juniper,Round neck rayon crepe peplum womens crop top and palazzo set - ivory,"Size:Large,X-Large,X-Small","Rs
3198",1599,50% off,Indianwear-Women
13320,Juniper,Womens dark olive rayon solid dress with yoke embroidery and belt - dark olive,"Size:Large,Medium,Small,X-Large,XX-Large","Rs
2399",959,60% off,Indianwear-Women
13321,Aurelia,Printed polyester round neck womens ethnic set - blue,Size:Medium,"Rs
3499",1749,50% off,Indianwear-Women
13322,Indya,Solid regular fit polyester a20104030 festive sharara pants - pink,Size:Small,"Rs
2200",1100,50% off,Indianwear-Women
13323,Indya,Printed square neck regular fit womens kurta - blue,"Size:Large,X-Large",Nan,1800,No Discount,Indianwear-Women
13324,Global desi,Geometric round neck womens kurta - mustard,"Size:Medium,Small","Rs
2399",1199,50% off,Indianwear-Women
13325,Fratini,Solid skinny fit nr roma womens casual pants - navy,"Size:26,28,30,32,34,36","Rs
999",499,50% off,Indianwear-Women
13326,Stop,Womens textured calf length winter wear kurta - maroon,"Size:Medium,Small","Rs
1699",849,50% off,Indianwear-Women
13327,Varanga,Embroidered round neck silk blend womens ethnic set - blue,"Size:X-Large,XX-Large","Rs
5999",2099,65% off,Indianwear-Women
13328,Juniper,Printed rayon regular fit womens full length palazzos - off white,"Size:5X-Large,X-Large","Rs
2099",839,60% off,Indianwear-Women
13329,Varanga,Sequins round neck silk blend womens ethnic set - pink,Size:Small,"Rs
4499",1799,60% off,Indianwear-Women
13330,Varanga,Printed cotton round neck womens regular fit kurta - blue,"Size:Small,XX-Large","Rs
2599",909,65% off,Indianwear-Women
13331,Janasya,Solid velvet festive wear womens stitched blouse - blue,"Size:Medium,Small,X-Large","Rs
1498",674,55% off,Indianwear-Women
13332,Ziyaa,Printed round neck crepe womens ethnic set - purple,"Size:Large,Medium,Small,X-Large,XX-Large,XXX-Large","Rs
1869",841,55% off,Indianwear-Women
13333,Janasya,Embroidered velvet festive wear womens stitched blouse - purple,"Size:Large,Medium,Small","Rs
1799",809,55% off,Indianwear-Women
13334,Kashish,Embroidered round neck straight fit womens kurta - gold,"Size:Large,Medium,Small,X-Large","Rs
1299",649,50% off,Indianwear-Women
13335,Ziyaa,Printed round neck rayon womens ethnic set - black,"Size:Large,Medium,Small,X-Large,XX-Large,XXX-Large","Rs
2557",1022,60% off,Indianwear-Women
13336,Indya,Regular fit full length georgette womens fusion wear skirt - green,"Size:Large,Medium,Small,X-Small","Rs
3400",1700,50% off,Indianwear-Women
13337,Amukti,Floral mandarin regular fit womens kurti - blue,"Size:Small,XXX-Large","Rs
1299",909,30% off,Indianwear-Women
13338,Global desi,Solid straight fit womens workwear pants - black,"Size:XL,Large,Medium,Small,X-Small","Rs
2699",1079,60% off,Indianwear-Women
13339,Janasya,Poly crepe womens kurta - green,"Size:Large,Medium,Small,X-Large","Rs
1299",519,60% off,Indianwear-Women
13340,Haute curry,Embroidered crepe tie up neck womens straight fit top - mustard,"Size:Large,Medium,Small,X-Large,X-Small,XX-Large","Rs
1299",649,50% off,Indianwear-Women
13341,Global desi,Geometric viscose round neck womens shift dress - natural,"Size:XL,Large,Medium,Small,X-Small","Rs
2599",1689,35% off,Indianwear-Women
13342,De moza,Solid rayon womens straight pants - fuchsia,"Size:Large,Medium,Small,X-Large,XX-Large",Nan,799,No Discount,Indianwear-Women
13343,Ziyaa,Geometric polyester round neck womens ethnic set - purple,"Size:Large,Medium,Small,X-Large,XX-Large,XXX-Large","Rs
3238",1295,60% off,Indianwear-Women
13344,Kami kubi,Floral cotton boat neck womens regular top - blue,Size:Small,"Rs
999",599,40% off,Indianwear-Women
13345,Varanga,Womens round neck floral kurta set - olive,"Size:Medium,Small,X-Large,XX-Large","Rs
3399",1699,50% off,Indianwear-Women
13346,Kashish,Printed mandarin collar a-line womens kurta - rose,"Size:Small,X-Small","Rs
1799",899,50% off,Indianwear-Women
13347,Janasya,Printed round neck crepe designer womens ethnic set - cream,"Size:Large,Small,X-Large,X-Small,XX-Large,XXX-Large","Rs
2949",1327,55% off,Indianwear-Women
13348,W,Printed viscose v neck womens ethnic set - pink,"Size:6,8,10,12,14,16,18",Nan,4599,No Discount,Indianwear-Women
13349,W,Printed cotton blend womens festive pants - ecru,"Size:6,8,10,12,14,16,18",Nan,1599,No Discount,Indianwear-Women
13350,Suti,Printed cotton v neck womens ethnic set - gold,"Size:4X-Large,Medium,Small,X-Large,X-Small","Rs
3699",2959,20% off,Indianwear-Women
13351,Biba,Printed shirt collar straight fit womens kurta - red,"Size:32,34",Nan,1599,No Discount,Indianwear-Women
13352,Ziyaa,Printed rayon boat neck womens straight kurta - blue,"Size:Large,Medium,Small,X-Large,XX-Large,XXX-Large","Rs
1915",766,60% off,Indianwear-Women
13353,Aurelia,Band with placket cotton womens knee length kurta - natural,"Size:Large,Medium,Small,X-Large,X-Small,XX-Large",Nan,1599,No Discount,Indianwear-Women
13354,Ziyaa,Floral round neck polyester womens ethnic set - blue,"Size:Large,Medium,Small,X-Large,XX-Large,XXX-Large","Rs
2528",1011,60% off,Indianwear-Women
13355,Aurelia,Dyed rayon womens ethnic set - peach,"Size:Large,Medium,Small,X-Large,X-Small,XX-Large","Rs
4299",3009,30% off,Indianwear-Women
13356,Janasya,Cotton womens western dresses with pocket - white,"Size:Large,Medium,Small,X-Large,XX-Large,XXX-Large","Rs
2298",1263,45% off,Indianwear-Women
13357,Janasya,Womens light green poly crepe kurta (jne3429) - green,"Size:Small,X-Large","Rs
1449",579,60% off,Indianwear-Women
13358,Aurelia,Printed georgette round neck womens flared kurta - yellow,"Size:Large,Medium,Small,X-Large,X-Small,XX-Large",Nan,2999,No Discount,Indianwear-Women
13359,Amukti,Stripes mandarin regular fit womens kurti - red,"Size:Large,Medium,Small,X-Large","Rs
1299",909,30% off,Indianwear-Women
13360,Juniper,Solid cotton regular fit womens full length palazzos - natural,"Size:4X-Large,X-Large,XXX-Large","Rs
1699",849,50% off,Indianwear-Women
13361,Janasya,Solid round neck georgette womens full length kurta with dupatta - peach,"Size:Large,Medium,Small,X-Large,X-Small,XX-Large","Rs
2879",1727,40% off,Indianwear-Women
13362,Yuris,Floral cotton round neck womens kurta set - sea green,"Size:Medium,Small,XX-Large,XXX-Large","Rs
3999",1399,65% off,Indianwear-Women
13363,Global desi,Womens printed kurta - yellow,"Size:XL,Large,X-Small","Rs
1999",599,70% off,Indianwear-Women
13364,Biba,Printed viscose round neck womens pant kurta dupatta set - mustard,"Size:32,34,42","Rs
2999",2099,30% off,Indianwear-Women
13365,Yuris,Motif cotton mandarin womens regular kurta - multi,"Size:Medium,Small","Rs
1899",664,65% off,Indianwear-Women
13366,Yuris,Printed round neck cotton womens kaftan with trousers - multi,"Size:Large,Medium,Small,X-Large,XX-Large","Rs
2799",1259,55% off,Indianwear-Women
13367,Yuris,Printed cotton mandarin womens salwar suit - multi,Size:Small,"Rs
2499",1249,50% off,Indianwear-Women
13368,Global desi,Geometric polyester boat neck womens casual wear suit - rose,"Size:XL,Large,Medium,Small,XX-Large","Rs
3599",2519,30% off,Indianwear-Women
13369,Biba,Printed modal v-neck womens straight fit kurta - ochre,Size:36,"Rs
2299",1379,40% off,Indianwear-Women
13370,Juniper,Polka print rayon slub regular sleeves womens peplum tunic - sky blue,"Size:Large,Medium,Small,X-Large,XX-Large","Rs
1299",779,40% off,Indianwear-Women
13371,Juniper,Womens grey chanderi embellished jacket style 2 piece kurta with cambric lining - grey,"Size:Large,Medium,Small,X-Large,X-Small,XX-Large","Rs
3099",1549,50% off,Indianwear-Women
13372,Juniper,Floral rayon round neck womens flared dress - white,"Size:Large,Medium,Small,X-Large,XX-Large","Rs
2299",1034,55% off,Indianwear-Women
13373,Varanga,Womens indigo blue and silver printed sleeveless crop top with asymmetrical hemline - blue,"Size:Large,X-Large","Rs
1299",519,60% off,Indianwear-Women
13374,Varanga,Viscose rayon womens ethnic palazzos - natural,"Size:Large,Medium,Small,X-Large,XX-Large","Rs
1999",899,55% off,Indianwear-Women
13375,Juniper,Printed rayon mandarin womens tiered dress - indigo,"Size:Large,Medium,Small,X-Large",Nan,2699,No Discount,Indianwear-Women
13376,Haute curry,Printed ankle length casual wear straight border dress - turquoise,"Size:Large,Medium,Small,X-Small,XX-Large","Rs
1299",649,50% off,Indianwear-Women
13377,Janasya,Polka dots cotton round neck womens flared kurta palazzo set - yellow,"Size:Small,X-Small,XX-Large","Rs
3599",1079,70% off,Indianwear-Women
13378,Yuris,Printed round neck cotton womens a-line ethnic dress - navy,"Size:Small,X-Large,X-Small","Rs
1999",799,60% off,Indianwear-Women
13379,Janasya,Embroidered round neck polyester womens regular fit dress - green,Size:X-Small,"Rs
4198",1259,70% off,Indianwear-Women
13380,Global desi,Self design cotton tie-up neck womens straight top - pink,Size:Small,"Rs
2599",1689,35% off,Indianwear-Women
13381,Juniper,Printed regular fit rayon womens fusion dhoti pants - gold,Size:X-Small,"Rs
1049",419,60% off,Indianwear-Women
13382,Haute curry,Printed ankle length casual wear shirt dress - grey,Size:X-Small,"Rs
1499",749,50% off,Indianwear-Women
13383,Varanga,Gotta patti boat neck silk blend designer womens ethnic set - mustard,Size:XX-Large,"Rs
6799",2039,70% off,Indianwear-Women
13384,Varanga,Womens charcoal crop top with quirky bird print on front panel and full length placket at back - charcoal,"Size:Large,Medium,X-Large","Rs
1299",519,60% off,Indianwear-Women
13385,Indya,Solid cotton blend regular fit womens sharara - blue,"Size:Large,Medium,Small,X-Large,X-Small,XX-Large",Nan,1800,No Discount,Indianwear-Women
13386,Myshka,Printed v neck womens top - green,",Medium,Small,X-Large,XX-Large","Rs
1999",599,70% off,Indianwear-Women
13387,Juniper,Embroidered cotton v neck womens peplum tunic - white,"Size:Large,Medium,Small,X-Large","Rs
3299",1649,50% off,Indianwear-Women
13388,Indya,Floral round neck georgette womens regular top - indigo,"Size:Large,Medium,Small,X-Large,X-Small,XX-Large","Rs
1500",750,50% off,Indianwear-Women
13389,Global desi,Solid viscose round neck womens flared top - pink mix,"Size:XL,Large,Medium,Small,X-Small,XX-Large","Rs
2699",2159,20% off,Indianwear-Women
13390,Ziyaa,Printed polyester mandarin womens straight kurta - navy,"Size:Large,Medium,Small,X-Large,XX-Large,XXX-Large","Rs
2037",712,65% off,Indianwear-Women
13391,Juniper,Solid rayon regular fit womens full length palazzos - off white,"Size:5X-Large,X-Large,XXX-Large","Rs
1599",879,45% off,Indianwear-Women
13392,Janasya,Rayon womens kurta and palazzo set - mauve,"Size:Medium,Small,X-Small,XX-Large,XXX-Large","Rs
2799",1539,45% off,Indianwear-Women
13393,W,Solid relaxed fit polyester womens pants - pink,"Size:Large,Medium,Small","Rs
1899",1424,25% off,Indianwear-Women
13394,Stop,Womens rayon round neck a-line kurta - natural,Size:S,"Rs
999",499,50% off,Indianwear-Women
13395,Global desi,Solid viscose regular fit womens fusion trousers - natural,"Size:XL,Large,Medium,Small,X-Small,XX-Large",Nan,1599,No Discount,Indianwear-Women
13396,Biba,Printed cotton mandarin womens salwar kurta dupatta set - multi,"Size:32,34,36,38,42",Nan,3599,No Discount,Indianwear-Women
13397,Aurelia,Dyed collared neck viscose womens straight fit dress - blue,"Size:Large,Medium,Small,X-Large,X-Small,XX-Large","Rs
1999",1399,30% off,Indianwear-Women
13398,Juniper,Printed rayon v neck womens flared dress - cream,"Size:Large,Medium,Small,X-Large,X-Small,XX-Large",Nan,3499,No Discount,Indianwear-Women
13399,Suti,Solid cotton round neck womens straight kurti - navy,"Size:Large,Medium,Small,X-Large,X-Small,XX-Large","Rs
1349",1079,20% off,Indianwear-Women
13400,Janasya,Printed v- neck flared designer womens kurtas - green,"Size:Large,Medium,Small,XX-Large","Rs
1599",639,60% off,Indianwear-Women
13401,Kami kubi,Floral cotton v neck womens a line kurta - yellow,"Size:Large,Medium,Small,X-Large,X-Small,XX-Large","Rs
2299",919,60% off,Indianwear-Women
13402,Janasya,Womens mustard poly crepe kurta (jne3437) - yellow,"Size:Medium,Small,X-Small,XX-Large,XXX-Large","Rs
1699",764,55% off,Indianwear-Women
13403,Myshka,Printed round neck womens kurti - green,",Medium,Small,X-Large,XX-Large","Rs
2499",624,75% off,Indianwear-Women
13404,Global desi,Solid round neck womens tunic - light blue,"Size:XL,Medium,Small,X-Small","Rs
2399",1199,50% off,Indianwear-Women
13405,W,Jacquard poly viscose round neck womens flared dress - wine,"Size:6,14","Rs
5999",2999,50% off,Indianwear-Women
13406,W,Printed viscose round neck womens calf length kurta - green,"Size:8,12,14,16","Rs
1899",949,50% off,Indianwear-Women
13407,Janasya,Womens turquoise blue rayon kurta with pant and dupatta (set043) - blue,"Size:Large,Medium,Small,X-Large,X-Small,XX-Large,XXX-Large","Rs
4699",1644,65% off,Indianwear-Women
13408,Janasya,Cotton womens tunic - maroon,"Size:Large,Medium,Small,X-Large,X-Small","Rs
1299",714,45% off,Indianwear-Women
13409,Ziyaa,Floral round neck rayon womens ethnic set - maroon,"Size:Large,Medium,Small,X-Large,XX-Large,XXX-Large","Rs
2198",879,60% off,Indianwear-Women
13410,Suti,Solid cotton mandarin womens straight kurti - mustard,"Size:Large,Medium,Small,X-Small,XX-Large","Rs
1145",916,20% off,Indianwear-Women
13411,Myshka,Solid cotton round neck womens dress - pink,",Medium,Small,X-Large,XX-Large","Rs
4499",899,80% off,Indianwear-Women
13412,Ziyaa,Floral rayon mandarin womens straight kurta - peacock,"Size:Large,Medium,Small,X-Large,XX-Large,XXX-Large","Rs
1898",759,60% off,Indianwear-Women
13413,Ziyaa,Printed crepe round neck womens straight kurta - natural,"Size:Large,Medium,Small,X-Large,XX-Large,XXX-Large","Rs
1390",625,55% off,Indianwear-Women
13414,Global desi,Women round neck abstract kurta - red,"Size:XL,Large,Medium,Small,X-Small","Rs
1999",599,70% off,Indianwear-Women
13415,Stop,Fitted full length cotton lycra womens leggings - yellow,"Size:S,M,L,X-Large,X-Small","Rs
499",349,30% off,Indianwear-Women
13416,De moza,Embroidered rayon regular fit womens palazzos - off white,"Size:Large,Medium,Small,X-Large","Rs
1499",899,40% off,Indianwear-Women
13417,Varanga,Womens self pattern palazzo - silver grey,"Size:Large,Medium,Small,X-Large,XX-Large","Rs
1599",639,60% off,Indianwear-Women
13418,Stop,Solid straight fit cotton lycra womens all occasions pants - grey,"Size:S,M,L,XL",Nan,599,No Discount,Indianwear-Women
13419,Haute curry,Embroidered crepe round neck womens regular tunic - green,"Size:Large,Medium,Small,X-Large,X-Small,XX-Large","Rs
1299",649,50% off,Indianwear-Women
13420,Juniper,Solid cotton dobby mandarin womens a-line kurta - yellow,"Size:Large,Medium,Small,X-Large","Rs
1999",999,50% off,Indianwear-Women
13421,Varanga,Solid silk blend round neck womens straight fit ethnic set - rust,"Size:Large,Medium,Small,X-Large,XX-Large","Rs
5999",2399,60% off,Indianwear-Women
13422,Varanga,Zari round neck silk blend designer womens ethnic set - peacock,"Size:Medium,Small,X-Large,XX-Large","Rs
5999",2099,65% off,Indianwear-Women
13423,W,Printed viscose round neck womens a-line kurta - blue,"Size:6,10","Rs
1999",999,50% off,Indianwear-Women
13424,Aurelia,Printed viscose round neck womens straight kurta - pink,"Size:Medium,Small,X-Small",Nan,1499,No Discount,Indianwear-Women
13425,Aurelia,Printed viscose womens festive palazzo - white,"Size:Large,Medium,Small,X-Large","Rs
1199",839,30% off,Indianwear-Women
13426,Indya,Printed georgette v neck womens regular tunic - purple,Size:Large,"Rs
3200",1600,50% off,Indianwear-Women
13427,Biba,Printed cotton round neck womens salwar kurta dupatta set - coral,"Size:38,40,42",Nan,6999,No Discount,Indianwear-Women
13428,Neerus,Printed mandarin rayon blend womens kurta palazzo set - peach,"Size:X-Large,XX-Large","Rs
2999",1499,50% off,Indianwear-Women
13429,Biba,Printed round neck straight fit womens kurta - terracotta,"Size:32,34,36,38","Rs
2299",1839,20% off,Indianwear-Women
13430,Varanga,Womens peach chanderi foil printed straight kurta - peach,Size:Medium,"Rs
3399",1529,55% off,Indianwear-Women
13431,Janasya,Tie and dye round neck regular fit womens kurta - black,"Size:Large,Medium,Small,X-Large,X-Small,XX-Large,XXX-Large","Rs
2199",1099,50% off,Indianwear-Women
13432,W,Dobby cotton blend round neck womens kurta - peach,"Size:6,8,10,12,14,16,18",Nan,1899,No Discount,Indianwear-Women
13433,Aurelia,Band with placket cotton womens knee length kurta - yellow,"Size:Large,Medium,Small,X-Large,X-Small",Nan,1199,No Discount,Indianwear-Women
13434,W,Solid viscose round neck womens kurta - light brown,"Size:6,8,10,12,14,16,18",Nan,3599,No Discount,Indianwear-Women
13435,Neerus,Printed rayon blend round neck womens calf length kurta - maroon,Size:XXX-Large,"Rs
2499",1249,50% off,Indianwear-Women
13436,Ira soleil,Embellished skinny fit polyester womens festive wear pants - silver cloud,"Size:Large,Medium,Small,X-Large,XX-Large",Nan,1999,No Discount,Indianwear-Women
13437,Janasya,Solid silk round neck womens kurta palazzo set with dupatta - sky blue,"Size:Large,Medium,Small,X-Small,XX-Large","Rs
2899",1304,55% off,Indianwear-Women
13438,Varanga,Womens mandarin collar geometric kurta set - black,"Size:Large,Medium,Small,X-Large,XX-Large","Rs
2999",1499,50% off,Indianwear-Women
13439,Fusion beats,Womens v- neck slub jumpsuit - blue,"Size:Medium,X-Large,XX-Large","Rs
2899",1159,60% off,Indianwear-Women
13440,Juniper,Printed rayon round neck womens straight kurta - black,"Size:Large,Medium,Small,X-Large","Rs
1499",599,60% off,Indianwear-Women
13441,W,Printed cambric round neck womens straight kurta - green,"Size:6,8,10,12,14,16,18",Nan,1799,No Discount,Indianwear-Women
13442,Ziyaa,Checks round neck polyester womens ethnic set - black,"Size:Large,Medium,Small,X-Large,XX-Large,XXX-Large","Rs
1953",878,55% off,Indianwear-Women
13443,Juniper,Printed rayon round neck womens straight kurta - jade,"Size:Large,Medium,Small,X-Large","Rs
1499",599,60% off,Indianwear-Women
13444,Zink london,Textured polyester womens full length palazzo - pink,"Size:Large,Medium,Small,X-Large,X-Small","Rs
1899",1139,40% off,Indianwear-Women
13445,Ziyaa,Floral round neck rayon womens ethnic set - black,"Size:Large,Medium,Small,X-Large,XX-Large,XXX-Large","Rs
2347",938,60% off,Indianwear-Women
13446,Myshka,Printed cotton blend round neck womens dress - green,"Size:Large,Medium,Small,X-Large,XX-Large","Rs
1899",759,60% off,Indianwear-Women
13447,Ziyaa,Printed round neck rayon womens salwar kurta and dupatta set - maroon,"Size:Large,Medium,Small,X-Large,XX-Large,XXX-Large","Rs
3600",1440,60% off,Indianwear-Women
13448,W,Solid chanderi mandarin womens flared dress - ecru,"Size:6,8,10,16,18",Nan,6599,No Discount,Indianwear-Women
13449,Kashish,Embroidered cotton womens full length palazzos - navy,"Size:Large/X-Large,Small/Medium","Rs
1499",749,50% off,Indianwear-Women
13450,W,Solid round neck cotton blend womens calf length kurta - off white,"Size:6,8,10,12,14,16,18",Nan,2299,No Discount,Indianwear-Women
13451,Neerus,Floral flex round neck womens salwar kurta dupatta set - pink,Size:Large,"Rs
3799",3039,20% off,Indianwear-Women
13452,Indya,Black foil strappy georgette crop top - black,Size:XX-Large,"Rs
1200",600,50% off,Indianwear-Women
13453,Global desi,Floral key hole neck womens kurta - pink,"Size:XL,Medium,Small,X-Small","Rs
1999",799,60% off,Indianwear-Women
13454,Ziyaa,Geometric round neck rayon womens ethnic set - blue,"Size:Large,Medium,Small,X-Large,XX-Large,XXX-Large","Rs
2667",1066,60% off,Indianwear-Women
13455,Ziyaa,Stripes rayon round neck womens straight kurta - cream,"Size:Large,Medium,Small,X-Large,XX-Large,XXX-Large","Rs
1752",700,60% off,Indianwear-Women
13456,W,Printed polyester mandarin womens ethnic set - ecru,Size:8,Nan,4999,No Discount,Indianwear-Women
13457,W,Printed poly viscose round neck womens a line kurta - brown,"Size:6,8,10,12,14,16,18",Nan,2599,No Discount,Indianwear-Women
13458,Ritu kumar,Round neck cotton blend womens long dress - peacock,"Size:Large,Medium,Small,X-Small",Nan,4900,No Discount,Indianwear-Women
13459,Stop,Printed rayon mandarin womens knee length kurta - off white,"Size:S,M,L,X-Large,X-Small,XX-Large,XXX-Large","Rs
799",559,30% off,Indianwear-Women
13460,Myshka,Printed round neck womens kurti - yellow,",Medium,Small,X-Large,XX-Large","Rs
2299",689,70% off,Indianwear-Women
13461,Indya,Printed cotton regular fit womens maxi dress - green,"Size:Large,Medium,Small,X-Large,X-Small",Nan,2400,No Discount,Indianwear-Women
13462,W,Printed round neck cotton womens calf length kurta - grey,"Size:6,8,10,12,14,16,18",Nan,1799,No Discount,Indianwear-Women
13463,Aurelia,Round neck rayon womens below knee kurta - blue,"Size:Large,Medium,Small,X-Large,X-Small,XX-Large","Rs
1199",839,30% off,Indianwear-Women
13464,Global desi,Geometric polyester round neck womens knee length kurta - powder blue,"Size:XL,Large,Medium,X-Small,XX-Large","Rs
2999",2399,20% off,Indianwear-Women
13465,Ziyaa,Solid mandarin rayon womens salwar kurta and dupatta set - black,"Size:Large,Medium,Small,X-Large,XX-Large,XXX-Large","Rs
3811",1524,60% off,Indianwear-Women
13466,Global desi,Solid round neck cotton womens knee length kurta - white,"Size:XL,Large,Medium,Small,X-Small,XX-Large",Nan,2699,No Discount,Indianwear-Women
13467,Sanaa,Printed rayon mandarin womens mid thigh length kurti - blue,"Size:Large,Medium,Small,X-Large,XX-Large","Rs
1049",734,30% off,Indianwear-Women
13468,Aurelia,Dyed cotton round neck womens straight kurta - red,"Size:Medium,Small,XX-Large",Nan,1049,No Discount,Indianwear-Women
13469,Janasya,Womens turquoise blue poly crepe kurta (jne3399) - blue,"Size:Large,Medium,Small,X-Small,XX-Large","Rs
1549",619,60% off,Indianwear-Women
13470,Haute curry,Embroidered crepe tie up neck womens straight fit top - navy,"Size:Large,Medium,Small,X-Large,X-Small","Rs
1199",599,50% off,Indianwear-Women
13471,Haute curry,Solid crepe v-neck womens straight fit top - white,"Size:Large,Medium,Small,X-Large,X-Small,XX-Large","Rs
999",499,50% off,Indianwear-Women
13472,Global desi,Solid cotton tie-up neck womens straight tunic - mustard,"Size:Small,X-Small","Rs
2699",1349,50% off,Indianwear-Women
13473,Global desi,Floral polyester round neck womens straight tunic - red,"Size:XL,Large,Medium,Small,X-Small,XX-Large","Rs
2799",1399,50% off,Indianwear-Women
13474,Kashish,Printed viscose blend womens full length palazzos - grey,"Size:Large/X-Large,Small/Medium","Rs
1299",649,50% off,Indianwear-Women
13475,Aurelia,Printed viscose round neck womens flared dress - red,"Size:Small,XX-Large","Rs
1799",899,50% off,Indianwear-Women
13476,Yuris,Solid cotton round neck womens kurta set - yellow,"Size:Large,Medium,Small,X-Large,XX-Large,XXX-Large","Rs
3499",1399,60% off,Indianwear-Women
13477,Biba,Printed 3/4th sleeves rayon womens festive palazzo - cherry,Size:Medium,"Rs
1299",779,40% off,Indianwear-Women
13478,Ziyaa,Printed crepe round neck womens straight kurta - black,"Size:Large,Medium,Small,X-Large,XX-Large,XXX-Large","Rs
1248",624,50% off,Indianwear-Women
13479,Aurelia,Dyed viscose round neck womens above knee kurta - white,Size:X-Large,"Rs
1699",849,50% off,Indianwear-Women
13480,Juniper,Womens navy rayon solid wide-leg palazzo with lace detailing - navy,"Size:Large,Medium,Small,X-Large,XX-Large","Rs
1799",719,60% off,Indianwear-Women
13481,Varanga,Gotta patti mandarin collar silk blend womens ethnic set - sea green,"Size:X-Large,XX-Large","Rs
4599",1609,65% off,Indianwear-Women
13482,Juniper,Solid key hole neck asymmetrical womens kurta - coral,Size:X-Small,"Rs
2999",899,70% off,Indianwear-Women
13483,De moza,Womens solid long skirt - midnight,"Size:Large,Medium,X-Large",Nan,1999,No Discount,Indianwear-Women
13484,Kashish,Embroidered mandarin neck a-line womens kurta - gold,"Size:Small,X-Large,X-Small","Rs
1799",899,50% off,Indianwear-Women
13485,Global desi,Womens solid top - teal,"Size:XL,Large,Small,X-Small","Rs
2099",839,60% off,Indianwear-Women
13486,Haute curry,Printed mid thigh casual wear high low tunic - yellow,"Size:Large,Medium,Small,X-Large,X-Small,XX-Large","Rs
899",449,50% off,Indianwear-Women
13487,Myshka,Printed silk blend round neck womens kurta palazzo set - black,Size:XX-Large,"Rs
5999",1499,75% off,Indianwear-Women
13488,W,Printed cotton collar neck womens straight kurta - blue,"Size:8,12",Nan,2799,No Discount,Indianwear-Women
13489,Janasya,Poly chanderi womens kurta and pant set - green,Size:Medium,"Rs
3598",1439,60% off,Indianwear-Women
13490,Amukti,Floral mandarin regular fit womens kurti - white,Size:XX-Large,"Rs
1299",909,30% off,Indianwear-Women
13491,Global desi,Floral sweetheart neck womens kurta - off white,"Size:Medium,X-Small","Rs
1999",1199,40% off,Indianwear-Women
13492,Janasya,Schiffli cotton round neck womens crop top - red,"Size:X-Large,XX-Large,XXX-Large","Rs
1398",559,60% off,Indianwear-Women
13493,W,Solid viscose round neck womens straight fit kurta - green,Size:14,"Rs
3299",1649,50% off,Indianwear-Women
13494,Global desi,Womens v neck printed flared dress - mustard,"Size:Small,X-Small","Rs
3299",1319,60% off,Indianwear-Women
13495,Amukti,Pleated rayon womens kurta - indigo,"Size:X-Large,XX-Large","Rs
999",499,50% off,Indianwear-Women
13496,Global desi,Womens regular fit geometric kurta - natural,"Size:XL,Large,Medium,Small,XX-Large","Rs
2199",659,70% off,Indianwear-Women
13497,Global desi,Floral cotton round neck womens flared gown - pink,"Size:XL,Large,Medium,Small,X-Small",Nan,3899,No Discount,Indianwear-Women
13498,Stop,Printed v neck assymetrical fit womens kurta - rust,"Size:S,M,L,X-Large,X-Small,XX-Large","Rs
1499",749,50% off,Indianwear-Women
13499,Janasya,Floral rayon round neck womens kurta palazzo set - white,"Size:Large,Medium,Small,X-Large,X-Small,XX-Large,XXX-Large","Rs
2899",1159,60% off,Indianwear-Women
13500,Amukti,Pleated rayon womens kurta - navy,"Size:Large,Medium,Small,X-Large,XX-Large,XXX-Large","Rs
1499",749,50% off,Indianwear-Women
13501,W,Dyed cotton blend round neck womens calf length kurta - green,"Size:6,8,10,12,14,16,18",Nan,1999,No Discount,Indianwear-Women
13502,Ziyaa,Floral round neck crepe womens salwar kurta and dupatta set - black,"Size:Large,Medium,Small,X-Large,XX-Large,XXX-Large","Rs
3727",1490,60% off,Indianwear-Women
13503,Gipsy,Checks cotton v-neck womens tunic - natural,"Size:Medium,X-Large,XX-Large,XXX-Large","Rs
1495",1046,30% off,Indianwear-Women
13504,Kashish,Embroidered round neck straight fit womens kurta - lime green,"Size:Large,Medium,Small,X-Large,X-Small,XX-Large","Rs
999",499,50% off,Indianwear-Women
13505,Ziyaa,Solid crepe round neck womens kurta palazzo set - pink,"Size:Large,Medium,Small,X-Large,XX-Large,XXX-Large","Rs
2214",885,60% off,Indianwear-Women
13506,Aurelia,Round neck cotton womens knee length kurta - green,"Size:Large,Medium,Small,X-Large,X-Small,XX-Large","Rs
1049",734,30% off,Indianwear-Women
13507,De moza,Womens layered solid skirt - bottle green,"Size:Large,Medium,Small,X-Large",Nan,1999,No Discount,Indianwear-Women
13508,Ira soleil,Embellished polyester collar neck womens regular top - gold,"Size:Large,Medium,Small,X-Large",Nan,1299,No Discount,Indianwear-Women
13509,Stop,Printed rayon round neck womens calf length kurta - grey,"Size:S,M,L,X-Large,X-Small,XX-Large",Nan,1199,No Discount,Indianwear-Women
13510,W,Dyed viscose round neck womens calf length kurta - pink,"Size:8,10,12",Nan,1799,No Discount,Indianwear-Women
13511,Varanga,Off white and gold geometric printed fully elasticated pants - off white,"Size:Medium,Small,XX-Large","Rs
2599",649,75% off,Indianwear-Women
13512,Ziyaa,Floral round neck rayon womens ethnic set - maroon,"Size:Large,Medium,Small,X-Large,XX-Large,XXX-Large","Rs
2358",943,60% off,Indianwear-Women
13513,W,Printed viscose mandarin neck womens flared kurta - purple,Size:8,"Rs
1899",1329,30% off,Indianwear-Women
13514,Myshka,Printed cotton round neck womens dress - brown,"Size:Large,Medium,Small,X-Large,XX-Large","Rs
1599",639,60% off,Indianwear-Women
13515,W,Solid round neck viscose womens calf length kurta - red,"Size:6,8,10,12,14,16,18","Rs
1999",1499,25% off,Indianwear-Women
13516,Varanga,Womens mandarin collar floral kurta set - pink,"Size:Large,X-Large,XX-Large","Rs
4199",2099,50% off,Indianwear-Women
13517,Ziyaa,Printed round neck rayon womens ethnic set - blue,"Size:Large,Medium,Small,X-Large,XX-Large,XXX-Large","Rs
2497",998,60% off,Indianwear-Women
13518,Suti,Printed cotton v neck womens ethnic set - bottle green,"Size:Large,Medium,Small,X-Large,XX-Large","Rs
2899",2319,20% off,Indianwear-Women
13519,Ziyaa,Printed crepe round neck womens straight kurta - pink,"Size:Large,Medium,Small,X-Large,XX-Large,XXX-Large","Rs
1512",604,60% off,Indianwear-Women
13520,Janasya,Foil georgette round neck womens kurta palazzo set with dupatta - navy,"Size:Large,Medium,Small,X-Large,X-Small,XX-Large","Rs
3649",2189,40% off,Indianwear-Women
13521,Global desi,Solid viscose rayon shirt collar women's kurta - black,"Size:XL,Large,Medium,Small,X-Small","Rs
2199",1099,50% off,Indianwear-Women
13522,Haute curry,Womens regular fit printed tops - navy,"Size:Large,Medium,Small,X-Large,X-Small","Rs
899",449,50% off,Indianwear-Women
13523,Aurelia,Dyed cotton boat neck womens straight kurta - black,"Size:4X-Large,Large,Medium,Small,X-Small","Rs
999",699,30% off,Indianwear-Women
13524,W,Printed cotton round neck womens kurta - ecru,"Size:6,8,10,12,14,16,18",Nan,2799,No Discount,Indianwear-Women
13525,Biba,Printed cotton round neck womens salwar kurta dupatta set - yellow,"Size:32,34,36,38,40","Rs
3299",1979,40% off,Indianwear-Women
13526,Stop,Womens wide leg printed palazzo - mustard,"Size:Large/X-Large,Small/Medium","Rs
899",449,50% off,Indianwear-Women
13527,Yuris,Hem design cotton womens festive wear palazzos - off white,"Size:28,30,32,34,36,38","Rs
1699",764,55% off,Indianwear-Women
13528,Yuris,Checks cotton round neck womens a-line kurta - multi,"Size:Large,Medium,Small,X-Large","Rs
1899",664,65% off,Indianwear-Women
13529,Global desi,Ethnic motifs viscose round neck womens fit and flare dress - mid blue,"Size:XL,Large,Medium,Small,X-Small","Rs
2599",1689,35% off,Indianwear-Women
13530,Janasya,Poly crepe womens kurta - peacock,"Size:Large,Medium,Small,X-Large,X-Small,XX-Large,XXX-Large","Rs
1399",629,55% off,Indianwear-Women
13531,W,Solid poly viscose regular fit womens casual slim pants - ecru,"Size:6,8,10,12,14,16,18",Nan,1399,No Discount,Indianwear-Women
13532,Varanga,Printed cotton round neck womens ethnic set - grey,"Size:Small,X-Large,XX-Large",Nan,3799,No Discount,Indianwear-Women
13533,Varanga,Round neck womens kurta - orange,"Size:Large,Medium,Small,X-Large,XX-Large","Rs
1799",809,55% off,Indianwear-Women
13534,Ira soleil,Self design polyester womens lehenga choli set - gold,"Size:Large,Medium,Small,X-Large",Nan,10599,No Discount,Indianwear-Women
13535,Varanga,Gotta patti round neck womens kurta - magenta,"Size:Large,Small,X-Large,XX-Large","Rs
2799",1119,60% off,Indianwear-Women
13536,Varanga,Mandarin collar womens kurta - pink,"Size:Medium,X-Large","Rs
3299",1979,40% off,Indianwear-Women
13537,Global desi,Womens regular fit solid pallazos - natural,"Size:Large,Medium,Small,X-Small","Rs
2799",1399,50% off,Indianwear-Women
13538,Haute curry,Printed full length casual wear skirt - turquoise,"Size:Large/X-Large,Small/Medium","Rs
1299",649,50% off,Indianwear-Women
13539,Aurelia,Printed polyester round neck womens ethnic set - blue,Size:Medium,"Rs
3999",1999,50% off,Indianwear-Women
13540,Infuse,Solid straight fit cotton lycra womens casual wear pants - natural,Size:X-Small,"Rs
899",449,50% off,Indianwear-Women
13541,Global desi,Printed cotton v neck womens knee length kurta - white,Size:Small,"Rs
2999",1499,50% off,Indianwear-Women
13542,Amukti,Ankle length rayon womens kurta - white,Size:Small,"Rs
1299",649,50% off,Indianwear-Women
13543,W,Solid chanderi round neck womens a line kurta - grey,"Size:6,16",Nan,2999,No Discount,Indianwear-Women
13544,Janasya,Embroidered round neck regular fit womens tunic - blue,"Size:Small,X-Small","Rs
1669",751,55% off,Indianwear-Women
13545,Aurelia,Dyed regular fit cotton womens casual trousers - purple,Size:Medium,"Rs
899",539,40% off,Indianwear-Women
13546,Stop,Womens rayon mandarin collar a-line kurta - navy,"Size:S,X-Small","Rs
1499",749,50% off,Indianwear-Women
13547,Juniper,Printed georgette round neck womens flared dress - grey,Size:X-Small,"Rs
3299",1979,40% off,Indianwear-Women
13548,Janasya,Round neck crepe straight fit womens kurti with sharara and dupatta set - peacock,"Size:Small,X-Small","Rs
3199",1119,65% off,Indianwear-Women
13549,Aurelia,Dyed cotton round neck womens straight kurta - green,"Size:Large,Medium,Small,X-Small",Nan,1499,No Discount,Indianwear-Women
13550,Kami kubi,Printed cotton v neck womens regular top - black,"Size:Medium,X-Small","Rs
1199",659,45% off,Indianwear-Women
13551,Yuris,Printed round neck cotton womens kurta palazzo set - mustard,"Size:Small,XX-Large","Rs
3499",1399,60% off,Indianwear-Women
13552,Juniper,Ethnic motifs round neck chiffon womens flared dress - navy,"Size:Large,X-Large","Rs
3499",2449,30% off,Indianwear-Women
13553,Varanga,Maxi viscose rayon womens ethnic skirt - maroon,"Size:Medium,Small","Rs
2599",1299,50% off,Indianwear-Women
13554,Varanga,Printed cotton round neck womens calf length kurta - navy,Size:XX-Large,"Rs
2699",674,75% off,Indianwear-Women
13555,Janasya,Cotton womens top - black,"Size:Large,Medium,Small,X-Large,X-Small,XX-Large","Rs
1399",699,50% off,Indianwear-Women
13556,Ira soleil,Womens yellow all over printed jacket - purple,"Size:Large,Medium,Small,X-Large",Nan,1999,No Discount,Indianwear-Women
13557,W,Printed round neck a-line womens kurta - white,Size:10,"Rs
4999",2499,50% off,Indianwear-Women
13558,Aurelia,Dyed cotton round neck womens ethnic set - green,"Size:Large,Medium,Small,X-Large,X-Small,XX-Large","Rs
1699",1189,30% off,Indianwear-Women
13559,Myshka,Printed polyester mandarin womens regular kurta - navy,"Size:Large,Medium,Small,X-Large,XX-Large","Rs
1499",524,65% off,Indianwear-Women
13560,Ziyaa,Printed polyester round neck womens straight kurta - pink,"Size:Large,Medium,Small,X-Large,XX-Large,XXX-Large","Rs
1935",677,65% off,Indianwear-Women
13561,Stop,Printed round neck straight fit womens kurta - blue,"Size:S,M,L,X-Large,X-Small","Rs
999",499,50% off,Indianwear-Women
13562,Stop,Printed cotton mandarin womens knee length kurta - purple,"Size:XL,Large,Medium,Small,X-Small,XX-Large,XXX-Large",Nan,899,No Discount,Indianwear-Women
13563,Biba,Womens light pink viscose kurta dress - baby pink,"Size:36,38","Rs
2999",1499,50% off,Indianwear-Women
13564,Janasya,Floral cotton round neck womens kurta palazzo set with dupatta - green,"Size:Small,X-Small,XX-Large","Rs
4399",1539,65% off,Indianwear-Women
13565,Global desi,Regular length cotton straight fit womens pants - aqua,"Size:XL,Large,Medium,Small,X-Small,XX-Large","Rs
1699",1104,35% off,Indianwear-Women
13566,Myshka,Embroidered viscose round neck womens kurta palazzo set - mustard,",Medium,Small,X-Large,XX-Large","Rs
5499",1374,75% off,Indianwear-Women
13567,Biba,Yarndyed band collar flared womens kurta - multi,Size:42,"Rs
1999",1199,40% off,Indianwear-Women
13568,Ziyaa,Checks round neck polyester womens ethnic set - black,"Size:Large,Medium,Small,X-Large,XX-Large,XXX-Large","Rs
2095",942,55% off,Indianwear-Women
13569,W,Solid cotton blend round neck womens calf length kurta - ecru,"Size:6,8,10,12,14,16,18",Nan,2299,No Discount,Indianwear-Women
13570,W,Dyed cotton regular fit womens kurta set - ecru,"Size:6,8,10,12,14,16,18",Nan,3999,No Discount,Indianwear-Women
13571,Aurelia,Dyed cotton round neck womens above knee kurta - blue,"Size:Large,Medium,Small,X-Large,X-Small,XX-Large","Rs
1049",734,30% off,Indianwear-Women
13572,Juniper,Embroidered cotton round neck womens straight fit kurta - white,"Size:4X-Large,5X-Large,X-Large,XXX-Large","Rs
2098",944,55% off,Indianwear-Women
13573,Kashish,Embroidered mandarian collar straight fit womens kurta - natural,"Size:Large,Medium,Small,X-Large,X-Small,XX-Large","Rs
1999",999,50% off,Indianwear-Women
13574,Janasya,Embroidered cotton mandarin womens kurta - green,Size:X-Small,"Rs
2298",919,60% off,Indianwear-Women
13575,Neerus,Embroidered modal round neck womens a-line kurta - yellow,"Size:Large,Medium,X-Large","Rs
2499",1249,50% off,Indianwear-Women
13576,Myshka,Printed viscose round neck womens kurta palazzo set - mustard,",Medium,Small,X-Large,XX-Large","Rs
5999",1499,75% off,Indianwear-Women
13577,Ziyaa,Printed rayon round neck womens straight kurta - navy,"Size:Large,Medium,Small,X-Large,XX-Large,XXX-Large","Rs
1647",658,60% off,Indianwear-Women
13578,Ziyaa,Geometric round neck polyester womens ethnic set - multi,"Size:Large,Medium,Small,X-Large,XX-Large,XXX-Large","Rs
3067",1226,60% off,Indianwear-Women
13579,Indya,Embellished georgette regular fit womens pants - blue,"Size:Medium,Small",Nan,1850,No Discount,Indianwear-Women
13580,Myshka,Solid cotton blend collar neck womens dress - multi,"Size:Medium,Small","Rs
1999",799,60% off,Indianwear-Women
13581,Global desi,Floral cotton round neck womens ethnic set - pink,"Size:XL,Large,Medium,Small,X-Small,XX-Large","Rs
3599",2339,35% off,Indianwear-Women
13582,Varanga,Womens mandarin collar floral kurta set - off white,"Size:Large,X-Large,XX-Large","Rs
2999",1499,50% off,Indianwear-Women
13583,W,Solid rayon blend round neck womens calf length kurta - green,"Size:14,18","Rs
1799",899,50% off,Indianwear-Women
13584,De moza,Solid skinny fit cotton womens leggings - orange,"Size:Large,Medium,X-Large,XX-Large",Nan,499,No Discount,Indianwear-Women
13585,Indya,Embroidered georgette v-neck womens a-line tunic - orange,"Size:Small,XX-Large","Rs
2450",1225,50% off,Indianwear-Women
13586,Indya,Solid georgette regular fit womens pants - white,Size:Small,"Rs
1800",900,50% off,Indianwear-Women
13587,Stop,Fitted full length cotton lycra womens leggings - maroon,"Size:S,M,L,X-Large,X-Small","Rs
499",349,30% off,Indianwear-Women
13588,Kashish,Womens key hole neck embroidered kurta - red,"Size:Large,X-Large",Nan,1499,No Discount,Indianwear-Women
13589,Stop,Womens solid legging for winter wear - black,"Size:Large,Medium,Small,XX-Large","Rs
899",449,50% off,Indianwear-Women
13590,Aarke,Printed polyester blend round neck womens short top - ecru,"Size:Large,Medium,Small",Nan,1900,No Discount,Indianwear-Women
13591,Ziyaa,Floral v-neck rayon womens ethnic set - maroon,"Size:Large,Medium,Small,X-Large,XX-Large,XXX-Large","Rs
2697",1078,60% off,Indianwear-Women
13592,Global desi,Round neck straight womens kurta - maroon,"Size:XL,Large,Medium,Small,X-Small,XX-Large","Rs
2699",2159,20% off,Indianwear-Women
13593,Aurelia,Mandarin straight designer womens kurtas - orange,"Size:Large,Medium,Small,X-Large,X-Small,XX-Large","Rs
1499",1049,30% off,Indianwear-Women
13594,Global desi,Geometric round neck straight womens kurta - yellow,"Size:XL,Large,Medium,Small,X-Small,XX-Large","Rs
2199",1099,50% off,Indianwear-Women
13595,Yuris,Solid round neck cotton womens kurta set - multi,"Size:Large,Medium,Small","Rs
4299",1504,65% off,Indianwear-Women
13596,Yuris,Printed round neck cotton womens kurta palazzo set - peach,"Size:Large,Medium,Small,XX-Large","Rs
2499",1124,55% off,Indianwear-Women
13597,Yuris,Geometric cotton round neck womens calf length kurta - black,"Size:Large,Medium,Small,X-Large,XX-Large,XXX-Large","Rs
1799",809,55% off,Indianwear-Women
13598,De moza,Printed regular fit cotton womens casual wear pants - black,"Size:Large,Medium,Small,X-Large,XX-Large","Rs
999",599,40% off,Indianwear-Women
13599,Kashish,Embroidered viscose blend womens full length palazzos - brown,"Size:Large/X-Large,Small/Medium","Rs
1299",649,50% off,Indianwear-Women
13600,Gipsy,Printed cotton mandarin womens tunic - red,"Size:Medium,Small,X-Large","Rs
1395",976,30% off,Indianwear-Women
13601,Haute curry,Solid round neck rayon womens flared dress - mustard,"Size:Large,Medium,Small,X-Large,X-Small,XX-Large","Rs
1499",749,50% off,Indianwear-Women
13602,Stop,Solid round neck straight womens kurta - mustard,"Size:S,M,L,X-Large,X-Small,XX-Large","Rs
899",449,50% off,Indianwear-Women
13603,Juniper,Womens maroon georgette printed straight kurta with printed sharara & dupatta - maroon,"Size:Large,Medium,Small,X-Large","Rs
3899",1949,50% off,Indianwear-Women
13604,Kashish,Embroidered round neck a-line womens kurta - blue,"Size:Large,Medium,Small,X-Large,X-Small,XX-Large","Rs
1999",999,50% off,Indianwear-Women
13605,Juniper,Ethnic motifs round neck rayon womens flared dress - maroon,"Size:Large,Medium,Small,X-Large","Rs
3599",1259,65% off,Indianwear-Women
13606,Juniper,Printed cotton boat neck womens ethnic set - blue,Size:XX-Large,"Rs
2999",1649,45% off,Indianwear-Women
13607,Global desi,Womens regular fit floral tunic - yellow,"Size:Medium,Small","Rs
1899",759,60% off,Indianwear-Women
13608,Varanga,Zari round neck designer womens ethnic set - magenta,"Size:Large,Small,X-Large,XX-Large","Rs
5999",2399,60% off,Indianwear-Women
13609,Global desi,Womens regular fit floral tunic - yellow,"Size:XL,Large,Medium,Small,X-Small","Rs
2299",689,70% off,Indianwear-Women
13610,Varanga,Embellished cotton mandarin neck womens regular fit kurta - pink,"Size:Large,Small","Rs
1999",599,70% off,Indianwear-Women
13611,Biba,Printed v neck cotton womens kurta palazzo - blue,"Size:36,38","Rs
3599",2879,20% off,Indianwear-Women
13612,Global desi,Geometric shoulder straps viscose womens flared dress - yellow,"Size:Large,Small","Rs
3299",1649,50% off,Indianwear-Women
13613,Indya,Womens round neck embroidered kurta - blue,"Size:Medium,Small,X-Small","Rs
1900",950,50% off,Indianwear-Women
13614,W,Solid cotton flex regular fit womens pants - pink,"Size:14,18","Rs
999",599,40% off,Indianwear-Women
13615,Varanga,Powder blue anarkali kurta with silver floral print and embroidery detailing on placket - blue,"Size:Large,X-Large","Rs
3199",1599,50% off,Indianwear-Women
13616,Neerus,Printed santoon round neck womens ankle length kurta - black,Size:XX-Large,"Rs
2799",1399,50% off,Indianwear-Women
13617,W,Print cotton womens tucked salwar - white,Size:14,"Rs
1699",1019,40% off,Indianwear-Women
13618,W,Yd-dobby round neck straight womens kurta - green,Size:16,"Rs
1799",1079,40% off,Indianwear-Women
13619,W,Printed collar neck viscose womens a-line dress - green,Size:10,"Rs
1999",999,50% off,Indianwear-Women
13620,Biba,Printed band collar flared womens kurta - indigo,Size:42,"Rs
1999",1599,20% off,Indianwear-Women
13621,Myshka,Checks cotton regular fit womens casual trousers - pink,Size:Small,"Rs
1399",419,70% off,Indianwear-Women
13622,Yuris,Floral round neck cotton womens kurta set - multi,Size:Small,"Rs
4299",1504,65% off,Indianwear-Women
13623,Yuris,Floral v-neck cotton womens kurta set - multi,"Size:Small,XX-Large","Rs
3499",1399,60% off,Indianwear-Women
13624,Varanga,Womens off white quirky thread embroidered crop top with fuchsia tiered floral printed skirt - off white,Size:X-Large,"Rs
2999",1199,60% off,Indianwear-Women
13625,W,Printed viscose round neck womens straight kurta - natural,"Size:6,8,10,12,14,16,18","Rs
2399",1799,25% off,Indianwear-Women
13626,Fusion beats,Womens round neck embroidered top - natural,"Size:Large,Medium,Small,X-Large","Rs
1799",719,60% off,Indianwear-Women
13627,Global desi,Geometric viscose round neck womens ethnic set - white,"Size:XL,Large,Medium,Small,X-Small,XX-Large","Rs
3999",3199,20% off,Indianwear-Women
13628,W,Solid poly viscose regular fit womens festive slim pants - green,"Size:8,10,12,14,16",Nan,1299,No Discount,Indianwear-Women
13629,Stop,Womens printed calf length casual wear kurta - green,"Size:S,M,XL,X-Small","Rs
999",499,50% off,Indianwear-Women
13630,Kashish,Womens art silk straight fit palazzo - off white,"Size:Large/X-Large,Small/Medium","Rs
1299",649,50% off,Indianwear-Women
13631,Global desi,Solid viscose boat neck womens regular top - pink,"Size:XL,Large,Medium,Small,X-Small,XX-Large","Rs
1699",1359,20% off,Indianwear-Women
13632,Indya,Embroidered georgette scoop neck womens regular tunic - pink,"Size:Large,Medium,Small,X-Large,XX-Large","Rs
2200",1100,50% off,Indianwear-Women
13633,Ziyaa,Floral round neck crepe womens salwar kurta and dupatta set - yellow,"Size:Large,Medium,Small,X-Large,XX-Large,XXX-Large","Rs
4293",1717,60% off,Indianwear-Women
13634,Aarke,Printed polyester blend v neck womens short top - ecru,"Size:Large,Medium,Small,X-Large",Nan,1900,No Discount,Indianwear-Women
13635,Aurelia,Solid cotton blend womens casual trousers - pink,"Size:Large,Medium,Small,XX-Large",Nan,999,No Discount,Indianwear-Women
13636,Janasya,Womens mustard poly crepe kurta with pant and dupatta (set197) - mustard,"Size:Large,Medium,Small,X-Large,X-Small,XX-Large,XXX-Large","Rs
2599",1299,50% off,Indianwear-Women
13637,Aurelia,Dyed poly viscose round neck womens ethnic set - multi,"Size:Large,Medium,Small,X-Large,X-Small,XX-Large","Rs
4299",3009,30% off,Indianwear-Women
13638,Ziyaa,Printed polyester round neck womens straight kurta - green,"Size:Large,Medium,Small,X-Large,XX-Large,XXX-Large","Rs
1413",565,60% off,Indianwear-Women
13639,Janasya,Womens pink silk a-line kurti (jne3501) - pink,"Size:Small,X-Large,X-Small,XX-Large","Rs
1599",639,60% off,Indianwear-Women
13640,Myshka,Printed rayon round neck womens regular kurta - navy,"Size:Large,Medium,Small,X-Large,XX-Large","Rs
2499",624,75% off,Indianwear-Women
13641,Stop,Embroidered cotton mandarin collar womens straight fit kurta - navy,"Size:S,M,L,X-Large,X-Small,XX-Large","Rs
1299",649,50% off,Indianwear-Women
13642,Aurelia,Solid cotton flex regular fit womens casual palazzo - blue,"Size:Large,Medium,Small,X-Large,XX-Large","Rs
999",699,30% off,Indianwear-Women
13643,Fusion beats,Womens round neck printed kurta - yellow,"Size:Large,X-Large,XX-Large","Rs
3799",759,80% off,Indianwear-Women
13644,Kashish,Embroidered round neck viscose blend womens short kurta - gold,"Size:Large,Medium,Small,X-Large,X-Small,XX-Large","Rs
999",499,50% off,Indianwear-Women
13645,Global desi,Graphic round neck viscose cotton womens workwear dress - white,"Size:Large,Medium,Small,X-Small","Rs
2299",1149,50% off,Indianwear-Women
13646,Ziyaa,Floral mandarin rayon womens ethnic set - brown,"Size:Large,Medium,Small,X-Large,XX-Large,XXX-Large","Rs
2198",879,60% off,Indianwear-Women
13647,W,Printed round neck cotton blend womens calf length kurta - natural,"Size:6,8,10,12,14,16,18",Nan,2999,No Discount,Indianwear-Women
13648,W,Printed cotton round neck womens ethnic set - green,"Size:8,12,14","Rs
2999",1499,50% off,Indianwear-Women
13649,Indya,Womens yellow ruffled sari skirt - yellow,Size:X-Large,"Rs
2800",1400,50% off,Indianwear-Women
13650,Aurelia,Collar neck polyester flared designer womens dresses - green,"Size:Large,Medium,Small,X-Large,X-Small,XX-Large","Rs
1699",1189,30% off,Indianwear-Women
13651,Kashish,Womens mandarin collar embroidered kurta - pink,Size:Small,Nan,1999,No Discount,Indianwear-Women
13652,Suti,Printed cotton round neck womens ethnic set - peach,"Size:4X-Large,Large,Medium,Small,X-Large,X-Small","Rs
4399",3519,20% off,Indianwear-Women
13653,Ziyaa,Printed crepe boat neck womens straight kurta - blue,"Size:Large,Medium,Small,X-Large,XX-Large,XXX-Large","Rs
1373",686,50% off,Indianwear-Women
13654,W,Solid viscose regular fit womens straight pants - dark pink,"Size:6,8,10,12,14,16,18","Rs
1299",974,25% off,Indianwear-Women
13655,Ziyaa,Solid polyester mandarin womens salwar kurta dupatta set - green,"Size:Large,Medium,Small,X-Large,XX-Large,XXX-Large","Rs
4546",1818,60% off,Indianwear-Women
13656,Global desi,Womens regular fit floral kurta - white,"Size:XL,Large,Medium,Small,XX-Large","Rs
3499",1049,70% off,Indianwear-Women
13657,Yuris,Printed round neck cotton womens kurta palazzo set - brown,"Size:Medium,Small,X-Large,XX-Large,XXX-Large","Rs
3499",1399,60% off,Indianwear-Women
13658,Yuris,Printed cotton womens regular length palazzos - brown,"Size:28,30,32,34,36,38","Rs
1699",679,60% off,Indianwear-Women
13659,Haute curry,Embroidered rayon crepe tie up neck womens straight blouson top - indigo,"Size:Large,Medium,Small,X-Large,X-Small,XX-Large","Rs
1299",649,50% off,Indianwear-Women
13660,Haute curry,Printed mid thigh casual wear high low tunic - brown,"Size:Large,Medium,Small,X-Large,X-Small,XX-Large","Rs
899",449,50% off,Indianwear-Women
13661,Varanga,Womens blue and beige floral block printed straight kurta - blue,"Size:Medium,Small,X-Large","Rs
1899",854,55% off,Indianwear-Women
13662,Varanga,Printed cotton blend round neck womens ethnic set - red,"Size:Large,Medium,Small,X-Large",Nan,2099,No Discount,Indianwear-Women
13663,Varanga,Mandarin collar womens kurta - grey,"Size:Large,Medium,Small,X-Large,XX-Large","Rs
1799",899,50% off,Indianwear-Women
13664,Varanga,Silk womens party trousers - gold,"Size:Large,Medium,Small,X-Large,XX-Large","Rs
1599",639,60% off,Indianwear-Women
13665,Global desi,Womens fit and flare gathered pleated floral casual wear sharara - mint,"Size:XL,Large,Medium,Small","Rs
2799",839,70% off,Indianwear-Women
13666,Varanga,Embroidered silk blend round neck womens ethnic set - lime green,"Size:Large,Medium,Small,X-Large,XX-Large",Nan,4999,No Discount,Indianwear-Women
13667,Yuris,Printed cotton round neck womens a-line kurta - green,"Size:Medium,Small","Rs
1799",719,60% off,Indianwear-Women
13668,Kami kubi,Geometric cotton round neck womens regular fit top - yellow,"Size:Large,Medium","Rs
1499",599,60% off,Indianwear-Women
13669,Indya,Printed round neck viscose womens regular dress - maroon,Size:Small,"Rs
1900",950,50% off,Indianwear-Women
13670,Indya,Solid regular fit georgette womens sharara pants - purple,"Size:Medium,Small,X-Large",Nan,2400,No Discount,Indianwear-Women
13671,Indya,Foil print georgette boat neck womens regular fit crop top - purple,Size:Small,Nan,1500,No Discount,Indianwear-Women
13672,Faballey,Polka dots collared neck cotton womens - white,Size:Small,"Rs
2400",1200,50% off,Indianwear-Women
13673,W,Solid viscose round neck womens calf length kurta - yellow,Size:16,"Rs
1899",1139,40% off,Indianwear-Women
13674,De moza,Relaxed fit regular length polyester womens festive skirt - black,"Size:Medium,X-Large,XXX-Large",Nan,2499,No Discount,Indianwear-Women
13675,Aurelia,Printed cotton round neck womens flared dress - pink,"Size:Large,Medium,Small,X-Large,X-Small",Nan,2999,No Discount,Indianwear-Women
13676,Haute curry,Solid round neck denim womens flared dress - dark blue,"Size:Large,Medium,Small,X-Large,X-Small,XX-Large","Rs
1699",849,50% off,Indianwear-Women
13677,Biba,Flared fit polyester womens festive wear skirt - black,Size:Large,"Rs
4599",3219,30% off,Indianwear-Women
13678,Sanaa,Printed rayon collar neck womens mid thigh length kurti - blue,"Size:Large,Medium,Small,X-Large,XX-Large","Rs
1499",1049,30% off,Indianwear-Women
13679,Ziyaa,Floral polyester round neck womens straight kurta - cream,"Size:Large,Medium,Small,X-Large,XX-Large,XXX-Large","Rs
1505",677,55% off,Indianwear-Women
13680,Indya,Embroidered georgette regular fit womens top - blue,Size:Medium,"Rs
1400",700,50% off,Indianwear-Women
13681,W,Printed round neck cotton womens flared dress - red,"Size:14,18","Rs
2999",1499,50% off,Indianwear-Women
13682,Biba,Printed polyester shirt collar womens palazzo kurta dupatta set - red,Size:34,"Rs
5995",3597,40% off,Indianwear-Women
13683,W,Printed round neck cotton womens calf length kurta - light blue,"Size:6,8,10,12,14,16,18",Nan,1799,No Discount,Indianwear-Women
13684,Global desi,Solid v-neck womens kurta - navy,"Size:XL,Large,Medium,Small,X-Small","Rs
1799",899,50% off,Indianwear-Women
13685,Indya,Floral round neck georgette womens peplum top - purple,"Size:Small,XX-Large",Nan,1500,No Discount,Indianwear-Women
13686,Kami kubi,Printed cotton womens ethnic set - black,"Size:Large,Medium,X-Large","Rs
3999",1799,55% off,Indianwear-Women
13687,Varanga,Maroon zari and sequins work yoke straight kurta with 3/4th gota sleeves - maroon,"Size:Large,Small,X-Large","Rs
2499",874,65% off,Indianwear-Women
13688,Global desi,Round neck polyester flared womens gown - blue,"Size:XL,Large,Medium,Small,X-Small,XX-Large","Rs
3899",3119,20% off,Indianwear-Women
13689,Biba,Solid narrow cotton womens pants - natural,"Size:Large,Medium,Small,X-Large",Nan,999,No Discount,Indianwear-Women
13690,Global desi,Floral cotton round neck womens flared kurta - white,"Size:XL,Large,Medium,Small,X-Small,XX-Large","Rs
3499",2799,20% off,Indianwear-Women
13691,Varanga,Printed v-neck georgette womens ethnic set - peach,"Size:Small,X-Small","Rs
5999",1799,70% off,Indianwear-Women
13692,Ira soleil,Solid tissue round neck womens ethnic top - pink,"Size:Large,Medium,Small,X-Large",Nan,2499,No Discount,Indianwear-Women
13693,Haute curry,Regular fit ankle length flex womens casual pants - natural,"Size:Large,Medium,Small,X-Large","Rs
899",449,50% off,Indianwear-Women
13694,Janasya,Embellished velvet festive wear womens stitched blouse - maroon,"Size:Large,Medium,Small,X-Large,XX-Large","Rs
1798",809,55% off,Indianwear-Women
13695,Kami kubi,Solid rayon mandarin neck womens regular fit top - green,"Size:Large,Medium,Small,X-Small","Rs
1499",599,60% off,Indianwear-Women
13696,W,Solid poly georgette round neck womens straight kurta - green,"Size:6,10,12,16,18","Rs
3599",2699,25% off,Indianwear-Women
13697,Suti,Printed cotton v neck womens flared dress - green,"Size:Large,Medium,Small,X-Large,XX-Large","Rs
2499",1999,20% off,Indianwear-Women
13698,Ziyaa,Printed round neck georgette womens ethnic set - black,"Size:Large,Medium,Small,X-Large,XX-Large,XXX-Large","Rs
3211",1123,65% off,Indianwear-Women
13699,Ziyaa,Printed rayon collar neck womens straight kurta - peacock,"Size:Large,Medium,Small,X-Large,XX-Large,XXX-Large","Rs
2018",807,60% off,Indianwear-Women
13700,Global desi,Floral round neck womens top - maroon,Size:X-Small,"Rs
2099",1259,40% off,Indianwear-Women
13701,Janasya,Embroidered round neck silk womens calf length kurta - peach,"Size:Large,Medium,Small,X-Large,X-Small,XX-Large,XXX-Large","Rs
1599",719,55% off,Indianwear-Women
13702,Juniper,Printed cotton round neck womens salwar kurta dupatta set - cream,"Size:Large,Medium,X-Large","Rs
3899",1754,55% off,Indianwear-Women
13703,Ira soleil,Art silk regular fit womens festive wear skirt - gold,"Size:Large,Medium,Small,X-Large",Nan,2209,No Discount,Indianwear-Women
13704,Ziyaa,Printed round neck rayon womens ethnic set - green,"Size:Large,Medium,Small,X-Large,XX-Large,XXX-Large","Rs
2683",1073,60% off,Indianwear-Women
13705,Ziyaa,Printed round neck rayon womens ethnic set - pink,"Size:Large,Medium,Small,X-Large,XX-Large,XXX-Large","Rs
2610",1044,60% off,Indianwear-Women
13706,De moza,Solid polyester womens crop top - black,"Size:Large,X-Large,XX-Large","Rs
999",599,40% off,Indianwear-Women
13707,Janasya,Floral collared neck polyester blend womens flared ethnic dress - navy,"Size:Large,Medium,Small,X-Large,X-Small,XX-Large","Rs
2298",1378,40% off,Indianwear-Women
13708,Janasya,Womens pink poly crepe kurta (jne2199) - pink,"Size:Medium,Small,X-Large,XX-Large,XXX-Large","Rs
1199",539,55% off,Indianwear-Women
13709,De moza,Skinny fit ankle length length viscose womens leggings - white,"Size:Large,Medium,Small,X-Large,XX-Large",Nan,799,No Discount,Indianwear-Women
13710,Ziyaa,Floral round neck polyester womens ethnic set - grey,"Size:Large,Medium,Small,X-Large,XX-Large,XXX-Large","Rs
1901",855,55% off,Indianwear-Women
13711,Global desi,Floral round neck womens kurta - green,"Size:XL,Large,Medium,Small,X-Small","Rs
1999",999,50% off,Indianwear-Women
13712,Stop,Printed mandarin collar a line fit womens kurta - natural,"Size:S,M,L,X-Large,X-Small,XX-Large","Rs
1299",649,50% off,Indianwear-Women
13713,Suti,Printed cotton round neck womens flared dress - moon rock,"Size:4X-Large,Large,Medium,Small,X-Small","Rs
2799",2239,20% off,Indianwear-Women
13714,Myshka,Solid silk blend round neck womens regular casual dress - navy,"Size:Large,Medium,Small,X-Large,XX-Large","Rs
4999",1249,75% off,Indianwear-Women
13715,W,Printed polyester round neck womens dress - blue,"Size:6,8,10,12,14,16,18",Nan,4999,No Discount,Indianwear-Women
13716,Janasya,Womens mustard cotton kurta with palazzo (set158) - yellow,"Size:Large,Medium,Small,X-Large,X-Small,XX-Large,XXX-Large","Rs
3059",1223,60% off,Indianwear-Women
13717,Myshka,Solid cotton round neck womens regular kurta - purple,"Size:Large,Medium,Small,X-Large,XX-Large","Rs
2999",899,70% off,Indianwear-Women
13718,Global desi,Solid straight fit womens workwear pants - mustard,"Size:Large,Medium,Small,X-Small,XX-Large","Rs
1399",909,35% off,Indianwear-Women
13719,Aurelia,Printed polyester blend womens straight kurta - blue,"Size:Medium,Small,X-Large,XX-Large",Nan,1599,No Discount,Indianwear-Women
13720,Juniper,Zari round neck georgette designer womens ethnic sets - black,Size:X-Large,"Rs
7099",4259,40% off,Indianwear-Women
13721,Myshka,Printed round neck womens kurti - multi,",Medium,Small,X-Large,XX-Large","Rs
3999",1199,70% off,Indianwear-Women
13722,Janasya,Embellished velvet round neck womens kurta palazzo set - maroon,"Size:Large,Medium,Small,X-Large,X-Small,XX-Large,XXX-Large","Rs
4998",1749,65% off,Indianwear-Women
13723,W,Solid cotton flex mandarin womens calf length kurta - purple,Size:14,Nan,1499,No Discount,Indianwear-Women
13724,De moza,Solid skinny fit viscose womens leggings - black,"Size:Medium,Small",Nan,599,No Discount,Indianwear-Women
13725,Stop,Fitted full length cotton lycra womens leggings - turquoise,"Size:S,M,L,X-Large,X-Small","Rs
499",349,30% off,Indianwear-Women
13726,Ziyaa,Geometric polyester round neck womens straight kurta - multi,"Size:Large,Medium,Small,X-Large,XX-Large,XXX-Large","Rs
1867",746,60% off,Indianwear-Women
13727,Yuris,Geometric cotton mandarin womens regular kurta - multi,Size:Small,"Rs
1349",674,50% off,Indianwear-Women
13728,Global desi,Solid viscose collared neck womens tunic - coral,"Size:XL,Large,Medium,Small,X-Small,XX-Large",Nan,1699,No Discount,Indianwear-Women
13729,W,Printed collar neck viscose womens a line dress - yellow,"Size:6,8,10,14,16,18","Rs
2799",1399,50% off,Indianwear-Women
13730,W,Round neck georgette designer womens ethnic set - pink,Size:18,"Rs
8999",6749,25% off,Indianwear-Women
13731,Ziyaa,Printed polyester round neck womens straight kurta - blue,"Size:Large,Medium,Small,X-Large,XX-Large,XXX-Large","Rs
1776",710,60% off,Indianwear-Women
13732,Yuris,Floral cotton mandarin womens salwar suit - multi,"Size:Large,Medium,Small","Rs
2999",1349,55% off,Indianwear-Women
13733,Yuris,Motif cotton round neck womens salwar suit - multi,"Size:Large,Medium,Small,XX-Large","Rs
2299",1149,50% off,Indianwear-Women
13734,Juniper,Embroidered cotton slub mandarin womens high low kurta - peach,"Size:Large,Medium,Small,X-Large,X-Small,XX-Large",Nan,1299,No Discount,Indianwear-Women
13735,W,Printed cambric round neck womens flared kurta - blue,"Size:6,8,10,12,14,16,18",Nan,2799,No Discount,Indianwear-Women
13736,Stop,Womens printed calf length casual wear kurta - indigo,"Size:S,M,X-Small","Rs
1299",649,50% off,Indianwear-Women
13737,Yuris,Geometric cotton round neck womens a-line kurta - multi,"Size:Medium,Small","Rs
1599",639,60% off,Indianwear-Women
13738,Biba,Round neck cotton straight fit womens dresses - carbon,"Size:34,36,38,40","Rs
3299",2639,20% off,Indianwear-Women
13739,Janasya,Bandhni cotton round neck womens kurta palazzo set - green,"Size:Medium,Small,X-Large,X-Small,XX-Large,XXX-Large","Rs
3439",1375,60% off,Indianwear-Women
13740,Varanga,Mandarin collar womens kurta - pink,"Size:Medium,Small","Rs
1699",849,50% off,Indianwear-Women
13741,Juniper,Womens black chanderi embellished jacket style 2 piece kurta with cambric lining - black,"Size:Large,Medium,Small,X-Large,XX-Large","Rs
3099",1549,50% off,Indianwear-Women
13742,Ira soleil,Self design polyester party wear womens blouse - gold,"Size:Large,Medium,Small,X-Large",Nan,1999,No Discount,Indianwear-Women
13743,Stop,Yarn dyed mandarin collar a-line womens kurta - lime green,"Size:S,M,X-Small","Rs
999",499,50% off,Indianwear-Women
13744,Global desi,Womens fit and flare gathered pleated geometric casual wear dress - red,"Size:XL,Small,X-Small","Rs
2199",879,60% off,Indianwear-Women
13745,Varanga,Womens floral printed straight kurta with handwork and tassel detailing on yoke with white overall elasticated palazzo - lime green,"Size:Large,X-Large,XX-Large","Rs
3399",1699,50% off,Indianwear-Women
13746,Juniper,Embroidered velvet boat neck womens lehenga choli set - navy,Size:XX-Large,"Rs
6447",5157,20% off,Indianwear-Women
13747,Ira soleil,Regular fit full length polyester womens party wear skirt - pink,"Size:Large,Medium",Nan,3499,No Discount,Indianwear-Women
13748,Juniper,Sequins round neck velvet designer women ethnic sets - black,"Size:Large,Medium,Small,X-Large,XX-Large","Rs
4999",2499,50% off,Indianwear-Women
13749,Varanga,Gotta patti printed cotton round neck womens regular fit kurta - blue,Size:Small,"Rs
2999",1049,65% off,Indianwear-Women
13750,Varanga,Sequins halter neck straight designer womens kurtas - pink,"Size:Large,Medium,Small,X-Large,XX-Large","Rs
3299",824,75% off,Indianwear-Women
13751,Janasya,Floral cotton round neck womens kurta palazzo set with dupatta - pink,"Size:Large,Small","Rs
4199",1469,65% off,Indianwear-Women
13752,Amukti,Stripes cotton mandarin collar womens straight kurta - blue,"Size:X-Large,XX-Large","Rs
1299",909,30% off,Indianwear-Women
13753,Kashish,Womens chanderi  regular fit skirt - off white,Size:Large/X-Large,"Rs
2499",1249,50% off,Indianwear-Women
13754,Aurelia,Dyed cotton round neck womens straight kurta - green,"Size:Medium,Small,X-Large,X-Small","Rs
1299",909,30% off,Indianwear-Women
13755,Aurelia,Printed cotton round neck womens ethnic set - pink,"Size:Large,Medium,Small,X-Small","Rs
3399",2379,30% off,Indianwear-Women
13756,Indya,Embroidered cotton regular fit womens pants - maroon,"Size:Small,X-Small",Nan,1600,No Discount,Indianwear-Women
13757,W,Printed viscose round neck womens straight fit kurta - yellow,"Size:6,10,16","Rs
1899",949,50% off,Indianwear-Women
13758,Global desi,Floral sleeveless womens long length jumpsuit - dark blue,"Size:XL,Small","Rs
2799",1819,35% off,Indianwear-Women
13759,Indya,Printed round neck regular fit womens kurta - black,"Size:Small,X-Small",Nan,3800,No Discount,Indianwear-Women
13760,Kami kubi,Geometric cotton round neck womens regular fit top - pink,"Size:Large,Medium","Rs
1499",599,60% off,Indianwear-Women
13761,Neerus,Embroidered chanderi round neck womens salwar kurta dupatta set - coral,"Size:XX-Large,XXX-Large","Rs
3799",3039,20% off,Indianwear-Women
13762,Indya,Solid polyester womens regular length sharara pants - maroon,Size:X-Small,"Rs
2200",1100,50% off,Indianwear-Women
13763,Indya,Embroidered silk scoop neck womens regular tunic - yellow,"Size:Large,X-Small,XX-Large","Rs
2500",1250,50% off,Indianwear-Women
13764,Janasya,Womens yellow poly crepe kurta (jne3430) - yellow,"Size:Large,Small","Rs
1549",619,60% off,Indianwear-Women
13765,Yuris,Printed cotton round neck womens straight fit kurta - pink,"Size:X-Large,XX-Large,XXX-Large","Rs
1299",649,50% off,Indianwear-Women
13766,Kashish,Embroidered mandarin neck a-line womens kurta - blue,"Size:Small,X-Small","Rs
1799",899,50% off,Indianwear-Women
13767,Global desi,Womens regular fit floral top - off white,"Size:XL,XX-Large","Rs
2099",839,60% off,Indianwear-Women
13768,Aurelia,Printed viscose round neck womens straight kurta - blue,"Size:Large,Medium,Small,X-Large,X-Small,XX-Large",Nan,1399,No Discount,Indianwear-Women
13769,Suti,Embroidered cotton round neck womens straight kurti - navy,"Size:Large,Medium,X-Large,XX-Large","Rs
3999",3199,20% off,Indianwear-Women
13770,Aurelia,Dyed cotton round neck womens straight kurta - green,"Size:Large,Medium,Small,X-Large,X-Small,XX-Large",Nan,1299,No Discount,Indianwear-Women
13771,Myshka,Solid cotton regular fit womens casual trousers - white,"Size:Large,Medium,Small,X-Large,XX-Large","Rs
1299",454,65% off,Indianwear-Women
13772,Aarke,Printed polyester blend mandarin womens fusion wear kurta - blue,"Size:Large,Medium,Small,X-Large,X-Small",Nan,3400,No Discount,Indianwear-Women
13773,Janasya,Solid velvet festive wear womens stitched blouse - green,"Size:Large,Medium,X-Large","Rs
1798",809,55% off,Indianwear-Women
13774,Janasya,V-neck silk straight fit womens kurta with pant and dupatta set - black,"Size:Large,Medium,Small,X-Large,X-Small,XX-Large,XXX-Large","Rs
2649",1456,45% off,Indianwear-Women
13775,Stop,Printed round neck straight fit womens kurta - off white,"Size:S,M,L,X-Large,X-Small,XX-Large","Rs
1299",649,50% off,Indianwear-Women
13776,Janasya,Poly crepe womens kurta - magenta,"Size:Large,Medium,Small,X-Large,X-Small,XX-Large","Rs
1699",594,65% off,Indianwear-Women
13777,Haute curry,Solid regular fit flex womens casual pants - navy,"Size:Large,Medium,Small,X-Large","Rs
899",449,50% off,Indianwear-Women
13778,W,Solid viscose round neck womens flared dress - grey,"Size:6,8,10,12,14,16,18","Rs
2499",1874,25% off,Indianwear-Women
13779,Stop,Embroidered mandarin collar a line fit womens kurta - red,"Size:S,M,L,XL,X-Small,XX-Large","Rs
1299",649,50% off,Indianwear-Women
13780,Ziyaa,Printed round neck polyester womens salwar kurta and dupatta set - green,"Size:Large,Medium,Small,X-Large,XX-Large,XXX-Large","Rs
1897",1327,30% off,Indianwear-Women
13781,Varanga,Womens floral skirts - fuchsia,"Size:Large,Medium,Small,X-Large,XX-Large","Rs
2199",989,55% off,Indianwear-Women
13782,Haute curry,Womens regular fit printed tops - rust,"Size:Large,Medium,Small,X-Large,X-Small,XX-Large","Rs
799",399,50% off,Indianwear-Women
13783,Ziyaa,Solid crepe round neck womens straight kurta - pink,"Size:Large,Medium,Small,X-Large,XX-Large,XXX-Large","Rs
1353",676,50% off,Indianwear-Women
13784,Kami kubi,Stripes cotton boat neck womens ethnic set - pink,"Size:Large,Medium,X-Large,X-Small,XX-Large","Rs
4299",2579,40% off,Indianwear-Women
13785,Janasya,Womens navy blue poly crepe top with palazzo and jacket (set098) - blue,"Size:Large,Medium,Small,X-Large,X-Small,XX-Large,XXX-Large","Rs
2949",1327,55% off,Indianwear-Women
13786,Varanga,Fuchsia and off white leheriya anarkali kurta with heavy gota patti embroidery on yoke - purple,"Size:Small,X-Large,XX-Large","Rs
3599",1439,60% off,Indianwear-Women
13787,Sanaa,Printed rayon mandarin womens mid thigh length kurti - red,"Size:Large,Medium,Small,X-Large,XX-Large","Rs
1049",734,30% off,Indianwear-Women
13788,Stop,Embroidered flared fit cotton womens casual wear palazzo - charcoal,"Size:Large/X-Large,Small/Medium,XX-Large/XXX-Large",Nan,999,No Discount,Indianwear-Women
13789,Neerus,Regular round neck rayon womens a-line kurta - maroon,"Size:Small,XX-Large","Rs
3399",1699,50% off,Indianwear-Women
13790,Janasya,Tie and dye round neck regular fit womens kurta - sea green,"Size:Large,Medium,Small,X-Large,X-Small,XX-Large,XXX-Large","Rs
2199",1099,50% off,Indianwear-Women
13791,Haute curry,Printed rayon regular fit womens hip length top - coral,"Size:Large,Medium,Small,X-Large,X-Small,XX-Large","Rs
899",449,50% off,Indianwear-Women
13792,W,Womens flared printed round neck dress - green,"Size:6,8,16,18","Rs
4599",2299,50% off,Indianwear-Women
13793,Ritu kumar,Viscose blend v neck womens short top - multi,"Size:Large,Medium,Small",Nan,3300,No Discount,Indianwear-Women
13794,Aurelia,Dyed cotton womens flared dress - black,"Size:Large,Medium,Small,X-Large,X-Small,XX-Large","Rs
2299",1609,30% off,Indianwear-Women
13795,Global desi,Solid viscose tapered fit womens formal wear pants - black,"Size:XL,Large,Medium,Small,X-Small,XX-Large",Nan,1399,No Discount,Indianwear-Women
13796,Global desi,Solid shirt collar straight womens kurta - pink,"Size:XL,Large,Medium,Small,X-Small,XX-Large","Rs
1799",719,60% off,Indianwear-Women
13797,W,Printed viscose mandarin womens kurta - pink,"Size:6,8,10,12,14,16,18",Nan,1999,No Discount,Indianwear-Women
13798,Aurelia,Mandarin straight designer womens kurtas - grey,"Size:Large,Medium,Small,X-Large,X-Small,XX-Large","Rs
999",699,30% off,Indianwear-Women
13799,Global desi,Polyester festive wear women saree - navy,"Size:Large,Medium,Small,X-Small","Rs
6799",5439,20% off,Indianwear-Women
13800,Ziyaa,Floral round neck polyester womens salwar kurta and dupatta set - grey,"Size:Large,Medium,Small,X-Large,XX-Large,XXX-Large","Rs
1839",1287,30% off,Indianwear-Women
13801,Neerus,Solid round neck rayon womens a-line kurta - mustard,"Size:Large,Medium,Small,X-Large,XX-Large,XXX-Large","Rs
1999",1199,40% off,Indianwear-Women
13802,Stop,Solid flared fit flex womens casual wear palazzo - mustard,"Size:Large/X-Large,Small/Medium,XX-Large/XXX-Large",Nan,799,No Discount,Indianwear-Women
13803,Global desi,Floral mandarin collar womens tunic - pink,"Size:XL,Large,Medium,Small,X-Small","Rs
2399",1199,50% off,Indianwear-Women
13804,Ziyaa,Printed round neck rayon womens ethnic set - white,"Size:Large,Medium,Small,X-Large,XX-Large,XXX-Large","Rs
2837",1276,55% off,Indianwear-Women
13805,Kashish,Embroidered round neck a-line fit womens kurta - grey,"Size:Large,Medium,Small,X-Large,X-Small,XX-Large","Rs
1499",749,50% off,Indianwear-Women
13806,Ziyaa,Printed rayon round neck womens straight kurta - blue,"Size:Large,Medium,Small,X-Large,XX-Large,XXX-Large","Rs
1995",798,60% off,Indianwear-Women
13807,Global desi,Floral viscose round neck womens flared tunic - pink,"Size:XL,Large,Medium,Small,X-Small,XX-Large","Rs
2299",1839,20% off,Indianwear-Women
13808,Global desi,Solid v-neck womens tunic - aqua,"Size:Large,Medium,Small,X-Small","Rs
1999",1199,40% off,Indianwear-Women
13809,Global desi,Floral viscose v neck womens knee length kurta - coral,"Size:XL,Large,Medium,Small,X-Small,XX-Large","Rs
2099",1364,35% off,Indianwear-Women
13810,Yuris,Floral cotton v-neck regular fit womens kurta palazzo set - pink,"Size:Large,Medium,Small,X-Large,XX-Large","Rs
2799",1119,60% off,Indianwear-Women
13811,Yuris,Printed round neck cotton womens kurta palazzo set - grey,"Size:Large,Medium,Small,X-Large,XX-Large,XXX-Large","Rs
2999",1349,55% off,Indianwear-Women
13812,Janasya,Gold print crepe round neck womens kurta - black,"Size:Large,Medium,Small,X-Large,XX-Large","Rs
1549",619,60% off,Indianwear-Women
13813,De moza,Solid skinny fit cotton womens leggings - brown,"Size:4X-Large,Large,Medium,Small,X-Large,X-Small,XXX-Large",Nan,449,No Discount,Indianwear-Women
13814,Aurelia,Printed viscose round neck womens knee length kurta - blue,"Size:Large,Medium,Small,X-Large,X-Small,XX-Large",Nan,1499,No Discount,Indianwear-Women
13815,Varanga,Round neck womens kurta - maroon,"Size:Medium,Small,XX-Large","Rs
1599",799,50% off,Indianwear-Women
13816,Juniper,Floral mandarin collar georgette womens flared dress - brown,"Size:Medium,Small,X-Small","Rs
3599",1259,65% off,Indianwear-Women
13817,Ira soleil,Self design polyester party wear womens blouse - white,"Size:Large,Medium,Small,X-Large",Nan,1999,No Discount,Indianwear-Women
13818,Kashish,Embroidered round neck viscose blend womens flared dress - blue,"Size:Large,Small,X-Large,X-Small,XX-Large","Rs
2999",1499,50% off,Indianwear-Women
13819,Juniper,Embroidered round neck rayon womens tiered dress - pink,Size:X-Small,"Rs
2899",1304,55% off,Indianwear-Women
13820,Aurelia,Mandarin straight designer womens kurtas - yellow,Size:X-Small,"Rs
1499",1049,30% off,Indianwear-Women
13821,Haute curry,Womens viscose blend round neck straight fit blouse - light blue,Size:X-Small,"Rs
799",399,50% off,Indianwear-Women
13822,Indya,Printed viscose blend round neck womens kurta palazzo set - green,"Size:X-Small,XX-Large","Rs
3600",1800,50% off,Indianwear-Women
13823,Juniper,Printed v neck cotton womens lehenga choli set - blue,"Size:4X-Large,XXX-Large","Rs
4099",1434,65% off,Indianwear-Women
13824,Global desi,Solid viscose mandarin collar womens straight tunic - off white,"Size:XL,Small,X-Small","Rs
2399",1439,40% off,Indianwear-Women
13825,Janasya,Poly chanderi womens kurta with pant and dupatta set - gold,Size:Medium,"Rs
4998",2249,55% off,Indianwear-Women
13826,W,Solid polyester v neck womens calf length kurta - pink,"Size:6,10,16",Nan,2999,No Discount,Indianwear-Women
13827,Aurelia,Yarn dyed round neck dobby womens a-line dress - yellow,"Size:Large,Medium,X-Small","Rs
2499",1249,50% off,Indianwear-Women
13828,Indya,Embroidered round neck regular fit womens kurta - purple,"Size:Small,X-Small",Nan,2900,No Discount,Indianwear-Women
13829,Aurelia,Cotton round neck womens kurta set - orange,"Size:Medium,Small","Rs
1999",1399,30% off,Indianwear-Women
13830,Indya,Embroidered scoop neck regular fit womens kurta - pink,Size:Small,Nan,3400,No Discount,Indianwear-Women
13831,Kashish,Womens embroidered calf length occasion wear kurta - mint,"Size:Small,X-Small,XX-Large","Rs
1599",799,50% off,Indianwear-Women
13832,Yuris,Printed cotton round neck womens regular kurta - multi,Size:Small,"Rs
1599",639,60% off,Indianwear-Women
13833,Juniper,Printed round neck rayon womens calf length kurta - burgundy,"Size:Medium,Small,X-Small","Rs
1899",759,60% off,Indianwear-Women
13834,Juniper,Polka print rayon slub regular sleeves womens peplum tunic - olive,"Size:Small,XX-Large","Rs
1299",519,60% off,Indianwear-Women
13835,Varanga,Womens fuchsia and gold anarkali kurta with potli botton detailing and back keyhole - magenta,Size:Small,"Rs
2799",1259,55% off,Indianwear-Women
13836,Varanga,Printed cotton blend round neck womens ethnic set - blue,"Size:Medium,Small",Nan,2099,No Discount,Indianwear-Women
13837,Juniper,Solid rayon womens regular length flared palazzo - black,Size:X-Small,"Rs
1499",899,40% off,Indianwear-Women
13838,W,Printed round neck cotton womens calf length kurta - yellow,"Size:6,8,10,12,14,16,18","Rs
1799",1349,25% off,Indianwear-Women
13839,Biba,Printed round neck modal womens anarkali kurta - red,Size:38,"Rs
2799",1679,40% off,Indianwear-Women
13840,Myshka,Solid cotton womens trousers - cream,",Medium,Small,X-Large,XX-Large","Rs
1999",699,65% off,Indianwear-Women
13841,Kami kubi,Floral boat neck cotton womens a-line ethnic dress - pink,Size:Large,"Rs
1499",674,55% off,Indianwear-Women
13842,Aarke,Printed square neck rayon blend womens long dress - blue,"Size:Large,Medium,Small,X-Small",Nan,2900,No Discount,Indianwear-Women
13843,Global desi,Floral viscose round neck womens straight top - black,"Size:XL,Large,Medium,Small,X-Small","Rs
1799",1259,30% off,Indianwear-Women
13844,Global desi,Geometric v-neck womens tunic - pink,"Size:XL,Large,Medium,Small,X-Small,XX-Large","Rs
1699",849,50% off,Indianwear-Women
13845,Indya,Embellished round neck regular fit womens kurta - purple,"Size:Large,Medium,Small,X-Large,X-Small,XX-Large",Nan,1900,No Discount,Indianwear-Women
13846,W,Printed round neck cotton womens calf length kurta - brown,"Size:6,8,10,12,14,16,18","Rs
2599",1949,25% off,Indianwear-Women
13847,W,Solid mandarin cotton blend womens calf length kurta - purple,"Size:8,10,12,16,18",Nan,1499,No Discount,Indianwear-Women
13848,Faballey,Animal print collared neck cotton womens pyjama shirt set - purple,"Size:Large,Medium,Small,X-Small","Rs
2400",1200,50% off,Indianwear-Women
13849,Stop,Womens flax mandarin collar straight fit kurta - rust,"Size:S,M,L,XL,X-Small","Rs
1299",649,50% off,Indianwear-Women
13850,Ziyaa,Printed mandarin rayon womens ethnic set - mustard,"Size:Large,Medium,Small,X-Large,XX-Large,XXX-Large","Rs
2763",1105,60% off,Indianwear-Women
13851,Yuris,Motif cotton round neck womens regular kurta - multi,Size:Small,"Rs
1999",599,70% off,Indianwear-Women
13852,W,Printed georgette regular fit womens a line ethnic set - pink,"Size:10,14","Rs
5999",2999,50% off,Indianwear-Women
13853,Ziyaa,Floral round neck polyester womens salwar kurta and dupatta set - navy,"Size:Large,Medium,Small,X-Large,XX-Large,XXX-Large","Rs
4347",1738,60% off,Indianwear-Women
13854,Aurelia,Yarn dyed shirt collar with placket twill stripe womens a-line dress - peach,"Size:Large,Medium,Small,X-Large,X-Small,XX-Large",Nan,1499,No Discount,Indianwear-Women
13855,Biba,Printed polyester round neck womens straight fit kurta - multi,Size:34,"Rs
1799",1079,40% off,Indianwear-Women
13856,Aurelia,Solid regular fit cotton lycra womens casual pants - red,Size:Large,"Rs
799",479,40% off,Indianwear-Women
13857,Aurelia,Printed cotton womens casual culottes - yellow,"Size:Large,Medium,Small,X-Large,XX-Large","Rs
1699",1189,30% off,Indianwear-Women
13858,Suti,Embroidered cotton round neck womens straight kurti - orange,"Size:Large,Medium,Small,X-Large,XX-Large","Rs
3999",3199,20% off,Indianwear-Women
13859,Janasya,Womens orange poly silk stitched blouse (bl085) - orange,"Size:Large,Medium,Small,X-Large","Rs
1199",599,50% off,Indianwear-Women
13860,Stop,Womens cotton slub mandarin collar a-line kurta - navy,"Size:S,M,X-Small","Rs
1299",649,50% off,Indianwear-Women
13861,Juniper,Embroidered rayon round neck womens a-line kurta - fuschia,Size:XXX-Large,"Rs
2599",1299,50% off,Indianwear-Women
13862,Stop,Printed rayon mandarin womens knee length kurta - aqua,"Size:S,M,L,X-Large,X-Small,XX-Large,XXX-Large","Rs
799",559,30% off,Indianwear-Women
13863,Janasya,Floral round neck regular fit womens kurta - navy,"Size:Large,Medium,Small,X-Large,X-Small,XX-Large,XXX-Large","Rs
1399",559,60% off,Indianwear-Women
13864,Global desi,Floral polyester keyhole neck womens straight kurta - pink,"Size:XL,Large,Medium,Small,X-Small","Rs
1599",1039,35% off,Indianwear-Women
13865,Myshka,Printed cotton round neck womens lehenga choli set - yellow,",Medium,Small,X-Large,XX-Large","Rs
5999",1499,75% off,Indianwear-Women
13866,Janasya,Womens sea green cotton kurti (j0024) - green,"Size:Large,Medium,Small,X-Large,X-Small,XX-Large,XXX-Large","Rs
1599",639,60% off,Indianwear-Women
13867,Haute curry,Woven cotton boat neck womens calf length kurta - white,"Size:Large,Medium,Small,X-Small","Rs
1799",989,45% off,Indianwear-Women
13868,W,Printed round neck georgette womens regular dress - yellow,Size:16,"Rs
4999",2499,50% off,Indianwear-Women
13869,Global desi,Floral viscose round neck women's tunic - aqua,"Size:XL,Large,Medium,Small,X-Small","Rs
1599",959,40% off,Indianwear-Women
13870,Janasya,Round neck crepe empire line womens kurta with dupatta set - navy,"Size:Large,X-Large,X-Small,XX-Large,XXX-Large","Rs
2399",1439,40% off,Indianwear-Women
13871,Fusion beats,Womens round neck striped kurta - black,"Size:Large,Medium,Small,X-Large","Rs
1699",679,60% off,Indianwear-Women
13872,W,Printed cotton mandarin womens kurta set - grey,"Size:6,8,10,12,14,16,18","Rs
3799",2849,25% off,Indianwear-Women
13873,Janasya,Womens blue poly crepe jacket style kurta (jne3256) - blue,"Size:Large,Medium,Small,X-Large,X-Small,XX-Large,XXX-Large","Rs
1549",774,50% off,Indianwear-Women
13874,Indya,Embellished georgette v neck womens kurta - purple,"Size:Large,Medium,Small,X-Small,XX-Large","Rs
2600",1300,50% off,Indianwear-Women
13875,W,Womens flared printed round neck cropped jacket skirt set - sulphur,"Size:6,8,10,12,14,16,18","Rs
6999",3499,50% off,Indianwear-Women
13876,Myshka,Printed round neck womens kurti - pink,",Medium,Small,X-Large,XX-Large","Rs
1699",509,70% off,Indianwear-Women
13877,Ziyaa,Floral round neck polyester womens salwar kurta and dupatta set - blue,"Size:Large,Medium,Small,X-Large,XX-Large,XXX-Large","Rs
3922",1568,60% off,Indianwear-Women
13878,Infuse,Printed round neck regular fit womens kurta - yellow,"Size:Large,Medium,Small,X-Large,X-Small,XX-Large","Rs
1899",949,50% off,Indianwear-Women
13879,Global desi,Solid viscose round neck womens ankle length kurta - indigo,"Size:XL,Large,Medium,Small,X-Small,XX-Large","Rs
2699",2159,20% off,Indianwear-Women
13880,Janasya,Solid crepe round neck womens kurta palazzo set with dupatta - maroon,"Size:X-Small,XX-Large","Rs
2329",1164,50% off,Indianwear-Women
13881,Haute curry,Printed round neck rayon womens flared cowl dress - rust,"Size:Large,Medium,Small,X-Large,X-Small,XX-Large","Rs
999",499,50% off,Indianwear-Women
13882,Crimsoune club,Womens white solid palazzo - white,"Size:Large,Medium,X-Large,XX-Large","Rs
1599",1119,30% off,Indianwear-Women
13883,Indya,Embroidered georgette round neck womens flared tunic - maroon,Size:X-Small,"Rs
2800",1400,50% off,Indianwear-Women
13884,Indya,Embellished v neck georgette womens regular dress - indigo,Size:Medium,"Rs
2800",1400,50% off,Indianwear-Women
13885,Aurelia,Printed band with v polyester womens knee length kurta - multi,"Size:Large,Medium,Small,X-Large,X-Small,XX-Large","Rs
1199",839,30% off,Indianwear-Women
13886,Aurelia,Printed round neck viscose womens calf length kurta - white,"Size:Large,Medium,Small,X-Large,X-Small,XX-Large",Nan,1099,No Discount,Indianwear-Women
13887,Global desi,Floral cotton tie up neck womens kurta - pink,"Size:Large,Medium,Small,X-Small","Rs
2199",1099,50% off,Indianwear-Women
13888,Yuris,Printed round neck cotton womens a-line ethnic dress - yellow,"Size:Large,Medium,Small,X-Large,XX-Large","Rs
2299",919,60% off,Indianwear-Women
13889,Yuris,Buttons boat neck cotton womens kurta palazzo set - peach,"Size:Large,Medium,Small,X-Large,XX-Large,XXX-Large","Rs
2799",1119,60% off,Indianwear-Women
13890,Biba,Yarn dyed round neck polyester womens straight kurta - natural,"Size:32,34,36","Rs
1799",1079,40% off,Indianwear-Women
13891,Varanga,Womens round neck floral kurta - pink,"Size:Large,X-Large,XX-Large","Rs
2799",1399,50% off,Indianwear-Women
13892,Varanga,Maroon zari and sequins work yoke straight kurta with golden woven trousers and sequins dupatta - maroon,"Size:Large,Small,X-Large","Rs
4399",1759,60% off,Indianwear-Women
13893,Kashish,Embroidered round neck straight fit womens kurta - grey,"Size:Large,Medium,Small,X-Large","Rs
1699",849,50% off,Indianwear-Women
13894,Kashish,Embroidered v neck a-line fit womens kurta - fuschia,"Size:Large,Medium,Small,X-Large,X-Small,XX-Large","Rs
1799",899,50% off,Indianwear-Women
13895,Varanga,Embroidered silk blend round neck womens ethnic set - natural,"Size:Large,Medium,Small,X-Large,XX-Large","Rs
5999",2099,65% off,Indianwear-Women
13896,Varanga,Viscose rayon womens casual trousers - peacock,"Size:Large,Medium,Small,X-Large,XX-Large","Rs
1399",769,45% off,Indianwear-Women
13897,Stop,Printed v neck anarkali womens kurta - navy,"Size:S,M,L,X-Large,X-Small","Rs
1499",749,50% off,Indianwear-Women
13898,Juniper,Floral rayon round neck womens flared dress - red,Size:Small,"Rs
3899",1559,60% off,Indianwear-Women
13899,Varanga,Gotta patti round neck womens kurta - magenta,"Size:Large,Medium,Small,X-Large,XX-Large","Rs
2599",1039,60% off,Indianwear-Women
13900,Ira soleil,Self design georgette womens lehenga choli set - black,"Size:Large,Medium,Small,X-Large",Nan,5999,No Discount,Indianwear-Women
13901,Ira soleil,Embroidered polyester round neck womens regular tunic - cream,"Size:Large,Medium,Small,X-Large",Nan,2499,No Discount,Indianwear-Women
13902,Indya,Embroidered georgette v-neck womens regular fit crop top - purple,"Size:Small,X-Small","Rs
1650",825,50% off,Indianwear-Women
13903,Global desi,Floral key hole neck straight womens kurta - black,"Size:Large,Small,X-Small","Rs
2199",1539,30% off,Indianwear-Women
13904,Indya,Womens round neck printed kurta - grey,"Size:Small,X-Small","Rs
3400",1700,50% off,Indianwear-Women
13905,W,Printed viscose round neck womens straight kurta - yellow,"Size:10,12","Rs
1999",999,50% off,Indianwear-Women
13906,Aurelia,Solid round neck cotton blend womens knee length kurta - white,"Size:Large,Medium,X-Small,XX-Large",Nan,999,No Discount,Indianwear-Women
13907,Janasya,Floral cotton round neck womens kurta palazzo set with dupatta - pink,"Size:Small,X-Small","Rs
4999",2249,55% off,Indianwear-Women
13908,Indya,Embroidered polyester blend womens calf length kurta - pink,Size:X-Small,Nan,2100,No Discount,Indianwear-Women
13909,Ritu kumar,V neck polyester blend womens long dress - pink,"Size:Large,X-Small",Nan,7200,No Discount,Indianwear-Women
13910,Indya,Solid georgette regular fit womens palazzo - black,Size:Small,Nan,1900,No Discount,Indianwear-Women
13911,Janasya,Rayon womens kurta - pink,"Size:Small,X-Small","Rs
2198",659,70% off,Indianwear-Women
13912,Indya,Shraddha kapoor for indya navy chikankari belted tunic with attached dupatta - blue,Size:XX-Large,"Rs
3600",2880,20% off,Indianwear-Women
13913,Yuris,Lace round neck cotton womens kurta palazzo set - navy,"Size:Medium,Small,XX-Large","Rs
3999",1399,65% off,Indianwear-Women
13914,Yuris,Floral round neck cotton womens kurta set - multi,"Size:Medium,Small,XX-Large","Rs
3999",1399,65% off,Indianwear-Women
13915,Juniper,Printed round neck chiffon womens flared dress - multi,Size:Small,"Rs
3299",2144,35% off,Indianwear-Women
13916,Juniper,Womens mustard cambric placement print straight kurta with tie-up dori & tassels - mustard,Size:X-Small,"Rs
1299",649,50% off,Indianwear-Women
13917,Fusion beats,Womens round neck embroidered top - off white,"Size:Medium,X-Large,XX-Large","Rs
1499",599,60% off,Indianwear-Women
13918,Global desi,Round neck regular women kurtas - off white,"Size:XL,Large,Medium,Small,X-Small,XX-Large","Rs
2599",1819,30% off,Indianwear-Women
13919,Indya,Foil print ruhani silk womens regular length palazzo pants - grey,"Size:Large,Medium,Small,X-Large,X-Small,XX-Large","Rs
1850",925,50% off,Indianwear-Women
13920,Fusion beats,Key hole neck regular fit womens kurta - grey,"Size:Large,Medium,Small","Rs
1699",849,50% off,Indianwear-Women
13921,Stop,Printed round neck straight fit womens kurta - fuschia,"Size:S,M,L,X-Large,X-Small,XX-Large","Rs
999",499,50% off,Indianwear-Women
13922,Myshka,Embroidered rayon collar neck womens regular kurta - black,"Size:Large,Medium,Small,X-Large,XX-Large","Rs
2199",659,70% off,Indianwear-Women
13923,Stop,Printed round neck hi low womens kurta - off white,"Size:S,M,L,XL,X-Small","Rs
999",499,50% off,Indianwear-Women
13924,Aurelia,Printed viscose round neck womens ethnic set - pink,"Size:Large,Medium,Small,X-Large,X-Small,XX-Large","Rs
2699",1889,30% off,Indianwear-Women
13925,Aurelia,Printed viscose regular fit womens kurta set - white,"Size:Large,Medium,Small,X-Large,XX-Large",Nan,4199,No Discount,Indianwear-Women
13926,Myshka,Printed round neck womens kurti - pink,",Medium,Small,X-Large,XX-Large","Rs
2499",499,80% off,Indianwear-Women
13927,Kashish,Embroidered v neck flared fit womens kurta - pink,"Size:Large,Medium,Small,X-Large,X-Small,XX-Large","Rs
1799",899,50% off,Indianwear-Women
13928,Ziyaa,Printed round neck polyester womens ethnic set - blue,"Size:Large,Medium,Small,X-Large,XX-Large,XXX-Large","Rs
2992",1196,60% off,Indianwear-Women
13929,Varanga,Womens key hole neck floral kurta set - black,"Size:Medium,X-Large,XX-Large","Rs
3199",1599,50% off,Indianwear-Women
13930,Indya,Regular fit full length polyester cotton womens casual wear skirt - green,"Size:Large,X-Large,X-Small","Rs
2950",1475,50% off,Indianwear-Women
13931,Amukti,A-line rayon womens kurta - ivory,"Size:Large,Medium,Small,X-Large","Rs
999",499,50% off,Indianwear-Women
13932,Kashish,Embroidered round neck straight fit womens kurta - rose,"Size:Large,Medium,Small,X-Large,X-Small,XX-Large","Rs
1999",999,50% off,Indianwear-Women
13933,Janasya,Solid crepe round neck womens kurta palazzo set - black,"Size:Medium,Small,X-Large,X-Small","Rs
2299",1034,55% off,Indianwear-Women
13934,Varanga,Embroidered round neck silk blend womens ethnic set - olive,"Size:Large,X-Large,XX-Large","Rs
5999",2399,60% off,Indianwear-Women
13935,Ziyaa,Floral rayon mandarin womens straight kurta - pink,"Size:Large,Medium,Small,X-Large,XX-Large,XXX-Large","Rs
1953",781,60% off,Indianwear-Women
13936,Janasya,Womens multicolor poly crepe kurta (jne2014) - multi,"Size:Large,Medium,Small,X-Large,X-Small,XX-Large,XXX-Large","Rs
1199",539,55% off,Indianwear-Women
13937,Janasya,Solid cotton v neck womens dress - peacock,"Size:Large,Medium,Small,X-Large,XX-Large","Rs
2599",1039,60% off,Indianwear-Women
13938,Janasya,Floral cotton mandarin neck womens empire line top - pink,"Size:Small,X-Large,X-Small,XX-Large,XXX-Large","Rs
1599",879,45% off,Indianwear-Women
13939,Indya,Shraddha kapoor for indya women yellow embellished a-line maxi skirt - yellow,"Size:Large,Medium,Small","Rs
3200",1600,50% off,Indianwear-Women
13940,W,Printed viscose round neck womens kurta - green,"Size:6,8,10,12,14,16,18","Rs
1799",1349,25% off,Indianwear-Women
13941,Indya,Embroidered square neck regular fit womens top - black,"Size:Large,Medium,Small,X-Large,X-Small,XX-Large",Nan,1500,No Discount,Indianwear-Women
13942,Stop,Printed flared fit rayon womens all occasions palazzo - off white,"Size:Large/X-Large,Small/Medium,XX-Large/XXX-Large","Rs
899",449,50% off,Indianwear-Women
13943,Global desi,Solid polyester loose fit womens bottom - natural,"Size:XL,Large,Medium,Small,XX-Large","Rs
1699",1359,20% off,Indianwear-Women
13944,Janasya,Womens black cotton straight kurti (jne3564) - black,"Size:Large,Medium,Small,X-Large,XX-Large","Rs
1399",769,45% off,Indianwear-Women
13945,Indya,Geometric viscose regular fit womens festive sharara - blue,"Size:Large,Medium,Small,X-Large,X-Small","Rs
2400",1200,50% off,Indianwear-Women
13946,Aurelia,Printed viscose regular fit womens culottes - pink,"Size:Large,Medium,X-Large,XX-Large","Rs
1499",899,40% off,Indianwear-Women
13947,Janasya,Womens blue cotton kurta (jne3439) - blue,"Size:Large,Medium,Small,X-Large,XX-Large","Rs
1199",659,45% off,Indianwear-Women
13948,Aurelia,Printed viscose womens ethnic set - pink,"Size:Large,Medium,Small,X-Large,X-Small",Nan,3999,No Discount,Indianwear-Women
13949,Global desi,Printed viscose v neck womens straight top - wine,"Size:XL,Large,Medium,Small,X-Small","Rs
1899",1519,20% off,Indianwear-Women
13950,De moza,Relaxed fit regular length polyester womens festive skirt - natural,"Size:Large,Medium,Small,X-Large,XX-Large","Rs
1999",1199,40% off,Indianwear-Women
13951,Indya,Embellished silk v neck womens kurta - green,"Size:Large,Medium,Small,X-Large,X-Small,XX-Large","Rs
2400",1200,50% off,Indianwear-Women
13952,Infuse,Printed round neck regular fit womens kurta - grey,"Size:Large,Medium,Small,X-Large,X-Small,XX-Large","Rs
1899",949,50% off,Indianwear-Women
13953,Ziyaa,Stripes round neck polyester womens ethnic set - yellow,"Size:Large,Medium,Small,X-Large,XX-Large,XXX-Large","Rs
1927",867,55% off,Indianwear-Women
13954,W,Solid cotton lycra regular fit womens tights - light blue,"Size:Large,Medium,X-Large",Nan,799,No Discount,Indianwear-Women
13955,Ira soleil,Embellished polyester regular fit womens festive wear blouse - navy,"Size:Large,Medium,Small,X-Large,XX-Large",Nan,1999,No Discount,Indianwear-Women
13956,Yuris,Printed square neck cotton womens kurta palazzo set - black,"Size:Small,X-Large,XX-Large","Rs
2799",1119,60% off,Indianwear-Women
13957,Yuris,Geometric cotton keyhole neck womens calf length kurta - pink,"Size:Large,Medium,Small,X-Large,XX-Large,XXX-Large","Rs
1799",719,60% off,Indianwear-Women
13958,Global desi,Solid viscose round neck womens straight kurta - pink,"Size:XL,Large,Medium,Small,X-Small,XX-Large","Rs
2499",1999,20% off,Indianwear-Women
13959,Ziyaa,Printed cotton round neck womens kurta palazzo set - fuchsia,"Size:Large,Medium,Small,X-Large,XX-Large,XXX-Large","Rs
4455",1782,60% off,Indianwear-Women
13960,Yuris,Printed round neck cotton womens kurta palazzo set - dark green,"Size:Medium,Small,X-Large,XX-Large","Rs
2799",1259,55% off,Indianwear-Women
13961,Yuris,Floral cotton mandarin womens calf length kurta - green,"Size:Large,Medium,Small,X-Large,XX-Large,XXX-Large","Rs
1799",719,60% off,Indianwear-Women
13962,Global desi,Floral polyester square neck womens flared tunic - teal,"Size:XL,Large,Medium,Small,X-Small,XX-Large","Rs
3199",1599,50% off,Indianwear-Women
13963,Global desi,Printed viscose square neck womens flared gown - indigo,"Size:XL,Large,Medium,Small,X-Small","Rs
3099",2479,20% off,Indianwear-Women
13964,Global desi,Womens regular fit floral kurta - mustard,"Size:Medium,Small,XX-Large","Rs
2199",879,60% off,Indianwear-Women
13965,Stop,Full length cotton lycra knitted womens churidar - green,"Size:S,M,L,X-Large,XX-Large","Rs
499",349,30% off,Indianwear-Women
13966,Varanga,Printed v-neck silk blend womens ethnic set - peach,"Size:Large,Medium,Small,X-Large,XX-Large","Rs
5999",2099,65% off,Indianwear-Women
13967,Kashish,Embroidered cotton womens full length palazzos - red,"Size:Large/X-Large,Small/Medium","Rs
1499",749,50% off,Indianwear-Women
13968,Varanga,Dyed cotton round neck womens ethnic set - mustard,"Size:Large,Medium,Small,X-Large,XX-Large","Rs
5999",2099,65% off,Indianwear-Women
13969,Varanga,Round neck womens kurta - maroon,"Size:Large,Medium,Small,X-Large,XX-Large","Rs
1999",899,55% off,Indianwear-Women
13970,Varanga,Printed cotton round neck womens regular fit kurta - yellow,"Size:Medium,Small,XX-Large","Rs
2599",779,70% off,Indianwear-Women
13971,Juniper,Embroidered round neck regular fit womens fusion jumpsuit with mask - jade,"Size:Large,Medium,Small,X-Large,X-Small","Rs
1999",999,50% off,Indianwear-Women
13972,Indya,Shraddha kapoor for indya women pink floral embroidered regular crop top - pink,Size:Large,"Rs
1800",900,50% off,Indianwear-Women
13973,Janasya,Womens sea green cotton kurta (jne2153) - sea green,"Size:Small,X-Small","Rs
1899",759,60% off,Indianwear-Women
13974,Stop,Womens embroidered calf length casual wear kurta - ecru,"Size:S,L,X-Small","Rs
1299",649,50% off,Indianwear-Women
13975,Stop,Solid mandarin collar flared kurta fit womens kurta - mustard,"Size:S,M,X-Large","Rs
1499",749,50% off,Indianwear-Women
13976,Aurelia,Dyed poly viscose regular fit womens festive trousers - white,Size:Medium,"Rs
999",699,30% off,Indianwear-Women
13977,Aurelia,Printed polyester mandarin womens ethnic set - blue,Size:Small,Nan,3599,No Discount,Indianwear-Women
13978,Yuris,Floral cotton mandarin womens salwar suit - multi,Size:Small,"Rs
2899",1159,60% off,Indianwear-Women
13979,Varanga,Printed v neck cotton womens ethnic set - peach,"Size:Medium,X-Large,XX-Large","Rs
4999",1499,70% off,Indianwear-Women
13980,Varanga,Zari round neck silk blend designer womens ethnic set - maroon,"Size:Small,XX-Large","Rs
5999",2099,65% off,Indianwear-Women
13981,Kashish,Embroidered mandarin neck straight womens kurta - mint,"Size:Small,X-Large,X-Small","Rs
1699",849,50% off,Indianwear-Women
13982,Fusion beats,Womens printed long shrug - navy,"Size:Large,Medium,X-Large","Rs
2399",959,60% off,Indianwear-Women
13983,Haute curry,Womens round neck printed jumpsuit - blue,"Size:Medium,Small,X-Large,XX-Large",Nan,1999,No Discount,Indianwear-Women
13984,W,Printed viscose regular fit womens festive parallel pants - baby pink,"Size:6,8,12,16,18","Rs
1799",1349,25% off,Indianwear-Women
13985,Aurelia,Yarn dyed cotton round neck womens straight kurta - red,"Size:Large,Medium,Small,X-Large,X-Small,XX-Large","Rs
1399",979,30% off,Indianwear-Women
13986,Aurelia,Printed polyester spandex womens casual tights - gold,"Size:Large,Medium,Small,X-Large,XX-Large",Nan,699,No Discount,Indianwear-Women
13987,Ziyaa,Floral mandarin rayon womens ethnic set - pink,"Size:Large,Medium,Small,X-Large,XX-Large,XXX-Large","Rs
2663",1065,60% off,Indianwear-Women
13988,Amukti,Printed rayon womens kurta - white,"Size:Medium,Small,XX-Large","Rs
1599",799,50% off,Indianwear-Women
13989,W,Solid rayon blend round neck womens kurta - brown,"Size:6,8,10,12,14,16,18",Nan,1999,No Discount,Indianwear-Women
13990,Ziyaa,Floral rayon round neck womens straight kurta - maroon,"Size:Large,Medium,Small,X-Large,XX-Large,XXX-Large","Rs
1957",782,60% off,Indianwear-Women
13991,Haute curry,Womens cotton mandarin collar straight fit tops & tunics - turquoise,"Size:Large,Medium,Small,X-Large,X-Small","Rs
899",449,50% off,Indianwear-Women
13992,Ziyaa,Printed crepe mandarin womens straight kurta - black,"Size:Large,Medium,Small,X-Large,XX-Large,XXX-Large","Rs
1200",600,50% off,Indianwear-Women
13993,Neerus,Solid rayon round neck womens a line kurta - olive,"Size:Large,Medium,X-Large,XX-Large","Rs
2299",1379,40% off,Indianwear-Women
13994,Aurelia,Mandarin straight designer womens kurtas - pink,"Size:Large,Medium,Small,X-Large,X-Small,XX-Large","Rs
1399",979,30% off,Indianwear-Women
13995,Global desi,Solid viscose round neck womens straight top - dark green,"Size:Medium,Small,X-Small,XX-Large","Rs
1599",1039,35% off,Indianwear-Women
13996,Myshka,Printed cotton round neck womens regular casual dress - maroon,Size:Small,"Rs
2999",749,75% off,Indianwear-Women
13997,W,Printed mandarin cotton blend womens calf length kurta - white,"Size:6,8,10,12,14,16,18",Nan,2599,No Discount,Indianwear-Women
13998,Indya,Solid regular fit georgette womens palazzo pants - purple,"Size:Large,Medium,Small,X-Small",Nan,2400,No Discount,Indianwear-Women
13999,Indya,Embroidered georgette v neck womens regular crop top - pink,"Size:Small,X-Large,X-Small,XX-Large","Rs
1600",800,50% off,Indianwear-Women
14000,Stop,Womens cotton slub mandarin collar a-line kurta - red,"Size:S,M,L,XL,X-Small","Rs
1299",649,50% off,Indianwear-Women
14001,Janasya,Floral polyester blend round neck womens a-line kurta - pink,"Size:Large,Medium,Small,X-Large,X-Small,XX-Large,XXX-Large","Rs
1299",519,60% off,Indianwear-Women
14002,Stop,Solid flared fit flex womens casual wear palazzo - rust,"Size:Large/X-Large,Small/Medium,XX-Large/XXX-Large",Nan,799,No Discount,Indianwear-Women
14003,Amukti,A-line rayon womens kurta - cream,"Size:Large,X-Large","Rs
999",499,50% off,Indianwear-Women
14004,Stop,Womens textured calf length winter wear kurta - maroon,"Size:Large,Medium,Small,X-Large,XX-Large","Rs
1999",999,50% off,Indianwear-Women
14005,Janasya,Round neck a line designer womens kurta - peach,"Size:Large,Medium,Small,X-Large,X-Small,XX-Large,XXX-Large","Rs
1699",764,55% off,Indianwear-Women
14006,Ziyaa,Printed crepe round neck womens straight kurta - pink,"Size:Large,Medium,Small,X-Large,XX-Large,XXX-Large","Rs
1477",590,60% off,Indianwear-Women
14007,Neerus,Mirror work dupion silk round neck womens kurta palazzo set - blue,"Size:Large,Medium,X-Large,XX-Large","Rs
2799",2239,20% off,Indianwear-Women
14008,W,Round neck cotton a line designer womens dresses - yellow,"Size:6,12,14,16","Rs
2999",1499,50% off,Indianwear-Women
14009,Aurelia,Printed viscose womens ethnic set - green,"Size:Large,Medium,Small,X-Large,X-Small,XX-Large",Nan,2999,No Discount,Indianwear-Women
14010,Ziyaa,Floral polyester round neck womens straight kurta - blue,"Size:Large,Medium,Small,X-Large,XX-Large,XXX-Large","Rs
1727",690,60% off,Indianwear-Women
14011,Global desi,Floral viscose tie up neck� womens ethnic set - pink mix,"Size:Large,Small,X-Small","Rs
6299",3149,50% off,Indianwear-Women
14012,And,Printed round neck polyester womens casual set - multi,"Size:8,10,12,14,16","Rs
3999",3199,20% off,Indianwear-Women
14013,Global desi,Regular fit regular length viscose womens festive wear skirt - pink,"Size:XL,Large,Medium,Small,X-Small,XX-Large",Nan,3299,No Discount,Indianwear-Women
14014,W,Printed cotton flex regular fit womens parallel pants - orange,"Size:6,8,10,12,14,16","Rs
1799",1349,25% off,Indianwear-Women
14015,Ziyaa,Printed rayon mandarin womens a line kurta - blue,"Size:Large,Medium,Small,X-Large,XX-Large,XXX-Large","Rs
1953",781,60% off,Indianwear-Women
14016,W,Solid cotton flex regular fit womens casual slim pants - grey,"Size:6,8,10,12,14,16,18",Nan,1099,No Discount,Indianwear-Women
14017,Janasya,Womens dark green poly crepe kurti with sharara and dupatta (set073) - green,"Size:Large,Medium,Small,X-Large,X-Small,XXX-Large","Rs
3199",1439,55% off,Indianwear-Women
14018,De moza,Solid skinny fit cotton womens leggings - black,"Size:Large,Medium,Small,X-Large",Nan,499,No Discount,Indianwear-Women
14019,Janasya,Solid mandarin chiffon womens regular fit dress - peacock,"Size:Medium,Small,X-Large,XX-Large","Rs
2599",1299,50% off,Indianwear-Women
14020,Amukti,Polka dots mandarin regular fit womens kurti - black,"Size:Large,Medium,Small,XX-Large,XXX-Large","Rs
1299",909,30% off,Indianwear-Women
14021,Global desi,Solid viscose rayon round neck womens asymmetric top - indigo,"Size:Large,Medium,Small,X-Small","Rs
1399",839,40% off,Indianwear-Women
14022,Stop,Womens solid legging for winter wear - maroon,"Size:Medium,Small,X-Large","Rs
899",449,50% off,Indianwear-Women
14023,Ziyaa,Printed crepe mandarin womens a line kurta - blue,"Size:Large,Medium,Small,X-Large,XX-Large,XXX-Large","Rs
1392",556,60% off,Indianwear-Women
14024,W,Dyed cotton blend round neck womens calf length kurta - brown,"Size:8,10,12,14,16,18","Rs
1699",1274,25% off,Indianwear-Women
14025,Ziyaa,Floral cotton v neck womens kurta palazzo set - multi,"Size:Medium,X-Large,XX-Large,XXX-Large","Rs
3747",1498,60% off,Indianwear-Women
14026,Global desi,Embroidered viscose round neck womens regular gown - aqua,"Size:XL,Large,Medium,Small,X-Small","Rs
4799",3839,20% off,Indianwear-Women
14027,Janasya,Synthetic womens kurta with palazzo and dupatta set - green,"Size:Small,X-Small,XX-Large","Rs
4198",2099,50% off,Indianwear-Women
14028,Global desi,Geometric polyester round neck womens straight top - mid blue,"Size:XL,Large,Medium,Small,X-Small,XX-Large","Rs
2699",2159,20% off,Indianwear-Women
14029,Kashish,Embroidered v-neck viscose blend womens flared dress - gold,"Size:Large,Medium,Small,X-Large,X-Small,XX-Large","Rs
2999",1499,50% off,Indianwear-Women
14030,Janasya,Stripes round neck regular fit womens kurta - maroon,"Size:Medium,Small,XX-Large","Rs
1699",594,65% off,Indianwear-Women
14031,Ziyaa,Printed polyester round neck womens straight kurta - green,"Size:Large,Medium,Small,X-Large,XX-Large,XXX-Large","Rs
1917",766,60% off,Indianwear-Women
14032,Aurelia,Dyed cotton mandarin neck womens above knee kurta - pink,Size:XX-Large,"Rs
1049",629,40% off,Indianwear-Women
14033,Amukti,Printed rayon womens kurta - white,"Size:X-Large,XX-Large","Rs
1599",799,50% off,Indianwear-Women
14034,Kashish,Embroidered viscose blend round neck womens straight kurta - grey,"Size:Large,Medium,Small,X-Large,X-Small,XX-Large","Rs
1799",899,50% off,Indianwear-Women
14035,Yuris,Geometric round neck cotton womens regular fit midi dress - multi,Size:Small,"Rs
1699",849,50% off,Indianwear-Women
14036,Janasya,Printed crepe round neck womens high low kurta - peacock,"Size:Large,Small,X-Large,XX-Large","Rs
1269",571,55% off,Indianwear-Women
14037,Janasya,Womens maroon poly crepe jacket style kurta (jne3255) - red,"Size:Large,Small,X-Small","Rs
1549",774,50% off,Indianwear-Women
14038,Ziyaa,Printed crepe round neck womens ethnic set - multi,"Size:Large,Medium,Small,X-Large,XX-Large,XXX-Large","Rs
4709",1883,60% off,Indianwear-Women
14039,Yuris,Floral cotton round neck womens kurta set - white,"Size:Large,Medium,Small,X-Large,XX-Large,XXX-Large","Rs
3999",1399,65% off,Indianwear-Women
14040,Yuris,Printed round neck cotton womens dress - multi,"Size:Large,Medium,Small,X-Large,XX-Large,XXX-Large","Rs
1999",899,55% off,Indianwear-Women
14041,Yuris,Floral round neck cotton womens regular fit maxi dress - multi,Size:Small,"Rs
1599",799,50% off,Indianwear-Women
14042,Global desi,Round neck straight women kurtas - white,"Size:XL,Large,Medium,Small,X-Small","Rs
2499",1749,30% off,Indianwear-Women
14043,Infuse,Printed v neck regular fit womens tunic - yellow,"Size:Large,Medium,Small,X-Large,X-Small,XX-Large","Rs
1799",899,50% off,Indianwear-Women
14044,Biba,Printed shirt collar cotton womens flared dress - black,"Size:34,36,38,42","Rs
3999",2399,40% off,Indianwear-Women
14045,Varanga,Printed cotton round neck womens ethnic set - pink,"Size:Large,Medium,Small,X-Large,XX-Large",Nan,4999,No Discount,Indianwear-Women
14046,Juniper,Solid cotton flex mandarin womens a-line kurta - white,"Size:Large,Medium,Small,X-Large","Rs
1699",1019,40% off,Indianwear-Women
14047,Juniper,Printed rayon round neck womens straight kurta - blue,"Size:Large,Medium,Small,X-Large","Rs
1699",1019,40% off,Indianwear-Women
14048,Varanga,Printed silk blend round neck womens ethnic set - peach,"Size:Large,Small,X-Large,XX-Large","Rs
5999",2999,50% off,Indianwear-Women
14049,Juniper,Cambric boat neck womens kurta and palazzo set - indigo,"Size:Large,Medium,Small,X-Large,XX-Large","Rs
4099",1639,60% off,Indianwear-Women
14050,Varanga,Gotta patti round neck straight designer womens kurtas - mauve,Size:Small,"Rs
2599",1039,60% off,Indianwear-Women
14051,Ira soleil,Embroidered polyester womens regular kurta - black,"Size:Large,Medium,Small,X-Large",Nan,3999,No Discount,Indianwear-Women
14052,Juniper,Cambric boat neck womens straight kurta palazzo & dupatta set - lime green,"Size:Large,Medium,Small,XX-Large","Rs
4197",1888,55% off,Indianwear-Women
14053,Varanga,Embellished silk round neck womens regular fit kurta - purple,"Size:Small,X-Large,XX-Large","Rs
2999",1049,65% off,Indianwear-Women
14054,Varanga,Mandarin straight designer womens kurtas - peacock,"Size:Large,Medium,Small","Rs
3999",999,75% off,Indianwear-Women
14055,Juniper,Embroidered round neck rayon womens calf length kurta - burgundy,"Size:Medium,Small,X-Small","Rs
2499",749,70% off,Indianwear-Women
14056,Varanga,Womens olive and wine floral block printed straight kurta - olive,"Size:Small,XX-Large","Rs
1499",749,50% off,Indianwear-Women
14057,Juniper,Womens blue georgette printed straight kurta with printed sharara & dupatta - blue,"Size:Large,Medium,X-Large","Rs
3899",2339,40% off,Indianwear-Women
14058,Ira soleil,Self design polyester party wear womens blouse - yellow,"Size:Large,Medium,Small,X-Large",Nan,1999,No Discount,Indianwear-Women
14059,De moza,Solid comfort fit cotton womens casual wear pants - blue,Size:Medium,Nan,1299,No Discount,Indianwear-Women
14060,Global desi,Geometric viscose v-neck womens straight top - pink,Size:X-Small,"Rs
1799",899,50% off,Indianwear-Women
14061,Global desi,Floral polyester key hole neck womens top - coral,"Size:Small,X-Small,XX-Large","Rs
1499",899,40% off,Indianwear-Women
14062,W,Solid viscose round neck womens calf length kurta - maroon,"Size:8,12,14","Rs
3299",1979,40% off,Indianwear-Women
14063,Janasya,Solid pure cotton womens palazzo pants - grey,"Size:Small,X-Small","Rs
1499",599,60% off,Indianwear-Women
14064,Aurelia,Yarn dyed shirt collar straight womens kurta - green,Size:Large,"Rs
1499",749,50% off,Indianwear-Women
14065,Global desi,Embroidered v-neck viscose womens ethnic set - mustard,"Size:Large,Medium,Small","Rs
5799",2899,50% off,Indianwear-Women
14066,Ziyaa,Geometric cotton round neck womens ethnic set - black,"Size:X-Large,XX-Large,XXX-Large","Rs
5138",2055,60% off,Indianwear-Women
14067,Juniper,Printed rayon round neck womens ethnic set - blue,Size:Medium,"Rs
2999",1499,50% off,Indianwear-Women
14068,Biba,Printed round neck viscose womens straight fit dress - red,Size:32,"Rs
4995",2997,40% off,Indianwear-Women
14069,Juniper,Womens navy velvet emboss print lehenga choli dupatta set with satin lining & cancan - navy,Size:X-Small,"Rs
6447",5157,20% off,Indianwear-Women
14070,Juniper,Printed round neck georgette designer women lehenga choli set - grey,"Size:Medium,Small","Rs
4699",1409,70% off,Indianwear-Women
14071,Varanga,Printed cotton round neck womens ethnic set - pink,"Size:Small,X-Large,XX-Large",Nan,3799,No Discount,Indianwear-Women
14072,Global desi,Womens regular fit geometric dress - yellow,Size:XL,"Rs
2699",1079,60% off,Indianwear-Women
14073,Varanga,Womens boat neck ethnic motifs kurta set - red,"Size:Large,Medium,Small,X-Large","Rs
2999",1049,65% off,Indianwear-Women
14074,Myshka,Solid v neck womens kurti - pink,",Small,X-Large,XX-Large","Rs
3999",999,75% off,Indianwear-Women
14075,Ziyaa,Geometric rayon round neck womens flared kurta - green,"Size:Large,Medium,Small,X-Large,XX-Large,XXX-Large","Rs
1683",757,55% off,Indianwear-Women
14076,Fusion beats,Womens round neck printed top - yellow,"Size:Large,Medium,Small,X-Large,XX-Large","Rs
1599",639,60% off,Indianwear-Women
14077,De moza,Solid skinny fit viscose womens leggings - off white,"Size:Large,Medium,Small,X-Large,XX-Large",Nan,449,No Discount,Indianwear-Women
14078,Ziyaa,Geometric round neck rayon womens ethnic set - cream,"Size:Large,Medium,Small,X-Large,XX-Large,XXX-Large","Rs
2698",1079,60% off,Indianwear-Women
14079,Ziyaa,Floral round neck rayon womens ethnic set - maroon,"Size:Large,Medium,Small,X-Large,XX-Large,XXX-Large","Rs
3027",1210,60% off,Indianwear-Women
14080,W,Solid cotton blend round neck womens flared dress - blue,"Size:6,8,10,12,14,16,18",Nan,2499,No Discount,Indianwear-Women
14081,W,Printed round neck cotton blend womens calf length kurta - orange,"Size:6,8,10,12,14,16,18","Rs
2599",1949,25% off,Indianwear-Women
14082,Global desi,Floral cotton round neck womens straight kurta - off white,"Size:XL,Large,Medium,Small,XX-Large","Rs
1699",1359,20% off,Indianwear-Women
14083,Aurelia,Round neck viscose flared designer womens dresses - red,"Size:Large,Medium,Small,X-Large,X-Small","Rs
2799",1959,30% off,Indianwear-Women
14084,Janasya,Synthetic womens kurta with palazzo and dupatta set - pink,"Size:Large,Medium","Rs
5098",2549,50% off,Indianwear-Women
14085,Global desi,Solid polyester round neck womens regular kurta - teal,"Size:XL,Large,Medium,Small,X-Small","Rs
3699",2404,35% off,Indianwear-Women
14086,Stop,Printed rayon round neck womens calf length kurta - natural,"Size:S,M,L,X-Large,X-Small,XX-Large",Nan,1199,No Discount,Indianwear-Women
14087,Neerus,Embroidered round neck rayon womens straight kurta - green,"Size:Large,X-Large,XX-Large,XXX-Large","Rs
1999",1199,40% off,Indianwear-Women
14088,Janasya,Floral round neck regular fit womens kurta - peach,"Size:Large,Medium,Small,X-Small","Rs
1999",999,50% off,Indianwear-Women
14089,W,Printed rayon regular fit womens dress - green,"Size:6,8,10,12,14,16,18",Nan,1699,No Discount,Indianwear-Women
14090,Ziyaa,Floral round neck polyester womens salwar kurta and dupatta set - blue,"Size:Large,Medium,Small,X-Large,XX-Large,XXX-Large","Rs
3959",1583,60% off,Indianwear-Women
14091,Indya,Embellished georgette round neck womens kurta - green,"Size:Large,Medium,Small,X-Large,X-Small,XX-Large","Rs
2100",1680,20% off,Indianwear-Women
14092,Haute curry,Printed v neck regular womens tunics & tops - grey,"Size:Large,Medium,Small,X-Large,X-Small,XX-Large","Rs
999",499,50% off,Indianwear-Women
14093,Global desi,Solid viscose v neck womens straight top - mint,"Size:XL,Large,Medium,Small,X-Small,XX-Large","Rs
2699",2159,20% off,Indianwear-Women
14094,Ziyaa,Printed polyester mandarin womens straight kurta - grey,"Size:Large,Medium,Small,X-Large,XX-Large,XXX-Large","Rs
1563",781,50% off,Indianwear-Women
14095,Varanga,Off white and grey printed straight kurta with partially elasticated printed palazzo - off white,"Size:Large,X-Large,XX-Large","Rs
4999",1499,70% off,Indianwear-Women
14096,Ziyaa,Stripes round neck polyester womens salwar kurta and dupatta set - green,"Size:Large,Medium,Small,X-Large,XX-Large,XXX-Large","Rs
3157",1420,55% off,Indianwear-Women
14097,Ziyaa,Stripes rayon square neck womens kurta palazzo set - pink,"Size:Large,Medium,Small,X-Large,XX-Large,XXX-Large","Rs
3110",1244,60% off,Indianwear-Women
14098,Aurelia,Dyed cotton blend mandarin womens straight kurta - blue,"Size:Large,Medium,Small,X-Large,XX-Large",Nan,1499,No Discount,Indianwear-Women
14099,Ira soleil,Embellished skinny fit polyester womens festive wear pants - red,"Size:Large,Medium,Small,X-Large,XX-Large",Nan,1999,No Discount,Indianwear-Women
14100,W,Solid viscose regular fit womens slim pants - blue,"Size:6,8,10,12,14,16,18",Nan,1399,No Discount,Indianwear-Women
14101,W,Printed round neck viscose womens calf length kurta - mustard,"Size:6,8,10,12,14,16,18",Nan,1799,No Discount,Indianwear-Women
14102,Ritu kumar,Pique collar neck womens short top - multi,"Size:Large,Medium,Small","Rs
3900",3120,20% off,Indianwear-Women
14103,Fusion beats,Boat neck regular fit womens kurta - orange,"Size:Large,Medium,Small,X-Large,XX-Large","Rs
1799",899,50% off,Indianwear-Women
14104,Global desi,Women tie-up neck solid a-line dress - teal,"Size:Medium,Small,X-Small","Rs
2499",999,60% off,Indianwear-Women
14105,Suti,Printed polyester boat neck womens a line kurti - coral,Size:XX-Large,"Rs
2199",1759,20% off,Indianwear-Women
14106,Ritu kumar,Square neck chiffon womens short dress - yellow,"Size:Large,Medium,Small,X-Small",Nan,5600,No Discount,Indianwear-Women
14107,W,Womens solid churidar - black,"Size:Large,Medium,Small",Nan,599,No Discount,Indianwear-Women
14108,Janasya,Printed polyester blend round neck womens straight fit kurta - peacock,"Size:Large,Medium,Small,X-Large,X-Small","Rs
1399",559,60% off,Indianwear-Women
14109,Indya,Embroidered georgette choker neck womens regular fit crop top - purple,"Size:Medium,Small,X-Large,X-Small,XX-Large","Rs
1600",800,50% off,Indianwear-Women
14110,W,Printed round neck viscose womens calf length kurta - blue,"Size:6,8,10,12,14,16,18",Nan,1999,No Discount,Indianwear-Women
14111,W,Printed cotton v neck womens flared dress - brown,"Size:6,8,10,12,18",Nan,2799,No Discount,Indianwear-Women
14112,Global desi,Square neck flared women kurtas - mustard,"Size:XL,Large,Medium,Small,X-Small","Rs
1999",1299,35% off,Indianwear-Women
14113,Janasya,Pure cotton womens kurta - yellow,"Size:Large,Medium,Small,X-Large,X-Small","Rs
1199",659,45% off,Indianwear-Women
14114,Aurelia,Solid cotton blend womens casual tights - white,"Size:Large,Medium,Small,X-Large,XX-Large",Nan,599,No Discount,Indianwear-Women
14115,Myshka,Printed cotton round neck womens dress - pink,",Medium,Small,X-Large,XX-Large","Rs
3499",874,75% off,Indianwear-Women
14116,Janasya,Poly chanderi womens kurta with pant and dupatta set - gold,"Size:Small,X-Small,XX-Large,XXX-Large","Rs
4998",2249,55% off,Indianwear-Women
14117,Indya,Floral viscose round neck womens kurta - blue,"Size:Large,Medium,Small,X-Large,X-Small,XX-Large","Rs
1950",975,50% off,Indianwear-Women
14118,Indya,Floral viscose keh hole neck womens regular tunic - white,"Size:Large,Medium,Small,X-Large,X-Small,XX-Large","Rs
2450",1225,50% off,Indianwear-Women
14119,W,Printed viscose round neck womens calf length kurta - green,"Size:6,8,10,12,14,16,18",Nan,3599,No Discount,Indianwear-Women
14120,Global desi,Striped round neck cotton womens straight dress - aqua,"Size:Large,Medium,Small,X-Small","Rs
2799",1819,35% off,Indianwear-Women
14121,Janasya,Womens poly crepe dhoti style saree with blouse (set183) - light olive,"Size:Large,Medium,Small,X-Large,X-Small,XX-Large,XXX-Large","Rs
2599",1299,50% off,Indianwear-Women
14122,Global desi,Geometric viscose round neck womens top - off white,"Size:XL,Medium,Small,X-Small","Rs
1699",849,50% off,Indianwear-Women
14123,Global desi,Solid cotton round neck womens regular gown - coral,"Size:XL,Large,Medium,Small,X-Small","Rs
3299",2309,30% off,Indianwear-Women
14124,Kashish,Womens taffeta sleeveless regular fit gown - gold,"Size:Large,Medium,Small,X-Large,XX-Large","Rs
2999",1499,50% off,Indianwear-Women
14125,Global desi,Solid cotton square neck womens flared dress - sage,"Size:Large,Medium,Small,X-Small","Rs
2999",2099,30% off,Indianwear-Women
14126,Aurelia,Printed viscose round neck womens knee length kurta - pink,"Size:Large,Medium,Small,X-Small","Rs
1499",749,50% off,Indianwear-Women
14127,Yuris,Foil print round neck viscose blend womens kurta palazzo set - teal,"Size:Large,Medium,Small,X-Large,XX-Large,XXX-Large","Rs
3999",1599,60% off,Indianwear-Women
14128,Global desi,Jacquard viscose round neck womens straight top - wine,"Size:XL,Large,Medium,Small,X-Small,XX-Large","Rs
1999",1299,35% off,Indianwear-Women
14129,Global desi,Solid regular fit full length viscose womens trousers - indigo,"Size:Large,Medium,Small,X-Small","Rs
2199",1099,50% off,Indianwear-Women
14130,Varanga,Thread work round neck womens kurta - magenta,"Size:Large,Medium,Small,XX-Large","Rs
2599",1039,60% off,Indianwear-Women
14131,Varanga,Womens off white mughal floral printed sleeveless crop top with full length placket at back - off white,"Size:Large,Medium,Small,X-Large","Rs
1299",519,60% off,Indianwear-Women
14132,Juniper,Womens black rayon solid wide-leg palazzo with lace detailing - black,"Size:Medium,Small,X-Small","Rs
1799",719,60% off,Indianwear-Women
14133,Juniper,Sequins round neck georgette designer women ethnic sets - green,"Size:Large,Medium,Small,X-Small","Rs
4799",2159,55% off,Indianwear-Women
14134,Global desi,Womens self pattern tunic - pink,"Size:XL,Large,Medium,Small,XX-Large","Rs
3999",1199,70% off,Indianwear-Women
14135,Varanga,Jacquard silk blend round neck womens ethnic set - pink,"Size:Large,Small,X-Large,X-Small",Nan,8999,No Discount,Indianwear-Women
14136,Aurelia,Printed polyester round neck womens ethnic set - red,"Size:Medium,X-Small",Nan,3999,No Discount,Indianwear-Women
14137,Indya,Foil print georgette collared neck womens regular tunic - green,"Size:Medium,Small,X-Small","Rs
2400",1200,50% off,Indianwear-Women
14138,W,Printed georgette v neck womens ethnic set - purple,Size:10,"Rs
4999",2499,50% off,Indianwear-Women
14139,Janasya,Solid pure cotton womens palazzo pants - green,"Size:X-Small,XX-Large,XXX-Large","Rs
1499",599,60% off,Indianwear-Women
14140,Indya,Embellished regular fit georgette womens palazzo pants - green,"Size:Medium,Small,X-Small",Nan,1900,No Discount,Indianwear-Women
14141,Indya,Floral georgette regular fit womens top - yellow,"Size:Medium,Small,X-Large",Nan,1700,No Discount,Indianwear-Women
14142,W,Printed viscose round neck womens calf length kurta - green,Size:6,Nan,2299,No Discount,Indianwear-Women
14143,W,Solid polyester regular fit womens straight ethnic set - yellow,Size:8,"Rs
6999",3499,50% off,Indianwear-Women
14144,Janasya,Womens green poly crepe kurta (jne3265) - green,Size:Small,"Rs
1549",542,65% off,Indianwear-Women
14145,W,Printed viscose round neck womens calf length kurta - yellow,Size:16,"Rs
1999",999,50% off,Indianwear-Women
14146,Indya,Regular fit full length georgette womens festive wear skirt - pink,"Size:Large,Small","Rs
3950",1975,50% off,Indianwear-Women
14147,Yuris,Motif cotton mandarin womens regular kurta - multi,Size:Small,"Rs
1599",719,55% off,Indianwear-Women
14148,Yuris,Printed mandarin neck cotton womens kurta palazzo set - green,"Size:Large,Medium,Small","Rs
3499",1399,60% off,Indianwear-Women
14149,Global desi,Self design round neck womens kurta - ink blue,"Size:XL,Large,Medium","Rs
1999",999,50% off,Indianwear-Women
14150,Varanga,Zari round neck silk blend womens ethnic set - olive,"Size:X-Large,XX-Large","Rs
4999",1749,65% off,Indianwear-Women
14151,Stop,Embroidered rayon round neck womens regular tunic - fuchsia,"Size:XL,Large,Medium,Small,XX-Large","Rs
1499",749,50% off,Indianwear-Women
14152,Global desi,Floral viscose round neck womens straight kurta - blue,"Size:XL,Large,Medium,Small","Rs
1899",1519,20% off,Indianwear-Women
14153,Ziyaa,Geometric round neck rayon womens ethnic set - mustard,"Size:Large,Medium,Small,X-Large,XX-Large,XXX-Large","Rs
2667",1066,60% off,Indianwear-Women
14154,Global desi,Geometric polyester regular fit womens fusion wear saree - multi,"Size:Large,Medium,Small,X-Small","Rs
6499",5199,20% off,Indianwear-Women
14155,W,Solid poly viscose round neck womens ethnic set - coral,"Size:6,14","Rs
7999",3999,50% off,Indianwear-Women
14156,Indya,Embroidered v-neck silk womens regular dress - maroon,Size:Medium,"Rs
2700",2160,20% off,Indianwear-Women
14157,Aurelia,Solid cotton lycra regular fit womens tights - green,Size:X-Large,"Rs
699",489,30% off,Indianwear-Women
14158,Indya,Floral georgette regular fit womens sharara - yellow,"Size:Large,Medium,Small,X-Large,X-Small,XX-Large","Rs
2400",1200,50% off,Indianwear-Women
14159,W,Womens solid casual pants - natural,"Size:6,8,10,12,14,16,18",Nan,999,No Discount,Indianwear-Women
14160,De moza,Solid rayon regular fit womens palazzos - navy,"Size:Medium,X-Large","Rs
999",599,40% off,Indianwear-Women
14161,Aurelia,Solid viscose round neck womens above knee kurta - maroon,"Size:Large,Medium,Small,X-Large",Nan,1299,No Discount,Indianwear-Women
14162,Janasya,Embroidered mandarin neck cotton flex womens flared ethnic dress - olive,"Size:Medium,Small,X-Large,XXX-Large","Rs
2498",1373,45% off,Indianwear-Women
14163,De moza,Solid cotton comfort fit womens culottes - denim enzyme,"Size:Large,Small,X-Large",Nan,1299,No Discount,Indianwear-Women
14164,W,Dobby cotton blend round neck womens kurta - green,"Size:6,8,10,12,14,16,18",Nan,1999,No Discount,Indianwear-Women
14165,Biba,Solid narrow cotton flax womens pants - navy,"Size:Large,Medium,Small,X-Large,XX-Large",Nan,899,No Discount,Indianwear-Women
14166,Ira soleil,Womens mandarin collar solid top - gold,"Size:Large,Medium,Small,X-Large",Nan,999,No Discount,Indianwear-Women
14167,Janasya,Round neck straight designer womens kurta - grey,"Size:Large,Medium,X-Large,X-Small","Rs
1199",719,40% off,Indianwear-Women
14168,W,Printed rayon blend round neck womens ethnic set - navy,"Size:6,8,10,12",Nan,6999,No Discount,Indianwear-Women
14169,Indya,Womens beige mukaish mesh tiered skirt - natural,"Size:X-Small,XX-Large","Rs
3600",1800,50% off,Indianwear-Women
14170,Amukti,Floral mandarin regular fit womens kurti - blue,"Size:Small,X-Large,XXX-Large","Rs
1299",909,30% off,Indianwear-Women
14171,Ziyaa,Floral cotton round neck womens ethnic set - grey,"Size:Large,Medium,Small,X-Large,XX-Large,XXX-Large","Rs
5761",2304,60% off,Indianwear-Women
14172,Haute curry,Printed lapel collar regular womens tunics & tops - blue,"Size:Large,Medium,Small,X-Large,X-Small,XX-Large",Nan,1199,No Discount,Indianwear-Women
14173,W,Dobby cotton blend mandarin womens kurta - green,"Size:6,8,10,12,14,16,18",Nan,1899,No Discount,Indianwear-Women
14174,Haute curry,Womens rayon mandarin collar straight fit blouse - yellow,"Size:Large,Medium,Small,X-Large,X-Small,XX-Large","Rs
799",399,50% off,Indianwear-Women
14175,Global desi,Self design v-neck womens kurta - mustard,"Size:Large,Medium,Small,X-Small,XX-Large","Rs
2499",1249,50% off,Indianwear-Women
14176,W,Printed cotton mandarin womens ethnic set - pink,"Size:6,8,10,12,14,16,18",Nan,3799,No Discount,Indianwear-Women
14177,Global desi,Floral polyester v-neck womens casual wear suit - orange,"Size:XL,Large,Medium,Small,X-Small,XX-Large","Rs
3799",2469,35% off,Indianwear-Women
14178,W,Printed cotton flex collar neck womens flared dress - ecru,"Size:6,8,10,12,14,16,18","Rs
2599",1949,25% off,Indianwear-Women
14179,Varanga,Turquoise zari and sequins work yoke straight kurta with 3/4th sleeves - maroon,"Size:Large,Medium,Small,X-Large,XX-Large","Rs
2499",874,65% off,Indianwear-Women
14180,Varanga,Womens key hole neck solid dresses - green,"Size:Medium,Small,X-Large,XX-Large","Rs
3599",1799,50% off,Indianwear-Women
14181,Ziyaa,Printed rayon round neck womens straight kurta - red,"Size:Large,Medium,Small,X-Large,XX-Large,XXX-Large","Rs
2044",715,65% off,Indianwear-Women
14182,Indya,Full length georgette woven designer womens skirts - maroon,"Size:Large,Medium,Small,XX-Large","Rs
3200",2560,20% off,Indianwear-Women
14183,Ira soleil,Cotton 3/4 sleeves womens kurta - purple,"Size:Large,Medium,Small,X-Large",Nan,3249,No Discount,Indianwear-Women
14184,Ira soleil,Solid round neck polyester womens mid thigh tunic - pink,"Size:Large,Small",Nan,2999,No Discount,Indianwear-Women
14185,W,Solid viscose regular fit womens casual straight pants - black,"Size:6,8,10,12,14,16",Nan,1399,No Discount,Indianwear-Women
14186,Neerus,Bandhani silk round neck womens calf length kurta - green,"Size:Large,X-Large,XX-Large","Rs
2999",2399,20% off,Indianwear-Women
14187,Aurelia,Printed band with placket cotton blend womens calf length kurta - blue,"Size:Large,Medium,Small,X-Large,X-Small,XX-Large","Rs
1699",1189,30% off,Indianwear-Women
14188,Ziyaa,Stripes round neck rayon womens ethnic set - blue,"Size:Large,Medium,Small,X-Large,XX-Large,XXX-Large","Rs
3013",1205,60% off,Indianwear-Women
14189,Yuris,Abstract mandarin cotton womens kurta set - multi,Size:Small,"Rs
4299",1504,65% off,Indianwear-Women
14190,Aarke,Embroidered rayon blend round neck womens ethnic set - red,"Size:Large,Medium,Small,X-Large,XX-Large",Nan,5600,No Discount,Indianwear-Women
14191,Biba,Printed cotton round neck womens straight fit kurta - peacock,"Size:32,34,36,38","Rs
3299",1979,40% off,Indianwear-Women
14192,De moza,Solid skinny fit cotton womens leggings - red,"Size:4X-Large,Large,Medium,Small,X-Large,XX-Large,XXX-Large",Nan,449,No Discount,Indianwear-Women
14193,Janasya,Womens grey pure cotton kurta with palazzo and dupatta (set087) - grey,Size:Small,"Rs
4099",1434,65% off,Indianwear-Women
14194,Global desi,Floral viscose v-neck womens tunic - aqua,"Size:Medium,Small,X-Small","Rs
1599",959,40% off,Indianwear-Women
14195,W,Solid chanderi round neck womens ethnic set - green,"Size:8,10,18",Nan,6999,No Discount,Indianwear-Women
14196,Indya,Round neck regular designer womens tunic - green,"Size:Large,Medium,Small,X-Large,X-Small,XX-Large","Rs
3400",1700,50% off,Indianwear-Women
14197,Global desi,Geometric polyester round neck womens flared tunic - orange,"Size:XL,Large,Medium,Small,X-Small,XX-Large","Rs
2499",1999,20% off,Indianwear-Women
14198,Aurelia,Dyed cotton round neck womens straight kurta - peach,"Size:Large,Medium,Small,X-Large,X-Small,XX-Large",Nan,1399,No Discount,Indianwear-Women
14199,Global desi,Solid viscose key hole neck regular fit womens kurta - black,Size:Large,"Rs
2699",1754,35% off,Indianwear-Women
14200,Infuse,Printed rayon round neck womens kaftan - yellow,"Size:Large,Medium,Small,X-Large,X-Small,XX-Large","Rs
1799",899,50% off,Indianwear-Women
14201,Stop,Womens embroidered calf length casual wear kurta - blue,"Size:S,M,L,XL,X-Small,XX-Large","Rs
1299",649,50% off,Indianwear-Women
14202,Janasya,Womens light green poly crepe kurta (jne3364) - leaf green,"Size:Large,Medium,Small,X-Large,X-Small,XX-Large,XXX-Large","Rs
1299",519,60% off,Indianwear-Women
14203,W,Printed rayon blend mandarin womens calf length kurta - blue,"Size:6,14,16","Rs
1699",849,50% off,Indianwear-Women
14204,Kami kubi,Solid silk blend v-neck womens flared ethnic set - maroon,"Size:Large,Medium,Small,X-Large,X-Small,XX-Large","Rs
4999",1999,60% off,Indianwear-Women
14205,Amukti,Floral round neck regular fit womens kurti - black,Size:XXX-Large,"Rs
1299",909,30% off,Indianwear-Women
14206,Global desi,Womens solid tie-up neck top - off white,Size:XL,"Rs
2299",919,60% off,Indianwear-Women
14207,W,Printed rayon blend round neck womens kurta - pink,"Size:6,8,10,12,14,18",Nan,1999,No Discount,Indianwear-Women
14208,Aurelia,Dyed viscose round neck womens straight kurta - natural,"Size:Small,X-Large",Nan,1499,No Discount,Indianwear-Women
14209,Indya,Shraddha kapoor for indya black & gold coloured printed foil skirt with attached dupatta - black,"Size:Large,Medium,Small,X-Large,X-Small,XX-Large","Rs
3600",2880,20% off,Indianwear-Women
14210,W,Solid viscose round neck womens ethnic set - blue,"Size:6,8,10,14,16,18",Nan,6999,No Discount,Indianwear-Women
14211,Aurelia,Printed georgette round neck womens flared dress - pink,"Size:Large,Medium,Small,X-Large,X-Small,XX-Large",Nan,4499,No Discount,Indianwear-Women
14212,Myshka,Printed cotton collar neck womens kurta palazzo set - green,"Size:Medium,Small,X-Large,XX-Large","Rs
2499",874,65% off,Indianwear-Women
14213,Yuris,Geometric cotton v neck womens calf length kurta - pink,"Size:Large,Medium,Small,X-Large,XX-Large,XXX-Large","Rs
1799",809,55% off,Indianwear-Women
14214,Global desi,Printed viscose round neck womens flared top - indigo,"Size:XL,Large,Medium,Small,X-Small,XX-Large","Rs
1899",1519,20% off,Indianwear-Women
14215,Stop,Printed v neck anarkali womens kurta - blue,"Size:S,M,L,X-Large,X-Small","Rs
1699",849,50% off,Indianwear-Women
14216,Global desi,Floral cotton square neck women straight tops - pink,"Size:Medium,X-Small,XX-Large","Rs
1899",1329,30% off,Indianwear-Women
14217,Yuris,Gotta patti round neck cotton womens kurta palazzo set - green,"Size:Large,Medium,X-Large,XX-Large,XXX-Large","Rs
2999",1199,60% off,Indianwear-Women
14218,Yuris,Foil print round neck cotton womens kurta palazzo set - green,"Size:Large,X-Large,XX-Large,XXX-Large","Rs
3999",1399,65% off,Indianwear-Women
14219,Yuris,Floral cotton mandarin womens kurta set - yellow,"Size:Large,Medium,Small,X-Large,XX-Large,XXX-Large","Rs
3999",1399,65% off,Indianwear-Women
14220,Haute curry,Printed cotton regular fit womens knit placement print top - mustard,"Size:Large,Medium,Small,X-Large,X-Small,XX-Large","Rs
699",349,50% off,Indianwear-Women
14221,Stop,Womens solid calf length casual wear kurta - coral,"Size:S,M,L,XL,X-Small,XX-Large","Rs
999",499,50% off,Indianwear-Women
14222,Varanga,Zari round neck womens kurta - peacock,"Size:Large,Small,XX-Large","Rs
2299",1264,45% off,Indianwear-Women
14223,Varanga,V-neck womens kurta - magenta,"Size:Large,Medium,Small,X-Large","Rs
1799",809,55% off,Indianwear-Women
14224,Varanga,Printed cotton blend round neck womens ethnic set - white,"Size:Large,Medium,Small,X-Large",Nan,2099,No Discount,Indianwear-Women
14225,Varanga,Embroidered silk round neck womens regular fit kurta - burgundy,"Size:Large,Medium,Small,XX-Large","Rs
3399",1189,65% off,Indianwear-Women
14226,Varanga,Gotta patti round neck womens kurta - blue,"Size:Large,Medium,Small,XX-Large","Rs
2599",909,65% off,Indianwear-Women
14227,Varanga,Gotta patti round neck silk blend designer womens ethnic set - magenta,"Size:Small,X-Small","Rs
5599",1959,65% off,Indianwear-Women
14228,Kashish,Embroidered mandarin neck a-line womens kurta - blue,"Size:Large,Medium,Small,X-Small","Rs
1999",999,50% off,Indianwear-Women
14229,Varanga,Printed cotton round neck womens ethnic set - rust,"Size:Large,Medium,Small,X-Large,XX-Large",Nan,3999,No Discount,Indianwear-Women
14230,Varanga,Womens indigo small polka dots printed skirt with chevron print on belt and hemline - blue,"Size:Medium,Small,XX-Large","Rs
1999",1199,40% off,Indianwear-Women
14231,Varanga,Embroidered cotton round neck womens ethnic set - yellow,"Size:Large,Medium,Small,X-Large,XX-Large",Nan,5599,No Discount,Indianwear-Women
14232,Stop,Printed round neck high low womens kurta - yellow,"Size:S,M,L,X-Large,X-Small,XX-Large","Rs
999",499,50% off,Indianwear-Women
14233,Global desi,Womens geometric top - natural,"Size:Medium,Small,X-Small","Rs
1699",509,70% off,Indianwear-Women
14234,Varanga,Embroidered silk blend round neck womens ethnic set - magenta,"Size:Large,Medium,Small,X-Large,XX-Large",Nan,4599,No Discount,Indianwear-Women
14235,Juniper,Sequins round neck velvet designer women ethnic sets - navy,"Size:Large,Medium,Small,X-Large,XX-Large","Rs
4999",2499,50% off,Indianwear-Women
14236,Varanga,Gotta patti embellished silk round neck womens regular fit kurta - turquoise,"Size:Small,XX-Large","Rs
2999",749,75% off,Indianwear-Women
14237,Juniper,Cambric v-neck womens top and skirt set - natural,"Size:Large,Medium,Small,X-Large,XX-Large","Rs
3397",1698,50% off,Indianwear-Women
14238,Varanga,Wine floral zari embroidery anarkali kurta with 3/4th gota sleeves - purple,Size:Medium,"Rs
4399",1539,65% off,Indianwear-Women
14239,Global desi,Self design key hole neck womens top - sage,"Size:Medium,Small,X-Small","Rs
1599",959,40% off,Indianwear-Women
14240,W,Printed viscose round neck womens straight kurta - green,"Size:6,8,10","Rs
2799",2099,25% off,Indianwear-Women
14241,Indya,Embroidered viscose round neck womens high low tunic - blue,"Size:Small,X-Small","Rs
2250",1125,50% off,Indianwear-Women
14242,Global desi,Geometric round neck straight womens kurta - blue,"Size:Large,Small,X-Small","Rs
2199",1099,50% off,Indianwear-Women
14243,Indya,Solid regular fit silk womens festive wear pants - yellow,"Size:Large,Medium,X-Small","Rs
1800",900,50% off,Indianwear-Women
14244,Aurelia,Printed polyester round neck womens ethnic set - blue,"Size:Large,Medium",Nan,4999,No Discount,Indianwear-Women
14245,Suti,Printed cotton v neck womens straight kurti - red,"Size:Large,Medium,Small","Rs
1399",1119,20% off,Indianwear-Women
14246,Indya,Floral print georgette v-neck womens regular tunic - blue,Size:Small,"Rs
2900",1450,50% off,Indianwear-Women
14247,Aurelia,Dyed poly viscose regular fit womens festive trousers - multi,"Size:Large,Medium,Small,X-Large",Nan,999,No Discount,Indianwear-Women
14248,Yuris,Printed mandarin neck cotton womens kurta palazzo set - green,"Size:Medium,Small,X-Large","Rs
3499",1399,60% off,Indianwear-Women
14249,Yuris,Abstract cotton mandarin womens regular kurta - multi,"Size:Medium,XX-Large","Rs
1099",604,45% off,Indianwear-Women
14250,Varanga,Gotta patti round neck silk blend designer womens ethnic set - blue,Size:XX-Large,"Rs
5299",1854,65% off,Indianwear-Women
14251,Juniper,Solid cotton flex womens ankle length palazzo - navy,"Size:Large,X-Large","Rs
1299",649,50% off,Indianwear-Women
14252,Juniper,Womens black rayon slub ikat printed a-line kurta - black,Size:X-Large,Nan,1499,No Discount,Indianwear-Women
14253,Varanga,Round neck straight designer womens kurtas - pink,"Size:Small,X-Large","Rs
2999",899,70% off,Indianwear-Women
14254,Indya,Stripes viscose collar neck womens kurta - blue,"Size:Medium,Small,X-Large,X-Small","Rs
2600",1300,50% off,Indianwear-Women
14255,De moza,Solid skinny fit cotton womens leggings - dark pink,"Size:Large,Medium,Small,X-Large",Nan,499,No Discount,Indianwear-Women
14256,W,Solid french crepe womens festive culottes - gold,"Size:Large,Medium,Small",Nan,2799,No Discount,Indianwear-Women
14257,De moza,Solid skinny fit cotton womens leggings - red,"Size:Large,Medium,Small,X-Large,XX-Large",Nan,449,No Discount,Indianwear-Women
14258,De moza,Solid cotton womens cigarette pants - black,"Size:Large,Medium,Small,X-Large,XX-Large",Nan,999,No Discount,Indianwear-Women
14259,Global desi,Floral tie up neck womens top - aqua,"Size:Large,Medium,Small,X-Small","Rs
1699",849,50% off,Indianwear-Women
14260,Global desi,Geometric viscose v-neck womens straight tunic - maroon,"Size:XL,Large,Medium,Small,X-Small","Rs
1799",1259,30% off,Indianwear-Women
14261,Myshka,Printed rayon round neck womens regular kurta - grey,"Size:Large,Medium,Small,X-Large,XX-Large","Rs
2299",574,75% off,Indianwear-Women
14262,De moza,Printed tassel rayon round neck womens regular fit top - off white,"Size:Large,Medium,X-Large",Nan,799,No Discount,Indianwear-Women
14263,W,Solid cotton round neck womens dress - natural,"Size:6,8,10,12,14,16,18",Nan,3599,No Discount,Indianwear-Women
14264,Amukti,Floral mandarin regular fit womens kurti - natural,"Size:Large,Medium,Small,X-Large,XX-Large,XXX-Large","Rs
1299",909,30% off,Indianwear-Women
14265,Indya,Printed viscose v-neck womens regular fit tunic - pink,"Size:Large,Medium,Small,X-Small,XX-Large","Rs
3450",2760,20% off,Indianwear-Women
14266,Ziyaa,Floral crepe collar neck womens ethnic set - pink,"Size:Large,Medium,Small,X-Large,XX-Large,XXX-Large","Rs
3667",1466,60% off,Indianwear-Women
14267,Haute curry,Printed cotton regular fit womens knit chest print top - grey,"Size:Large,Medium,Small,X-Large,X-Small,XX-Large","Rs
699",349,50% off,Indianwear-Women
14268,Myshka,Printed round neck womens kurti - navy,",Medium,Small,X-Large,XX-Large","Rs
2999",599,80% off,Indianwear-Women
14269,Ziyaa,Stripes mandarin rayon womens ethnic set - peacock,"Size:Large,Medium,Small,X-Large,XX-Large,XXX-Large","Rs
2983",1193,60% off,Indianwear-Women
14270,Varanga,Dyed round neck cotton womens ethnic set - mustard,"Size:Large,Medium,Small,X-Large","Rs
4999",1999,60% off,Indianwear-Women
14271,Global desi,Printed viscose v neck womens knee length kurta - mustard,"Size:XL,Large,Medium,Small,X-Small,XX-Large","Rs
3299",2639,20% off,Indianwear-Women
14272,Suti,Printed silk round neck womens ethnic set - off white,"Size:Large,Medium,X-Large,XX-Large","Rs
5499",4399,20% off,Indianwear-Women
14273,Ziyaa,Floral round neck polyester womens salwar kurta and dupatta set - peach,"Size:Large,Medium,Small,X-Large,XX-Large,XXX-Large","Rs
3959",1583,60% off,Indianwear-Women
14274,Infuse,Printed round neck regular fit womens kurta - yellow,"Size:Large,Medium,Small,X-Large,X-Small,XX-Large","Rs
1999",999,50% off,Indianwear-Women
14275,Global desi,Womens solid bodycon top - black,"Size:XL,Large,Medium,Small,X-Small","Rs
1599",639,60% off,Indianwear-Women
14276,Ziyaa,Geometric mandarin rayon womens salwar kurta and dupatta set - black,"Size:Large,Medium,Small,X-Large,XX-Large,XXX-Large","Rs
4133",1653,60% off,Indianwear-Women
14277,Aurelia,Printed viscose mandarin womens straight kurta - red,"Size:Large,Medium,Small,X-Large,X-Small,XX-Large","Rs
1499",1049,30% off,Indianwear-Women
14278,Aurelia,Printed viscose mandarin neck womens above knee kurta - green,Size:XX-Large,"Rs
1199",599,50% off,Indianwear-Women
14279,Janasya,Womens brown cotton stitched blouse (bl098) - brown,"Size:Large,Medium,Small,X-Large,X-Small,XX-Large","Rs
899",449,50% off,Indianwear-Women
14280,Ritu kumar,Chiffon mandarin womens shirt blouse - multi,"Size:Large,Medium,Small",Nan,4200,No Discount,Indianwear-Women
14281,Global desi,Square neck straight womens kurta - mint,"Size:XL,Large,Medium,Small,X-Small","Rs
1699",1359,20% off,Indianwear-Women
14282,Kashish,Womens chanderi  regular fit skirt - fuschia,"Size:Large/X-Large,Small/Medium","Rs
2499",1249,50% off,Indianwear-Women
14283,W,Printed viscose round neck womens straight kurta - red,"Size:6,8,10,12,14,16,18",Nan,1999,No Discount,Indianwear-Women
14284,Global desi,Abstract round neck womens kurta - off white,"Size:XL,Large,Medium,Small,X-Small","Rs
2399",1199,50% off,Indianwear-Women
14285,Juniper,Printed rayon round neck womens straight kurta - off white,"Size:Large,Medium,Small,X-Large",Nan,2099,No Discount,Indianwear-Women
14286,Aarke,Embroidered rayon blend v neck womens short top - blue,"Size:Large,Medium,Small,X-Large",Nan,2700,No Discount,Indianwear-Women
14287,Myshka,Printed cotton square neck womens regular casual dress - red,"Size:Large,Medium,Small,X-Large,XX-Large","Rs
3999",999,75% off,Indianwear-Women
14288,Indya,Solid silk womens regular length pants - gold,"Size:Large,Medium,Small,X-Large,X-Small,XX-Large",Nan,1700,No Discount,Indianwear-Women
14289,Aurelia,Printed crepe round neck womens flared dress - natural,"Size:Large,Medium,Small,X-Small",Nan,1699,No Discount,Indianwear-Women
14290,Ira soleil,Embellished polyester regular fit womens festive wear blouse - red,"Size:Large,Medium,Small,X-Large",Nan,1999,No Discount,Indianwear-Women
14291,Ira soleil,Embellished polyester regular fit womens festive wear blouse - gold,"Size:Large,Medium,Small,X-Large,XX-Large",Nan,1999,No Discount,Indianwear-Women
14292,Aurelia,Printed polyester womens straight kurta - blue,"Size:Large,Medium,Small,X-Large,X-Small,XX-Large","Rs
999",699,30% off,Indianwear-Women
14293,Aurelia,Dyed cotton womens a line dress - pink,"Size:Large,Medium,Small,X-Large,X-Small,XX-Large",Nan,2299,No Discount,Indianwear-Women
14294,Global desi,Floral mandarin collar straight womens kurta - blue,"Size:XL,Large,Medium,Small,X-Small","Rs
2199",1099,50% off,Indianwear-Women
14295,W,Printed cambric mandarin womens straight kurta - blue,"Size:6,8,10,12,14,16,18",Nan,1999,No Discount,Indianwear-Women
14296,Global desi,Solid cotton round neck womens ethnic set - yellow,"Size:XL,Large,Medium,Small,X-Small,XX-Large","Rs
16999",13599,20% off,Indianwear-Women
14297,Haute curry,Printed flex round neck womens regular top - blue,"Size:Large,Medium,Small,X-Large,X-Small,XX-Large","Rs
899",449,50% off,Indianwear-Women
14298,Stop,Womens printed knee length casual wear kurta - yellow,"Size:S,M,L,X-Small,XXX-Large","Rs
799",399,50% off,Indianwear-Women
14299,De moza,Solid regular fit cotton womens casual wear pants - off white,"Size:Large,Medium,X-Large,XX-Large",Nan,1299,No Discount,Indianwear-Women
14300,Stop,Solid mandarin collar a line fit womens kurta - fuchsia,"Size:S,M,L,X-Large,X-Small,XX-Large","Rs
1499",749,50% off,Indianwear-Women
14301,Global desi,Boat neck a line women kurtas - lime green,"Size:XL,Large,Medium,Small,X-Small,XX-Large","Rs
3199",2079,35% off,Indianwear-Women
14302,De moza,Solid skinny fit cotton womens leggings - brown,"Size:Large,Medium,Small,XX-Large",Nan,499,No Discount,Indianwear-Women
14303,Ziyaa,Floral rayon round neck womens straight kurta - maroon,"Size:Large,Medium,Small,X-Large,XX-Large,XXX-Large","Rs
1602",640,60% off,Indianwear-Women
14304,Faballey,Solid round neck cotton spandex womens midi dress - blue,"Size:Large,Medium,Small,X-Small","Rs
1800",900,50% off,Indianwear-Women
14305,Myshka,Solid v neck womens kurti - pink,",Small,X-Large,XX-Large","Rs
3999",1199,70% off,Indianwear-Women
14306,W,Solid cotton round neck womens calf length kurta - dark grey,"Size:6,8,10,12,14,16,18",Nan,1999,No Discount,Indianwear-Women
14307,Janasya,Womens multicolor pure cotton kurta with palazzo and dupatta (set172) - multi,"Size:Large,Medium,Small,X-Large,X-Small,XX-Large,XXX-Large","Rs
4349",1957,55% off,Indianwear-Women
14308,Myshka,Printed cotton regular length womens casual palazzo - multi,"Size:Large,Medium,Small,X-Large,XX-Large","Rs
1999",599,70% off,Indianwear-Women
14309,Aurelia,Printed polyester round neck womens ankle length kurta - blue,"Size:Large,Medium,Small,X-Large,X-Small,XX-Large",Nan,2999,No Discount,Indianwear-Women
14310,Global desi,Checks cotton round neck women straight tunic - green,"Size:XL,Large,Medium,Small,X-Small,XX-Large","Rs
1999",1299,35% off,Indianwear-Women
14311,Yuris,Floral cotton v-neck regular fit womens kurta palazzo set - yellow,"Size:Large,Medium,Small,X-Large,XX-Large,XXX-Large","Rs
3499",1399,60% off,Indianwear-Women
14312,Yuris,Printed cotton round neck regular fit womens kurta palazzo set - multi,"Size:Large,Medium,Small,X-Large,XX-Large","Rs
2799",1119,60% off,Indianwear-Women
14313,Global desi,V neck straight womens kurta - white,"Size:XL,Large,Medium,Small,X-Small,XX-Large","Rs
1899",1519,20% off,Indianwear-Women
14314,Ira soleil,Regular fit crop length velvet womens party wear blouse - black,"Size:Large,Medium",Nan,1499,No Discount,Indianwear-Women
14315,Varanga,Zari mandarin designer womens ethnic set - red,"Size:Large,Medium,Small,X-Large,XX-Large","Rs
5999",2399,60% off,Indianwear-Women
14316,Ira soleil,Regular fit full length polyester womens fusion wear skirt - cream,"Size:Large,Medium,Small,X-Large",Nan,3999,No Discount,Indianwear-Women
14317,Juniper,Womens embellished saree style dress - black,"Size:Large,Medium,Small,X-Large,X-Small","Rs
4499",2249,50% off,Indianwear-Women
14318,Varanga,Embellished silk round neck womens regular fit kurta - blue,"Size:Medium,Small,XX-Large","Rs
2799",839,70% off,Indianwear-Women
14319,Kashish,Embroidered mandarin neck a-line womens kurta - natural,"Size:Large,Medium,Small,X-Large,X-Small,XX-Large","Rs
1999",999,50% off,Indianwear-Women
14320,Indya,Embellished v neck regular fit womens kurta - green,Size:Small,Nan,2950,No Discount,Indianwear-Women
14321,Aurelia,Printed viscose womens straight kurta - green,"Size:Large,Medium,X-Large,XX-Large","Rs
1399",979,30% off,Indianwear-Women
14322,Aurelia,V- neck straight designer womens kurtas - yellow,Size:X-Small,"Rs
999",699,30% off,Indianwear-Women
14323,Indya,Floral georgette regular womens festive wear saree - green,Size:Small,Nan,3500,No Discount,Indianwear-Women
14324,Aurelia,Printed viscose round neck womens straight kurta - blue,"Size:Small,X-Small","Rs
1399",979,30% off,Indianwear-Women
14325,Aurelia,Dyed cotton womens straight kurta - green,"Size:Large,Medium,Small,X-Small","Rs
1699",1189,30% off,Indianwear-Women
14326,Ira soleil,Floral polyester mandarin neck womens casual top - pink,"Size:Medium,Small",Nan,1499,No Discount,Indianwear-Women
14327,Aurelia,Printed round neck straight womens kurta - pink,"Size:Medium,X-Small","Rs
1399",699,50% off,Indianwear-Women
14328,Global desi,Womens regular fit geometric kurta - red,"Size:Large,Small","Rs
1899",759,60% off,Indianwear-Women
14329,Biba,Rayon woven womens palazzo - indigo,"Size:Medium,Small",Nan,999,No Discount,Indianwear-Women
14330,Amukti,Floral mandarin regular fit womens kurti - green,"Size:4X-Large,Small","Rs
1299",909,30% off,Indianwear-Women
14331,Juniper,Printed rayon round neck womens a line dress - black,Size:Small,Nan,2299,No Discount,Indianwear-Women
14332,Global desi,Solid v-neck womens kurta - off white,"Size:Large,Medium","Rs
2599",1559,40% off,Indianwear-Women
14333,Yuris,Printed round neck cotton womens kurta palazzo set - black,"Size:Medium,Small","Rs
2799",1119,60% off,Indianwear-Women
14334,Varanga,Embellished sweetheart neck silk designer womens ethnic set - cream,Size:Small,"Rs
6999",2799,60% off,Indianwear-Women
14335,Juniper,Floral mandarin neck cambric flared womens kurta - blue,"Size:Large,X-Small","Rs
2499",999,60% off,Indianwear-Women
14336,Juniper,Bandhani mandarin collar a-line fit womens kurta - indigo,"Size:Medium,Small,X-Small","Rs
1699",679,60% off,Indianwear-Women
14337,De moza,Solid skinny fit viscose womens leggings - dark grey,"Size:Medium,Small,X-Large,XX-Large",Nan,449,No Discount,Indianwear-Women
14338,Aurelia,Solid cotton blend womens casual tights - blue,"Size:Large,Medium,Small,X-Large,XX-Large",Nan,599,No Discount,Indianwear-Women
14339,Janasya,Womens grey poly crepe kurta (jne3416) - grey,"Size:Medium,Small,X-Large,XX-Large","Rs
1399",559,60% off,Indianwear-Women
14340,Myshka,Printed cotton round neck womens kurta palazzo set - navy,"Size:Small,XX-Large","Rs
4299",1074,75% off,Indianwear-Women
14341,Aurelia,Printed viscose blend round neck womens ethnic set - black,Size:Small,"Rs
4599",2299,50% off,Indianwear-Women
14342,Varanga,Maroon and gold gota work yoke anarkali kurta with flared gota sleeves - maroon,Size:X-Large,"Rs
3999",1599,60% off,Indianwear-Women
14343,Ritu kumar,Cotton blend square neck womens short top - green,"Size:Large,Small",Nan,2900,No Discount,Indianwear-Women
14344,Myshka,Printed cotton blend v neck womens kurta palazzo set - white,"Size:Medium,Small,X-Large","Rs
2499",874,65% off,Indianwear-Women
14345,Ziyaa,Floral polyester sweetheart neck womens ethnic set - off white,"Size:Small,X-Large,XX-Large,XXX-Large","Rs
5783",2313,60% off,Indianwear-Women
14346,Varanga,Womens mandarin collar solid kurta - fuchsia,"Size:Large,Small,X-Large,XX-Large","Rs
1999",999,50% off,Indianwear-Women
14347,Myshka,Printed chanderi round neck womens kurta palazzo set - pink,",Medium,Small,X-Large,XX-Large","Rs
4999",1499,70% off,Indianwear-Women
14348,Janasya,Womens mustard cotton kurta with pant (set185) - yellow,"Size:Large,Medium,Small,X-Large,X-Small,XX-Large","Rs
2949",1179,60% off,Indianwear-Women
14349,Suti,Printed cotton womens straight kurti - almond,"Size:Large,Small,X-Small","Rs
999",799,20% off,Indianwear-Women
14350,Janasya,Solid rayon round neck womens kurta palazzo set with dupatta - coral,"Size:Large,Medium,Small,X-Large,X-Small,XX-Large","Rs
2999",1649,45% off,Indianwear-Women
14351,Kami kubi,Embellished viscose round neck womens straight fit ethnic set - blue,"Size:Large,Medium,Small,X-Small","Rs
4999",1999,60% off,Indianwear-Women
14352,Ziyaa,Geometric round neck polyester womens ethnic set - purple,"Size:Large,Medium,Small,X-Large,XX-Large,XXX-Large","Rs
3180",1272,60% off,Indianwear-Women
14353,Janasya,Embroidered round neck regular fit womens kurta - purple,"Size:Large,Medium,Small,X-Large,X-Small,XX-Large,XXX-Large","Rs
2398",1318,45% off,Indianwear-Women
14354,Stop,Fitted full length cotton lycra womens leggings - green,"Size:S,M,L,X-Large,X-Small","Rs
499",349,30% off,Indianwear-Women
14355,W,Printed viscose regular fit womens parallel pants - light blue,"Size:8,10,12,14,16,18",Nan,1799,No Discount,Indianwear-Women
14356,Janasya,Printed round neck crepe womens calf length dress - green,"Size:X-Large,X-Small,XX-Large","Rs
1649",659,60% off,Indianwear-Women
14357,Kami kubi,Geometric cotton collar neck womens top - blue,Size:Large,"Rs
1199",659,45% off,Indianwear-Women
14358,Global desi,Jacquard polyester round neck womens regular dress - black,"Size:XL,Small","Rs
3299",1649,50% off,Indianwear-Women
14359,Indya,Embroidered georgette boat neck womens longline tunic - green,"Size:Small,X-Small","Rs
2900",1450,50% off,Indianwear-Women
14360,Global desi,Floral polyester round neck womens regular dress - purple,"Size:XL,Large,Medium,Small,X-Small,XX-Large","Rs
3199",1599,50% off,Indianwear-Women
14361,Aarke,Printed cotton blend round neck womens ethnic set - ecru,"Size:Large,Medium,Small,X-Small",Nan,3500,No Discount,Indianwear-Women
14362,Global desi,Polka dots comfort viscose women fusion wear trouser - indigo,"Size:XL,Large,Medium,Small","Rs
2499",1999,20% off,Indianwear-Women
14363,Global desi,Checked shirt collar flared womens kurta - natural,"Size:Medium,Small","Rs
2999",1499,50% off,Indianwear-Women
14364,Stop,Womens flax mandarin collar straight fit kurta - mustard,"Size:S,M,L,X-Small","Rs
1299",649,50% off,Indianwear-Women
14365,W,Womens straight fit printed round neck kurta - pink,"Size:8,12",Nan,1599,No Discount,Indianwear-Women
14366,Global desi,Solid tapered fit full length viscose womens trousers - black,"Size:Large,Medium,Small,X-Small","Rs
2199",1099,50% off,Indianwear-Women
14367,Myshka,Solid silk blend v neck womens regular kurta - white,"Size:Medium,Small,XX-Large","Rs
4999",1249,75% off,Indianwear-Women
14368,W,Printed rayon round neck womens straight kurta - ecru,"Size:6,8,10,12,14,16,18","Rs
1799",1349,25% off,Indianwear-Women
14369,Haute curry,Printed rayon round neck womens regular top - grey,"Size:Large,Medium,Small,X-Large,X-Small,XX-Large","Rs
899",449,50% off,Indianwear-Women
14370,Global desi,Floral round neck cotton womens regular length kurta - sage,"Size:XL,Large,Medium,Small,XX-Large","Rs
2499",1999,20% off,Indianwear-Women
14371,Janasya,Poly crepe womens kurta - green,"Size:Medium,Small,X-Large,XX-Large","Rs
1299",519,60% off,Indianwear-Women
14372,Stop,Solid flared fit flex womens casual wear palazzo - lime green,"Size:Large/X-Large,Small/Medium,XX-Large/XXX-Large",Nan,799,No Discount,Indianwear-Women
14373,Global desi,Womens v neck floral print knotted top - off white,"Size:XL,Large,Small,X-Small","Rs
1699",679,60% off,Indianwear-Women
14374,Ziyaa,Printed round neck polyester womens salwar kurta and dupatta set - black,"Size:Large,Medium,Small,X-Large,XX-Large,XXX-Large","Rs
3857",1542,60% off,Indianwear-Women
14375,Kami kubi,Embroidered silk blend womens salwar kurta dupatta set - peach,"Size:Large,Medium,X-Large,X-Small,XX-Large","Rs
5999",2399,60% off,Indianwear-Women
14376,W,Dyed cotton round neck womens straight fit kurta - white,"Size:6,18","Rs
1999",999,50% off,Indianwear-Women
14377,Stop,Womens embroidered calf length casual wear kurta - lime green,"Size:S,M,L,XL,X-Small,XX-Large","Rs
1299",649,50% off,Indianwear-Women
14378,Neerus,Printed round neck muslin womens a-line kurta - blue,Size:Small,"Rs
2899",1739,40% off,Indianwear-Women
14379,Ziyaa,Printed round neck rayon womens ethnic set - olive,"Size:Large,Medium,Small,X-Large,XX-Large,XXX-Large","Rs
2370",948,60% off,Indianwear-Women
14380,Janasya,Womens red poly silk kurta with palazzo and dupatta (j0007) - multi,"Size:Small,X-Large,X-Small,XXX-Large","Rs
3599",1979,45% off,Indianwear-Women
14381,Aarke,Embroidered rayon blend round neck womens ethnic set - blue,"Size:Large,Medium,Small,X-Small",Nan,5900,No Discount,Indianwear-Women
14382,Global desi,Floral round neck womens straight kurta - pink,"Size:XL,Large,Medium,Small,X-Small,XX-Large","Rs
2999",2099,30% off,Indianwear-Women
14383,Global desi,Floral cotton v neck womens tunic - grey,"Size:XL,Large,Medium,Small,X-Small,XX-Large","Rs
2099",1049,50% off,Indianwear-Women
14384,Ziyaa,Printed mandarin rayon womens ethnic set - red,"Size:Large,Medium,Small,X-Large,XX-Large,XXX-Large","Rs
2765",1106,60% off,Indianwear-Women
14385,Stop,Printed mandarin collar straight fit womens kurta - blue,"Size:S,M,L,XL,X-Small,XX-Large","Rs
1299",649,50% off,Indianwear-Women
14386,Ziyaa,Printed polyester mandarin womens straight kurta - natural,"Size:Large,Medium,Small,X-Large,XX-Large,XXX-Large","Rs
1931",675,65% off,Indianwear-Women
14387,Fusion beats,Boat neck regular fit womens kurta - pink,"Size:Large,Medium,X-Large","Rs
1899",949,50% off,Indianwear-Women
14388,Yuris,Floral round neck cotton womens kurta set - multi,"Size:Medium,Small,X-Large","Rs
4299",1504,65% off,Indianwear-Women
14389,Varanga,Womens round neck floral kurta - pink,Size:XX-Large,"Rs
1799",809,55% off,Indianwear-Women
14390,Global desi,Floral viscose collar neck womens regular tunic - yellow,"Size:XL,Large,Medium,Small,X-Small,XX-Large","Rs
1899",1519,20% off,Indianwear-Women
14391,Indya,Regular fit ankle length polyester blend womens festive skirt - red,"Size:Large,Medium,Small,XX-Large","Rs
2800",2240,20% off,Indianwear-Women
14392,Aurelia,V- neck straight designer womens kurtas - natural,"Size:Large,Medium,X-Small,XX-Large","Rs
1399",979,30% off,Indianwear-Women
14393,Global desi,Floral round neck polyester women regular dresses - pink,"Size:Large,Medium,Small,X-Small","Rs
2799",1959,30% off,Indianwear-Women
14394,Kami kubi,Embellished viscose boat neck womens straight fit ethnic set - pink,"Size:Large,Medium,X-Large,X-Small","Rs
4499",2024,55% off,Indianwear-Women
14395,Global desi,Floral round neck womens set - peach,"Size:XL,Medium,Small,X-Small","Rs
3599",2159,40% off,Indianwear-Women
14396,De moza,Solid regular fit cotton womens workwear pants - dark grey,Size:XXX-Large,Nan,799,No Discount,Indianwear-Women
14397,Global desi,Solid viscose straight fit womens bottom - natural,"Size:Medium,Small,X-Small,XX-Large","Rs
1499",1199,20% off,Indianwear-Women
14398,Stop,Womens solid calf length casual wear kurta - lime green,"Size:S,M,L,XL,X-Small","Rs
999",499,50% off,Indianwear-Women
14399,Haute curry,Printed rayon womens casual flared dress - lavender,"Size:Large,Medium,Small,X-Large,X-Small,XX-Large","Rs
1499",749,50% off,Indianwear-Women
14400,W,Womens flared printed round neck cropped jacket skirt set - dark green,"Size:6,8,10,12,14,16,18","Rs
6999",3499,50% off,Indianwear-Women
14401,Ziyaa,Printed round neck rayon womens ethnic set - navy,"Size:Large,Medium,Small,X-Large,XX-Large,XXX-Large","Rs
3501",1225,65% off,Indianwear-Women
14402,Ziyaa,Printed collar neck rayon womens ethnic set - peacock,"Size:Large,Medium,Small,X-Large,XX-Large,XXX-Large","Rs
2828",1131,60% off,Indianwear-Women
14403,Neerus,Embroidered round neck rayon womens a-line kurta - grape,"Size:Large,Medium,Small,X-Large,XX-Large,XXX-Large","Rs
2199",1759,20% off,Indianwear-Women
14404,W,Womens solid tights - black,"Size:Large,Medium,Small",Nan,799,No Discount,Indianwear-Women
14405,Ziyaa,Printed round neck rayon womens ethnic set - red,"Size:Large,Medium,Small,X-Large,XX-Large,XXX-Large","Rs
2553",1021,60% off,Indianwear-Women
14406,Indya,Printed regular fit georgette womens casual wear pants - blue,"Size:Large,Medium,Small,X-Large,X-Small","Rs
2200",1100,50% off,Indianwear-Women
14407,Biba,Printed silk cotton round neck womens layered kurta - navy,Size:34,"Rs
4595",2757,40% off,Indianwear-Women
14408,Aurelia,Printed viscose round neck womens ethnic set - black,"Size:Large,Medium,Small",Nan,3599,No Discount,Indianwear-Women
14409,Ziyaa,Floral round neck rayon womens salwar kurta and dupatta set - pink,"Size:Large,Medium,Small,X-Large,XX-Large,XXX-Large","Rs
3887",1554,60% off,Indianwear-Women
14410,Aurelia,Dyed cotton womens ethnic set - blue,"Size:Large,Medium,Small,X-Large,X-Small,XX-Large","Rs
2599",1819,30% off,Indianwear-Women
14411,Janasya,Womens maroon rayon straight kurti (jne3555) - maroon,"Size:Large,Medium,Small,XX-Large","Rs
1499",749,50% off,Indianwear-Women
14412,Janasya,Floral crepe round neck womens straight fit kurta - green,"Size:Large,Medium,Small,XX-Large","Rs
1399",489,65% off,Indianwear-Women
14413,Haute curry,Solid round neck regular womens tunics & tops - mustard,"Size:Large,Medium,Small,X-Large,X-Small,XX-Large",Nan,899,No Discount,Indianwear-Women
14414,W,Printed cotton round neck womens straight fit kurta - white,"Size:6,10,12","Rs
1999",999,50% off,Indianwear-Women
14415,Yuris,Motif cotton round neck womens regular kurta - multi,"Size:Medium,Small","Rs
1099",604,45% off,Indianwear-Women
14416,Amukti,Solid mandarin regular fit womens kurti - green,"Size:Large,Medium","Rs
1049",734,30% off,Indianwear-Women
14417,W,Printed collar neck cotton blend womens calf length kurta - grey,"Size:6,8,10,12,14,16,18",Nan,2399,No Discount,Indianwear-Women
14418,Global desi,Womens solid v-neck bodycon top - black,"Size:Large,X-Small","Rs
999",399,60% off,Indianwear-Women
14419,Global desi,Geometric polyester round neck womens ankle length kurta - aqua,"Size:XL,Large,Medium,Small,X-Small,XX-Large","Rs
2599",1819,30% off,Indianwear-Women
14420,Haute curry,Embroidered crepe tie up neck womens straight fit top - lavender,"Size:Large,Medium,Small,X-Large,X-Small,XX-Large","Rs
1299",649,50% off,Indianwear-Women
14421,Yuris,Ethnic motifs round neck cotton womens kurta set - multi,"Size:Large,X-Large,XX-Large,XXX-Large","Rs
2799",1259,55% off,Indianwear-Women
14422,Yuris,Solid cotton mandarin womens salwar suit - multi,Size:Large,"Rs
2499",1249,50% off,Indianwear-Women
14423,Global desi,Womens solid trouser - natural,"Size:Medium,Small,X-Small","Rs
1999",799,60% off,Indianwear-Women
14424,Janasya,Womens pink cotton straight kurti (jne3605) - pink,"Size:Large,Medium,X-Large,XX-Large,XXX-Large","Rs
1399",769,45% off,Indianwear-Women
14425,De moza,Solid skinny fit cotton womens leggings - purple,"Size:Large,Medium,Small,X-Large",Nan,449,No Discount,Indianwear-Women
14426,Haute curry,Printed round neck rayon womens flared dress - green,"Size:Large,Medium,Small,X-Large,X-Small,XX-Large","Rs
1499",749,50% off,Indianwear-Women
14427,Myshka,Printed round neck womens kurti - yellow,",Medium,Small,X-Large,XX-Large","Rs
1999",599,70% off,Indianwear-Women
14428,Biba,Yarn dyed polyester boat neck womens ethnic set - green,"Size:34,36,38","Rs
2999",1799,40% off,Indianwear-Women
14429,Indya,Shraddha kapoor for indya pink & gold-toned beads & stones ready to wear embroidered cape saree tunic - pink,"Size:Large,Medium,Small,X-Large,X-Small,XX-Large","Rs
4500",3600,20% off,Indianwear-Women
14430,Ira soleil,Solid boat neck georgette womens set - yellow,"Size:Large,Medium,Small,X-Large",Nan,4999,No Discount,Indianwear-Women
14431,Ira soleil,Printed polyester regular fit womens regular top - black,"Size:Large,Medium,Small,X-Large",Nan,2199,No Discount,Indianwear-Women
14432,Varanga,Womens beige and fuchsia floral printed straight kurta with lace and gota detailing on yoke - pink,Size:Small,"Rs
1999",799,60% off,Indianwear-Women
14433,Ira soleil,Printed polyester regular fit womens regular top - red,"Size:Large,Medium,Small,X-Large",Nan,2199,No Discount,Indianwear-Women
14434,Juniper,Floral mandarin neck womens flared dresses dupatta set with mask - blue,"Size:Large,Medium","Rs
4048",1821,55% off,Indianwear-Women
14435,Global desi,Womens a-line tie-ups geometric casual wear kurta - black,"Size:Small,X-Small","Rs
2199",879,60% off,Indianwear-Women
14436,Indya,Geometric viscose womens calf length kurta - yellow,"Size:Small,X-Small",Nan,2200,No Discount,Indianwear-Women
14437,Global desi,Solid viscose cotton round neck womens top - wine,Size:X-Small,"Rs
1599",959,40% off,Indianwear-Women
14438,Varanga,Olive green and maroon mirror work kurta with 3/4th mirror work sleeves - green,Size:Small,"Rs
2499",874,65% off,Indianwear-Women
14439,Global desi,Striped shirt collar womens dress - grey,"Size:Small,X-Small","Rs
1999",1199,40% off,Indianwear-Women
14440,Global desi,Womens floral round neck a-line top - coral,"Size:Medium,Small,X-Small","Rs
1799",899,50% off,Indianwear-Women
14441,Indya,Solid georgette regular fit womens festive wear sharara - indigo,Size:Small,"Rs
2100",1050,50% off,Indianwear-Women
14442,Janasya,Floral silk round neck womens kurta palazzo set with dupatta - purple,"Size:Small,X-Small,XX-Large","Rs
3198",1279,60% off,Indianwear-Women
14443,Janasya,Womens grey pure cotton narrow pant (btm008) - grey,"Size:X-Small,XXX-Large","Rs
1198",599,50% off,Indianwear-Women
14444,Indya,Floral georgette regular fit womens top - pink,"Size:Medium,Small",Nan,1200,No Discount,Indianwear-Women
14445,Yuris,Stripes round neck cotton womens regular fit midi dress - multi,"Size:Medium,Small","Rs
1499",749,50% off,Indianwear-Women
14446,Aurelia,Round neck cotton dobby womens kurta set - blue,"Size:Large,X-Large","Rs
2499",1249,50% off,Indianwear-Women
14447,Juniper,Zari round neck georgette designer womens ethnic sets - blue,"Size:Large,X-Large","Rs
7099",4259,40% off,Indianwear-Women
14448,Global desi,Floral cotton collar neck womens knee length kurta - pink,"Size:XL,Medium,Small","Rs
2999",1499,50% off,Indianwear-Women
14449,Yuris,Floral cotton v neck womens kurta set - grey,"Size:Large,Medium,Small","Rs
3999",1399,65% off,Indianwear-Women
14450,Global desi,Geometric v-neck womens top - mustard,"Size:Large,X-Small","Rs
1599",959,40% off,Indianwear-Women
14451,Varanga,Womens mandarin collar printed kurta - peach,Size:Small,"Rs
1599",719,55% off,Indianwear-Women
14452,Juniper,Solid rayon mandarin womens a-line dress - black,Size:Small,Nan,2499,No Discount,Indianwear-Women
14453,Varanga,Embellished silk mandarin neck womens regular fit kurta - mauve,"Size:Small,XX-Large","Rs
2799",839,70% off,Indianwear-Women
14454,Global desi,Womens a-line tie-ups geometric casual wear kurta - blue,"Size:Small,X-Small","Rs
2199",879,60% off,Indianwear-Women
14455,Ziyaa,Floral round neck rayon womens salwar kurta and dupatta set - green,"Size:Large,Medium,Small,X-Large,XX-Large,XXX-Large","Rs
4088",1635,60% off,Indianwear-Women
14456,Global desi,Solid viscose round neck womens a line tunic - mustard,"Size:XL,Large,Medium,Small,X-Small","Rs
1699",1104,35% off,Indianwear-Women
14457,Ziyaa,Printed round neck rayon womens ethnic set - cream,"Size:Large,Medium,Small,X-Large,XX-Large,XXX-Large","Rs
2138",855,60% off,Indianwear-Women
14458,Janasya,Womens beige poly silk kurta (jne2270) - beige,"Size:Large,Medium,Small,X-Large,X-Small,XX-Large","Rs
1899",759,60% off,Indianwear-Women
14459,Janasya,Printed crepe v-neck womens straight fit kurta - red,"Size:Medium,Small,X-Small,XX-Large","Rs
1399",559,60% off,Indianwear-Women
14460,Janasya,Womens maroon cotton kurta (jne3030) - red,"Size:Large,Medium,Small,X-Large,X-Small,XX-Large,XXX-Large","Rs
2549",1147,55% off,Indianwear-Women
14461,Janasya,Embroidered velvet v neck womens kurta palazzo set with dupatta - green,"Size:Large,Medium,Small,X-Large,X-Small,XX-Large,XXX-Large","Rs
4998",2748,45% off,Indianwear-Women
14462,Global desi,Solid cotton square neck womens regular dress - red,"Size:XL,Large,Medium,Small,X-Small,XX-Large","Rs
2499",1999,20% off,Indianwear-Women
14463,W,Printed viscose round neck womens calf length kurta - black,Size:6,Nan,1699,No Discount,Indianwear-Women
14464,Ira soleil,Art silk regular fit womens festive wear tunic - gold,"Size:Large,Medium,Small,X-Large",Nan,1499,No Discount,Indianwear-Women
14465,Haute curry,Solid round neck regular womens tunics & tops - black,"Size:Large,Medium,Small,X-Large,X-Small,XX-Large",Nan,899,No Discount,Indianwear-Women
14466,Indya,Womens embroidered double layer tunic - pink,"Size:Large,Medium,Small,X-Large,X-Small,XX-Large","Rs
3400",1700,50% off,Indianwear-Women
14467,Global desi,Solid viscose round neck womens straight top - yellow,"Size:XL,Large,Medium,Small,XX-Large","Rs
1499",1199,20% off,Indianwear-Women
14468,Indya,Shraddha kapoor for indya maroon printed maxi-length flared skirt - maroon,"Size:Large,Medium,Small,X-Large","Rs
3500",1750,50% off,Indianwear-Women
14469,Ziyaa,Geometric polyester round neck womens kurta palazzo set - green,"Size:Large,Medium,Small,X-Large,XX-Large,XXX-Large","Rs
5475",2190,60% off,Indianwear-Women
14470,W,Printed cotton round neck womens knee length kurta - off white,"Size:6,8,10,12,16,18",Nan,2799,No Discount,Indianwear-Women
14471,De moza,Solid skinny fit viscose womens leggings - purple,"Size:4X-Large,Large,Medium,Small,X-Large,XX-Large,XXX-Large",Nan,599,No Discount,Indianwear-Women
14472,Neerus,Embroidered cotton blend round neck womens calf length kurta - rust,"Size:Large,Medium,X-Large","Rs
2199",1099,50% off,Indianwear-Women
14473,Indya,Foil print regular fit georgette womens ethnic skirt - blue,"Size:Large,Medium,Small,X-Large,X-Small","Rs
3200",1600,50% off,Indianwear-Women
14474,Ziyaa,Geometric mandarin rayon womens ethnic set - peacock,"Size:Large,Medium,Small,X-Large,XX-Large,XXX-Large","Rs
2703",1081,60% off,Indianwear-Women
14475,Kami kubi,Solid cotton boat neck womens calf length kurta - black,"Size:Large,Medium,Small,X-Small,XX-Large","Rs
2499",1499,40% off,Indianwear-Women
14476,Ritu kumar,Sweetheart neck georgette womens short dress - multi,"Size:Large,Medium",Nan,2600,No Discount,Indianwear-Women
14477,Amukti,Polka dots mandarin regular fit womens kurti - pink,"Size:Large,Medium,Small,XX-Large,XXX-Large","Rs
1299",909,30% off,Indianwear-Women
14478,Ziyaa,Printed round neck polyester womens ethnic set - red,"Size:Large,Medium,Small,X-Large,XX-Large,XXX-Large","Rs
2894",1157,60% off,Indianwear-Women
14479,Janasya,Embellished velvet mandarin womens kurta palazzo set - purple,"Size:Large,Medium,Small,X-Large,X-Small,XX-Large","Rs
4998",1749,65% off,Indianwear-Women
14480,De moza,Skinny fit regular length cotton womens leggings - navy,"Size:Large,Medium,Small,X-Large",Nan,1299,No Discount,Indianwear-Women
14481,Indya,Beige gota insert cigarette pants - natural,"Size:Large,Medium,Small,X-Large,X-Small,XX-Large",Nan,1600,No Discount,Indianwear-Women
14482,Varanga,Womens round neck solid kurta set - purple,"Size:Medium,Small,X-Large","Rs
3999",1999,50% off,Indianwear-Women
14483,Aurelia,Printed rayon round neck womens straight kurta - blue,"Size:Large,Medium,Small,X-Large,X-Small",Nan,1499,No Discount,Indianwear-Women
14484,Janasya,Gold print round neck regular fit womens kurta - off white,"Size:Large,Medium,Small,X-Large,X-Small,XX-Large,XXX-Large","Rs
1899",854,55% off,Indianwear-Women
14485,Ziyaa,Printed polyester round neck womens straight kurta - blue,"Size:Large,Medium,Small,X-Large,XX-Large,XXX-Large","Rs
1562",624,60% off,Indianwear-Women
14486,Janasya,Foil rayon round neck womens kurta palazzo set with dupatta - orange,"Size:Large,X-Large,XX-Large,XXX-Large","Rs
3699",2034,45% off,Indianwear-Women
14487,Stop,Full length cotton lycra knitted womens churidar - natural,"Size:S,M,L,X-Large,XX-Large","Rs
499",349,30% off,Indianwear-Women
14488,W,Printed viscose round neck womens straight fit kurta - blue,"Size:8,10","Rs
1899",1329,30% off,Indianwear-Women
14489,Myshka,Printed cotton blend v neck womens top - natural,"Size:Large,Medium,Small,X-Large,XX-Large","Rs
1899",569,70% off,Indianwear-Women
14490,Aurelia,Printed viscose round neck womens ethnic set - green,"Size:Large,Medium,Small,X-Large,X-Small,XX-Large",Nan,3799,No Discount,Indianwear-Women
14491,Kami kubi,Solid cotton round neck womens ethnic set - blue,"Size:Large,Medium,Small,X-Small,XX-Large","Rs
3999",1799,55% off,Indianwear-Women
14492,Global desi,Floral polyester boat neck womens ethnic set - sage,"Size:Large,Medium,Small,X-Small,XX-Large","Rs
3999",2799,30% off,Indianwear-Women
14493,Neerus,Floral rayon round neck womens salwar suit - pink,"Size:Large,Medium,X-Large,XX-Large","Rs
2499",1999,20% off,Indianwear-Women
14494,Global desi,Solid viscose round neck womens straight top - white,"Size:XL,Large,Medium,Small,X-Small,XX-Large","Rs
3299",2639,20% off,Indianwear-Women
14495,Stop,Solid straight fit cotton lycra womens casual wear pants - grey,"Size:S,M,L,X-Large,X-Small,XX-Large",Nan,899,No Discount,Indianwear-Women
14496,Ziyaa,Floral round neck polyester womens salwar kurta and dupatta set - black,"Size:Large,Medium,Small,X-Large,XX-Large,XXX-Large","Rs
2125",1487,30% off,Indianwear-Women
14497,Janasya,Stripes cotton collared neck womens straight fit tunic - white,"Size:Medium,Small,X-Large,X-Small,XX-Large,XXX-Large","Rs
1498",749,50% off,Indianwear-Women
14498,Janasya,Bandhni silk round neck womens kurta palazzo set with dupatta - gold,"Size:Large,Medium,Small,X-Large,X-Small,XX-Large,XXX-Large","Rs
4398",2199,50% off,Indianwear-Women
14499,De moza,Jaquard tassel polyester round neck womens regular fit top - gold,Size:XX-Large,Nan,999,No Discount,Indianwear-Women
14500,Ira soleil,Solid taffeta womens casual pants - gold,"Size:Large,Medium,Small,X-Large",Nan,1499,No Discount,Indianwear-Women
14501,Ziyaa,Geometric round neck rayon womens ethnic set - navy,"Size:Large,Medium,Small,X-Large,XX-Large,XXX-Large","Rs
2370",948,60% off,Indianwear-Women
14502,Global desi,V- neck straight women kurtas - blue,"Size:XL,Large,Medium,Small,X-Small,XX-Large","Rs
1899",1329,30% off,Indianwear-Women
14503,Global desi,Solid viscose round neck womens straight top - coral,"Size:XL,Large,Medium,Small,X-Small,XX-Large","Rs
2299",1839,20% off,Indianwear-Women
14504,Stop,Womens printed calf length casual wear kurta - blue,"Size:S,M,L,XL,X-Small","Rs
999",499,50% off,Indianwear-Women
14505,Ziyaa,Solid crepe collar neck womens straight kurta - pink,"Size:Large,Medium,Small,X-Large,XX-Large,XXX-Large","Rs
1549",619,60% off,Indianwear-Women
14506,W,Womens solid pants - black,"Size:Large,Medium,Small",Nan,1499,No Discount,Indianwear-Women
14507,Aurelia,Printed cotton round neck womens flared dress - green,"Size:Large,Medium,Small,X-Large,X-Small,XX-Large",Nan,2999,No Discount,Indianwear-Women
14508,De moza,Solid skinny fit viscose womens leggings - black,"Size:Large,Small,X-Large,XX-Large",Nan,449,No Discount,Indianwear-Women
14509,Yuris,Chevron cotton mandarin womens a-line kurta - multi,"Size:Large,Small,X-Large,XX-Large","Rs
1499",599,60% off,Indianwear-Women
14510,Ira soleil,Viscose full sleeves womens kurta - black,"Size:Large,Medium,Small,X-Large,X-Small,XX-Large",Nan,925,No Discount,Indianwear-Women
14511,Janasya,Womens blue poly silk stitched blouse (bl092) - blue,"Size:Large,Medium,Small,X-Large,X-Small,XX-Large","Rs
1199",599,50% off,Indianwear-Women
14512,Global desi,Solid collar womens tunic - mint,"Size:XL,Large,Medium,Small,X-Small,XX-Large",Nan,1699,No Discount,Indianwear-Women
14513,Global desi,Women tie-up neck striped - red,"Size:XL,Large,XX-Large","Rs
1899",759,60% off,Indianwear-Women
14514,Yuris,Buttons v-neck cotton womens kurta palazzo set - red,"Size:Large,Medium,Small,X-Large,XX-Large,XXX-Large","Rs
2799",1259,55% off,Indianwear-Women
14515,Yuris,Floral cotton round neck regular fit womens kurta palazzo set - green,"Size:Large,Medium,Small,X-Large,XX-Large,XXX-Large","Rs
3499",1399,60% off,Indianwear-Women
14516,Yuris,Geometric cotton round neck womens calf length kurta - pink,"Size:Large,Medium,Small,X-Large,XX-Large,XXX-Large","Rs
1799",719,60% off,Indianwear-Women
14517,Global desi,Women round neck geometric fit and flare gown - white,"Size:XL,Large,Small,X-Small","Rs
3499",1399,60% off,Indianwear-Women
14518,Stop,Womens yarn dyed calf length casual wear kurta - natural,"Size:S,M,L,XL,X-Small,XX-Large","Rs
1299",649,50% off,Indianwear-Women
14519,Stop,Printed cotton mandarin womens knee length kurta - coral,"Size:XL,Large,Medium,Small,X-Small,XX-Large,XXX-Large",Nan,899,No Discount,Indianwear-Women
14520,Kashish,Embroidered round neck straight fit womens kurta - rose,"Size:Large,Medium,Small,X-Large,X-Small,XX-Large","Rs
999",499,50% off,Indianwear-Women
14521,Varanga,Mandarin collar womens kurta - navy,"Size:Medium,Small,X-Large","Rs
1899",854,55% off,Indianwear-Women
14522,Juniper,Mandarin collar cambric cotton flex womens ethnic set - black,"Size:Large,Medium,Small,X-Large,XX-Large","Rs
4847",1938,60% off,Indianwear-Women
14523,Varanga,Cotton womens ethnic palazzos - white,"Size:Medium,Small,XX-Large","Rs
1399",769,45% off,Indianwear-Women
14524,Varanga,Womens indigo and maroon chevron printed overall elasticated flared palazzo - blue,"Size:Medium,Small,XX-Large","Rs
1999",1199,40% off,Indianwear-Women
14525,Juniper,Round neck velvet flared womens lehenga choli set - maroon,"Size:Large,Medium,Small,X-Large,X-Small","Rs
5799",4639,20% off,Indianwear-Women
14526,Varanga,Mandarin collar womens kurta - maroon,"Size:Large,Medium,Small,X-Large,XX-Large","Rs
1999",799,60% off,Indianwear-Women
14527,Varanga,Round neck womens kurta - coral,"Size:Medium,Small,X-Large,XX-Large","Rs
1699",679,60% off,Indianwear-Women
14528,Varanga,Round neck womens kurta - maroon,"Size:Large,Medium,Small,X-Large,XX-Large","Rs
1899",854,55% off,Indianwear-Women
14529,Kashish,Embroidered round neck flared womens kurta - mustard,"Size:Large,Medium,X-Large,X-Small,XX-Large","Rs
2299",1149,50% off,Indianwear-Women
14530,Varanga,Womens mauve and off white block printed straight kurta with palazzo - mauve,"Size:Large,Medium,Small,X-Large,XX-Large","Rs
3399",1699,50% off,Indianwear-Women
14531,Varanga,Embroidered silk halter neck womens regular fit kurta - sea green,"Size:Medium,Small,X-Large,XX-Large","Rs
2999",1049,65% off,Indianwear-Women
14532,Global desi,Geometric viscose square neck women flared tops - rose,Size:XL,"Rs
1899",1329,30% off,Indianwear-Women
14533,Indya,Embroidered viscose round neck womens kurta palazzo set - maroon,"Size:Medium,Small",Nan,5000,No Discount,Indianwear-Women
14534,Amukti,Ankle length cotton womens kurta - pink,"Size:Medium,X-Large","Rs
1999",999,50% off,Indianwear-Women
14535,Janasya,Floral v neck rayon womens regular fit dress - peach,"Size:Small,XX-Large","Rs
1999",699,65% off,Indianwear-Women
14536,Global desi,Floral cotton round neck womens ethnic set - off white,Size:Medium,"Rs
5999",3899,35% off,Indianwear-Women
14537,Indya,Indigo check print lace hem a-line tunic - blue,"Size:Small,X-Small","Rs
2950",1475,50% off,Indianwear-Women
14538,W,Solid cotton flex womens casual slim pants - natural,Size:8,"Rs
1299",779,40% off,Indianwear-Women
14539,W,Printed collar neck polyester womens flared dress - brown,Size:8,"Rs
2999",1499,50% off,Indianwear-Women
14540,Amukti,Embroidered cotton womens kurta - pink,"Size:Medium,Small,XXX-Large","Rs
2999",1499,50% off,Indianwear-Women
14541,Aurelia,Solid cotton blend womens casual tights - white,"Size:Large,Medium,Small,X-Large",Nan,599,No Discount,Indianwear-Women
14542,De moza,Solid skinny fit cotton womens leggings - ltgrey,"Size:Large,Medium,X-Large",Nan,449,No Discount,Indianwear-Women
14543,W,Solid georgette round neck womens flared dress - blue,"Size:6,10","Rs
6999",3499,50% off,Indianwear-Women
14544,Global desi,Self design v-neck womens tunic - white,Size:Small,"Rs
2399",1439,40% off,Indianwear-Women
14545,Janasya,Womens mustard poly crepe kurta (jne2291) - mustard,"Size:Medium,Small,X-Small","Rs
1299",519,60% off,Indianwear-Women
14546,Aurelia,Printed round neck crepe womens flared dress - green,Size:Medium,"Rs
2499",1249,50% off,Indianwear-Women
14547,Juniper,Floral mandarin collar rayon womens flared dress - lime green,"Size:Large,X-Large,XX-Large","Rs
3499",1574,55% off,Indianwear-Women
14548,Varanga,Zari round neck silk blend womens ethnic set - sea green,"Size:Small,XX-Large","Rs
3999",1399,65% off,Indianwear-Women
14549,Janasya,Floral cotton mandarin womens kurta palazzo set with dupatta - pink,Size:X-Small,"Rs
4199",2099,50% off,Indianwear-Women
14550,Janasya,Womens white rayon kurta (jne3160) - white,"Size:Large,Medium,Small,X-Large,X-Small,XX-Large,XXX-Large","Rs
2799",1119,60% off,Indianwear-Women
14551,Kami kubi,Solid cotton mandarin neck womens calf length kurta - blue,"Size:Large,Medium,Small,X-Small,XX-Large,XXX-Large","Rs
1999",799,60% off,Indianwear-Women
14552,Janasya,Floral polyester blend round neck womens regular fit top - mustard,"Size:Large,Medium,Small,X-Large,X-Small,XX-Large,XXX-Large","Rs
1498",674,55% off,Indianwear-Women
14553,Ziyaa,Printed rayon collar neck womens straight kurta - navy,"Size:Large,Medium,Small,X-Large,XX-Large,XXX-Large","Rs
1993",797,60% off,Indianwear-Women
14554,Janasya,Floral round neck polyester blend womens flared ethnic dress - mustard,"Size:Large,Medium,Small,X-Large,X-Small,XX-Large,XXX-Large","Rs
2298",1493,35% off,Indianwear-Women
14555,Varanga,Embroidered round neck silk blend womens ethnic set - olive,"Size:X-Large,XX-Large","Rs
5999",2099,65% off,Indianwear-Women
14556,Janasya,Womens multicolor poly silk stitched blouse (bl095) - multi,"Size:Large,Medium,Small,X-Large,X-Small,XX-Large","Rs
1199",599,50% off,Indianwear-Women
14557,Yuris,Floral round neck cotton womens regular fit maxi dress - multi,"Size:Large,X-Large,XX-Large","Rs
2999",1499,50% off,Indianwear-Women
14558,Myshka,Printed cotton round neck womens kurta palazzo set - pink,",Medium,Small,X-Large,XX-Large","Rs
5999",1499,75% off,Indianwear-Women
14559,Neerus,Printed modal round neck womens a-line kurta - mustard,"Size:Large,Medium,XX-Large","Rs
2999",1499,50% off,Indianwear-Women
14560,Varanga,Womens round neck solid kurta - olive,"Size:Medium,Small","Rs
1399",699,50% off,Indianwear-Women
14561,Neerus,Mirror work cotton round neck womens kurta palazzo set - blue,Size:XX-Large,"Rs
2999",2399,20% off,Indianwear-Women
14562,Janasya,Floral round neck regular fit womens kurta - brown,"Size:Small,X-Small,XXX-Large","Rs
1499",749,50% off,Indianwear-Women
14563,Indya,V- neck regular designer womens tunic - green,"Size:Large,Medium,Small,X-Large,X-Small,XX-Large","Rs
2700",1350,50% off,Indianwear-Women
14564,Janasya,Womens pink cotton kurta (jne3441) - pink,"Size:Large,Medium,Small,XX-Large","Rs
1299",779,40% off,Indianwear-Women
14565,Yuris,Floral cotton round neck womens kurta set - grey,"Size:XX-Large,XXX-Large","Rs
3999",1399,65% off,Indianwear-Women
14566,Varanga,Printed round neck cotton womens ethnic set - mustard,"Size:Large,Medium,Small,X-Large","Rs
7999",3199,60% off,Indianwear-Women
14567,Janasya,Womens dark blue rayon straight kurti (jne3548) - blue,"Size:Large,Medium,Small,X-Large,XX-Large","Rs
1499",824,45% off,Indianwear-Women
14568,Myshka,Printed rayon round neck womens kurta palazzo set - black,"Size:Large,Medium,Small,X-Large,XX-Large","Rs
4999",1249,75% off,Indianwear-Women
14569,Aurelia,Yarn dyed cotton mandarin womens a line kurta - orange,"Size:Large,Medium,Small,X-Large,X-Small,XX-Large","Rs
2299",1609,30% off,Indianwear-Women
14570,Aurelia,Printed viscose blend round neck womens ethnic set - green,Size:X-Large,"Rs
4299",2149,50% off,Indianwear-Women
14571,Aurelia,Printed georgette womens flared dress - pink,"Size:Medium,Small",Nan,4299,No Discount,Indianwear-Women
14572,W,Printed viscose regular fit womens straight ethnic set - green,Size:8,"Rs
5999",2999,50% off,Indianwear-Women
14573,Fusion beats,Key hole neck regular fit womens kurta - green,"Size:Large,Medium,Small,X-Large,XX-Large","Rs
1799",899,50% off,Indianwear-Women
14574,Indya,Printed v-neck viscose womens regular dress - indigo,Size:Small,"Rs
2600",1300,50% off,Indianwear-Women
14575,De moza,Solid skinny fit viscose womens leggings - white,"Size:Large,Medium,Small,X-Large,X-Small,XX-Large",Nan,449,No Discount,Indianwear-Women
14576,Janasya,Womens dark green poly crepe kurta with attached scarf (jne3383) - green,"Size:Large,Medium,Small,X-Large,XX-Large,XXX-Large","Rs
1699",679,60% off,Indianwear-Women
14577,Janasya,Printed polyester blend round neck womens kaftan kurta - blue,"Size:Large,Medium,Small,X-Large","Rs
1898",1043,45% off,Indianwear-Women
14578,W,Printed viscose round neck womens straight kurta - blue,Size:6,Nan,1999,No Discount,Indianwear-Women
14579,Yuris,Motif cotton womens full length palazzo - multi,Size:36,"Rs
1349",674,50% off,Indianwear-Women
14580,Ziyaa,Stripes v-neck polyester womens salwar kurta and dupatta set - pink,"Size:Large,Medium,Small,X-Large,XX-Large,XXX-Large","Rs
2893",1301,55% off,Indianwear-Women
14581,Ziyaa,Geometric polyester boat neck womens ethnic set - red,"Size:Large,Medium,Small,X-Large,XX-Large,XXX-Large","Rs
5900",2360,60% off,Indianwear-Women
14582,Janasya,Womens mustard rayon kurta with pant and dupatta (set221) - mustard,"Size:X-Small,XXX-Large","Rs
3199",1119,65% off,Indianwear-Women
14583,W,Printed voile mandarin womens a line kurta - green,"Size:6,8,10,12,14,16,18",Nan,2499,No Discount,Indianwear-Women
14584,Amukti,Floral cotton mandarin collar womens straight kurta - grey,"Size:Large,XX-Large","Rs
1299",909,30% off,Indianwear-Women
14585,Ziyaa,Printed round neck rayon womens ethnic set - blue,"Size:Large,Medium,Small,X-Large,XX-Large,XXX-Large","Rs
3013",1205,60% off,Indianwear-Women
14586,Aurelia,Dyed cotton womens a line kurta - green,"Size:Large,Medium,Small,X-Large,X-Small,XX-Large","Rs
1999",1399,30% off,Indianwear-Women
14587,Myshka,Solid cotton womens palazzo - maroon,",Medium,Small,X-Large,XX-Large","Rs
1899",474,75% off,Indianwear-Women
14588,Aurelia,Round neck straight designer womens kurtas - blue,"Size:Large,Medium,Small,X-Large,X-Small,XX-Large",Nan,1299,No Discount,Indianwear-Women
14589,Amukti,Floral mandarin regular fit womens kurti - pink,"Size:Medium,Small,XX-Large,XXX-Large","Rs
1299",909,30% off,Indianwear-Women
14590,Janasya,Floral v neck regular fit womens kurta - green,"Size:Medium,Small,X-Small","Rs
1399",559,60% off,Indianwear-Women
14591,Ziyaa,Solid round neck polyester womens salwar kurta and dupatta set - green,"Size:Large,Medium,Small,X-Large,XX-Large,XXX-Large","Rs
4580",1832,60% off,Indianwear-Women
14592,Aurelia,Regular fit polyester womens festive skirt - green,"Size:Large,Medium,Small,X-Large,XX-Large",Nan,2399,No Discount,Indianwear-Women
14593,Global desi,Round neck straight womens kurta - white,"Size:XL,Large,Medium,Small,X-Small,XX-Large",Nan,2699,No Discount,Indianwear-Women
14594,Kashish,Womens collared printed kurta - pink,"Size:Medium,X-Large,X-Small",Nan,2499,No Discount,Indianwear-Women
14595,Stop,Womens rayon round neck a-line kurta - yellow,"Size:S,M,X-Small","Rs
999",499,50% off,Indianwear-Women
14596,W,Solid cotton flex mandarin womens calf length kurta - blue,Size:8,Nan,1499,No Discount,Indianwear-Women
14597,W,Solid cotton lycra womens festive tights - green,"Size:Large,Medium,Small","Rs
799",599,25% off,Indianwear-Women
14598,Amukti,Ankle length rayon womens kurta - black,"Size:Large,Medium,Small,X-Large,XX-Large","Rs
1499",749,50% off,Indianwear-Women
14599,Janasya,Womens black cotton kurta (jne3423) - black,"Size:Large,Medium,X-Large","Rs
1199",659,45% off,Indianwear-Women
14600,Haute curry,Solid lapel collar regular womens tunics & tops - sage,"Size:Large,Medium,Small,X-Large,X-Small,XX-Large",Nan,899,No Discount,Indianwear-Women
14601,W,Solid viscose round neck womens knee length kurta - orange,"Size:6,8,10,12,14,16,18,20",Nan,1899,No Discount,Indianwear-Women
14602,Amukti,Printed rayon womens kurta - white,"Size:Large,Medium","Rs
1599",799,50% off,Indianwear-Women
14603,De moza,Skinny fit ankle length length cotton womens leggings - black,"Size:Large,Medium,Small",Nan,1499,No Discount,Indianwear-Women
14604,Neerus,Embroidered round neck chanderi womens straight kurta - pink,"Size:Large,Small,X-Large,XX-Large,XXX-Large","Rs
3999",2399,40% off,Indianwear-Women
14605,Global desi,Solid rayon v neck womens top - maroon,"Size:Large,Medium,Small,X-Small","Rs
1299",844,35% off,Indianwear-Women
14606,Ziyaa,Printed round neck rayon womens ethnic set - blue,"Size:Large,Medium,Small,X-Large,XX-Large,XXX-Large","Rs
2667",1066,60% off,Indianwear-Women
14607,Aurelia,Printed viscose mandarin womens straight kurta - green,"Size:Large,Medium,Small,X-Large,X-Small","Rs
1099",769,30% off,Indianwear-Women
14608,Ziyaa,Printed crepe boat neck womens straight kurta - black,"Size:Large,Medium,Small,X-Large,XX-Large,XXX-Large","Rs
1373",617,55% off,Indianwear-Women
14609,Varanga,Red and gold heavy gota patti embroidery yoke kurta with 3/4th sleeves - red,"Size:Large,Medium,Small,X-Large,XX-Large","Rs
2999",1199,60% off,Indianwear-Women
14610,Janasya,Womens peach rayon stitched blouse (bl090) - pink,"Size:Large,Medium,X-Large,X-Small,XX-Large","Rs
1199",599,50% off,Indianwear-Women
14611,Indya,Printed georgette round neck womens regular fit top - pink,"Size:Large,Medium,Small,X-Large,X-Small,XX-Large","Rs
1500",750,50% off,Indianwear-Women
14612,Juniper,Embroidered cotton v neck womens straight kurta - white,"Size:Large,Medium,Small,X-Large","Rs
3099",1549,50% off,Indianwear-Women
14613,Ziyaa,Printed round neck rayon womens salwar kurta and dupatta set - navy,"Size:Large,Medium,Small,X-Large,XX-Large,XXX-Large","Rs
3600",1440,60% off,Indianwear-Women
14614,W,Printed viscose round neck womens calf length kurta - ecru,Size:16,"Rs
1899",949,50% off,Indianwear-Women
14615,Fusion beats,Womens solid pants - birch,"Size:Large,Medium,Small,X-Large,X-Small","Rs
1999",799,60% off,Indianwear-Women
14616,Global desi,Floral flared fit viscose womens festive wear sharara - dark blue,"Size:XL,Large,Small,X-Small","Rs
2599",1689,35% off,Indianwear-Women
14617,Indya,Embellished one shoulder regular fit womens kurta - purple,"Size:Large,Medium,Small,X-Large,X-Small",Nan,3500,No Discount,Indianwear-Women
14618,Kami kubi,Floral cotton round neck womens straight kurta - yellow,"Size:Large,Medium,Small,X-Large,X-Small,XX-Large","Rs
1799",809,55% off,Indianwear-Women
14619,Global desi,Geometric viscose round neck womens fit and flare gown - pink mix,"Size:Large,Medium,Small,X-Small","Rs
2999",2099,30% off,Indianwear-Women
14620,Varanga,Womens v-neck floral kurta set - blue,Size:Small,"Rs
3399",1189,65% off,Indianwear-Women
14621,Infuse,Solid flex mandarin neck womens straight fit kurta - fuschia,"Size:Large,Medium,Small,X-Large,X-Small,XX-Large","Rs
899",449,50% off,Indianwear-Women
14622,Global desi,Floral viscose rayon choker neck womens straight tunic - black,"Size:XL,Large,Medium,Small,X-Small","Rs
1799",899,50% off,Indianwear-Women
14623,Global desi,Solid viscose round neck womens straight top - lime green,"Size:XL,Large,Medium,Small,X-Small","Rs
1999",1299,35% off,Indianwear-Women
14624,Yuris,Motif cotton collar neck womens a-line kurta - multi,"Size:Medium,Small","Rs
1399",629,55% off,Indianwear-Women
14625,Yuris,Ethnic motifs cotton round neck womens kurta set - off white,"Size:Large,Medium,Small,X-Large,XX-Large,XXX-Large","Rs
3999",1399,65% off,Indianwear-Women
14626,Global desi,Geometric viscose keyhole neck womens straight tunic - blue,"Size:Large,Small,X-Small","Rs
1499",899,40% off,Indianwear-Women
14627,Global desi,Floral collar neck polyester women regular dresses - pink,"Size:Large,Small,X-Small","Rs
1999",1399,30% off,Indianwear-Women
14628,Global desi,Solid tapered fit viscose womens fusion wear pants - indigo,"Size:XL,Large,Medium,Small,X-Small","Rs
2199",1099,50% off,Indianwear-Women
14629,De moza,Printed regular fit cotton womens casual wear pants - maroon,"Size:Large,Medium,Small,X-Large,XX-Large","Rs
999",599,40% off,Indianwear-Women
14630,Yuris,Lace round neck cotton womens kurta palazzo set - navy,"Size:Large,Medium,Small,XX-Large","Rs
3999",1399,65% off,Indianwear-Women
14631,Yuris,Printed mandarin neck cotton womens kurta palazzo set - natural,"Size:Large,Medium,Small,X-Large,XX-Large,XXX-Large","Rs
2799",1119,60% off,Indianwear-Women
14632,Yuris,Abstract cotton round neck womens kurta set - black,Size:Small,"Rs
3999",1399,65% off,Indianwear-Women
14633,Yuris,Floral cotton mandarin neck womens straight fit kurta - peach,"Size:Medium,Small","Rs
1499",599,60% off,Indianwear-Women
14634,Yuris,Stripes cotton mandarin womens regular kurta - multi,Size:X-Large,"Rs
1399",629,55% off,Indianwear-Women
14635,Global desi,Solid comfort fit full length viscose womens trousers - black,"Size:XL,Large,Medium,Small","Rs
2399",1919,20% off,Indianwear-Women
14636,Global desi,Round neck straight women kurtas - red,"Size:XL,Large,Medium,Small,X-Small,XX-Large","Rs
2599",1299,50% off,Indianwear-Women
14637,Varanga,Round neck womens top - red,Size:Large,"Rs
1199",659,45% off,Indianwear-Women
14638,Varanga,Round neck womens kurta - mustard,"Size:Large,Medium,Small,X-Large","Rs
1999",699,65% off,Indianwear-Women
14639,Juniper,Printed rayon calf length womens a-line kurta - maroon,"Size:Small,X-Small","Rs
2098",734,65% off,Indianwear-Women
14640,Varanga,Solid silk blend round neck womens straight fit ethnic set - maroon,"Size:Small,XX-Large","Rs
4599",1609,65% off,Indianwear-Women
14641,Varanga,Zari round neck silk blend womens ethnic set - olive,"Size:Large,X-Large,XX-Large","Rs
4999",1749,65% off,Indianwear-Women
14642,Juniper,Cambric boat neck womens straight kurta palazzo & dupatta set - grey,"Size:Large,Medium,Small,X-Large,XX-Large","Rs
4197",2098,50% off,Indianwear-Women
14643,Juniper,Ikat rayon slub mandarin collar womens a-line kurta with mask - black,Size:X-Small,"Rs
1699",849,50% off,Indianwear-Women
14644,Varanga,Viscose rayon womens casual trousers - grey,"Size:Large,Medium,Small,X-Large,XX-Large","Rs
1399",769,45% off,Indianwear-Women
14645,Varanga,Mandarin straight designer womens kurtas - pink,"Size:Small,X-Large,XX-Large","Rs
3299",1484,55% off,Indianwear-Women
14646,Juniper,Floral round neck flared womens ethnic dress - mustard,"Size:Large,Medium,Small,X-Large,X-Small","Rs
3299",1649,50% off,Indianwear-Women
14647,Varanga,Round neck straight designer womens kurtas - red,"Size:Medium,Small,X-Large,XX-Large","Rs
2999",899,70% off,Indianwear-Women
14648,Varanga,Womens wine gold block printed high slit kurta with wine and gold printed palazzo - magenta,"Size:Small,X-Large,XX-Large","Rs
4299",2149,50% off,Indianwear-Women
14649,Juniper,Printed mandarin georgette womens flared dress - burgundy,"Size:Large,Small,X-Small","Rs
2999",2099,30% off,Indianwear-Women
14650,Haute curry,Printed ankle length casual wear cowl dress - peach,"Size:Large,Small,X-Small","Rs
1499",749,50% off,Indianwear-Women
14651,Janasya,Floral round neck regular fit womens kurta - white,"Size:Small,X-Small","Rs
1549",619,60% off,Indianwear-Women
14652,Janasya,Bandhni silk mandarin womens kurta palazzo set with dupatta - green,"Size:Small,X-Small,XXX-Large","Rs
4398",2418,45% off,Indianwear-Women
14653,Indya,Womens round neck embellished kurta - pink,"Size:X-Large,XX-Large","Rs
2650",1325,50% off,Indianwear-Women
14654,Janasya,Womens black poly crepe kurta (jne1906) - black,"Size:Small,X-Small","Rs
1399",559,60% off,Indianwear-Women
14655,W,Solid cotton flex regular fit womens casual slim pants - natural,"Size:10,12",Nan,999,No Discount,Indianwear-Women
14656,W,Round neck viscose designer womens ethnic set - white,Size:10,"Rs
5999",2999,50% off,Indianwear-Women
14657,Janasya,Cotton womens western dresses with pocket - black,"Size:Small,X-Large","Rs
1898",1043,45% off,Indianwear-Women
14658,W,Solid round neck viscose womens calf length kurta - purple,"Size:10,14,16",Nan,1899,No Discount,Indianwear-Women
14659,Janasya,Solid cotton v neck womens dress - seagreen,"Size:X-Small,XX-Large,XXX-Large","Rs
2799",1399,50% off,Indianwear-Women
14660,Janasya,Geometric cotton flex round neck womens straight fit kurta palazzo set - cream,"Size:XX-Large,XXX-Large","Rs
2298",919,60% off,Indianwear-Women
14661,Amukti,Floral v neck regular fit womens kurti - maroon,Size:XX-Large,"Rs
1299",909,30% off,Indianwear-Women
14662,Janasya,Poly crepe womens kurta with pant and dupatta set - green,"Size:Small,X-Small","Rs
3299",1154,65% off,Indianwear-Women
14663,Aurelia,30's rayon womens non festive skirt - blue,Size:Large,"Rs
1999",1199,40% off,Indianwear-Women
14664,Myshka,Printed polyester collar neck womens dress - multi,Size:Small,"Rs
1599",559,65% off,Indianwear-Women
14665,Janasya,Cotton womens kurta - black,Size:X-Small,"Rs
3198",959,70% off,Indianwear-Women
14666,Amukti,Solid rayon womens kurta - blue,"Size:Medium,Small","Rs
1599",799,50% off,Indianwear-Women
14667,Varanga,Womens round neck floral kurta set - blue,"Size:Large,Small","Rs
3399",1699,50% off,Indianwear-Women
14668,Yuris,Motif cotton round neck womens regular kurta - multi,Size:Small,"Rs
1699",679,60% off,Indianwear-Women
14669,Aurelia,Printed viscose round neck womens ethnic set - yellow,Size:Medium,"Rs
3799",1899,50% off,Indianwear-Women
14670,Janasya,Embroidered round neck flared designer womens top - red,Size:XX-Large,"Rs
2398",839,65% off,Indianwear-Women
14671,Janasya,Womens multicolor poly crepe kurta (jne1234) - multi,"Size:Large,XX-Large","Rs
1199",479,60% off,Indianwear-Women
14672,Global desi,V- neck a line women kurtas - maroon,"Size:XL,Large,Small","Rs
2399",1679,30% off,Indianwear-Women
14673,Haute curry,Womens mandarin collar printed kurta - green,Size:XX-Large,Nan,1499,No Discount,Indianwear-Women
14674,Stop,Womens viscose blend mandarin collar a-line kurta - maroon,"Size:S,X-Small","Rs
1499",749,50% off,Indianwear-Women
14675,Global desi,Womens floral tie up neck straight fit kurta - orange,"Size:Medium,Small,X-Small","Rs
1599",639,60% off,Indianwear-Women
14676,Yuris,Abstract round neck cotton womens regular fit midi dress - multi,"Size:Large,Small","Rs
1499",749,50% off,Indianwear-Women
14677,Yuris,Floral cotton mandarin womens kurta set - sea green,"Size:Medium,Small,XX-Large","Rs
3999",1399,65% off,Indianwear-Women
14678,Yuris,Geometric cotton round neck womens calf length kurta - blue,"Size:Medium,Small","Rs
1799",809,55% off,Indianwear-Women
14679,Varanga,Round neck womens top - green,Size:X-Large,"Rs
1399",559,60% off,Indianwear-Women
14680,Ira soleil,Solid polyester round neck womens lehenga choli set - gold,"Size:Medium,Small",Nan,3999,No Discount,Indianwear-Women
14681,Global desi,Womens straight fit printed geometric casual wear trousers - white,"Size:XL,Large,Small","Rs
1499",899,40% off,Indianwear-Women
14682,Juniper,Ethnic motifs rayon womens flared palazzo pants - navy,"Size:Small,X-Large,X-Small","Rs
1699",849,50% off,Indianwear-Women
14683,Global desi,Womens regular fit floral gown - off white,"Size:Medium,Small","Rs
3999",1599,60% off,Indianwear-Women
14684,Juniper,Womens grey rayon flex solid cigarette pants with pockets - grey,"Size:Small,X-Small","Rs
1799",719,60% off,Indianwear-Women
14685,Global desi,Striped shirt collar flared womens kurta - yellow,"Size:XL,Medium,Small,X-Small","Rs
2499",999,60% off,Indianwear-Women
14686,W,Solid polyester regular fit womens pants - silver cloud,"Size:6,8,10,12,14,16,18",Nan,1699,No Discount,Indianwear-Women
14687,Global desi,Solid cotton v neck womens straight kurta - mint,"Size:XL,Large,Medium,Small,X-Small,XX-Large",Nan,2699,No Discount,Indianwear-Women
14688,Fusion beats,Womens collared gold woven kurta - gold,"Size:Large,Medium,Small,X-Large,XX-Large","Rs
2299",919,60% off,Indianwear-Women
14689,Kami kubi,Floral mandarin neck cotton womens flared ethnic dress - pink,"Size:Large,Medium,Small,X-Large","Rs
1999",799,60% off,Indianwear-Women
14690,Global desi,Self design key hole neck womens kurta - black,"Size:XL,Large,Medium,Small,X-Small","Rs
2599",1689,35% off,Indianwear-Women
14691,Ziyaa,Printed round neck rayon womens ethnic set - blue,"Size:Large,Medium,Small,X-Large,XX-Large,XXX-Large","Rs
2805",1122,60% off,Indianwear-Women
14692,W,Printed cotton round neck womens ankle length kurta - black,"Size:6,8,10,12,14,16,18",Nan,3599,No Discount,Indianwear-Women
14693,Myshka,Printed cotton blend round neck womens kurta palazzo set - multi,",Medium,Small,X-Large,XX-Large","Rs
6499",1624,75% off,Indianwear-Women
14694,W,Regular fit regular length polyester womens festive wear skirts - gold,"Size:Large,Medium,Small","Rs
999",599,40% off,Indianwear-Women
14695,Kashish,Printed straight fit cotton satin womens festive wear pants - grey,"Size:Large/X-Large,Small/Medium","Rs
1299",649,50% off,Indianwear-Women
14696,Ritu kumar,Satin collar neck womens shirt blouse - multi,"Size:Large,Medium,Small",Nan,4500,No Discount,Indianwear-Women
14697,Global desi,Regular regular length viscose womens festive skirt - off white,"Size:XL,Large,Medium,Small,X-Small,XX-Large",Nan,3799,No Discount,Indianwear-Women
14698,Ziyaa,Printed rayon round neck womens straight kurta - yellow,"Size:Large,Medium,Small,X-Large,XX-Large,XXX-Large","Rs
1747",698,60% off,Indianwear-Women
14699,Juniper,Solid cotton round neck womens tiered dress - yellow,"Size:Large,Medium,Small,X-Large","Rs
3299",1649,50% off,Indianwear-Women
14700,Janasya,Womens yellow cotton kurta with palazzo (set240) - yellow,"Size:Large,Medium,Small,X-Large,X-Small","Rs
2199",989,55% off,Indianwear-Women
14701,Global desi,Solid viscose tapered fit womens trousers - white,"Size:XL,Large,Medium,Small",Nan,1399,No Discount,Indianwear-Women
14702,Gipsy,Solid denim v-neck womens tunic - denim,"Size:Large,Medium,X-Large,XX-Large,XXX-Large","Rs
1795",1256,30% off,Indianwear-Women
14703,Amukti,Floral viscose rayon mandarin collar womens straight kurta - brown,"Size:Large,Medium,Small,XX-Large,XXX-Large","Rs
1299",909,30% off,Indianwear-Women
14704,W,Printed polystyrene round neck womens a line kurta - pink,"Size:6,8,10,12,14,16,18","Rs
2799",2099,25% off,Indianwear-Women
14705,W,Solid viscose round neck womens ethnic set - orange,Size:8,Nan,3599,No Discount,Indianwear-Women
14706,Stop,Fitted full length cotton lycra womens leggings - grey,"Size:S,M,L,X-Large,X-Small","Rs
499",349,30% off,Indianwear-Women
14707,Janasya,Womens brown poly crepe kurta (jne3396) - brown,"Size:Large,Medium,Small,X-Small,XXX-Large","Rs
1549",774,50% off,Indianwear-Women
14708,Janasya,Womens green cotton straight kurti (jne3571) - green,"Size:Large,Medium,Small,X-Large,XX-Large","Rs
1399",769,45% off,Indianwear-Women
14709,W,Printed viscose regular fit womens parallel pants - grey,"Size:6,8,10,12,14,16,18",Nan,1799,No Discount,Indianwear-Women
14710,Global desi,Self design cotton keyhole neck womens straight tunic - peach,"Size:XL,Large,Medium,Small,X-Small,XX-Large","Rs
2499",1249,50% off,Indianwear-Women
14711,Aurelia,Printed polyester regular fit womens kurta set - blue,"Size:Large,Medium,Small,X-Large,X-Small,XX-Large",Nan,3999,No Discount,Indianwear-Women
14712,De moza,Solid skinny fit cotton womens leggings - white,"Size:Large,Medium,Small,X-Large,XX-Large",Nan,499,No Discount,Indianwear-Women
14713,Global desi,Womens regular fit solid kurta - off white,"Size:XL,Large,Small,XX-Large","Rs
1799",719,60% off,Indianwear-Women
14714,Suti,Printed cotton v neck womens ethnic set - olive,"Size:4X-Large,Large,Medium,Small,X-Large,X-Small","Rs
3699",2959,20% off,Indianwear-Women
14715,Stop,Womens mandarin collar solid kurta - natural,"Size:S,M,L,XL,X-Small,XX-Large",Nan,799,No Discount,Indianwear-Women
14716,Global desi,Floral viscose square neck womens regular top - coral,"Size:XL,Large,Medium,Small,X-Small,XX-Large","Rs
1699",1359,20% off,Indianwear-Women
14717,Ziyaa,Printed round neck rayon womens ethnic set - navy,"Size:Large,Medium,Small,X-Large,XX-Large,XXX-Large","Rs
2360",944,60% off,Indianwear-Women
14718,Haute curry,Printed shirt collar flex womens straight shirt dress - pink,"Size:Large,Medium,Small,X-Large,X-Small","Rs
1499",749,50% off,Indianwear-Women
14719,Stop,Womens embroidered calf length casual wear kurta - fuschia,"Size:S,M,L,XL,X-Small,XX-Large","Rs
1299",649,50% off,Indianwear-Women
14720,Ziyaa,Floral round neck rayon womens salwar kurta and dupatta set - green,"Size:Large,Medium,Small,X-Large,XX-Large,XXX-Large","Rs
4033",1613,60% off,Indianwear-Women
14721,Global desi,Geometric polyester round neck womens blouson top - indigo,"Size:XL,Large,Medium,Small,X-Small,XX-Large","Rs
1799",1259,30% off,Indianwear-Women
14722,Ziyaa,Floral round neck rayon womens ethnic set - sea green,"Size:Large,Medium,Small,X-Large,XX-Large,XXX-Large","Rs
2408",963,60% off,Indianwear-Women
14723,Global desi,Embroidered round neck viscose womens salwar suit - pink,"Size:XL,Large,Medium,Small,X-Small","Rs
5599",3359,40% off,Indianwear-Women
14724,Biba,Solid embroidered polyester boat neck womens palazzo kurta dupatta set - red,"Size:32,38","Rs
2999",2099,30% off,Indianwear-Women
14725,Ziyaa,Floral round neck rayon womens salwar kurta and dupatta set - brown,"Size:Large,Medium,Small,X-Large,XX-Large,XXX-Large","Rs
4293",1717,60% off,Indianwear-Women
14726,Stop,Womens printed calf length casual wear kurta - pink,"Size:S,M,L,XL,X-Small","Rs
999",499,50% off,Indianwear-Women
14727,Aarke,Printed rayon blend round neck womens ethnic set - blue,"Size:Large,Small,X-Large",Nan,4700,No Discount,Indianwear-Women
14728,Ziyaa,Printed round neck rayon womens ethnic set - yellow,"Size:Large,Medium,Small,X-Large,XX-Large,XXX-Large","Rs
2840",1136,60% off,Indianwear-Women
14729,Aurelia,Printed round neck viscose womens flared dress - green,"Size:Large,Medium,Small,X-Large,X-Small","Rs
2799",1959,30% off,Indianwear-Women
14730,W,Solid cotton flex mandarin womens calf length kurta - blue,"Size:6,8,10,12,14,16,18",Nan,1499,No Discount,Indianwear-Women
14731,Suti,Solid cotton round neck womens ethnic set - navy,"Size:Large,Medium,Small,X-Large,X-Small,XX-Large","Rs
2699",2159,20% off,Indianwear-Women
14732,W,Solid cotton blend regular fit womens slim pants - ecru,"Size:6,8,10,12,14,16,18",Nan,1299,No Discount,Indianwear-Women
14733,Janasya,Printed silk casual wear designer womens blouses - gold,"Size:Large,Medium,Small,X-Large,X-Small","Rs
1399",629,55% off,Indianwear-Women
14734,Aurelia,Dyed cotton womens a line dress - green,"Size:Large,Medium,Small,X-Large,X-Small,XX-Large","Rs
2299",1609,30% off,Indianwear-Women
14735,Global desi,Floral viscose rayon halter neck womens straight top - red,"Size:Large,Medium,Small,X-Small","Rs
1999",1199,40% off,Indianwear-Women
14736,Janasya,Poly muslin womens kurta with palazzo and dupatta set - rust,"Size:Small,X-Large,X-Small,XX-Large,XXX-Large","Rs
4398",1759,60% off,Indianwear-Women
14737,W,Dyed viscose v neck womens calf length kurta - yellow,"Size:6,8,10,12,14,16,18",Nan,1999,No Discount,Indianwear-Women
14738,Janasya,Womens grey cotton kurta (jne3421) - grey,"Size:Large,Medium,Small,X-Large","Rs
1199",659,45% off,Indianwear-Women
14739,Global desi,Polyester festive wear women saree - black,"Size:XL,Large,Medium,Small,X-Small","Rs
5999",4799,20% off,Indianwear-Women
14740,Global desi,Polka dots viscose v neck womens flared dress - indigo,"Size:Large,Medium,Small,X-Small","Rs
2799",2239,20% off,Indianwear-Women
14741,Indya,Geometric viscose boat neck womens regular fit high-low tunic - blue,"Size:Large,Medium,Small,X-Small","Rs
2450",1225,50% off,Indianwear-Women
14742,Juniper,Embroidered cotton round neck womens a line kurta - natural,"Size:Large,Medium,Small,X-Large","Rs
3699",1849,50% off,Indianwear-Women
14743,Stop,Solid cotton lycra womens full length palazzos - gold,"Size:Large/X-Large,Small/Medium,XX-Large/XXX-Large",Nan,1299,No Discount,Indianwear-Women
14744,Global desi,Womens floral v-neck a-line kurta - coral,"Size:XL,Large,Medium,Small,X-Small,XX-Large","Rs
2599",1299,50% off,Indianwear-Women
14745,Ziyaa,Floral polyester round neck womens flared kurta - pink,"Size:Large,Medium,Small,X-Large,XX-Large,XXX-Large","Rs
2159",863,60% off,Indianwear-Women
14746,Global desi,Geometric cotton round neck womens regular tunic - teal,"Size:Large,Medium,Small,X-Small","Rs
2299",1609,30% off,Indianwear-Women
14747,Stop,Womens rayon round neck a-line kurta - coral,"Size:S,M,L,XL,XX-Large","Rs
999",499,50% off,Indianwear-Women
14748,Yuris,Ethnic motifs cotton v neck womens kurta set - off white,"Size:Large,Medium,Small,X-Large,XX-Large","Rs
3999",1399,65% off,Indianwear-Women
14749,Juniper,Printed rayon round neck womens straight fit kurta - fuschia,"Size:4X-Large,5X-Large,X-Large,XXX-Large","Rs
2699",809,70% off,Indianwear-Women
14750,Yuris,Floral cotton round neck womens calf length kurta - coral,"Size:Large,Medium,Small,XXX-Large","Rs
1799",809,55% off,Indianwear-Women
14751,W,Dyed viscose mandarin womens calf length kurta - blue,"Size:6,8,10,12,14,16,18",Nan,1999,No Discount,Indianwear-Women
14752,W,Mandarin viscose blend womens calf length kurta - white,"Size:6,8,10,12,14,16,18",Nan,1999,No Discount,Indianwear-Women
14753,Global desi,Floral cotton collar neck womens top - pink,"Size:Large,Medium,Small,X-Small","Rs
2099",1364,35% off,Indianwear-Women
14754,Ziyaa,Printed polyester v neck womens ethnic set - rust,"Size:Large,Medium,Small,X-Large,XX-Large,XXX-Large","Rs
4692",1876,60% off,Indianwear-Women
14755,Yuris,Printed round neck cotton womens kurta palazzo set - peach,"Size:Large,Medium,Small,X-Large,XX-Large,XXX-Large","Rs
2799",1119,60% off,Indianwear-Women
14756,Yuris,Floral cotton round neck regular fit womens kurta palazzo set - blue,"Size:Large,Medium,Small,X-Large,XX-Large,XXX-Large","Rs
2799",1119,60% off,Indianwear-Women
14757,Yuris,Printed cotton womens regular length palazzos - blue,"Size:28,30,34,36,38","Rs
1399",629,55% off,Indianwear-Women
14758,Yuris,Printed cotton round neck regular fit womens kurta palazzo set - peach,"Size:Large,Medium,Small,XX-Large","Rs
2499",1124,55% off,Indianwear-Women
14759,Yuris,Printed round neck cotton womens a-line ethnic dress - grey,"Size:Large,Medium,Small,XX-Large","Rs
1999",899,55% off,Indianwear-Women
14760,Stop,Solid straight fit cotton lycra womens casual wear pants - charcoal,"Size:S,M,L,X-Large,X-Small,XX-Large",Nan,899,No Discount,Indianwear-Women
14761,Global desi,Solid viscose v neck womens straight top - aqua,"Size:XL,Large,Medium,Small,X-Small,XX-Large","Rs
2299",1839,20% off,Indianwear-Women
14762,Kashish,Womens embroidered calf length festive kurta - mustard,"Size:Large,Medium,Small,X-Large,X-Small,XX-Large","Rs
1699",849,50% off,Indianwear-Women
14763,Stop,Printed rayon round neck womens calf length kurta - blue,"Size:S,M,L,X-Large,X-Small,XX-Large",Nan,1199,No Discount,Indianwear-Women
14764,Kashish,Embroidered mandarin neck a-line womens kurta - pink,"Size:Large,Medium,Small,X-Large,X-Small","Rs
2999",1499,50% off,Indianwear-Women
14765,De moza,Womens solid long skirt - fuchsia,"Size:Large,Medium,X-Large",Nan,1999,No Discount,Indianwear-Women
14766,Juniper,Womens black rayon gold foil print flared palazzo with side pocket - black,"Size:Medium,Small,X-Large,X-Small","Rs
1699",1019,40% off,Indianwear-Women
14767,Juniper,Printed round neck rayon womens flared dress - blue,"Size:Large,Medium,Small,X-Large,XX-Large","Rs
2499",1249,50% off,Indianwear-Women
14768,Juniper,Printed rayon blend mandarin womens salwar kurta dupatta set - coral,Size:X-Small,"Rs
3998",1399,65% off,Indianwear-Women
14769,Varanga,Maxi cotton blend womens ethnic skirt - orange,"Size:Large,Medium,Small,X-Large","Rs
2199",989,55% off,Indianwear-Women
14770,W,Printed cotton round neck womens kurta - pink,"Size:8,10,14,18",Nan,2999,No Discount,Indianwear-Women
14771,Global desi,Graphic viscose rayon round neck womens straight top - white,Size:X-Small,"Rs
1899",1139,40% off,Indianwear-Women
14772,Amukti,Floral round neck regular fit womens kurti - maroon,Size:XXX-Large,"Rs
1299",909,30% off,Indianwear-Women
14773,Janasya,Embroidered mandarin regular fit womens kurta - yellow,"Size:X-Large,X-Small","Rs
2498",1373,45% off,Indianwear-Women
14774,Janasya,Solid cotton v neck womens dress - rust,"Size:Small,X-Small,XX-Large","Rs
3599",1619,55% off,Indianwear-Women
14775,Indya,Reglar fit regular length silk womens ethnic maxi skirt - yellow,"Size:Small,X-Small","Rs
3400",1700,50% off,Indianwear-Women
14776,Stop,Womens regular fit printed kurta - green,"Size:S,X-Small","Rs
999",499,50% off,Indianwear-Women
14777,Kami kubi,Solid silk round neck womens calf length kurta - red,Size:X-Small,"Rs
2499",1499,40% off,Indianwear-Women
14778,Janasya,Floral round neck regular fit womens kurta - black,"Size:Small,X-Small,XXX-Large","Rs
1649",659,60% off,Indianwear-Women
14779,W,Solid cotton lycra regular fit womens casual tights - white,"Size:Medium,Small","Rs
799",599,25% off,Indianwear-Women
14780,W,Solid viscose round neck womens dress - black,"Size:6,8,10,12",Nan,2999,No Discount,Indianwear-Women
14781,Aurelia,Printed round neck viscose womens calf length kurta - black,"Size:Large,Medium,Small,X-Small",Nan,1199,No Discount,Indianwear-Women
14782,Global desi,Round neck regular women kurtas - coral,Size:Large,"Rs
3299",2144,35% off,Indianwear-Women
14783,Janasya,Rayon womens kurta - orange,Size:X-Small,"Rs
1998",699,65% off,Indianwear-Women
14784,Yuris,Floral cotton mandarin neck regular fit womens kurta palazzo set - yellow,"Size:Medium,Small,XX-Large","Rs
3499",1399,60% off,Indianwear-Women
14785,Yuris,Printed cotton round neck womens a-line kurta - orange,"Size:Medium,Small","Rs
1899",759,60% off,Indianwear-Women
14786,Yuris,Ethnic motifs cotton mandarin womens calf length kurta - pink,"Size:Small,XX-Large","Rs
1799",809,55% off,Indianwear-Women
14787,Yuris,Buttons round neck cotton womens kurta palazzo set - green,Size:Small,"Rs
3499",1399,60% off,Indianwear-Women
14788,Global desi,Geometric modal square neck womens flared top - mustard,"Size:Large,Small","Rs
1899",1329,30% off,Indianwear-Women
14789,Yuris,Printed round neck cotton womens a-line ethnic dress - navy,"Size:Medium,XX-Large","Rs
1599",719,55% off,Indianwear-Women
14790,Varanga,Embroidered silk v neck womens calf length kurta - peacock,Size:Medium,"Rs
3599",1079,70% off,Indianwear-Women
14791,Juniper,Round neck chiffon flared designer women dresses - mustard,Size:X-Small,"Rs
3299",1484,55% off,Indianwear-Women
14792,Aarke,Printed cotton blend collar neck womens shirt blouse - ecru,"Size:Medium,Small,X-Large",Nan,1800,No Discount,Indianwear-Women
14793,Aurelia,Solid viscose womens regular length palazzos - pink,Size:Small,"Rs
799",479,40% off,Indianwear-Women
14794,W,Skinny fit regular length cotton lycra womens tights - blue,Size:Medium,"Rs
799",479,40% off,Indianwear-Women
14795,Indya,Embellished silk regular fit womens maxi skirt - yellow,"Size:Medium,Small,X-Large,X-Small","Rs
2800",1400,50% off,Indianwear-Women
14796,Ziyaa,Printed polyester round neck womens straight kurta - grey,"Size:Large,Medium,Small,X-Large,XX-Large,XXX-Large","Rs
1414",707,50% off,Indianwear-Women
14797,De moza,Printed rayon comfort fit womens culottes - black,"Size:Large,Small,X-Large,XX-Large","Rs
1299",779,40% off,Indianwear-Women
14798,Ziyaa,Solid round neck polyester womens salwar kurta and dupatta set - pink,"Size:Large,Medium,Small,X-Large,XX-Large,XXX-Large","Rs
3997",1598,60% off,Indianwear-Women
14799,Myshka,Solid polyester womens regular length palazzo - pink,"Size:Large,Medium,Small,X-Large,XX-Large","Rs
1499",449,70% off,Indianwear-Women
14800,Indya,Embroidered georgette v neck womens regular crop top - blue,"Size:Large,Medium,Small","Rs
1600",800,50% off,Indianwear-Women
14801,Kashish,Womens embroidered calf length occasion wear kurta - yellow,"Size:Medium,Small,X-Small","Rs
1599",799,50% off,Indianwear-Women
14802,W,Dyed cotton viscose round neck womens calf length kurta - brown,"Size:6,8,10,12,14,16","Rs
1899",1424,25% off,Indianwear-Women
14803,De moza,Womens solid patiyala pants - red,Size:Large,Nan,1299,No Discount,Indianwear-Women
14804,Global desi,Ethnic motifs polyester round neck womens fit and flare kurta - magenta,"Size:Large,Medium","Rs
3299",2309,30% off,Indianwear-Women
14805,Janasya,Embroidered cotton round neck womens kurta palazzo set with dupatta - yellow,"Size:Large,Medium,Small,X-Large,X-Small,XX-Large,XXX-Large","Rs
4998",2249,55% off,Indianwear-Women
14806,Aurelia,Dyed regular fit viscose blend womens casual trousers - yellow,"Size:Large,Small",Nan,999,No Discount,Indianwear-Women
14807,Back to earth,Womens round neck printed kurta - indigo,Size:Small,Nan,2799,No Discount,Indianwear-Women
14808,Indya,Printed square neck regular fit womens top - purple,"Size:Large,Medium,X-Large,XX-Large",Nan,1500,No Discount,Indianwear-Women
14809,Stop,Fitted full length cotton lycra womens leggings - red,"Size:S,M,L,X-Large,X-Small","Rs
499",349,30% off,Indianwear-Women
14810,Janasya,Womens blue poly crepe kurta (jne3424) - blue,"Size:Large,Medium,Small,X-Large","Rs
1399",559,60% off,Indianwear-Women
14811,De moza,Solid cotton womens cigarette pants - white,"Size:Medium,X-Large",Nan,999,No Discount,Indianwear-Women
14812,W,Embroidered georgette round neck womens flared dress - green,"Size:6,8","Rs
5999",2999,50% off,Indianwear-Women
14813,Aurelia,V- neck polyester flared designer womens dresses - peach,"Size:Large,Medium,Small,X-Large,X-Small,XX-Large","Rs
1999",1399,30% off,Indianwear-Women
14814,Ziyaa,Floral round neck polyester womens salwar kurta and dupatta set - green,"Size:Large,Medium,Small,X-Large,XX-Large,XXX-Large","Rs
3959",1583,60% off,Indianwear-Women
14815,De moza,Dyed regular fit rayon womens casual wear pants - peacock,"Size:Large,Medium,Small,X-Large,XX-Large",Nan,1299,No Discount,Indianwear-Women
14816,Janasya,Printed round neck crepe designer womens ethnic set - peacock,Size:X-Small,"Rs
2099",839,60% off,Indianwear-Women
14817,Aurelia,Solid polyester mandarin womens ethnic set - green,"Size:Large,Medium,Small,X-Large,X-Small,XX-Large",Nan,2599,No Discount,Indianwear-Women
14818,Ziyaa,Printed round neck crepe womens salwar kurta and dupatta set - peacock,"Size:Large,Medium,Small,X-Large,XX-Large,XXX-Large","Rs
3033",1213,60% off,Indianwear-Women
14819,Janasya,Synthetic womens kurta with palazzo and dupatta set - green,"Size:Large,Medium","Rs
4198",2099,50% off,Indianwear-Women
14820,Haute curry,Womens key hole neck zari embroidered layered churidar suit - blue,Size:X-Small,Nan,3299,No Discount,Indianwear-Women
14821,Ziyaa,Printed polyester round neck womens straight kurta - natural,"Size:Large,Medium,Small,X-Large,XX-Large,XXX-Large","Rs
1537",768,50% off,Indianwear-Women
14822,Indya,Polka dots viscose regular fit womens maxi dress - natural,Size:Small,Nan,2300,No Discount,Indianwear-Women
14823,Indya,Foil print georgette round neck womens regular tunic - green,Size:Small,"Rs
2600",1300,50% off,Indianwear-Women
14824,Global desi,Solid viscose mandarin womens knee length kurta - white,"Size:XL,Large,Small,X-Small","Rs
2999",1499,50% off,Indianwear-Women
14825,De moza,Solid skinny fit cotton womens leggings - coral,"Size:Large,Medium,Small,X-Large,XX-Large",Nan,449,No Discount,Indianwear-Women
14826,Global desi,Floral cotton round neck womens top - off white,"Size:Small,X-Small","Rs
1599",1039,35% off,Indianwear-Women
14827,Haute curry,Solid cotton blend round neck womens casual tunic - off white,"Size:Large,Medium,Small,X-Large,X-Small,XX-Large",Nan,799,No Discount,Indianwear-Women
14828,De moza,Solid skinny fit cotton womens leggings - pink,"Size:Large,Medium,Small,X-Large,XX-Large",Nan,499,No Discount,Indianwear-Women
14829,Aurelia,Printed poly viscose womens straight kurta - white,Size:Medium,Nan,1599,No Discount,Indianwear-Women
14830,Ritu kumar,Round neck cotton blend womens long dress - ecru,"Size:Medium,Small,X-Small",Nan,5900,No Discount,Indianwear-Women
14831,Global desi,Abstract mandarin collar viscose womens festive wear gown - indigo,Size:Small,"Rs
2199",1319,40% off,Indianwear-Women
14832,Ziyaa,Floral round neck polyester womens salwar kurta and dupatta set - green,"Size:Large,Medium,Small,X-Large,XX-Large,XXX-Large","Rs
4272",1708,60% off,Indianwear-Women
14833,Janasya,Womens pink rayon slub kurta with palazzo (set232) - pink,"Size:Large,Medium,Small","Rs
2399",959,60% off,Indianwear-Women
14834,Indya,Mint green gota patti straight kurta - green,"Size:Large,Medium,X-Large,X-Small","Rs
2200",1100,50% off,Indianwear-Women
14835,Amukti,Pleated rayon womens kurta - black,Size:XX-Large,"Rs
999",499,50% off,Indianwear-Women
14836,De moza,Printed cotton regular fit womens palazzos - deep navy,"Size:Large,Small",Nan,1499,No Discount,Indianwear-Women
14837,Faballey,Striped collared neck cotton womens pyjama set - pink,"Size:Medium,Small","Rs
2200",1100,50% off,Indianwear-Women
14838,Janasya,Round neck silk straight fit womens kurta with skirt set - pink,"Size:Small,X-Small","Rs
2399",959,60% off,Indianwear-Women
14839,Myshka,Printed silk blend mandarin womens regular kurta - navy,"Size:Large,Medium,Small,X-Large,XX-Large","Rs
4999",1249,75% off,Indianwear-Women
14840,Ziyaa,Floral v-neck polyester womens ethnic set - yellow,"Size:Large,Medium,Small,X-Large,XX-Large,XXX-Large","Rs
1913",860,55% off,Indianwear-Women
14841,Janasya,Cotton flex womens kurta with pant and dupatta set - mustard,"Size:Small,X-Large,X-Small,XX-Large,XXX-Large","Rs
3798",1709,55% off,Indianwear-Women
14842,Stop,Printed round neck a line fit womens kurta - red,"Size:S,M,L,X-Large,X-Small,XX-Large","Rs
1299",649,50% off,Indianwear-Women
14843,Global desi,Womens printed pants - natural,Size:Medium,"Rs
2599",1039,60% off,Indianwear-Women
14844,W,Printed viscose round neck womens straight fit kurta - grey,"Size:6,8,10,14,16",Nan,1699,No Discount,Indianwear-Women
14845,Janasya,Floral round neck rayon womens calf length kurta - blue,"Size:Large,Medium,Small,X-Large,X-Small,XX-Large,XXX-Large","Rs
2499",874,65% off,Indianwear-Women
14846,Global desi,Ethnic motifs viscose round neck womens festive wear suit - black,Size:XL,"Rs
5999",3899,35% off,Indianwear-Women
14847,Ira soleil,Art silk full sleeves womens kurta - white,"Size:Large,Medium,Small,X-Large",Nan,2074,No Discount,Indianwear-Women
14848,And,Solid polyester round neck womens ethnic set - blue mix light,"Size:8,10,12,14,16,18","Rs
1899",1519,20% off,Indianwear-Women
14849,Varanga,Turquoise and gold zari and gota patti embroidery kurta with 3/4th sleeves - blue,"Size:Small,X-Large","Rs
2599",909,65% off,Indianwear-Women
14850,W,Solid cotton flex mandarin womens calf length kurta - yellow,"Size:8,10",Nan,1499,No Discount,Indianwear-Women
14851,Neerus,Printed chanderi round neck womens salwar kurta dupatta set - maroon,"Size:Large,Medium,X-Large,XX-Large","Rs
3499",2799,20% off,Indianwear-Women
14852,Janasya,Womens beige cotton kurta (jne3443) - natural,"Size:Large,Medium,Small,X-Large,XX-Large","Rs
1299",779,40% off,Indianwear-Women
14853,Stop,Printed v neck straight fit womens kurta - indigo,"Size:S,M,L,X-Small","Rs
999",499,50% off,Indianwear-Women
14854,Janasya,Floral round neck rayon womens regular fit dress - green,"Size:Small,X-Small","Rs
3199",1119,65% off,Indianwear-Women
14855,W,Solid cotton lycra womens casual tights - green,"Size:Large,Medium",Nan,799,No Discount,Indianwear-Women
14856,Janasya,Womens black poly crepe kurta (jne3313) - black,"Size:Large,Medium,Small,X-Large,X-Small,XX-Large","Rs
2199",879,60% off,Indianwear-Women
14857,Faballey,Aztec cotton spandex regular fit womens joggers - red,"Size:Medium,Small,X-Small","Rs
1600",800,50% off,Indianwear-Women
14858,Janasya,Womens green rayon straight kurti (jne3566) - green,"Size:Medium,Small,X-Large","Rs
1499",599,60% off,Indianwear-Women
14859,Janasya,Floral round neck regular fit womens kurta - green,"Size:Large,Medium,Small,X-Large,X-Small,XX-Large,XXX-Large","Rs
1449",652,55% off,Indianwear-Women
14860,Myshka,Printed cotton mandarin womens kurta palazzo set - green,"Size:Large,Medium,Small,X-Large,XX-Large","Rs
3999",999,75% off,Indianwear-Women
14861,Aurelia,Printed mandarin polyester womens above knee kurta - green,"Size:Large,Medium,Small,X-Large,X-Small,XX-Large","Rs
1299",909,30% off,Indianwear-Women
14862,Janasya,Embroidered cotton flex v-neck womens a-line top - maroon,"Size:Large,Medium,Small,X-Large,X-Small","Rs
1898",854,55% off,Indianwear-Women
14863,Global desi,Printed viscose round neck womens straight top - mint,"Size:XL,Large,Medium,Small,X-Small,XX-Large","Rs
1899",1519,20% off,Indianwear-Women
14864,W,Printed cotton round neck womens ethnic set - yellow,"Size:8,10",Nan,4999,No Discount,Indianwear-Women
14865,W,Dyed cotton regular fit womens casual slim pants - blue,"Size:6,8,10,12,14",Nan,1399,No Discount,Indianwear-Women
14866,Aurelia,Printed polyester round neck womens ankle length kurta - green,"Size:Medium,Small","Rs
2299",1149,50% off,Indianwear-Women
14867,Global desi,Floral elasticated hem womens long length jumpsuit - mustard,"Size:Large,Medium,Small,X-Small","Rs
2999",1799,40% off,Indianwear-Women
14868,Janasya,Tasseled poly crepe womens kurta - green,"Size:Medium,Small,X-Large,X-Small,XX-Large","Rs
1399",559,60% off,Indianwear-Women
14869,Ziyaa,Floral v-neck rayon womens salwar kurta and dupatta set - blue,"Size:Large,Medium,Small,X-Large,XX-Large,XXX-Large","Rs
4490",1796,60% off,Indianwear-Women
14870,Ziyaa,Floral round neck rayon womens ethnic set - blue,"Size:Large,Medium,Small,X-Large,XX-Large,XXX-Large","Rs
2553",1021,60% off,Indianwear-Women
14871,Janasya,Womens peach poly crepe kurta (jne3366) - pink,"Size:Large,Medium,Small,X-Large,X-Small,XX-Large,XXX-Large","Rs
1299",519,60% off,Indianwear-Women
14872,Varanga,Womens round neck geometric kurta - yellow,"Size:Large,XX-Large","Rs
1999",999,50% off,Indianwear-Women
14873,Janasya,Womens black cotton kurta (jne3068) - black,"Size:Large,Medium,Small","Rs
2199",1099,50% off,Indianwear-Women
14874,United colors of benetton,Womens round neck printed kurta - green,"Size:Small,X-Small","Rs
2500",1250,50% off,Indianwear-Women
14875,Aurelia,Printed polyester mandarin womens ethnic set - pink,Size:Large,Nan,3599,No Discount,Indianwear-Women
14876,Suti,Printed cotton v neck womens straight kurti - grey,"Size:Large,Small,X-Small","Rs
1399",1119,20% off,Indianwear-Women
14877,Stop,Solid mandarin collar a line fit womens kurta - teal,"Size:S,M,L,X-Large,X-Small,XX-Large","Rs
1499",749,50% off,Indianwear-Women
14878,Ira soleil,Floral dupion womens casual skirt - black,"Size:Large,Medium,Small,X-Large",Nan,1999,No Discount,Indianwear-Women
14879,De moza,Solid skinny fit cotton womens leggings - black,"Size:4X-Large,Large,Medium,Small,X-Large,XX-Large,XXX-Large",Nan,449,No Discount,Indianwear-Women
14880,Indya,Foil print regular fit georgette womens ethnic skirt - green,"Size:Medium,Small,X-Small,XX-Large","Rs
3600",1800,50% off,Indianwear-Women
14881,Ziyaa,Printed collar neck rayon womens ethnic set - blue,"Size:Large,Medium,Small,X-Large,XX-Large,XXX-Large","Rs
3013",1205,60% off,Indianwear-Women
14882,Aurelia,Yarn dyed cotton collar neck womens ethnic set - green,"Size:Large,Medium,Small,X-Large,XX-Large","Rs
2699",1889,30% off,Indianwear-Women
14883,Yuris,Floral cotton round neck womens kurta set - red,"Size:Large,Medium,Small,X-Large,XX-Large,XXX-Large","Rs
3999",1399,65% off,Indianwear-Women
14884,W,Printed viscose regular fit womens parallel pants - pink,"Size:8,10,12,16",Nan,1799,No Discount,Indianwear-Women
14885,Aurelia,Dyed cotton round neck womens straight kurta - white,"Size:Large,Medium,Small,X-Large,X-Small,XX-Large","Rs
1299",909,30% off,Indianwear-Women
14886,Global desi,Floral viscose v-neck womens straight tunic - pink,"Size:XL,Large,Medium,Small,X-Small","Rs
2199",1099,50% off,Indianwear-Women
14887,Aurelia,Printed mandarin neck polyester womens flared dress - blue,"Size:Medium,Small,X-Large","Rs
1699",849,50% off,Indianwear-Women
14888,Aurelia,Printed polyester round neck womens calf length kurta - peach,"Size:Large,Medium,Small,X-Large,XX-Large","Rs
1799",899,50% off,Indianwear-Women
14889,Aurelia,Solid regular fit cotton lycra womens casual pants - pink,Size:Small,"Rs
799",479,40% off,Indianwear-Women
14890,Yuris,Printed cotton round neck womens straight fit kurta - black,"Size:Medium,Small,XX-Large","Rs
1599",639,60% off,Indianwear-Women
14891,Yuris,Printed mandarin neck cotton womens kurta palazzo set - green,"Size:Large,Medium,Small,X-Large,XX-Large","Rs
2999",1199,60% off,Indianwear-Women
14892,Stop,Printed round neck straight fit womens kurta - natural,"Size:S,M,L,XL,X-Small,XX-Large","Rs
899",449,50% off,Indianwear-Women
14893,Yuris,Floral cotton round neck regular fit womens kurta palazzo set - blue,"Size:Large,Medium,Small,X-Large,XX-Large","Rs
3499",1399,60% off,Indianwear-Women
14894,Varanga,Womens solid palazzo - white,"Size:Large,Medium,Small,X-Large,XX-Large","Rs
1599",719,55% off,Indianwear-Women
14895,Indya,Womens v neck printed kurta with attached dupatta - white,"Size:Large,Medium,Small,X-Large,X-Small,XX-Large","Rs
2800",1400,50% off,Indianwear-Women
14896,Aurelia,Dyed cotton mandarin neck womens above knee kurta - blue,"Size:Large,Medium,Small",Nan,1049,No Discount,Indianwear-Women
14897,Haute curry,Solid rayon womens calf length palazzos - natural,"Size:Large,Medium,Small,X-Large","Rs
999",499,50% off,Indianwear-Women
14898,Global desi,Womens regular fit geometric tunic - mustard,"Size:Large,Medium,Small,X-Small","Rs
1599",639,60% off,Indianwear-Women
14899,Varanga,Boat neck silk blend designer womens ethnic set - green,"Size:Large,Medium,Small,X-Large,X-Small","Rs
6999",2449,65% off,Indianwear-Women
14900,Varanga,Embroidered viscose round neck womens ethnic set - mauve,"Size:Small,X-Large","Rs
5899",2064,65% off,Indianwear-Women
14901,Juniper,Printed mandarin georgette womens flared dress - black,"Size:Large,Medium,Small,X-Large,X-Small","Rs
2999",2099,30% off,Indianwear-Women
14902,Ira soleil,Solid chiffon boat neck womens kurta - pink,"Size:Large,Medium,Small,X-Large",Nan,2999,No Discount,Indianwear-Women
14903,Varanga,Embroidered silk blend round neck womens ethnic set - peach,"Size:Large,Medium,Small,X-Large,XX-Large",Nan,5999,No Discount,Indianwear-Women
14904,Juniper,Womens offwhite rayon flex solid wide leg palazzo with lacework in hem & side pocket - off white,Size:X-Small,"Rs
1049",734,30% off,Indianwear-Women
14905,Varanga,Mirror work round neck womens kurta - peacock,"Size:Large,Medium,Small,X-Large,XX-Large","Rs
2599",1039,60% off,Indianwear-Women
14906,Varanga,Womens mustard floral kalamkari hand block printed kurta with gota and pom pom embellishment - mustard,Size:Small,"Rs
1999",899,55% off,Indianwear-Women
14907,Varanga,Womens black and zari embroidery straight kurta with roll up sleeves - black,"Size:Large,Medium,Small,XX-Large","Rs
1999",899,55% off,Indianwear-Women
14908,Stop,Printed mandarin collar straight womens kurta - yellow,"Size:S,M,L,XL,X-Small,XXX-Large","Rs
799",399,50% off,Indianwear-Women
14909,Varanga,Polka dots silk v-neck womens kurta - blue,"Size:Large,Medium,Small,X-Large,XX-Large","Rs
3499",1399,60% off,Indianwear-Women
14910,Varanga,Embroidered cotton round neck womens ethnic set - magenta,"Size:Large,X-Large,XX-Large","Rs
5999",2099,65% off,Indianwear-Women
14911,Varanga,Round neck straight designer womens kurtas - blue,"Size:Medium,Small,X-Large","Rs
3399",1189,65% off,Indianwear-Women
14912,Varanga,Embroidered silk round neck womens ethnic set - pink,"Size:Large,Medium,Small,X-Large,XX-Large",Nan,4599,No Discount,Indianwear-Women
14913,Varanga,Embroidered cotton round neck womens ethnic set - pink,"Size:Large,Medium,Small,X-Small",Nan,7999,No Discount,Indianwear-Women
14914,Aurelia,Yarn dyed rayan zari womens festive culottes - navy,Size:Small,"Rs
1499",899,40% off,Indianwear-Women
14915,Janasya,Womens black crepe straight kurti (jne3479) - black,Size:Small,"Rs
1199",479,60% off,Indianwear-Women
14916,Indya,Embroidered round neck polyester blend womens regular top - maroon,"Size:Large,X-Large","Rs
1400",1120,20% off,Indianwear-Women
14917,Amukti,Printed rayon womens kurta - multi,Size:Small,"Rs
1049",524,50% off,Indianwear-Women
14918,Aurelia,Printed georgette round neck womens flared kurta - green,"Size:Medium,Small","Rs
1999",1399,30% off,Indianwear-Women
14919,Janasya,Womens pink poly silk lehenga choli with dupatta (j0011) - pink,"Size:Large,XX-Large,XXX-Large","Rs
3799",1899,50% off,Indianwear-Women
14920,Janasya,Womens black pure cotton kurta with pant (set053) - black,Size:Small,"Rs
3299",989,70% off,Indianwear-Women
14921,Janasya,Embroidered round neck regular fit womens kurta - blue,"Size:XX-Large,XXX-Large","Rs
2398",839,65% off,Indianwear-Women
14922,Indya,Regular fit maxi length silk womens skirt - yellow,"Size:Medium,Small","Rs
3400",1700,50% off,Indianwear-Women
14923,Varanga,Womens round neck floral kurta set - off white,Size:XX-Large,"Rs
3599",1799,50% off,Indianwear-Women
14924,Indya,Printed cotton regular fit womens maxi dress - blue,Size:Small,Nan,2100,No Discount,Indianwear-Women
14925,Global desi,Floral viscose key hole neck women's top - coral,"Size:Medium,Small,X-Small","Rs
1499",899,40% off,Indianwear-Women
14926,Global desi,Striped cotton shirt collar womens curved top - multi,"Size:Medium,Small,X-Small","Rs
1899",949,50% off,Indianwear-Women
14927,Janasya,Block round neck regular fit womens kurta - black,"Size:Small,X-Small,XX-Large","Rs
1549",619,60% off,Indianwear-Women
14928,Janasya,Womens turquoise green pure cotton kurta with palazzo and dupatta (set219) - sea green,"Size:Small,X-Small","Rs
3199",1119,65% off,Indianwear-Women
14929,Janasya,Digital round neck regular fit womens kurta - grey,"Size:X-Small,XXX-Large","Rs
1599",719,55% off,Indianwear-Women
14930,W,Solid round neck cotton blend womens calf length kurta - green,"Size:8,10",Nan,1899,No Discount,Indianwear-Women
14931,Indya,Gold raw silk crop top - gold,"Size:Large,Medium,X-Small",Nan,1400,No Discount,Indianwear-Women
14932,Global desi,Womens regular fit solid tunic - coral,"Size:XL,Medium","Rs
2599",1039,60% off,Indianwear-Women
14933,Global desi,Womens regular fit geometric dress - blue,"Size:Large,X-Small","Rs
1999",799,60% off,Indianwear-Women
14934,Varanga,Printed cotton round neck womens ethnic set - blue,"Size:X-Large,XX-Large","Rs
4599",1609,65% off,Indianwear-Women
14935,W,Solid polyester regular fit womens pants - pink,"Size:6,10,12,14",Nan,1699,No Discount,Indianwear-Women
14936,Janasya,Solid rayon mandarin womens kurta palazzo set with dupatta - blue,"Size:Large,Medium,Small,X-Large,X-Small,XX-Large,XXX-Large","Rs
3199",1279,60% off,Indianwear-Women
14937,Global desi,Solid viscose collar neck womens flared kurta - lilac,"Size:XL,Large,Medium,Small,X-Small,XX-Large","Rs
2099",1679,20% off,Indianwear-Women
14938,W,Printed poly viscose mandarin womens knee length kurta - grey,"Size:6,10,12,16","Rs
1799",899,50% off,Indianwear-Women
14939,Janasya,Floral crepe round neck womens a-line kurta - olive,"Size:Large,Medium,Small,X-Large,X-Small,XX-Large","Rs
1469",734,50% off,Indianwear-Women
14940,De moza,Embroidered rayon regular fit womens palazzos - black,"Size:Large,Medium,Small,X-Large,XX-Large","Rs
1499",899,40% off,Indianwear-Women
14941,Indya,Embroidered georgette strappy womens regular crop top - pink,"Size:Large,Medium,Small,X-Large,X-Small,XX-Large","Rs
1400",700,50% off,Indianwear-Women
14942,Indya,Floral v neck cotton womens regular fit maxi dress - green,"Size:Large,Medium,Small,X-Small",Nan,1950,No Discount,Indianwear-Women
14943,Suti,Printed rayon mandarin womens a line kurti - blue,"Size:Medium,Small,X-Large,X-Small","Rs
1949",1559,20% off,Indianwear-Women
14944,Indya,Geometric square neck viscose womens regular fit maxi dress - green,"Size:Large,Medium,Small,X-Large,X-Small,XX-Large",Nan,2200,No Discount,Indianwear-Women
14945,Janasya,Poly chanderi womens kurta with pant and dupatta set - khaki,"Size:Large,Medium","Rs
4998",2499,50% off,Indianwear-Women
14946,Ziyaa,Printed polyester v neck womens straight kurta - red,"Size:Large,Medium,Small,X-Large,XX-Large,XXX-Large","Rs
1489",744,50% off,Indianwear-Women
14947,Stop,Solid mandarin collar straight designer womens kurta - grey,"Size:S,M,L,X-Large,X-Small,XX-Large","Rs
1299",649,50% off,Indianwear-Women
14948,Ziyaa,Floral crepe one shoulder womens kurta palazzo set - peach,"Size:Large,Medium,Small,X-Large,XX-Large,XXX-Large","Rs
3404",1361,60% off,Indianwear-Women
14949,Stop,Womens v-neck embroidered kurta - red,Size:M,Nan,2299,No Discount,Indianwear-Women
14950,Indya,Floral georgette womens full length palazzo - blue,"Size:Large,Medium,Small,X-Large,X-Small",Nan,2400,No Discount,Indianwear-Women
14951,Global desi,Geometric cotton v neck womens calf length kurta - teal,"Size:XL,Large,Medium,Small,X-Small,XX-Large","Rs
2799",1819,35% off,Indianwear-Women
14952,Stop,Womens slim fit solid stretch pants - black,"Size:S,M,L,X-Large,X-Small",Nan,999,No Discount,Indianwear-Women
14953,Indya,Solid square neck regular fit womens top - pink,"Size:Large,Medium,Small,X-Large,XX-Large",Nan,1200,No Discount,Indianwear-Women
14954,Aurelia,V- neck cotton designer womens ethnic set - peach,"Size:Large,Medium,X-Large,XX-Large","Rs
2299",1609,30% off,Indianwear-Women
14955,Global desi,Printed polyester v neck womens flared gown - dark green,"Size:XL,Large,Medium,Small,X-Small","Rs
5999",4799,20% off,Indianwear-Women
14956,Global desi,Regular length viscose flared womens sharara pants - off white,"Size:XL,Large,X-Small,XX-Large",Nan,2999,No Discount,Indianwear-Women
14957,Amukti,Lace rayon womens kurta - green,"Size:Large,Medium,Small,XX-Large","Rs
1299",649,50% off,Indianwear-Women
14958,Global desi,Floral polyester round neck womens straight kurta - blue,"Size:XL,Large,Medium,Small,X-Small,XX-Large","Rs
2899",1449,50% off,Indianwear-Women
14959,Global desi,Solid viscose round neck womens calf length kurta - black,"Size:XL,Large,Medium,Small,X-Small,XX-Large",Nan,2299,No Discount,Indianwear-Women
14960,Ziyaa,Printed polyester boat neck womens flared kurta - black,"Size:Large,Medium,Small,X-Large,XX-Large,XXX-Large","Rs
1869",747,60% off,Indianwear-Women
14961,Fusion beats,Womens round neck floral print kurta - sky blue,"Size:Medium,Small","Rs
1299",479,63% off,Indianwear-Women
14962,Myshka,Solid cotton round neck womens kurta palazzo set - orange,",Medium,Small,X-Large,XX-Large","Rs
3999",1199,70% off,Indianwear-Women
14963,Indya,Womens embroidered a-line tunic - blue,"Size:X-Large,X-Small,XX-Large","Rs
1850",925,50% off,Indianwear-Women
14964,Stop,Womens textured palazzo for winter wear - charcoal,"Size:Large/X-Large,Small/Medium","Rs
1299",649,50% off,Indianwear-Women
14965,W,Solid rayon blend regular fit womens casual slim pants - red,"Size:6,8,10,14,16,18",Nan,1399,No Discount,Indianwear-Women
14966,Indya,Ivory floral embroidered choker neck crop top - white,Size:XX-Large,"Rs
1600",800,50% off,Indianwear-Women
14967,Fusion beats,Womens round neck checked kurta - navy,"Size:Large,Medium,Small,X-Large,XX-Large","Rs
2399",959,60% off,Indianwear-Women
14968,W,Printed viscose regular fit womens casual parallel pants - blue,"Size:6,8,10,12,14,16",Nan,1799,No Discount,Indianwear-Women
14969,Varanga,Womens v-neck solid dresses - blue,"Size:Large,Small,X-Large","Rs
2299",1149,50% off,Indianwear-Women
14970,Aurelia,Dyed cotton round neck womens straight kurta - green,"Size:Large,Medium,Small,X-Large,X-Small,XX-Large",Nan,1399,No Discount,Indianwear-Women
14971,De moza,Solid skinny fit viscose womens leggings - rust,"Size:4X-Large,Large,Medium,Small,XX-Large",Nan,599,No Discount,Indianwear-Women
14972,Ziyaa,Stripes round neck rayon womens ethnic set - cream,"Size:Large,Medium,Small,X-Large,XX-Large,XXX-Large","Rs
2562",1024,60% off,Indianwear-Women
14973,Stop,Solid flex v neck womens straight fit kurta - fuschia,"Size:S,M,L,X-Large,X-Small,XX-Large","Rs
1299",649,50% off,Indianwear-Women
14974,Suti,Printed cotton womens straight kurti - peach,"Size:Large,Medium,Small,X-Large,X-Small","Rs
1699",1359,20% off,Indianwear-Women
14975,Varanga,Printed mandarin cotton womens ethnic set - mustard,"Size:Large,Medium,Small,X-Large,XX-Large","Rs
4599",1609,65% off,Indianwear-Women
14976,Aurelia,Dyed cotton womens straight kurta - grey,"Size:Large,Medium,Small,X-Large,X-Small,XX-Large",Nan,1799,No Discount,Indianwear-Women
14977,Ziyaa,Printed crepe boat neck womens straight kurta - pink,"Size:Large,Medium,Small,X-Large,XX-Large,XXX-Large","Rs
1052",526,50% off,Indianwear-Women
14978,Aurelia,Printed polyester blend womens festive palazzo - gold,"Size:Large,Medium,Small,X-Large",Nan,999,No Discount,Indianwear-Women
14979,Global desi,Floral polyester round neck womens flared dress - pink,"Size:XL,Large,Medium,Small,X-Small,XX-Large",Nan,2699,No Discount,Indianwear-Women
14980,Aurelia,Solid viscose mandarin womens straight kurta - pink,"Size:Large,Medium,Small,X-Large,X-Small,XX-Large",Nan,1299,No Discount,Indianwear-Women
14981,Janasya,Printed polyester blend round neck womens flared kurta - peacock,"Size:Large,Medium,Small,X-Small,XX-Large,XXX-Large","Rs
1399",699,50% off,Indianwear-Women
14982,Stop,Solid mandarin collar straight fit womens kurta - pink,"Size:S,M,L,XL,X-Small,XX-Large","Rs
999",499,50% off,Indianwear-Women
14983,Kashish,Solid mandarian collar a-line womens kurta - grey,"Size:Large,Medium,Small,X-Large,X-Small,XX-Large","Rs
1999",999,50% off,Indianwear-Women
14984,Aurelia,Solid cotton blend womens casual tights - green,"Size:Large,Medium,Small,X-Large,XX-Large","Rs
699",489,30% off,Indianwear-Women
14985,Indya,Printed georgette regular fit womens palazzo - blue,"Size:Medium,Small,X-Large,X-Small,XX-Large",Nan,2400,No Discount,Indianwear-Women
14986,W,Solid cotton lycra regular fit womens tights - pink,"Size:Large,Medium,Small,X-Large","Rs
799",599,25% off,Indianwear-Women
14987,Aurelia,Printed poly viscose mandarin womens flared kurta - white,"Size:Large,Medium,Small,X-Large,X-Small,XX-Large",Nan,2999,No Discount,Indianwear-Women
14988,Global desi,Regular fit full length viscose womens festive wear skirt - ink blue,"Size:XL,Large,Medium,XX-Large","Rs
3699",2589,30% off,Indianwear-Women
14989,W,Solid rayon blend round neck womens kurta - blue,"Size:6,8,10,12,14,16,18",Nan,1999,No Discount,Indianwear-Women
14990,W,Solid viscose round neck womens calf length kurta - orange,"Size:6,18,22","Rs
1799",899,50% off,Indianwear-Women
14991,W,Solid viscose round neck womens ethnic set - green,Size:6,"Rs
3999",1999,50% off,Indianwear-Women
14992,Juniper,Solid cotton regular fit womens full length palazzos - gold,"Size:4X-Large,5X-Large,XXX-Large","Rs
1699",849,50% off,Indianwear-Women
14993,Aurelia,Solid cotton lycra womens casual tights - blue,"Size:Large,Medium,Small,X-Large,XX-Large","Rs
699",489,30% off,Indianwear-Women
14994,W,Printed cambric regular fit womens parallel pants - ecru,"Size:6,8,10,12,14,16,18",Nan,1699,No Discount,Indianwear-Women
14995,Indya,Embroidered georgette round neck womens festive wear kurta - purple,"Size:Large,Medium,Small,X-Small,XX-Large",Nan,1850,No Discount,Indianwear-Women
14996,Ira soleil,Art silk regular fit womens festive wear skirt - gold,"Size:Large,Medium,Small,X-Large",Nan,1999,No Discount,Indianwear-Women
14997,Global desi,Floral viscose round neck womens knee length kurta - natural,"Size:XL,Large,Medium,Small,X-Small,XX-Large","Rs
2099",1364,35% off,Indianwear-Women
14998,Yuris,Floral cotton round neck womens kurta set - green,"Size:Small,X-Large,XX-Large,XXX-Large","Rs
3999",1399,65% off,Indianwear-Women
14999,Haute curry,Embroidered crepe off shoulder womens straight fit top - white,"Size:Large,Medium,Small,X-Large,X-Small,XX-Large","Rs
899",449,50% off,Indianwear-Women
15000,Biba,Fitted polyester viscose womens classics skirt - red,"Size:Large,Medium,XX-Large","Rs
3999",2399,40% off,Indianwear-Women
15001,Yuris,Printed round neck cotton womens kurta palazzo set - white,"Size:Large,Medium,Small,X-Large,XX-Large,XXX-Large","Rs
3499",1399,60% off,Indianwear-Women
15002,Yuris,Printed cotton womens regular length palazzos - cream,"Size:28,30,32,34,36,38","Rs
1699",679,60% off,Indianwear-Women
15003,Global desi,Striped shirt collar womens top - light blue,"Size:XL,Large,Medium,Small,X-Small","Rs
1899",949,50% off,Indianwear-Women
15004,Yuris,Printed round neck cotton womens kurta palazzo set - multi,"Size:Large,Medium,Small,X-Large,XX-Large,XXX-Large","Rs
3499",1399,60% off,Indianwear-Women
15005,Varanga,Printed cotton round neck womens straight fit kurta - mauve,"Size:Large,Medium,Small,X-Large,XX-Large","Rs
3599",1079,70% off,Indianwear-Women
15006,Juniper,Ethnic motifs round neck a-line womens fusion dress with mask - ivory,"Size:Large,Medium,Small,X-Large,X-Small,XX-Large","Rs
2999",1349,55% off,Indianwear-Women
15007,Varanga,Sequins round neck womens kurta - peacock,"Size:Large,Medium,Small,X-Large,XX-Large","Rs
2299",919,60% off,Indianwear-Women
15008,Haute curry,Solid mid thigh casual wear high low tunic - red,"Size:Large,Medium,Small,X-Large,X-Small,XX-Large","Rs
899",449,50% off,Indianwear-Women
15009,Ira soleil,Textured lace regular fit womens regular kurti - natural,"Size:Large,Medium,Small,X-Large",Nan,3999,No Discount,Indianwear-Women
15010,Varanga,Womens beige chanderi floral embroidered kurta with black embroidered palazzo - natural,"Size:Large,Medium,Small,X-Large,XX-Large","Rs
3399",1699,50% off,Indianwear-Women
15011,Stop,Solid round neck straight womens kurta - grey,"Size:S,M,L,X-Large,X-Small","Rs
899",449,50% off,Indianwear-Women
15012,Varanga,Embroidered cotton round neck womens ethnic set - navy,"Size:Large,Medium,Small,X-Small",Nan,5299,No Discount,Indianwear-Women
15013,Varanga,Printed cotton round neck womens ethnic set - blue,"Size:Large,Medium,Small,X-Large,X-Small",Nan,6999,No Discount,Indianwear-Women
15014,Varanga,Round neck silk blend designer womens ethnic set - navy,"Size:Large,Medium,Small,X-Large,XX-Large","Rs
5999",2399,60% off,Indianwear-Women
15015,Fusion beats,Womens round neck printed top - red,Size:Large,"Rs
1299",519,60% off,Indianwear-Women
15016,Global desi,Womens round neck printed kurta - rust,"Size:XL,Small,X-Small","Rs
3999",1599,60% off,Indianwear-Women
15017,Aurelia,Cotton band with placket womens kurta set - green,"Size:Medium,Small,X-Small",Nan,2499,No Discount,Indianwear-Women
15018,Aurelia,Printed round neck straight womens kurta - white,Size:X-Large,"Rs
1699",849,50% off,Indianwear-Women
15019,Global desi,Floral viscose v-neck womens a-line tunic - blue,"Size:Medium,Small,X-Small","Rs
1999",1399,30% off,Indianwear-Women
15020,Neerus,Printed rayon round neck womens ankle length kurta - yellow,Size:XX-Large,"Rs
3499",1749,50% off,Indianwear-Women
15021,Yuris,Gotta patti round neck cotton womens kurta palazzo set - blue,"Size:Large,X-Large","Rs
2799",1119,60% off,Indianwear-Women
15022,Varanga,Printed round neck silk blend womens ethnic set - peach,"Size:X-Large,XX-Large","Rs
6599",2639,60% off,Indianwear-Women
15023,Crimsoune club,Womens slim fit solid kurta - yellow,Size:X-Large,"Rs
1699",849,50% off,Indianwear-Women
15024,Global desi,Self design round neck asymmetric womens kurta - green,"Size:XL,Large,Medium,Small,X-Small","Rs
2999",1499,50% off,Indianwear-Women
15025,Janasya,Block cotton mandarin womens salwar kurta dupatta set - sea green,"Size:Small,X-Small","Rs
4399",1539,65% off,Indianwear-Women
15026,Janasya,Womens maroon cotton stitched blouse (bl103) - maroon,"Size:Small,X-Small","Rs
1199",599,50% off,Indianwear-Women
15027,W,Printed viscose round neck womens ethnic set - green,"Size:6,16",Nan,3999,No Discount,Indianwear-Women
15028,And,Stripes regular fit rayon womens clothing set - blue,"Size:10,12,14","Rs
3199",2079,35% off,Indianwear-Women
15029,Ziyaa,Printed rayon round neck womens straight kurta - black,Size:Small,"Rs
1967",786,60% off,Indianwear-Women
15030,Aurelia,Solid cotton lycra womens casual tights - yellow,"Size:X-Large,XX-Large",Nan,599,No Discount,Indianwear-Women
15031,Kashish,Womens round embroidered kurta - coral,Size:XX-Large,Nan,2499,No Discount,Indianwear-Women
15032,Janasya,Womens brown poly crepe kurta (jne2009) - brown,Size:X-Small,"Rs
1199",479,60% off,Indianwear-Women
15033,Varanga,Womens round neck embellished kurta - magenta,"Size:Medium,Small","Rs
1999",899,55% off,Indianwear-Women
15034,Janasya,Womens peach poly silk lehenga choli with dupatta (j0010) - peach,"Size:XX-Large,XXX-Large","Rs
3099",1549,50% off,Indianwear-Women
15035,Aurelia,Printed viscose collared neck womens ethnic set - black,Size:Large,"Rs
2999",1499,50% off,Indianwear-Women
15036,Amukti,Embroidered rayon womens kurta - grey,Size:Small,"Rs
1299",649,50% off,Indianwear-Women
15037,Juniper,Printed rayon collar neck womens a line kurta - red,"Size:Small,X-Small","Rs
1699",1019,40% off,Indianwear-Women
15038,W,Printed round neck viscose womens flared dress - green,"Size:6,12","Rs
3999",1999,50% off,Indianwear-Women
15039,Janasya,Womens rayon flex dhoti style saree with blouse (set128) - beige,"Size:Large,Small,X-Small","Rs
3599",1439,60% off,Indianwear-Women
15040,Yuris,Motif cotton womens full length palazzo - multi,"Size:34,36","Rs
1699",849,50% off,Indianwear-Women
15041,Janasya,Embroidered mandarin regular fit womens kurta - orange,"Size:Small,X-Small,XX-Large","Rs
2398",839,65% off,Indianwear-Women
15042,Global desi,Geometric womens sharara - natural,"Size:Large,Medium,Small","Rs
2999",1949,35% off,Indianwear-Women
15043,Yuris,Printed round neck cotton womens kurta palazzo set - white,Size:Small,"Rs
3499",1399,60% off,Indianwear-Women
15044,Haute curry,Yarn dyed embroidered ankle length casual wear gather dress - fuschia,Size:X-Small,"Rs
1299",649,50% off,Indianwear-Women
15045,Global desi,Womens fit and flare embroidered floral festive wear top & bottom set - off white,"Size:XL,Large,XX-Large","Rs
5999",2399,60% off,Indianwear-Women
15046,Varanga,Embellished silk round neck womens regular fit kurta - red,Size:XX-Large,"Rs
2999",1049,65% off,Indianwear-Women
15047,Juniper,Womens black rayon flex solid cigarette pants with pockets - black,"Size:Small,X-Small","Rs
1799",719,60% off,Indianwear-Women
15048,Varanga,Printed cotton round neck womens ethnic set - peach,"Size:Medium,Small,X-Large,XX-Large",Nan,3799,No Discount,Indianwear-Women
15049,Fusion beats,Womens notched neck printed kurta - green,"Size:Large,Small,X-Large,XX-Large,XXX-Large","Rs
2199",879,60% off,Indianwear-Women
15050,Amukti,Solid mandarin regular fit womens kurti - olive,Size:X-Large,"Rs
1049",734,30% off,Indianwear-Women
15051,Kami kubi,Solid cotton round neck womens knee length kurta - maroon,"Size:Large,Medium,Small,X-Small","Rs
1999",899,55% off,Indianwear-Women
15052,Varanga,Off white handloom straight kurta with thread embroidery on neckline and sleeves - white,Size:X-Large,"Rs
1999",799,60% off,Indianwear-Women
15053,Indya,Foil print ruhani silk womens regular length palazzo pants - green,"Size:Large,Medium,Small,X-Large,X-Small,XX-Large","Rs
1850",925,50% off,Indianwear-Women
15054,W,Printed viscose mandarin womens straight kurta - mustard,"Size:6,8,10,12,14,16,18",Nan,1799,No Discount,Indianwear-Women
15055,Janasya,Womens mustard and turquoise green poly silk lehenga choli with dupatta (j0014) - multi,"Size:Large,Small,X-Large,X-Small,XX-Large,XXX-Large","Rs
3699",1849,50% off,Indianwear-Women
15056,Janasya,Womens yellow poly crepe kurta (jne3357) - yellow,"Size:Large,Medium,Small,X-Large,XX-Large","Rs
1699",594,65% off,Indianwear-Women
15057,Janasya,Round neck cotton flex designer womens salwar suits - mustard,"Size:X-Large,XX-Large,XXX-Large","Rs
2298",919,60% off,Indianwear-Women
15058,De moza,Printed rayon comfort fit womens culottes - black,"Size:Large,Medium,Small,X-Large,XX-Large",Nan,1299,No Discount,Indianwear-Women
15059,Aurelia,Printed polyester mandarin womens straight kurta - green,"Size:Large,Medium,Small,X-Large,X-Small,XX-Large","Rs
1499",1049,30% off,Indianwear-Women
15060,Global desi,Printed viscose regular fit womens festive wear sharara - off white,"Size:XL,Large,Medium,Small,X-Small,XX-Large",Nan,3899,No Discount,Indianwear-Women
15061,Amukti,Ankle length cotton womens kurta - green,Size:Small,"Rs
1999",999,50% off,Indianwear-Women
15062,Aurelia,Printed viscose regular fit womens straight ethnic set - yellow,"Size:Small,X-Small","Rs
3999",2799,30% off,Indianwear-Women
15063,Global desi,Geometric cotton mandarin womens ethnic set - orange,"Size:XL,XX-Large","Rs
5299",4239,20% off,Indianwear-Women
15064,Aurelia,Printed polyester regular fit womens festive culottes - white,"Size:Large,Medium,Small,X-Large,XX-Large",Nan,1499,No Discount,Indianwear-Women
15065,Aurelia,Printed polyester mandarin womens flared kurta - red,Size:Medium,Nan,2599,No Discount,Indianwear-Women
15066,Global desi,Floral viscose v-neck women's kurta - light blue,"Size:XL,Large,Medium,Small,X-Small,XX-Large","Rs
1999",999,50% off,Indianwear-Women
15067,Global desi,Round neck straight women kurtas - yellow,"Size:XL,Large,Medium,Small,X-Small","Rs
2599",1819,30% off,Indianwear-Women
15068,Global desi,Solid viscose round neck women straight tunic - wine,"Size:XL,Large,Medium,Small,X-Small,XX-Large","Rs
2199",1099,50% off,Indianwear-Women
15069,Global desi,Womens off shoulder straight fit top - white,Size:X-Small,"Rs
2499",999,60% off,Indianwear-Women
15070,Fusion beats,Womens solid kurta - natural,"Size:Large,Medium,Small,X-Small","Rs
2199",879,60% off,Indianwear-Women
15071,Janasya,Solid cotton mandarin neck womens a-line top - white,"Size:Large,Medium,Small,X-Large,X-Small,XXX-Large","Rs
2149",1181,45% off,Indianwear-Women
15072,Aarke,Embroidered v neck rayon blend womens dress - lavender,"Size:Large,Medium,Small,X-Small",Nan,3200,No Discount,Indianwear-Women
15073,Janasya,Round neck cotton flex blouson womens top wth palazzo set - cream,"Size:Large,Medium,Small,X-Large,X-Small,XX-Large,XXX-Large","Rs
2298",1493,35% off,Indianwear-Women
15074,Global desi,Floral cotton round neck womens flared maxi dress - pink,"Size:XL,Large,Small","Rs
2999",2099,30% off,Indianwear-Women
15075,Aurelia,Printed polyester round neck womens ethnic set - pink,"Size:Large,Medium,Small",Nan,3599,No Discount,Indianwear-Women
15076,Varanga,Womens round neck floral kurta set - off white,"Size:Large,X-Large,XX-Large","Rs
2999",1499,50% off,Indianwear-Women
15077,W,Round neck chanderi designer womens ethnic set - light blue,Size:8,"Rs
8999",6749,25% off,Indianwear-Women
15078,Janasya,Womens turquoise blue poly crepe kurta (jne3457) - turquoise,"Size:Large,Medium,Small,X-Large,X-Small,XX-Large,XXX-Large","Rs
1299",584,55% off,Indianwear-Women
15079,Aarke,Printed cotton blend collar neck womens shirt blouse - red,"Size:Large,Small",Nan,1800,No Discount,Indianwear-Women
15080,Neerus,Printed crepe mandarin womens regular kurta - pistachio,"Size:Large,Medium,Small,X-Large,XX-Large,XXX-Large","Rs
2499",1499,40% off,Indianwear-Women
15081,Elliza donatein,Floral v neck regular fit womens kurta - peach,"Size:Medium,Small,X-Large,X-Small","Rs
2800",1400,50% off,Indianwear-Women
15082,Janasya,Floral sweetheart neck cotton womens regular fit dress - red,"Size:Small,X-Small","Rs
2449",1224,50% off,Indianwear-Women
15083,Suti,Printed cotton mandarin womens a line kurti - green,"Size:Large,Medium,Small,X-Large,X-Small","Rs
1649",1319,20% off,Indianwear-Women
15084,Global desi,Floral viscose round neck womens straight kurta - aqua,"Size:XL,Large,Medium,Small,X-Small,XX-Large","Rs
1999",1299,35% off,Indianwear-Women
15085,Global desi,Striped cotton mandarin collar womens straight top - yellow,Size:X-Small,"Rs
1599",959,40% off,Indianwear-Women
15086,Suti,Embroidered rayon round neck womens a line dress - blue,"Size:Large,Medium,Small,X-Small,XX-Large","Rs
2299",1839,20% off,Indianwear-Women
15087,Global desi,Floral v-neck straight womens kurta - off white,"Size:XL,Large,Medium,Small","Rs
2199",1099,50% off,Indianwear-Women
15088,Myshka,Printed crepe square neck womens regular casual dress - multi,"Size:Large,Medium,Small,XX-Large","Rs
2999",749,75% off,Indianwear-Women
15089,Global desi,Floral polyester womens clothing set - wine,"Size:Large,Medium","Rs
6299",4094,35% off,Indianwear-Women
15090,Indya,Embroidered georgette collared neck womens regular tunic - green,"Size:Medium,Small,X-Small","Rs
2600",1300,50% off,Indianwear-Women
15091,Global desi,Floral cotton square neck womens ethnic set - aqua,"Size:XL,Large,Medium,Small","Rs
3499",2274,35% off,Indianwear-Women
15092,Amukti,Floral cotton mandarin collar womens straight kurta - white,"Size:Small,XXX-Large","Rs
1299",909,30% off,Indianwear-Women
15093,Aurelia,Printed viscose v- neck womens straight kurta - brown,"Size:Small,X-Large",Nan,1299,No Discount,Indianwear-Women
15094,Indya,Womens mandarin collar embroidered kurta - yellow,"Size:Large,Medium,Small,X-Small,XX-Large","Rs
1950",975,50% off,Indianwear-Women
15095,Global desi,Cotton women ethnic sets - sage,"Size:Large,Medium,Small,X-Small","Rs
4999",3999,20% off,Indianwear-Women
15096,Ziyaa,Printed round neck rayon womens ethnic set - yellow,"Size:Large,Medium,Small,X-Large,XX-Large,XXX-Large","Rs
2610",1044,60% off,Indianwear-Women
15097,Ziyaa,Floral rayon round neck womens straight kurta - pink,"Size:Large,Medium,Small,X-Large,XX-Large,XXX-Large","Rs
1953",781,60% off,Indianwear-Women
15098,Janasya,Womens off white cotton kurta (jne2171) - white,"Size:Small,X-Small","Rs
1699",764,55% off,Indianwear-Women
15099,Global desi,Geometric shirt collar womens top - pink,"Size:XL,Large,Medium,Small,X-Small","Rs
1799",899,50% off,Indianwear-Women
15100,Janasya,Womens light green poly crepe kurta (jne3438) - green,Size:Small,"Rs
1449",724,50% off,Indianwear-Women
15101,Global desi,Solid viscose boat neck womens regular top - teal,"Size:XL,Large,Medium,Small,X-Small,XX-Large","Rs
1699",1359,20% off,Indianwear-Women
15102,Janasya,Solid v neck regular fit womens kurta - wine,"Size:Large,Medium,Small,X-Small,XXX-Large","Rs
2299",1034,55% off,Indianwear-Women
15103,Aurelia,Printed polyester round neck womens straight kurta - blue,"Size:Large,Medium,Small,X-Large,X-Small,XX-Large",Nan,1699,No Discount,Indianwear-Women
15104,Aarke,Printed chiffon round neck womens short top - violet,"Size:Large,Small,X-Large",Nan,2400,No Discount,Indianwear-Women
15105,Indya,Printed round neck viscose blend womens kurta palazzo set - coral,Size:Small,Nan,4500,No Discount,Indianwear-Women
15106,Ziyaa,Floral round neck polyester womens ethnic set - pink,"Size:Large,Medium,Small,X-Large,XX-Large,XXX-Large","Rs
1935",870,55% off,Indianwear-Women
15107,De moza,Solid polyester round neck womens crop top - fuchsia,"Size:Large,Medium,Small,X-Large,XX-Large","Rs
999",599,40% off,Indianwear-Women
15108,Janasya,Printed round neck straight designer womens kurtas - navy,"Size:Large,Medium,Small","Rs
1399",559,60% off,Indianwear-Women
15109,Amukti,Pleated rayon womens kurta - yellow,Size:XX-Large,"Rs
1299",649,50% off,Indianwear-Women
15110,Global desi,Geometric mandarin collar straight womens kurta - pink,"Size:Small,X-Small","Rs
1799",1079,40% off,Indianwear-Women
15111,Janasya,Womens mustard poly silk ethnic dress (j0006) - yellow,"Size:Large,Medium,Small,X-Small,XX-Large","Rs
2699",1484,45% off,Indianwear-Women
15112,Varanga,Womens v-neck striped kurta set - grey,"Size:Small,X-Large,XX-Large","Rs
3399",1699,50% off,Indianwear-Women
15113,Janasya,Poly crepe womens kurta - turquoise,"Size:Large,XX-Large","Rs
1399",559,60% off,Indianwear-Women
15114,Janasya,Printed round neck cotton flex womens flared ethnic dress - maroon,Size:XX-Large,"Rs
2398",1079,55% off,Indianwear-Women
15115,Janasya,Cotton womens kurta with palazzo and dupatta set - multi,"Size:X-Small,XX-Large,XXX-Large","Rs
3799",2089,45% off,Indianwear-Women
15116,De moza,Womens layered solid skirt - midnight,"Size:Large,Medium,Small,X-Large",Nan,1999,No Discount,Indianwear-Women
15117,Kashish,Womens notched embroidered kurta - pink,Size:XX-Large,Nan,2999,No Discount,Indianwear-Women
15118,Ira soleil,Art silk full sleeves womens kurta - red,"Size:Large,Medium,Small,X-Large,XX-Large",Nan,3248,No Discount,Indianwear-Women
15119,Indya,Embellished georgette scoop neck womens kurta - orange,"Size:Large,Medium,Small,X-Large",Nan,2950,No Discount,Indianwear-Women
15120,Ziyaa,Floral round neck polyester womens ethnic set - red,"Size:Large,Medium,Small,X-Large,XX-Large,XXX-Large","Rs
1935",870,55% off,Indianwear-Women
15121,Aurelia,Solid cotton lycra regular fit womens casual tights - blue,"Size:Large,Medium,Small,X-Large",Nan,599,No Discount,Indianwear-Women
15122,W,Printed cotton regular fit womens straight ethnic set - green,"Size:6,10","Rs
5999",3599,40% off,Indianwear-Women
15123,Kami kubi,Stripes cotton round neck womens straight kurta - pink,"Size:Large,Medium,Small,X-Large,X-Small,XX-Large","Rs
2299",919,60% off,Indianwear-Women
15124,Global desi,Geometric shirt collar womens top - off white,"Size:XL,Large,Medium,Small,X-Small","Rs
1799",1079,40% off,Indianwear-Women
15125,W,Printed viscose round neck womens calf length kurta - green,"Size:12,16,18","Rs
1699",849,50% off,Indianwear-Women
15126,Janasya,Printed polyester blend round neck womens a-line kurta - black,"Size:Large,Medium,Small,X-Large,XX-Large","Rs
1469",587,60% off,Indianwear-Women
15127,Neerus,Solid rayon mandarin womens regular kurta - mustard,"Size:Small,XX-Large,XXX-Large","Rs
1299",1039,20% off,Indianwear-Women
15128,W,Solid viscose round neck womens ethnic set - grey,"Size:6,8","Rs
6999",3499,50% off,Indianwear-Women
15129,Global desi,Printed polyester v neck womens ethnic set - dark green,"Size:XL,Large,Medium,Small","Rs
4799",3839,20% off,Indianwear-Women
15130,Global desi,Floral round neck cotton womens regular length kurta - coral,"Size:XL,Large,Medium,Small,XX-Large","Rs
2499",1999,20% off,Indianwear-Women
15131,Global desi,Floral viscose v neck womens straight kurta - off white,"Size:XL,Large,Medium,Small,X-Small,XX-Large","Rs
2099",1679,20% off,Indianwear-Women
15132,Ziyaa,Printed round neck polyester womens ethnic set - red,"Size:Large,Medium,Small,X-Large,XX-Large,XXX-Large","Rs
2516",1006,60% off,Indianwear-Women
15133,Amukti,Floral round neck regular fit womens kurti - navy,"Size:4X-Large,Large,X-Large,XX-Large,XXX-Large","Rs
1299",909,30% off,Indianwear-Women
15134,Ziyaa,Floral round neck polyester womens ethnic set - pink,"Size:Large,Medium,Small,X-Large,XX-Large,XXX-Large","Rs
2135",960,55% off,Indianwear-Women
15135,Global desi,Self design v-neck straight womens kurta - navy,Size:XX-Large,"Rs
2799",1819,35% off,Indianwear-Women
15136,Janasya,Cotton womens kurta - blue,"Size:Large,Medium,Small,X-Large,XX-Large","Rs
1499",824,45% off,Indianwear-Women
15137,W,Printed round neck cotton womens calf length kurta - green,"Size:8,10,12,14,16,18",Nan,1999,No Discount,Indianwear-Women
15138,Global desi,Solid round neck polyester womens straight dress - olive,"Size:XL,Large,X-Small","Rs
3499",1749,50% off,Indianwear-Women
15139,Janasya,Solid silk mandarin womens salwar suit - grey,"Size:Large,Medium,Small,X-Large,X-Small,XX-Large,XXX-Large","Rs
2299",1149,50% off,Indianwear-Women
15140,Janasya,Womens sea green pure cotton kurta with palazzo and dupatta (set217) - green,Size:X-Small,"Rs
2799",1259,55% off,Indianwear-Women
15141,De moza,Printed regular fit rayon womens casual wear pants - natural,"Size:Large,Medium,Small,X-Large,XX-Large","Rs
1299",779,40% off,Indianwear-Women
15142,Ziyaa,Printed rayon mandarin womens straight kurta - mustard,"Size:Large,Medium,Small,X-Large,XX-Large,XXX-Large","Rs
1953",781,60% off,Indianwear-Women
15143,Global desi,Floral cotton round neck womens knee length kurta - mustard,"Size:Large,Medium,Small,X-Small,XX-Large","Rs
2399",1559,35% off,Indianwear-Women
15144,Varanga,Pink and white block printed straight kurta with gota work detailing - pink,Size:X-Large,"Rs
1999",899,55% off,Indianwear-Women
15145,Global desi,Geometric polyester round neck womens regular kurta - mustard,"Size:XL,Large,Medium,Small,XX-Large","Rs
2599",1299,50% off,Indianwear-Women
15146,Aarke,Printed v neck rayon blend womens long dress - blue,"Size:Large,X-Large,X-Small",Nan,2900,No Discount,Indianwear-Women
15147,Yuris,Abstract cotton womens palazzos - black,"Size:28,30,32,34,36,38","Rs
1699",764,55% off,Indianwear-Women
15148,Yuris,Mirror work round neck cotton womens kurta palazzo set - white,"Size:Large,Medium,Small,X-Large,XX-Large,XXX-Large","Rs
3499",1399,60% off,Indianwear-Women
15149,Yuris,Floral cotton round neck womens straight fit kurta - green,"Size:Medium,Small","Rs
1499",674,55% off,Indianwear-Women
15150,Yuris,Motif round neck cotton womens regular fit maxi dress - multi,Size:Small,"Rs
1999",999,50% off,Indianwear-Women
15151,Aurelia,Printed round neck cotton womens knee length kurta - yellow,"Size:Small,X-Large",Nan,1199,No Discount,Indianwear-Women
15152,Varanga,Womens printed palazzo - off white,"Size:Medium,Small,XX-Large","Rs
1799",719,60% off,Indianwear-Women
15153,Global desi,Floral cotton round neck women a line tunic - mint,"Size:XL,Large,Medium,Small,X-Small,XX-Large","Rs
2199",1429,35% off,Indianwear-Women
15154,Global desi,Geometric cotton mandarin collar womens straight tunic - aqua,"Size:XL,Medium,Small,X-Small","Rs
2399",1199,50% off,Indianwear-Women
15155,Global desi,Women regular flared sharara - off white,"Size:XL,Small","Rs
3499",1399,60% off,Indianwear-Women
15156,Global desi,Floral round neck womens kurta - yellow,"Size:Small,X-Small","Rs
2199",1099,50% off,Indianwear-Women
15157,Yuris,Printed cotton round neck womens straight fit kurta - pink,"Size:Large,Medium,Small,X-Large,XX-Large,XXX-Large","Rs
1599",639,60% off,Indianwear-Women
15158,Janasya,Floral round neck polyester blend womens flared ethnic dress - green,"Size:Medium,Small,X-Large,X-Small","Rs
2298",1263,45% off,Indianwear-Women
15159,Varanga,Maxi pure cotton womens casual skirt - off white,Size:Small,"Rs
2499",999,60% off,Indianwear-Women
15160,Ira soleil,Printed polyester v neck womens ankle length kurti - wine,"Size:Large,Medium,Small,X-Large",Nan,2299,No Discount,Indianwear-Women
15161,Varanga,Printed cotton round neck womens ethnic set - peach,"Size:Large,Medium,Small,X-Large,XX-Large",Nan,4999,No Discount,Indianwear-Women
15162,Varanga,Printed silk blend mandarin womens ethnic set - magenta,"Size:Medium,Small,X-Large,XX-Large",Nan,6199,No Discount,Indianwear-Women
15163,Juniper,Womens jadegreen rayon slub solid asymmetric short kurta with tie-up dori & tassels - jade,"Size:X-Large,X-Small,XX-Large","Rs
1049",629,40% off,Indianwear-Women
15164,Varanga,Womens teal silk straight kurta with sequins and dori work detailing on yoke and sleeves - peacock,"Size:Large,Medium,Small,X-Large,XX-Large","Rs
1999",899,55% off,Indianwear-Women
15165,Varanga,Printed cotton v-neck womens regular fit kurta - peach,"Size:Medium,Small,X-Large,XX-Large","Rs
2999",899,70% off,Indianwear-Women
15166,Juniper,Zari round neck rayon blend designer women ethnic sets - red,"Size:Medium,Small,X-Large","Rs
3699",1664,55% off,Indianwear-Women
15167,Varanga,Round neck womens kurta - magenta,"Size:Large,Medium,Small,X-Large,XX-Large","Rs
1999",899,55% off,Indianwear-Women
15168,Global desi,Womens geometric top - off white,Size:X-Small,"Rs
1699",679,60% off,Indianwear-Women
15169,Varanga,Beads and stones v- neck silk blend designer womens ethnic set - pink,"Size:Small,X-Small","Rs
3999",1599,60% off,Indianwear-Women
15170,Varanga,Printed cotton round neck womens ethnic set - sea green,"Size:Large,Medium,Small,X-Small",Nan,4999,No Discount,Indianwear-Women
15171,Stop,Printed mandarin collar a-line womens kurta - white,"Size:S,M,L,X-Large,X-Small","Rs
999",499,50% off,Indianwear-Women
15172,Global desi,Floral v-neck womens gown - teal,Size:X-Small,"Rs
3999",2399,40% off,Indianwear-Women
15173,Kami kubi,Printed silk blend round neck womens ethnic set - blue,"Size:Large,Medium,X-Large","Rs
4999",1999,60% off,Indianwear-Women
15174,Indya,V- neck regular designer womens tunic - pink,"Size:Small,X-Large,X-Small",Nan,2200,No Discount,Indianwear-Women
15175,Janasya,Womens sky blue cotton kurta (j0037) - blue,Size:X-Small,"Rs
2399",839,65% off,Indianwear-Women
15176,Kami kubi,Floral cotton boat neck womens regular top - blue,"Size:Small,X-Small","Rs
999",599,40% off,Indianwear-Women
15177,Yuris,Floral cotton round neck womens regular kurta - multi,"Size:Large,X-Large","Rs
1899",759,60% off,Indianwear-Women
15178,Kami kubi,Geometric cotton mandarin womens regular fit top - pink,Size:Small,"Rs
1199",659,45% off,Indianwear-Women
15179,Indya,Geometric v-neck cotton womens regular kurta - purple,"Size:Small,X-Small",Nan,2300,No Discount,Indianwear-Women
15180,Suti,Printed cotton round neck womens flared dress - black,Size:Medium,"Rs
2799",2239,20% off,Indianwear-Women
15181,Stop,Womens textured calf length winter wear kurta - charcoal,"Size:Medium,Small","Rs
1999",999,50% off,Indianwear-Women
15182,Stop,Womens textured calf length winter wear kurta - maroon,"Size:Large,Small","Rs
1999",999,50% off,Indianwear-Women
15183,Yuris,Mirror work round neck cotton womens kurta palazzo set - green,"Size:Large,Small","Rs
3499",1399,60% off,Indianwear-Women
15184,Indya,Solid regular fit georgette womens sharara pants - navy,Size:Small,"Rs
2100",1050,50% off,Indianwear-Women
15185,Aarke,Printed polyester blend collar neck womens shirt blouse - blue,Size:Small,Nan,2600,No Discount,Indianwear-Women
15186,Janasya,Womens grey cotton kurta with palazzo (set226) - grey,"Size:Large,Small","Rs
2499",1374,45% off,Indianwear-Women
15187,Global desi,Womens cotton blend v-neck tops - white,Size:X-Small,"Rs
1199",719,40% off,Indianwear-Women
15188,Global desi,Floral key hole neck womens top - black,Size:X-Small,"Rs
1799",1079,40% off,Indianwear-Women
15189,Janasya,Gold print crepe round neck womens kurta palazzo set with dupatta - magenta,Size:Medium,"Rs
3199",1119,65% off,Indianwear-Women
15190,Aurelia,Dyed cotton womens ethnic set - peach,"Size:Large,Small,X-Large,XX-Large",Nan,2699,No Discount,Indianwear-Women
15191,Fusion beats,Womens v-neck printed kurta - off white,"Size:Large,Medium,XX-Large","Rs
2199",879,60% off,Indianwear-Women
15192,Amukti,Womens black essential kurta - black,Size:X-Large,"Rs
999",499,50% off,Indianwear-Women
15193,Faballey,Striped collared neck cotton womens pyjama set - blue,Size:Small,"Rs
2200",1100,50% off,Indianwear-Women
15194,Janasya,Embroidered cotton mandarin womens kurta palazzo set - navy,"Size:Small,X-Small","Rs
3499",1399,60% off,Indianwear-Women
15195,Global desi,Womens regular fit geometric kurta - off white,"Size:Small,XX-Large","Rs
2199",879,60% off,Indianwear-Women
15196,Indya,Solid regular fit viscose womens casual pants - pink,"Size:Medium,Small,X-Small","Rs
1200",600,50% off,Indianwear-Women
15197,Aurelia,Printed band with v straight womens kurta - blue,Size:X-Small,"Rs
1299",649,50% off,Indianwear-Women
15198,Indya,Foil print georgette square neck womens regular crop top - blue,"Size:Large,X-Small,XX-Large","Rs
1400",700,50% off,Indianwear-Women
15199,Kami kubi,Solid cotton round neck womens regular fit kurta - blue,Size:Large,"Rs
1999",899,55% off,Indianwear-Women
15200,Janasya,Floral cotton round neck womens kurta palazzo set with dupatta - off white,"Size:Small,XX-Large","Rs
3489",1395,60% off,Indianwear-Women
15201,W,Solid rayon blend collar neck womens flared dress - green,"Size:6,10,12",Nan,2599,No Discount,Indianwear-Women
15202,W,Printed cotton blend round neck womens calf length kurta - ecru,"Size:8,10,18",Nan,1699,No Discount,Indianwear-Women
15203,Janasya,Synthetic womens kurta with palazzo and dupatta set - blue,Size:Medium,"Rs
4598",2069,55% off,Indianwear-Women
15204,Janasya,Round neck straight designer womens kurta - turquoise,Size:Small,"Rs
1529",611,60% off,Indianwear-Women
15205,Global desi,Solid viscose straight fit womens pants - white,"Size:Medium,Small,X-Small",Nan,2199,No Discount,Indianwear-Women
15206,Janasya,Womens peach poly crepe kurta (jne3476) - peach,"Size:Medium,Small,XXX-Large","Rs
1399",629,55% off,Indianwear-Women
15207,Global desi,Floral polyester high neck womens ethnic set - mustard,Size:X-Small,"Rs
5299",2649,50% off,Indianwear-Women
15208,Janasya,Printed silk casual wear designer womens blouses - red,Size:X-Small,"Rs
1399",559,60% off,Indianwear-Women
15209,Myshka,Solid crepe round neck womens kurta palazzo set - mustard,"Size:X-Large,XX-Large","Rs
3999",1199,70% off,Indianwear-Women
15210,Kami kubi,Printed cotton round neck womens regular fit kurta - grey,"Size:Medium,Small,X-Small","Rs
2299",919,60% off,Indianwear-Women
15211,W,Solid regular fit cotton flex womens pants - ecru,Size:12,"Rs
1699",1019,40% off,Indianwear-Women
15212,Amukti,Printed rayon womens kurta - navy,"Size:Small,X-Large","Rs
1299",649,50% off,Indianwear-Women
15213,W,Solid cotton flex regular fit womens slim pants - blue,"Size:6,8,12","Rs
1399",1049,25% off,Indianwear-Women
15214,Indya,Womens round neck sequined kurta - white,"Size:Medium,X-Small","Rs
2400",1200,50% off,Indianwear-Women
15215,Janasya,Floral cotton round neck womens straight fit kurta - white,Size:Small,"Rs
1399",559,60% off,Indianwear-Women
15216,W,Solid cotton blend regular fit womens slim pants - green,"Size:8,12,14,16",Nan,1099,No Discount,Indianwear-Women
15217,Fratini,Yarndyed band collar cotton womens kurta palazzo - pink,"Size:38,42","Rs
2999",1799,40% off,Indianwear-Women
15218,Global desi,Solid straight fit womens casual wear pants - white,Size:X-Small,"Rs
2499",1999,20% off,Indianwear-Women
15219,Juniper,Womens mustard cotton voile placement printed flared palazzo with side pocket - mustard,"Size:Large,X-Large","Rs
1699",849,50% off,Indianwear-Women
15220,Varanga,Mandarin collar womens top - blue,"Size:Large,X-Large","Rs
1399",489,65% off,Indianwear-Women
15221,Juniper,Womens black chanderi foil print2 pc anarkali kurta - black,Size:Small,"Rs
3549",1597,55% off,Indianwear-Women
15222,Global desi,Floral viscose mandarin collar womens kurta - maroon,"Size:XL,Medium,Small,X-Small","Rs
1999",999,50% off,Indianwear-Women
15223,Global desi,Solid viscose collar neck womens flared kurta - yellow,"Size:XL,Large,Medium,Small,X-Small,XX-Large","Rs
2099",1679,20% off,Indianwear-Women
15224,Aarke,Printed square neck rayon blend womens long dress - rust,"Size:Medium,Small,X-Small",Nan,2900,No Discount,Indianwear-Women
15225,Ziyaa,Printed mandarin rayon womens ethnic set - blue,"Size:Large,Medium,Small,X-Large,XX-Large,XXX-Large","Rs
2610",1044,60% off,Indianwear-Women
15226,De moza,Printed regular fit rayon womens casual wear pants - mustard,"Size:Large,Medium,Small,X-Large","Rs
1299",779,40% off,Indianwear-Women
15227,Fusion beats,Womens printed palazzos - natural,"Size:Large,Medium,Small,X-Large,X-Small","Rs
1899",759,60% off,Indianwear-Women
15228,Aurelia,Collar neck polyester straight designer womens dresses - green,"Size:Large,X-Large,X-Small","Rs
1599",1119,30% off,Indianwear-Women
15229,Janasya,Womens light green poly crepe kurta (jne3368) - green,"Size:Large,Medium,Small,X-Large,X-Small,XX-Large,XXX-Large","Rs
1699",679,60% off,Indianwear-Women
15230,Ira soleil,Printed mandarin polyester womens full length kurti - coral,"Size:Medium,Small,X-Large",Nan,1239,No Discount,Indianwear-Women
15231,Ziyaa,Floral round neck rayon womens ethnic set - blue,"Size:Large,Medium,Small,X-Large,XX-Large,XXX-Large","Rs
2433",973,60% off,Indianwear-Women
15232,Suti,Solid cotton round neck womens ethnic set - red,"Size:Large,Medium,Small,X-Large,X-Small,XX-Large","Rs
2699",2159,20% off,Indianwear-Women
15233,Janasya,Solid cotton halter neck womens dress - wine,"Size:Large,X-Large,X-Small,XX-Large","Rs
2999",1349,55% off,Indianwear-Women
15234,Aurelia,Printed viscose round neck womens ethnic set - blue,"Size:Large,Medium,Small,X-Large,X-Small",Nan,2699,No Discount,Indianwear-Women
15235,De moza,Printed polyester womens regular length palazzo - navy,"Size:Medium,Small,X-Large,XX-Large",Nan,1499,No Discount,Indianwear-Women
15236,Global desi,Floral viscose v neck womens ethnic set - wine,"Size:XL,Large,Small,X-Small,XX-Large","Rs
3999",2799,30% off,Indianwear-Women
15237,Janasya,Womens light green poly crepe kurta (jne3412) - green,"Size:Large,Medium,Small,X-Small","Rs
1529",688,55% off,Indianwear-Women
15238,Sanaa,Printed polyester mandarin womens mid thigh length kurti - peach,"Size:Large,Medium,Small,X-Large,XX-Large","Rs
1049",734,30% off,Indianwear-Women
15239,W,Solid viscose round neck womens calf length kurta - yellow,"Size:10,12,16","Rs
1899",949,50% off,Indianwear-Women
15240,Indya,Regular viscose woven designer womens pants - white,"Size:Medium,X-Large,XX-Large",Nan,1200,No Discount,Indianwear-Women
15241,W,Printed cotton regular fit womens flared pants - green,"Size:Large,Medium,Small,X-Large",Nan,1899,No Discount,Indianwear-Women
15242,Indya,Printed georgette round neck womens regular crop top - pink,"Size:Large,Medium,Small,X-Large,X-Small,XX-Large","Rs
1600",800,50% off,Indianwear-Women
15243,Aurelia,Solid polyester mandarin womens straight kurta - green,"Size:Large,Medium,Small,X-Large,XX-Large",Nan,1099,No Discount,Indianwear-Women
15244,Aurelia,Printed viscose womens straight kurta - orange,"Size:Large,Medium,Small,X-Large,X-Small","Rs
1399",979,30% off,Indianwear-Women
15245,Amukti,Lace rayon womens kurta - grey,"Size:Large,Medium,Small,XX-Large","Rs
1299",649,50% off,Indianwear-Women
15246,Varanga,Wine and turquoise dori work straight kurta with 3/4th sleeves - purple,"Size:Large,Medium,Small,X-Large,XX-Large","Rs
2399",839,65% off,Indianwear-Women
15247,Global desi,Women round neck geometric - peach,"Size:XL,Large,Medium,Small,X-Small","Rs
1499",449,70% off,Indianwear-Women
15248,Stop,Solid flared fit flex womens casual wear palazzo - teal,"Size:Large/X-Large,Small/Medium,XX-Large/XXX-Large",Nan,799,No Discount,Indianwear-Women
15249,Fusion beats,Womens tie up neck printed top - multi,"Size:Large,Medium,Small,X-Large","Rs
1399",419,70% off,Indianwear-Women
15250,Vero moda,Stripes cotton round neck womens tunic - blue,"Size:Large,Medium,Small,X-Large,X-Small","Rs
2799",1959,30% off,Indianwear-Women
15251,W,Solid viscose regular fit womens straight pants - green,"Size:6,8,10,14,16",Nan,1299,No Discount,Indianwear-Women
15252,W,Dyed cotton blend mandarin womens calf length kurta - grey,"Size:8,12,16,18",Nan,1799,No Discount,Indianwear-Women
15253,Aurelia,Printed viscose round neck womens ethnic set - black,"Size:Large,Medium,Small,X-Large,X-Small,XX-Large",Nan,1999,No Discount,Indianwear-Women
15254,Janasya,Poly crepe womens kurta with pant and dupatta set - pink,"Size:Large,Medium,Small,X-Small,XX-Large,XXX-Large","Rs
3299",1154,65% off,Indianwear-Women
15255,Aurelia,Printed viscose round neck womens ethnic set - green,"Size:Large,Medium,Small,X-Large,X-Small,XX-Large",Nan,2999,No Discount,Indianwear-Women
15256,Global desi,Round neck flared women kurtas - off white,"Size:XL,Large,Medium,Small,X-Small,XX-Large","Rs
4999",3249,35% off,Indianwear-Women
15257,Myshka,Solid cotton round neck womens regular kurta - pink,"Size:Large,Medium,Small,X-Large,XX-Large","Rs
1799",539,70% off,Indianwear-Women
15258,Ritu kumar,Off shoulder cotton blend womens short dress - multi,"Size:Large,Medium,Small",Nan,5600,No Discount,Indianwear-Women
15259,Myshka,Solid round neck womens kurti - red,",Medium,Small,X-Large,XX-Large","Rs
2999",899,70% off,Indianwear-Women
15260,Global desi,Solid cotton keyhole neck womens straight kurta - mid blue,"Size:Large,Medium,X-Small,XX-Large","Rs
2599",1819,30% off,Indianwear-Women
15261,W,Solid cotton flex mandarin womens calf length kurta - green,"Size:8,12",Nan,1499,No Discount,Indianwear-Women
15262,Indya,Embellished georgette regular fit womens sharara - yellow,"Size:Large,Medium,Small,X-Large,X-Small","Rs
2200",1760,20% off,Indianwear-Women
15263,De moza,Solid cotton regular fit womens palazzos - denim enzyme,"Size:Large,Medium,X-Large",Nan,1499,No Discount,Indianwear-Women
15264,Indya,Regular georgette woven designer womens pants - blue,"Size:Medium,Small,X-Small","Rs
2950",1475,50% off,Indianwear-Women
15265,Aarke,Embroidered rayon blend round neck womens ethnic set - yellow,"Size:Large,Medium,Small",Nan,5900,No Discount,Indianwear-Women
15266,Global desi,Solid regular fit viscose womens festive wear pants - natural,"Size:XL,Large,Medium,Small,X-Small",Nan,1399,No Discount,Indianwear-Women
15267,W,Printed regular fit cotton womens casual pants - green,"Size:6,16","Rs
1499",1124,25% off,Indianwear-Women
15268,Fusion beats,Womens cold shoulder sleeves printed kurta - pink,"Size:Large,Medium,Small,X-Large,XX-Large,XXX-Large","Rs
2399",959,60% off,Indianwear-Women
15269,Ziyaa,Floral mandarin crepe womens salwar kurta and dupatta set - grey,"Size:Large,Medium,Small,X-Large,XX-Large,XXX-Large","Rs
4233",1693,60% off,Indianwear-Women
15270,Janasya,Printed cotton regular fit mens t-shirt - white,"Size:Large,Medium,X-Large","Rs
1299",909,30% off,Indianwear-Women
15271,Global desi,Solid viscose straight fit womens casual wear pants - teal,"Size:XL,Large,Medium,Small","Rs
1699",1359,20% off,Indianwear-Women
15272,Ziyaa,Floral polyester boat neck womens straight kurta - blue,"Size:Large,Medium,Small,X-Large,XX-Large,XXX-Large","Rs
1394",627,55% off,Indianwear-Women
15273,Global desi,Jacquard polyester round neck women blouson tops - gold,"Size:XL,Large,Medium,Small,X-Small,XX-Large","Rs
1699",1359,20% off,Indianwear-Women
15274,Kami kubi,Embroidered silk blend womens salwar kurta dupatta set - grey,"Size:Large,Medium,Small,XX-Large","Rs
6999",2799,60% off,Indianwear-Women
15275,Fusion beats,Womens notched collar floral print kurta - off white,"Size:Large,Small","Rs
1799",639,64% off,Indianwear-Women
15276,Myshka,Printed round neck womens kurti - green,",Medium,Small,X-Large,XX-Large","Rs
2299",689,70% off,Indianwear-Women
15277,Kami kubi,Solid cotton round neck womens relaxed fit kurta - blue,"Size:Large,Medium,Small,X-Large,X-Small,XX-Large,XXX-Large","Rs
3799",1519,60% off,Indianwear-Women
15278,W,Printed poly georgette v neck womens ethnic set - yellow,"Size:6,8,10,12,14,16,18","Rs
6599",4949,25% off,Indianwear-Women
15279,Aurelia,Printed round neck cotton womens knee length kurta - yellow,"Size:Large,Medium,Small,X-Small,XX-Large","Rs
1199",839,30% off,Indianwear-Women
15280,Global desi,Floral viscose round neck womens a-line tunic - orange,"Size:XL,Large,Medium,Small,X-Small,XX-Large","Rs
2299",1494,35% off,Indianwear-Women
15281,Yuris,Printed cotton round neck womens straight fit kurta - red,"Size:Large,Medium,Small,X-Large,XX-Large","Rs
1699",679,60% off,Indianwear-Women
15282,Yuris,Floral cotton mandarin neck regular fit womens kurta palazzo set - brown,"Size:Large,Medium,Small,X-Large,XX-Large","Rs
2799",1119,60% off,Indianwear-Women
15283,Global desi,Geometric viscose womens casual pants - black,"Size:XL,Large,Medium,Small,X-Small","Rs
1499",1049,30% off,Indianwear-Women
15284,Global desi,Striped v-neck womens set - mustard,"Size:Large,Medium,Small,X-Small","Rs
2999",1799,40% off,Indianwear-Women
15285,Ziyaa,Printed crepe boat neck womens a line kurta - blue,"Size:Large,Medium,Small,X-Large,XX-Large,XXX-Large","Rs
1567",705,55% off,Indianwear-Women
15286,Varanga,Round neck cotton designer womens ethnic set - blue,"Size:Large,X-Large,XX-Large","Rs
5999",2099,65% off,Indianwear-Women
15287,Varanga,Womens maroon zari and sequins embroidery kurta with dori and pom pom tassel - maroon,"Size:Medium,Small,XX-Large","Rs
1999",799,60% off,Indianwear-Women
15288,Ira soleil,Regular fit full length polyester womens casual wear skirt - pink,"Size:Small,X-Large",Nan,1899,No Discount,Indianwear-Women
15289,Varanga,V- neck cotton designer womens ethnic set - black,"Size:Large,Medium,Small,X-Large,XX-Large","Rs
5999",1799,70% off,Indianwear-Women
15290,Varanga,Embroidered silk round neck womens calf length kurta - olive,"Size:Small,X-Large,XX-Large","Rs
3599",1259,65% off,Indianwear-Women
15291,Varanga,Embroidered cotton round neck womens ethnic set - peach,"Size:Large,Medium,Small,X-Small",Nan,5999,No Discount,Indianwear-Women
15292,De moza,Womens solid full length pleated pants - off white,"Size:Large,Medium,Small,X-Large,XX-Large",Nan,1299,No Discount,Indianwear-Women
15293,Biba,Printed polyester round neck womens pant kurta dupatta set - berry,Size:42,"Rs
3299",2309,30% off,Indianwear-Women
15294,Amukti,Womens grey melange embroidered kurta - grey,"Size:Medium,X-Large","Rs
1599",799,50% off,Indianwear-Women
15295,Janasya,Floral round neck rayon womens calf length kurta - pink,"Size:Small,X-Large","Rs
1729",691,60% off,Indianwear-Women
15296,Varanga,Sea green straight kurta with zari embroidery on neckline and sleeves - green,"Size:Small,XX-Large","Rs
2999",749,75% off,Indianwear-Women
15297,Juniper,Mandarin silk blend a line designer womens dresses - fuschia,"Size:4X-Large,XXX-Large","Rs
3699",924,75% off,Indianwear-Women
15298,Yuris,Floral cotton round neck womens regular kurta - multi,Size:Medium,"Rs
1699",679,60% off,Indianwear-Women
15299,Amukti,Printed rayon womens kurta - red,Size:Small,"Rs
1499",749,50% off,Indianwear-Women
15300,Amukti,Solid rayon womens kurta - emerald,Size:Medium,"Rs
1499",749,50% off,Indianwear-Women
15301,Global desi,Floral sweetheart neck womens top - white,"Size:XL,Small,X-Small","Rs
1799",1079,40% off,Indianwear-Women
15302,Janasya,Womens pink poly silk ethnic dress (j0001) - pink,"Size:X-Large,X-Small,XX-Large","Rs
1999",1099,45% off,Indianwear-Women
15303,Indya,Embroidered brocade round neck womens regular crop top - white,"Size:Large,X-Large","Rs
1900",950,50% off,Indianwear-Women
15304,Aurelia,Printed round neck straight womens kurta - deep blue,Size:Small,Nan,799,No Discount,Indianwear-Women
15305,W,Printed viscose mandarin womens calf length kurta - blue,"Size:6,8,16","Rs
1799",899,50% off,Indianwear-Women
15306,Janasya,Floral v neck cotton womens calf length kurta - blue,Size:X-Small,"Rs
2079",727,65% off,Indianwear-Women
15307,Amukti,Printed rayon womens kurta - off white,"Size:X-Large,XX-Large,XXX-Large","Rs
1499",749,50% off,Indianwear-Women
15308,Aurelia,Yarn dyed viscose v neck womens straight kurta - green,"Size:Small,X-Small","Rs
1499",1049,30% off,Indianwear-Women
15309,W,Print viscose mandarin neck womens straight top - navy,Size:10,"Rs
1499",749,50% off,Indianwear-Women
15310,Janasya,Floral cotton round neck womens kurta palazzo set with dupatta - red,Size:X-Small,"Rs
4199",1469,65% off,Indianwear-Women
15311,Indya,Embellished one shoulder georgette womens regular fit maxi dress - grey,"Size:Medium,Small,X-Large",Nan,3500,No Discount,Indianwear-Women
15312,Aurelia,Printed viscose round neck womens flared dress - red,"Size:Large,Medium,Small,X-Small",Nan,2999,No Discount,Indianwear-Women
15313,Global desi,Geometric polyester v-neck womens fit and flare dress - dark green,"Size:Medium,Small,X-Small","Rs
3799",2659,30% off,Indianwear-Women
15314,Global desi,Floral viscose choker neck womens top - off white,Size:X-Small,"Rs
1599",799,50% off,Indianwear-Women
15315,Yuris,Printed cotton round neck womens a-line kurta - peach,"Size:X-Large,XXX-Large","Rs
1599",639,60% off,Indianwear-Women
15316,Indya,Floral round neck viscose womens regular dress - indigo,Size:Small,"Rs
1800",900,50% off,Indianwear-Women
15317,Global desi,Geometric mandarin collar viscose womens casual gown - green,"Size:Medium,Small,X-Small","Rs
2999",1799,40% off,Indianwear-Women
15318,Janasya,Floral mandarin cotton womens regular fit dress - blue,"Size:Small,X-Large","Rs
2698",1483,45% off,Indianwear-Women
15319,Amukti,Embroidered cotton womens kurta - natural,Size:Large,"Rs
1999",999,50% off,Indianwear-Women
15320,Janasya,Womens turquoise poly crepe kurta (jne2100) - turquoise,"Size:Small,X-Small","Rs
1399",559,60% off,Indianwear-Women
15321,Aurelia,Solid regular fit cotton flex womens casual trousers - white,"Size:Medium,Small","Rs
1199",719,40% off,Indianwear-Women
15322,Janasya,Womens maroon cotton kurta (jne3403) - red,Size:X-Small,"Rs
1549",697,55% off,Indianwear-Women
15323,Indya,Printed square neck georgette womens peplum top - maroon,"Size:X-Large,XX-Large",Nan,1500,No Discount,Indianwear-Women
15324,Janasya,Womens light green poly silk kurta with palazzo and dupatta (j0013) - leaf green,Size:X-Small,"Rs
3399",1869,45% off,Indianwear-Women
15325,Amukti,A-line rayon womens kurta - blue,Size:XX-Large,"Rs
999",499,50% off,Indianwear-Women
15326,Yuris,Floral cotton mandarin womens salwar suit - multi,"Size:Large,Small","Rs
2799",1259,55% off,Indianwear-Women
15327,Janasya,Printed round neck regular fit womens kurta - peacock,"Size:Small,X-Small","Rs
2049",1024,50% off,Indianwear-Women
15328,Yuris,Floral cotton round neck womens salwar suit - multi,"Size:Medium,Small","Rs
2799",1259,55% off,Indianwear-Women
15329,Aurelia,Printed regular fit viscose womens casual culottes - multi,Size:Medium,"Rs
1299",779,40% off,Indianwear-Women
15330,Varanga,Sweetheart neck womens kurta - pink,Size:X-Large,"Rs
2599",1429,45% off,Indianwear-Women
15331,Varanga,Womens teal printed crop top with thread work detailing and coin embellishment - peacock,"Size:Large,X-Large","Rs
1299",519,60% off,Indianwear-Women
15332,Juniper,Womens embroidered flared dress - maroon,"Size:X-Large,X-Small","Rs
3599",1799,50% off,Indianwear-Women
15333,Varanga,Womens black and white elephant printed straight kurta - black,"Size:Small,XX-Large","Rs
1799",629,65% off,Indianwear-Women
15334,Varanga,Womens multi color flared kalidaar palazzo with dori and heavy gota tassels - multi,"Size:Medium,Small","Rs
2199",1209,45% off,Indianwear-Women
15335,Global desi,Floral cotton round neck women a line tunic - mint,"Size:XL,Large,Medium,Small,X-Small,XX-Large","Rs
1899",949,50% off,Indianwear-Women
15336,Ziyaa,Geometric round neck rayon womens ethnic set - off white,"Size:Large,Medium,Small,X-Large,XX-Large,XXX-Large","Rs
2390",956,60% off,Indianwear-Women
15337,Global desi,Solid viscose comfort fit womens trousers - natural,"Size:XL,Large,Medium,Small,X-Small,XX-Large",Nan,1999,No Discount,Indianwear-Women
15338,W,Round neck french crepe designer womens ethnic set - pink,"Size:10,12","Rs
4999",3499,30% off,Indianwear-Women
15339,And,Solid viscose round neck womens ethnic set - blue mix light,"Size:8,10,12,14,16,18","Rs
2099",1049,50% off,Indianwear-Women
15340,Amukti,Embroidered cotton mandarin collar womens straight kurta - black,"Size:Large,Medium,Small,XXX-Large","Rs
1699",1189,30% off,Indianwear-Women
15341,Global desi,Ethnic motifs polyester round neck womens fit and flare kurta - mustard,"Size:XL,Large,Medium,Small,XX-Large","Rs
3299",2144,35% off,Indianwear-Women
15342,W,Printed mandarin viscose womens calf length kurta - pink,"Size:6,8,10,14",Nan,1799,No Discount,Indianwear-Women
15343,Kami kubi,Stripes boat neck cotton womens a line dress - blue,"Size:Small,X-Small","Rs
1799",989,45% off,Indianwear-Women
15344,W,Printed viscose regular fit womens pants - blue,"Size:8,12,14","Rs
1699",1274,25% off,Indianwear-Women
15345,De moza,Solid comfort fit cotton womens casual wear pants - coral,"Size:Medium,Small",Nan,1299,No Discount,Indianwear-Women
15346,Ritu kumar,Blended round neck womens ethnic set - blue,"Size:Large,Medium,Small,X-Small",Nan,4900,No Discount,Indianwear-Women
15347,Ira soleil,Solid taffeta womens dailywear pants - maroon,"Size:Large,Medium,Small,X-Large",Nan,1999,No Discount,Indianwear-Women
15348,Aurelia,Printed viscose blend round neck womens ethnic set - red,Size:X-Large,"Rs
4999",2499,50% off,Indianwear-Women
15349,Global desi,Solid collar womens tunic - white,"Size:Large,Medium,Small,X-Small,XX-Large",Nan,1699,No Discount,Indianwear-Women
15350,Ziyaa,Solid crepe collar neck womens ethnic set - pink,"Size:Large,Medium,Small,X-Large,XX-Large,XXX-Large","Rs
2179",871,60% off,Indianwear-Women
15351,Ira soleil,Art silk full sleeves womens kurta - black,"Size:Large,Medium,Small,X-Large",Nan,2074,No Discount,Indianwear-Women
15352,Suti,Printed rayon womens a line kurti - otter,"Size:4X-Large,Large,Medium,Small,X-Large,X-Small,XX-Large","Rs
1999",1599,20% off,Indianwear-Women
15353,Janasya,Printed cotton collared neck womens straight fit ethnic set - yellow,"Size:Large,Medium,Small,X-Large,X-Small,XX-Large,XXX-Large","Rs
2219",998,55% off,Indianwear-Women
15354,Janasya,Womens black rayon straight kurti (jne3576) - black,"Size:Large,Medium,Small","Rs
1499",749,50% off,Indianwear-Women
15355,Indya,Floral viscose regular fit womens a-line dress - maroon,"Size:Small,X-Small","Rs
1800",900,50% off,Indianwear-Women
15356,W,Solid cotton flex mandarin womens calf length kurta - purple,Size:6,Nan,1499,No Discount,Indianwear-Women
15357,Global desi,Floral round neck viscose womens casual dress - mint,"Size:XL,Large,Small,X-Small","Rs
2299",1379,40% off,Indianwear-Women
15358,Indya,Printed georgette womens regular palazzos - orange,"Size:Medium,Small",Nan,2600,No Discount,Indianwear-Women
15359,Indya,Maroon v-neck embroidered crop top - maroon,"Size:Medium,XX-Large",Nan,1500,No Discount,Indianwear-Women
15360,Janasya,Sequins round neck silk designer womens salwar suit - mustard,"Size:Large,Medium,Small,X-Large,X-Small,XX-Large,XXX-Large","Rs
2199",989,55% off,Indianwear-Women
15361,Aurelia,Regular fit polyester womens festive skirt - blue,"Size:Large,Medium,Small,X-Large,XX-Large",Nan,2399,No Discount,Indianwear-Women
15362,De moza,Printed regular fit cotton womens festive wear pants - navy,"Size:Large,Medium,Small,X-Large,XX-Large","Rs
999",599,40% off,Indianwear-Women
15363,Janasya,Block cotton v neck womens kurta palazzo set - yellow,"Size:Small,X-Small,XX-Large","Rs
4159",1871,55% off,Indianwear-Women
15364,Indya,Regular fit full length silk womens casual wear skirt - natural,Size:Large,"Rs
2800",1400,50% off,Indianwear-Women
15365,Stop,Womens embroidered calf length casual wear kurta - mustard,"Size:S,M,L,XL,X-Small,XX-Large","Rs
1299",649,50% off,Indianwear-Women
15366,Stop,Printed round neck straight fit womens kurta - blue,"Size:S,M,X-Small","Rs
999",499,50% off,Indianwear-Women
15367,Global desi,Solid viscose regular fit womens tunic - maroon,"Size:Medium,X-Small","Rs
1799",899,50% off,Indianwear-Women
15368,Indya,Stripes v neck cotton womens regular fit midi dress - natural,"Size:Medium,Small,X-Small",Nan,2200,No Discount,Indianwear-Women
15369,Ziyaa,Floral round neck rayon womens salwar kurta and dupatta set - blue,"Size:Large,Medium,Small,X-Large,XX-Large,XXX-Large","Rs
3332",1499,55% off,Indianwear-Women
15370,Indya,Black mirror polka short tunic - black,"Size:Small,X-Small","Rs
1800",900,50% off,Indianwear-Women
15371,Myshka,Solid silk blend square neck womens regular kurta - red,"Size:Large,Medium,Small,X-Large,XX-Large","Rs
3999",3599,10% off,Indianwear-Women
15372,Neerus,Printed cotton round neck womens salwar kurta dupatta set - baby pink,"Size:Large,Medium,X-Large,XX-Large,XXX-Large","Rs
3499",2799,20% off,Indianwear-Women
15373,Aurelia,Round neck rayon womens below knee kurta - natural,"Size:Large,X-Small,XX-Large",Nan,1049,No Discount,Indianwear-Women
15374,Global desi,Viscose fusion wear women saree - aqua,"Size:Large,Medium,Small,X-Small",Nan,6299,No Discount,Indianwear-Women
15375,Ziyaa,Floral rayon round neck womens straight kurta - grey,"Size:Large,Medium,Small,X-Large,XX-Large,XXX-Large","Rs
1647",658,60% off,Indianwear-Women
15376,W,Solid cotton flex regular fit womens casual trousers - blue,"Size:6,8,10,12,14",Nan,999,No Discount,Indianwear-Women
15377,Global desi,Mandarin neck straight womens kurta - lilac,"Size:XL,Large,Medium,Small,X-Small,XX-Large","Rs
2699",2159,20% off,Indianwear-Women
15378,W,Printed rayon flax v neck womens kurta - off white,"Size:6,8,10,12,14,16,18",Nan,2499,No Discount,Indianwear-Women
15379,Global desi,Relaxed fit viscose womens casual pants - off white,"Size:XL,Large,Medium,Small,X-Small,XX-Large","Rs
2299",1839,20% off,Indianwear-Women
15380,Yuris,Textured cotton collared neck womens straight fit kurta - pink,Size:Small,"Rs
1499",599,60% off,Indianwear-Women
15381,Varanga,Womens mandarin collar striped kurta - off white,Size:Small,"Rs
1399",629,55% off,Indianwear-Women
15382,Janasya,Floral round neck crepe womens calf length kurta - black,"Size:Medium,Small,X-Large,X-Small,XX-Large","Rs
1549",774,50% off,Indianwear-Women
15383,Indya,Printed silk womens regular palazzos - maroon,"Size:Medium,Small,X-Small","Rs
1800",900,50% off,Indianwear-Women
15384,Ziyaa,Printed polyester round neck womens straight kurta - green,"Size:Large,Medium,Small,X-Large,XX-Large,XXX-Large","Rs
1951",780,60% off,Indianwear-Women
15385,Global desi,Solid straight fit womens workwear pants - black,"Size:XL,Large,Medium,Small,X-Small",Nan,1399,No Discount,Indianwear-Women
15386,Yuris,Printed round neck cotton womens kurta palazzo set - white,"Size:Small,X-Large","Rs
2799",1259,55% off,Indianwear-Women
15387,Janasya,Stripes crepe calf length womens high low kurta - brown,"Size:Large,Medium,X-Large,X-Small","Rs
1469",734,50% off,Indianwear-Women
15388,Ziyaa,Printed polyester round neck womens straight kurta - green,"Size:Large,Medium,Small,X-Large,XX-Large,XXX-Large","Rs
1915",670,65% off,Indianwear-Women
15389,Ziyaa,Printed polyester round neck womens straight kurta - pink,"Size:Large,Medium,Small,X-Large,XX-Large,XXX-Large","Rs
2024",708,65% off,Indianwear-Women
15390,Amukti,Printed rayon womens kurta - natural,Size:XX-Large,"Rs
1499",749,50% off,Indianwear-Women
15391,Indya,Ivory embroidered maxi tunic with attached belted jacket - white,Size:Small,"Rs
3400",1700,50% off,Indianwear-Women
15392,Indya,V- neck regular designer womens tunic - yellow,"Size:Large,Small,X-Small","Rs
2200",1100,50% off,Indianwear-Women
15393,Indya,Solid regular fit georgette womens ethnic skirt - black,"Size:Medium,Small,X-Small","Rs
2800",1400,50% off,Indianwear-Women
15394,Ritu kumar,Lace v neck womens short top - multi,"Size:Medium,Small","Rs
4900",3920,20% off,Indianwear-Women
15395,Neerus,Printed cotton round neck womens salwar kurta dupatta set - pistachio,"Size:Large,Medium,X-Large,XX-Large","Rs
3499",2799,20% off,Indianwear-Women
15396,Global desi,Geometric viscose round neck womens a line top - dark blue,"Size:Medium,Small,X-Small","Rs
1899",1519,20% off,Indianwear-Women
15397,Aurelia,Cotton band with placket womens kurta set - natural,Size:X-Small,Nan,2499,No Discount,Indianwear-Women
15398,Varanga,Womens mandarin collar ethnic motifs kurta set - lavender,"Size:Large,Medium,Small,X-Large,XX-Large","Rs
4399",2199,50% off,Indianwear-Women
15399,W,Solid viscose regular fit womens casual parallel pants - black,"Size:6,8,10,12,14,16","Rs
1799",1349,25% off,Indianwear-Women
15400,Global desi,Embroidered polyester v neck womens ethnic set - pink,"Size:Medium,X-Small,XX-Large","Rs
4999",3249,35% off,Indianwear-Women
15401,Myshka,Printed crepe round neck womens kurta palazzo set - multi,",Medium,Small,X-Large,XX-Large","Rs
3999",1199,70% off,Indianwear-Women
15402,Amukti,Printed cotton womens kurta - natural,"Size:Medium,XX-Large","Rs
1999",999,50% off,Indianwear-Women
15403,Fusion beats,Womens round neck printed top - navy,"Size:Large,Medium,Small,X-Large,X-Small","Rs
1499",599,60% off,Indianwear-Women
15404,Aurelia,Yarn dyed cotton round neck womens straight kurta - white,"Size:Large,Medium,Small,X-Large,X-Small,XX-Large",Nan,1399,No Discount,Indianwear-Women
15405,Global desi,Floral viscose round neck womens kurta - mustard,"Size:XL,Large,Medium,Small,X-Small","Rs
2199",1099,50% off,Indianwear-Women
15406,Ira soleil,Embroidered polyester round neck womens ethnic top - blue,"Size:Large,Medium,Small,X-Large",Nan,1999,No Discount,Indianwear-Women
15407,Indya,Foil print regular fit georgette womens ethnic skirt - blue,Size:X-Small,"Rs
3600",1800,50% off,Indianwear-Women
15408,Ziyaa,Printed mandarin rayon womens salwar kurta and dupatta set - mustard,"Size:Large,Medium,Small,X-Large,XX-Large,XXX-Large","Rs
4417",1766,60% off,Indianwear-Women
15409,Global desi,Solid cotton collared neck womens kurta - maroon,"Size:Large,Medium,Small,X-Small","Rs
1699",1104,35% off,Indianwear-Women
15410,Stop,Solid round neck flared kurta fit womens kurta - blue,"Size:S,M,L,XL,X-Small,XX-Large","Rs
1499",749,50% off,Indianwear-Women
15411,W,Solid round neck viscose womens kurta - light blue,Size:6,"Rs
2999",1499,50% off,Indianwear-Women
15412,Janasya,Cotton womens kurta - pink,"Size:X-Large,XX-Large","Rs
1999",1099,45% off,Indianwear-Women
15413,Ziyaa,Floral rayon round neck womens straight kurta - green,"Size:Large,Medium,Small,X-Large,XX-Large,XXX-Large","Rs
1598",639,60% off,Indianwear-Women
15414,Indya,Mandarin regular designer womens tunic - white,"Size:Medium,Small",Nan,3200,No Discount,Indianwear-Women
15415,Indya,Solid regular fit viscose womens casual pants - blue,"Size:Medium,Small,X-Small","Rs
1200",600,50% off,Indianwear-Women
15416,W,Printed viscose v neck womens kurta - pink,"Size:6,8,10,12,14,16,18",Nan,1999,No Discount,Indianwear-Women
15417,Juniper,Printed rayon round neck womens flared dress - peach,"Size:Large,Medium,Small,X-Large","Rs
2499",1249,50% off,Indianwear-Women
15418,Varanga,Womens key hole neck solid kurta set - fuchsia,"Size:Large,X-Large","Rs
2999",1049,65% off,Indianwear-Women
15419,Global desi,Solid cotton round neck womens top - pink,"Size:XL,Large,Medium,Small,XX-Large","Rs
2299",1609,30% off,Indianwear-Women
15420,Neerus,Embroidered cotton round neck womens above knee kurta - off white,Size:X-Large,"Rs
1499",749,50% off,Indianwear-Women
15421,Ziyaa,Printed round neck rayon womens ethnic set - black,"Size:Large,Medium,Small,X-Large,XX-Large,XXX-Large","Rs
2697",1078,60% off,Indianwear-Women
15422,Ritu kumar,Chiffon mandarin womens shirt blouse - multi,"Size:Large,Medium,Small,X-Large",Nan,4200,No Discount,Indianwear-Women
15423,Global desi,Floral straight fit womens casual wear pants - blue,"Size:XL,Large,Medium,Small,X-Small,XX-Large","Rs
1599",799,50% off,Indianwear-Women
15424,Ziyaa,Printed round neck polyester womens ethnic set - red,"Size:Large,Medium,Small,X-Large,XX-Large,XXX-Large","Rs
3051",1220,60% off,Indianwear-Women
15425,Ziyaa,Printed crepe round neck womens straight kurta - purple,"Size:Large,Medium,Small,X-Large,XX-Large,XXX-Large","Rs
1477",590,60% off,Indianwear-Women
15426,Global desi,Womens tie up neck printed flared dress - red,"Size:XL,Large,Medium,Small,X-Small","Rs
2699",1079,60% off,Indianwear-Women
15427,De moza,Solid tassel polyester round neck womens regular fit top - natural,"Size:Large,Medium,Small,X-Large",Nan,799,No Discount,Indianwear-Women
15428,Sanaa,Womens mandarin collar printed embroidered kurti - grey,Size:XX-Large,Nan,1499,No Discount,Indianwear-Women
15429,Aarke,Printed round neck polyester blend womens dress - pink,"Size:Large,Medium,Small,X-Small",Nan,3900,No Discount,Indianwear-Women
15430,Haute curry,Yary dyed cotton womens casual gather dress - navy,"Size:Large,Medium,Small,X-Large,X-Small,XX-Large","Rs
1299",649,50% off,Indianwear-Women
15431,Aurelia,Solid viscose mandarin neck womens above knee kurta - black,"Size:Medium,Small,X-Large,X-Small,XX-Large","Rs
1399",699,50% off,Indianwear-Women
15432,Yuris,Floral cotton round neck womens kurta set - pink,"Size:Medium,Small,XX-Large,XXX-Large","Rs
3999",1399,65% off,Indianwear-Women
15433,Ziyaa,Geometric mandarin rayon womens ethnic set - red,"Size:Large,Medium,Small,X-Large,XX-Large,XXX-Large","Rs
2990",1345,55% off,Indianwear-Women
15434,Myshka,Solid cotton round neck womens kurta palazzo set - khaki,",Medium,Small,X-Large,XX-Large","Rs
3999",1199,70% off,Indianwear-Women
15435,De moza,Solid regular fit cotton womens casual wear pants - white,Size:XXX-Large,Nan,999,No Discount,Indianwear-Women
15436,Yuris,Printed round neck cotton womens kurta palazzo set - dark green,Size:Small,"Rs
3499",1399,60% off,Indianwear-Women
15437,Yuris,Printed cotton round neck regular fit womens kurta palazzo set - navy,"Size:Large,Medium,Small,X-Large,XX-Large","Rs
2799",1259,55% off,Indianwear-Women
15438,Yuris,Zari work round neck cotton womens kurta palazzo set - multi,"Size:Large,Medium,Small,X-Large,XX-Large,XXX-Large","Rs
3999",1399,65% off,Indianwear-Women
15439,Global desi,Printed viscose round neck womens regular kurta - dark green,"Size:XL,Large,Medium,Small","Rs
2599",1689,35% off,Indianwear-Women
15440,Global desi,Self design flared fit viscose rayon womens festive wear sharara - red,"Size:Large,Medium,Small,XX-Large","Rs
2999",1499,50% off,Indianwear-Women
15441,Kashish,Embroidered silk blend womens full length palazzos - yellow,"Size:Large/X-Large,Small/Medium","Rs
1499",749,50% off,Indianwear-Women
15442,Global desi,Womens viscose rayon mandarin collar kurta - aqua,"Size:Large,X-Small","Rs
1999",1199,40% off,Indianwear-Women
15443,Aurelia,Dyed collared neck viscose womens straight fit dress - olive,"Size:Large,Medium,Small,XX-Large","Rs
1999",1399,30% off,Indianwear-Women
15444,Varanga,Round neck womens kurta - green,"Size:Large,Small,X-Large,XX-Large","Rs
2199",1099,50% off,Indianwear-Women
15445,Kashish,Embroidered mandarin neck a-line womens kurta - coral,"Size:Large,Medium,Small,X-Large,X-Small,XX-Large","Rs
1999",999,50% off,Indianwear-Women
15446,Varanga,Maxi pure cotton womens ethnic skirt - black,"Size:Large,Medium,Small,X-Large","Rs
2299",1149,50% off,Indianwear-Women
15447,Varanga,Printed round neck cotton blend regular fit womens ethnic set - pink,"Size:Large,Small,XX-Large","Rs
4599",1609,65% off,Indianwear-Women
15448,Varanga,Round neck womens kurta - peacock,"Size:Large,Small","Rs
1499",974,35% off,Indianwear-Women
15449,Varanga,Round neck cotton blend womens indian wear sets - blue,"Size:Medium,XX-Large","Rs
2999",1499,50% off,Indianwear-Women
15450,Juniper,Abstract round neck chiffon womens flared dress - peach,"Size:Large,X-Large,X-Small","Rs
3499",1924,45% off,Indianwear-Women
15451,Fusion beats,Womens round neck embroidered top - grey,"Size:Large,X-Large,XX-Large,XXX-Large",Nan,1699,No Discount,Indianwear-Women
15452,Amukti,Solid rayon womens kurta - cream,"Size:Medium,Small","Rs
999",499,50% off,Indianwear-Women
15453,Aurelia,Printed viscose round neck womens straight kurta - yellow,Size:Small,"Rs
1799",899,50% off,Indianwear-Women
15454,Amukti,Ankle length rayon womens kurta - grey,Size:XX-Large,"Rs
1599",799,50% off,Indianwear-Women
15455,Janasya,Womens rust art silk kurta with pant and dupatta (set224) - rust,Size:XXX-Large,"Rs
4299",1719,60% off,Indianwear-Women
15456,Janasya,Embroidered cotton flex round neck womens a-line top - blue,"Size:X-Small,XXX-Large","Rs
1798",809,55% off,Indianwear-Women
15457,Janasya,Weaved cotton womens kurta - black,Size:X-Small,"Rs
1899",664,65% off,Indianwear-Women
15458,Global desi,Floral v-neck womens gown - pink mix,"Size:XL,Medium,Small","Rs
2999",1949,35% off,Indianwear-Women
15459,Aurelia,Solid cotton womens ethnic set - navy,"Size:Small,X-Small",Nan,2599,No Discount,Indianwear-Women
15460,Aurelia,Printed polyester round neck womens flared kurta - yellow,"Size:Medium,X-Large,X-Small",Nan,2799,No Discount,Indianwear-Women
15461,Fusion beats,Womens mandarin neck perforated kurta - navy,"Size:Large,Medium,XXX-Large","Rs
2299",919,60% off,Indianwear-Women
15462,Indya,Ethnic viscose round neck womens regular tunic - maroon,"Size:Small,X-Small","Rs
2800",1400,50% off,Indianwear-Women
15463,Aurelia,Printed poly viscose womens ethnic set - blue,Size:Small,"Rs
3799",2659,30% off,Indianwear-Women
15464,Varanga,Wine zari and sequins work yoke straight kurta with 3/4th sleeves - purple,"Size:Large,XX-Large","Rs
2599",1039,60% off,Indianwear-Women
15465,Janasya,Floral round neck regular fit womens kurta - blue,"Size:Small,X-Small","Rs
1859",743,60% off,Indianwear-Women
15466,Janasya,Printed cotton flex round neck womens straight fit ethnic set - cream,"Size:XX-Large,XXX-Large","Rs
2298",919,60% off,Indianwear-Women
15467,Global desi,Floral three-quarter sleeves womens regular length jumpsuit - coral,"Size:Medium,X-Small","Rs
2399",1439,40% off,Indianwear-Women
15468,Amukti,Ankle length rayon womens kurta - orange,Size:X-Large,"Rs
1499",749,50% off,Indianwear-Women
15469,W,Print viscose womens skirt - yellow,Size:Medium,"Rs
3999",2399,40% off,Indianwear-Women
15470,W,Solid cotton lycra womens festive tights - peach,"Size:X-Large,XX-Large",Nan,799,No Discount,Indianwear-Women
15471,Janasya,Cotton slub womens top - maroon,"Size:Large,X-Small","Rs
1299",649,50% off,Indianwear-Women
15472,Global desi,Floral viscose round neck womens kurta - blue,"Size:Medium,Small,X-Small","Rs
1899",1139,40% off,Indianwear-Women
15473,Varanga,Womens round neck solid kurta set - grey,"Size:X-Large,XX-Large","Rs
3399",1699,50% off,Indianwear-Women
15474,Indya,Foil print ruhani silk key hole neck womens regular fit anarkali tunic - orange,Size:Small,"Rs
2400",1200,50% off,Indianwear-Women
15475,Indya,Black banarasi short kurti - black,"Size:Small,X-Small","Rs
1950",975,50% off,Indianwear-Women
15476,Janasya,Floral cotton round neck womens kurta palazzo set - grey,Size:X-Small,"Rs
2899",1014,65% off,Indianwear-Women
15477,Indya,Printed off shoulder georgette womens regular kurta - green,"Size:Medium,Small",Nan,2200,No Discount,Indianwear-Women
15478,Global desi,Floral cotton round neck womens casual wear suit - blue,"Size:XL,Medium,Small","Rs
5499",3574,35% off,Indianwear-Women
15479,Sanaa,Womens slub kurti - pink,Size:Large,Nan,1049,No Discount,Indianwear-Women
15480,Janasya,Womens black poly silk kurta (jne2266) - black,"Size:Medium,X-Small","Rs
1549",619,60% off,Indianwear-Women
15481,Stop,Womens embroidered calf length casual wear kurta - teal_green,"Size:S,M,X-Small","Rs
1299",649,50% off,Indianwear-Women
15482,Kashish,Womens mandarin collar embroidered kurta - lime green,Size:X-Small,Nan,2499,No Discount,Indianwear-Women
15483,Indya,Geometric collar neck cotton womens regular kurta - pink,Size:Small,Nan,1700,No Discount,Indianwear-Women
15484,Kami kubi,Geometric cotton mandarin neck womens calf length kurta - pink,"Size:Large,Medium,Small","Rs
1999",899,55% off,Indianwear-Women
15485,Kami kubi,Printed cotton mandarin womens regular fit kurta - grey,Size:Medium,"Rs
2299",1379,40% off,Indianwear-Women
15486,Yuris,Bandhni cotton round neck womens salwar suit - multi,"Size:Medium,Small","Rs
3299",1319,60% off,Indianwear-Women
15487,Indya,Printed cotton blend womens calf length kurta - yellow,Size:Small,Nan,2200,No Discount,Indianwear-Women
15488,Global desi,Geometric round neck straight womens kurta - aqua,"Size:Small,X-Small","Rs
1999",1199,40% off,Indianwear-Women
15489,Yuris,Floral cotton round neck womens kurta set - pink,"Size:XX-Large,XXX-Large","Rs
3999",1399,65% off,Indianwear-Women
15490,Yuris,Printed mandarin neck cotton womens kurta palazzo set - navy,"Size:Large,Medium,Small,X-Large,XX-Large,XXX-Large","Rs
2799",1119,60% off,Indianwear-Women
15491,Yuris,Floral round neck cotton womens regular fit midi dress - multi,"Size:Large,Small","Rs
1999",999,50% off,Indianwear-Women
15492,Yuris,Motif cotton mandarin womens regular kurta - multi,"Size:Medium,Small,XX-Large","Rs
1599",719,55% off,Indianwear-Women
15493,Yuris,Motif cotton round neck womens salwar suit - multi,Size:XX-Large,"Rs
2799",1259,55% off,Indianwear-Women
15494,Aurelia,Printed polyester round neck womens straight kurta - blue,Size:Small,"Rs
1199",599,50% off,Indianwear-Women
15495,Juniper,Womens maroon cotton embroidered tiered dress with poly crepe lining & dori - maroon,Size:X-Small,"Rs
3299",1319,60% off,Indianwear-Women
15496,Varanga,Womens khari printed panelled straight kurta with printed tape detailing on sleeves with lime color palazzo - lime green,"Size:Medium,Small","Rs
3199",1599,50% off,Indianwear-Women
15497,Juniper,Womens ivory net embellished flared lehenga choli with satin lining & cancan - ivory,"Size:Large,X-Large","Rs
4798",2399,50% off,Indianwear-Women
15498,Varanga,Round neck cotton blend womens indian wear sets - peacock,Size:Large,"Rs
3199",1599,50% off,Indianwear-Women
15499,Varanga,Mandarin collar womens kurta - taupe,Size:XX-Large,"Rs
1799",809,55% off,Indianwear-Women
15500,Ira soleil,Solid polyester round neck womens regular fit kurta - blue,Size:Large,Nan,2998,No Discount,Indianwear-Women
15501,Varanga,Gotta patti embellished cotton round neck womens regular fit kurta - mustard,"Size:Large,Small,XX-Large","Rs
2499",624,75% off,Indianwear-Women
15502,Ziyaa,Floral round neck rayon womens ethnic set - red,"Size:Large,Medium,Small,X-Large,XX-Large,XXX-Large","Rs
2507",1002,60% off,Indianwear-Women
15503,De moza,Relaxed fit regular length polyester womens festive skirt - navy,"Size:Medium,X-Large",Nan,2499,No Discount,Indianwear-Women
15504,Kashish,Embroidered viscose blend round neck womens straight fit kurta - grey,"Size:Large,Medium,Small,X-Large,X-Small,XX-Large,XXX-Large","Rs
1599",799,50% off,Indianwear-Women
15505,Juniper,Embroidered cotton mandarin womens straight kurta - white,"Size:Large,Medium,Small,X-Large","Rs
3599",1799,50% off,Indianwear-Women
15506,Janasya,Poly muslin womens kurta and pant set - pink,"Size:Large,Medium","Rs
3598",1799,50% off,Indianwear-Women
15507,Kami kubi,Solid round neck cotton womens flared ethnic dress - green,"Size:Large,Medium,Small,X-Small","Rs
1999",799,60% off,Indianwear-Women
15508,Kashish,Flared full length viscose blend womens festive skirt - off white,"Size:LARGE / XL,XS / SMALL","Rs
2499",1249,50% off,Indianwear-Women
15509,De moza,Solid rayon womens palazzo pants - black,"Size:Medium,Small,X-Large,XX-Large",Nan,1699,No Discount,Indianwear-Women
15510,Ziyaa,Printed round neck polyester womens ethnic set - grey,"Size:Large,Medium,Small,X-Large,XX-Large,XXX-Large","Rs
3039",1215,60% off,Indianwear-Women
15511,Crimsoune club,Printed lyocell mandarin womens kurta - pink,"Size:Large,Medium,Small,X-Large,XX-Large","Rs
1499",1049,30% off,Indianwear-Women
15512,Stop,Womens rayon round neck a-line kurta - mustard,"Size:S,M,L,X-Large,X-Small","Rs
999",499,50% off,Indianwear-Women
15513,Janasya,Checks round neck crepe womens calf length kurta - green,"Size:Large,Medium,Small,X-Large,X-Small,XX-Large,XXX-Large","Rs
1469",881,40% off,Indianwear-Women
15514,Haute curry,Embroidered rayon v-neck womens a-line assymetrical tunic - coral,"Size:Large,Medium,Small,X-Large,X-Small,XX-Large","Rs
899",449,50% off,Indianwear-Women
15515,Ritu kumar,Pique collar neck womens short top - multi,"Size:Large,Medium,Small",Nan,3900,No Discount,Indianwear-Women
15516,Ziyaa,Floral rayon v neck womens straight kurta - maroon,"Size:Large,Medium,Small,X-Large,XX-Large,XXX-Large","Rs
1627",650,60% off,Indianwear-Women
15517,Aarke,Printed mandarin cotton blend womens dress - pink,"Size:Medium,Small,X-Small",Nan,2900,No Discount,Indianwear-Women
15518,Neerus,Printed mulmul round neck womens a line kurta - off white,"Size:Large,Medium,X-Large,XX-Large","Rs
2299",1379,40% off,Indianwear-Women
15519,Ritu kumar,Viscose blend collar neck womens shirt blouse - brown,"Size:Large,Medium,X-Large",Nan,4400,No Discount,Indianwear-Women
15520,Suti,Printed cotton round neck womens ethnic set - cream,"Size:Large,Medium,Small,X-Large","Rs
4199",3359,20% off,Indianwear-Women
15521,Ziyaa,Printed round neck polyester womens ethnic set - green,"Size:Large,Medium,Small,X-Large,XX-Large,XXX-Large","Rs
2857",1142,60% off,Indianwear-Women
15522,Global desi,Floral cotton round neck womens straight top - yellow,"Size:XL,Large,Medium,Small,X-Small,XX-Large","Rs
1899",1519,20% off,Indianwear-Women
15523,Aurelia,Printed viscose round neck womens ethnic set - green,"Size:Large,Medium,Small,X-Large,X-Small,XX-Large","Rs
3999",2799,30% off,Indianwear-Women
15524,De moza,Solid skinny fit cotton womens leggings - ecru,"Size:Large,Medium,Small,X-Large,XXX-Large",Nan,449,No Discount,Indianwear-Women
15525,Janasya,Floral silk round neck womens kurta palazzo set with dupatta - mustard,"Size:Small,X-Small,XX-Large,XXX-Large","Rs
3098",1239,60% off,Indianwear-Women
15526,Stop,Womens solid calf length casual wear kurta - mustard,"Size:S,M,L,XL,X-Small,XX-Large","Rs
999",499,50% off,Indianwear-Women
15527,Ziyaa,Geometric crepe mandarin womens straight kurta - black,"Size:Large,Medium,Small,X-Large,XX-Large,XXX-Large","Rs
1750",700,60% off,Indianwear-Women
15528,Kashish,Womens art silk sleeveless straight fit choli - red,"Size:Large,Medium,Small,X-Large,X-Small,XX-Large","Rs
1499",749,50% off,Indianwear-Women
15529,Ziyaa,Floral polyester round neck womens ethnic set - pink,"Size:Large,Medium,Small,X-Large,XX-Large,XXX-Large","Rs
3068",1227,60% off,Indianwear-Women
15530,Fusion beats,Womens round neck slub top - sage,"Size:Large,Medium,Small,X-Large,XX-Large","Rs
1499",599,60% off,Indianwear-Women
15531,Global desi,Round neck straight women kurtas - indigo,"Size:XL,Large,Medium,Small,X-Small,XX-Large","Rs
2299",1839,20% off,Indianwear-Women
15532,Fusion beats,Womens round neck printed top - black,"Size:Large,Medium,X-Large,XX-Large","Rs
1999",799,60% off,Indianwear-Women
15533,Aurelia,Round neck straight designer womens kurtas - orange,"Size:Large,Medium,Small,X-Large,X-Small,XX-Large","Rs
1199",839,30% off,Indianwear-Women
15534,Ziyaa,Printed polyester halter neck womens kurta palazzo set - red,"Size:Large,Medium,Small,X-Large,XX-Large,XXX-Large","Rs
4043",1617,60% off,Indianwear-Women
15535,Ira soleil,Embellished skinny fit polyester womens festive wear pants - gold,"Size:Large,Medium,Small,X-Large,XX-Large",Nan,1999,No Discount,Indianwear-Women
15536,Varanga,Maroon and gold polka dot embroidered anarkali kurta with dori and tassel detailing - maroon,"Size:Large,Medium,Small,X-Large","Rs
3599",1439,60% off,Indianwear-Women
15537,Global desi,Round neck cotton women ethnic sets - off white,"Size:Large,Medium,Small,X-Small","Rs
5699",4559,20% off,Indianwear-Women
15538,Janasya,Floral cotton round neck womens kurta palazzo set with dupatta - off white,"Size:Small,X-Large,X-Small,XX-Large,XXX-Large","Rs
3489",1395,60% off,Indianwear-Women
15539,Aurelia,Dyed cotton womens ethnic set - yellow,"Size:Large,Medium,Small,X-Large,XX-Large","Rs
1999",1399,30% off,Indianwear-Women
15540,Aurelia,Printed cotton round neck womens flared dress - blue,"Size:Large,Medium,Small,X-Large,X-Small,XX-Large",Nan,2999,No Discount,Indianwear-Women
15541,Global desi,Floral round neck straight womens kurta - teal,"Size:Medium,Small,X-Small,XX-Large","Rs
2599",1559,40% off,Indianwear-Women
15542,Global desi,Floral polyester v- neck women regular tops - pink,"Size:Large,Medium,Small,X-Small","Rs
1599",1119,30% off,Indianwear-Women
15543,Indya,Embellished georgette scoop neck womens kurta - yellow,"Size:Large,Medium,Small,X-Large,X-Small,XX-Large","Rs
1950",1560,20% off,Indianwear-Women
15544,Aurelia,Printed rayon blend regular fit womens straight ethnic set - blue,"Size:Large,Medium,Small,X-Small",Nan,3999,No Discount,Indianwear-Women
15545,Fusion beats,Womens round neck striped kurta - blush,"Size:Large,Medium,Small,X-Large,XX-Large,XXX-Large","Rs
2299",919,60% off,Indianwear-Women
15546,Suti,Embroidered cotton round neck womens ethnic set - baby pink,"Size:Large,Medium,Small","Rs
2999",2399,20% off,Indianwear-Women
15547,Fusion beats,Womens mandarin collar slub kurta - grey,Size:Medium,"Rs
1899",719,62% off,Indianwear-Women
15548,De moza,Solid skinny fit cotton womens leggings - natural,"Size:4X-Large,Large,Medium,Small,X-Large",Nan,449,No Discount,Indianwear-Women
15549,Varanga,Womens v-neck solid kurta set - cream,"Size:Large,X-Large,XX-Large","Rs
2999",1649,45% off,Indianwear-Women
15550,Janasya,Womens blue cotton kurta with pant (set154) - blue,"Size:Large,Medium,Small,X-Large,X-Small,XX-Large","Rs
2949",1474,50% off,Indianwear-Women
15551,Global desi,Geometric half sleeves viscose womens full length jumpsuit - pink,"Size:Large,Medium,Small","Rs
3299",2639,20% off,Indianwear-Women
15552,De moza,Solid polyester womens regular length palazzo - gold,"Size:Large,Medium,Small,X-Large,XX-Large","Rs
799",479,40% off,Indianwear-Women
15553,Global desi,V- neck straight women kurtas - pink,"Size:XL,Large,Medium,Small,X-Small,XX-Large","Rs
2799",1819,35% off,Indianwear-Women
15554,Janasya,Floral round neck regular fit womens kurta - sea green,"Size:Large,Medium,Small,X-Large,X-Small,XX-Large,XXX-Large","Rs
1949",1169,40% off,Indianwear-Women
15555,Global desi,Solid viscose loose fit womens bottom - olive,"Size:XL,Large,Medium,Small,X-Small,XX-Large","Rs
2199",1099,50% off,Indianwear-Women
15556,Aurelia,Band with placket cotton womens calf length kurta - red,"Size:Large,Medium,Small,X-Large,X-Small,XX-Large","Rs
1799",1259,30% off,Indianwear-Women
15557,Janasya,Womens black rayon straight kurti (jne3557) - black,"Size:Large,Medium,Small,X-Large,XX-Large","Rs
1499",824,45% off,Indianwear-Women
15558,Janasya,Printed crepe round neck womens flared kurta - navy,"Size:Large,Medium,Small,X-Large,X-Small,XX-Large,XXX-Large","Rs
1339",736,45% off,Indianwear-Women
15559,De moza,Solid skinny fit cotton womens leggings - grey,"Size:Large,Medium,Small,X-Large,XX-Large",Nan,499,No Discount,Indianwear-Women
15560,Ziyaa,Stripes round neck polyester womens ethnic set - green,"Size:Large,Medium,Small,X-Large,XX-Large,XXX-Large","Rs
2848",1139,60% off,Indianwear-Women
15561,Global desi,Floral polyester regular fit womens saree - pink,"Size:Large,Medium,Small,X-Small",Nan,5499,No Discount,Indianwear-Women
15562,Global desi,Solid cotton v neck womens flared dress - coral,"Size:XL,Large,Medium,Small,X-Small,XX-Large","Rs
3099",2479,20% off,Indianwear-Women
15563,Ritu kumar,Round neck modal womens short dress - peach,"Size:Large,Medium,Small,X-Small",Nan,4200,No Discount,Indianwear-Women
15564,W,Printed rayon flax mandarin womens flared dress - red,"Size:6,8,10,12,14,16,18","Rs
1899",1424,25% off,Indianwear-Women
15565,Kami kubi,Floral mandarin neck cotton womens flared ethnic dress - yellow,"Size:Large,Medium,Small,X-Large","Rs
1999",799,60% off,Indianwear-Women
15566,Global desi,Geometric viscose v- neck women regular tops - rose,"Size:XL,Large,Medium,Small,X-Small,XX-Large","Rs
1399",979,30% off,Indianwear-Women
15567,Global desi,Printed cotton v neck womens ethnic set - pink,"Size:XL,Large,Medium,Small","Rs
5499",2749,50% off,Indianwear-Women
15568,Fusion beats,Womens round neck printed top - blue,Size:XX-Large,"Rs
999",899,10% off,Indianwear-Women
15569,Stop,Womens embroidered calf length casual wear kurta - ecru,"Size:S,M,L,XL,X-Small,XX-Large","Rs
1299",649,50% off,Indianwear-Women
15570,Ira soleil,Art silk full sleeves womens kurta - gold,"Size:Large,Medium,Small,X-Large,XX-Large",Nan,3248,No Discount,Indianwear-Women
15571,Yuris,Printed cotton mandarin neck regular fit womens kurta palazzo set - orange,"Size:Large,Medium,Small,X-Large,XX-Large","Rs
2499",1124,55% off,Indianwear-Women
15572,Myshka,Printed cotton womens dress - yellow,",Medium,Small,X-Large,XX-Large","Rs
2999",749,75% off,Indianwear-Women
15573,Global desi,Solid viscose v neck womens calf length kurta - indigo,"Size:XL,Large,Medium,Small,XX-Large","Rs
2999",1949,35% off,Indianwear-Women
15574,Global desi,Floral shirt collar straight womens kurta - mint,"Size:XL,Large,Medium,Small,X-Small","Rs
1999",799,60% off,Indianwear-Women
15575,Global desi,Flared fit regular length viscose womens festive wear skirt - pink mix,"Size:XL,Large,Medium,Small,X-Small","Rs
3399",1699,50% off,Indianwear-Women
15576,Global desi,Geometric viscose round neck womens straight top - natural,"Size:XL,Large,Medium,Small,X-Small","Rs
1499",749,50% off,Indianwear-Women
15577,Global desi,Printed viscose womens flared festive wear sharara - natural,"Size:XL,Large,Small","Rs
2999",1499,50% off,Indianwear-Women
15578,Haute curry,Womens regular fit printed tops - mustard,"Size:Large,Medium,Small,X-Large,X-Small,XX-Large,XXX-Large","Rs
799",399,50% off,Indianwear-Women
15579,Yuris,Printed cotton mandarin neck womens straight fit kurta - cream,"Size:Large,Medium,Small,X-Large,XX-Large,XXX-Large","Rs
1599",959,40% off,Indianwear-Women
15580,Global desi,Printed v-neck polyester womens calf length kurta - teal,"Size:XL,Large,Medium,Small,X-Small,XX-Large","Rs
1899",1519,20% off,Indianwear-Women
15581,Varanga,Womens maroon floral zari embroidery kurta with gota embellished palazzo - maroon,"Size:Large,Medium,Small,X-Large,XX-Large","Rs
2999",1499,50% off,Indianwear-Women
15582,Juniper,Womens green dull satin printed lehenga choli with satin lining - green,"Size:Large,Medium,X-Large,X-Small",Nan,3799,No Discount,Indianwear-Women
15583,Varanga,Viscose rayon womens ethnic palazzos - off white,"Size:Large,Medium,Small,X-Large,XX-Large","Rs
1999",899,55% off,Indianwear-Women
15584,Varanga,Sequins round neck womens kurta - maroon,"Size:Large,Medium,Small,X-Large,XX-Large","Rs
2599",1039,60% off,Indianwear-Women
15585,Ira soleil,Self design polyester womens lehenga choli set - green,"Size:Large,Medium,Small,X-Large",Nan,8999,No Discount,Indianwear-Women
15586,Ira soleil,Embellished polyester square neck womens crop length tunic - gold,"Size:Large,Medium,Small,X-Large",Nan,2299,No Discount,Indianwear-Women
15587,Varanga,Viscose rayon womens casual trousers - black,"Size:Medium,Small,XX-Large","Rs
1599",799,50% off,Indianwear-Women
15588,Varanga,Embroidered silk blend round neck womens ethnic set - maroon,"Size:Large,Medium,Small,X-Large,XX-Large",Nan,5299,No Discount,Indianwear-Women
15589,Varanga,Embroidered silk round neck womens regular fit kurta - burgundy,"Size:Medium,Small,XX-Large","Rs
3999",1599,60% off,Indianwear-Women
15590,Kashish,Embroidered round neck flared womens kurta - grey,"Size:Large,Medium,Small,X-Small","Rs
2299",1149,50% off,Indianwear-Women
15591,Varanga,Zari embroidered silk round neck womens regular fit kurta - green,"Size:Large,X-Large,XX-Large","Rs
3999",1399,65% off,Indianwear-Women
15592,Global desi,Solid viscose v-neck womens tunic - aqua,"Size:Large,Medium",Nan,1799,No Discount,Indianwear-Women
15593,Amukti,Ankle length rayon womens kurta - pink,Size:Large,"Rs
1599",799,50% off,Indianwear-Women
15594,Varanga,Womens round neck printed kurta - pale pink,"Size:X-Large,XX-Large","Rs
1799",989,45% off,Indianwear-Women
15595,Aurelia,Printed polyester round neck womens ethnic set - blue,Size:Medium,"Rs
4299",2149,50% off,Indianwear-Women
15596,Global desi,Ethnic motifs tassel cotton round neck womens straight fit kurta - pink,"Size:XL,Large,Medium,Small","Rs
3299",2309,30% off,Indianwear-Women
15597,Global desi,Solid key hole neck womens top - navy,Size:X-Small,"Rs
1599",959,40% off,Indianwear-Women
15598,Indya,Foil print georgette round neck womens regular tunic - blue,"Size:Small,X-Small","Rs
2850",1425,50% off,Indianwear-Women
15599,De moza,Solid skinny fit cotton womens leggings - light blue,"Size:Large,Medium,Small",Nan,499,No Discount,Indianwear-Women
15600,Ira soleil,Womens pink poly cotton cap sleeve printed kurta - pink,Size:Small,Nan,2499,No Discount,Indianwear-Women
15601,Indya,Embroidered georgette scoop neck womens regular top - purple,Size:X-Large,"Rs
1650",825,50% off,Indianwear-Women
15602,Janasya,Mandarin cotton flared designer womens dresses - black,"Size:Small,X-Small","Rs
2898",1014,65% off,Indianwear-Women
15603,Indya,Printed regular fit georgette womens sharara pants - purple,"Size:Medium,Small,X-Small",Nan,2100,No Discount,Indianwear-Women
15604,Indya,Reglar fit regular length georgette womens ethnic sari skirt - blue,"Size:Small,X-Small","Rs
3400",1700,50% off,Indianwear-Women
15605,W,Dyed cotton round neck womens straight kurta - blue,"Size:6,8,16,18",Nan,1799,No Discount,Indianwear-Women
15606,Global desi,Floral polyester round neck womens ethnic set - dark green,Size:XL,"Rs
5299",2649,50% off,Indianwear-Women
15607,Haute curry,Yarn dyed round neck cotton womens empire waist dress - red,"Size:Medium,Small,X-Small","Rs
1299",649,50% off,Indianwear-Women
15608,Yuris,Textured cotton collared neck womens straight fit kurta - green,Size:Large,"Rs
1499",674,55% off,Indianwear-Women
15609,W,Solid cotton lycra womens casual tights - orange,"Size:Large,Medium","Rs
799",599,25% off,Indianwear-Women
15610,Indya,Floral georgette regular fit womens sharara - blue,Size:Small,"Rs
2100",1050,50% off,Indianwear-Women
15611,Suti,Printed cotton round neck womens straight kurti - gold,"Size:Medium,Small,X-Large","Rs
1395",1116,20% off,Indianwear-Women
15612,W,Solid viscose regular fit womens casual slim pants - grey,"Size:6,8,12,14",Nan,1399,No Discount,Indianwear-Women
15613,Janasya,Floral cotton round neck womens ethnic set - green,"Size:Small,X-Small","Rs
2899",1014,65% off,Indianwear-Women
15614,Kami kubi,Floral viscose v-neck womens calf length kurta - blue,"Size:Large,Medium,X-Small","Rs
2999",1349,55% off,Indianwear-Women
15615,Ritu kumar,Round neck crepe womens short dress - multi,Size:X-Small,Nan,4600,No Discount,Indianwear-Women
15616,Biba,Yarn dyed narrow fit length cotton womens pants - navy,Size:Medium,Nan,1999,No Discount,Indianwear-Women
15617,Global desi,Womens regular fit geometric kurta - natural,"Size:XL,Large,XX-Large","Rs
2399",959,60% off,Indianwear-Women
15618,Yuris,Floral round neck regular fit womens kurta - multi,Size:Small,"Rs
2099",1049,50% off,Indianwear-Women
15619,Kami kubi,Block print cotton round neck womens straight kurta - black,Size:X-Small,"Rs
1999",899,55% off,Indianwear-Women
15620,W,Solid round neck chanderi womens kurta set - grey,Size:16,"Rs
7999",3999,50% off,Indianwear-Women
15621,Indya,Geometric cotton regular fit womens maxi dress - yellow,Size:Small,Nan,1850,No Discount,Indianwear-Women
15622,Global desi,Solid viscose round neck regular fit womens tunic - navy,Size:X-Small,"Rs
2199",1319,40% off,Indianwear-Women
15623,Yuris,Buttons round neck cotton womens kurta palazzo set - grey,"Size:X-Large,XX-Large","Rs
2899",1159,60% off,Indianwear-Women
15624,Yuris,Printed mandarin neck cotton womens kurta palazzo set - maroon,Size:Small,"Rs
3499",1399,60% off,Indianwear-Women
15625,Yuris,Printed mandarin neck cotton womens kurta palazzo set - natural,"Size:Large,Medium,Small","Rs
2499",1124,55% off,Indianwear-Women
15626,Indya,Pink foil sequined hem short tunic - pink,Size:X-Small,Nan,1750,No Discount,Indianwear-Women
15627,Aurelia,Solid viscose blend round neck womens above knee kurta - red,Size:X-Large,"Rs
1199",599,50% off,Indianwear-Women
15628,Varanga,Cotton womens ethnic palazzos - black,"Size:Medium,Small","Rs
2499",1124,55% off,Indianwear-Women
15629,Varanga,Printed cotton round neck womens ethnic set - purple,"Size:Small,X-Large,XX-Large",Nan,3799,No Discount,Indianwear-Women
15630,Varanga,Womens off white chanderi zari embroidery kurta trouser set with banarasi silk dupatta - off white,"Size:Medium,Small","Rs
5999",2999,50% off,Indianwear-Women
15631,Juniper,Printed rayon calf length womens a-line kurta - brown,Size:X-Small,"Rs
2098",734,65% off,Indianwear-Women
15632,Varanga,Embellished cotton round neck womens regular fit kurta - cream,"Size:Large,Small","Rs
1999",699,65% off,Indianwear-Women
15633,Varanga,Embellished silk round neck womens regular fit kurta - mustard,"Size:Small,XX-Large","Rs
2999",749,75% off,Indianwear-Women
15634,Haute curry,Printed ankle length casual wear shirt dress - coral,"Size:Small,X-Small","Rs
1499",749,50% off,Indianwear-Women
15635,Kami kubi,Embroidered viscose womens salwar kurta dupatta set - pink,"Size:Large,Medium","Rs
6999",2799,60% off,Indianwear-Women
15636,Global desi,Ankle length cotton womens trousers - white,"Size:XL,Large,Medium,Small,X-Small,XX-Large",Nan,1999,No Discount,Indianwear-Women
15637,W,Regular cotton flex woven designer womens pants - ecru,"Size:6,8,10,12,14,16,18",Nan,1199,No Discount,Indianwear-Women
15638,Janasya,Floral v neck regular fit womens kurta - blue,Size:Small,"Rs
1899",759,60% off,Indianwear-Women
15639,Ira soleil,Floral dupion womens casual skirt - white,"Size:Large,Medium,Small,X-Large",Nan,1999,No Discount,Indianwear-Women
15640,Indya,Solid regular fit georgette womens festive wear pants - pink,Size:Medium,"Rs
1800",900,50% off,Indianwear-Women
15641,Ziyaa,Solid round neck polyester womens salwar kurta and dupatta set - black,"Size:Large,Medium,Small,X-Large,XX-Large,XXX-Large","Rs
3781",1512,60% off,Indianwear-Women
15642,De moza,Jacquard boat neck polyester womens top - maroon,"Size:Large,Medium,Small,X-Large,XX-Large","Rs
1299",779,40% off,Indianwear-Women
15643,Neerus,Printed rayon mandarin womens ankle length kurta - grey,"Size:Large,Medium,X-Large,XX-Large",Nan,2499,No Discount,Indianwear-Women
15644,Aurelia,Printed cotton round neck womens flared dress - pink,"Size:Large,Medium,Small,X-Large,X-Small,XX-Large",Nan,2999,No Discount,Indianwear-Women
15645,Indya,Embroidered square neck georgette womens regular top - purple,Size:XX-Large,"Rs
1200",600,50% off,Indianwear-Women
15646,Aurelia,Printed viscose womens straight kurta - green,"Size:Medium,X-Small",Nan,1399,No Discount,Indianwear-Women
15647,Ziyaa,Floral rayon round neck womens straight kurta - grey,"Size:Large,Medium,Small,X-Large,XX-Large,XXX-Large","Rs
1797",808,55% off,Indianwear-Women
15648,W,Solid regular fit regular length poly viscose womens pants - natural,"Size:8,10",Nan,1499,No Discount,Indianwear-Women
15649,Janasya,Printed rayon round neck womens kurta palazzo set - maroon,"Size:Large,Medium,Small,X-Large,X-Small,XX-Large,XXX-Large","Rs
3069",1227,60% off,Indianwear-Women
15650,Aurelia,Mandarin straight designer womens kurtas - mustard,"Size:Large,Medium,Small,X-Large,XX-Large",Nan,1599,No Discount,Indianwear-Women
15651,Ziyaa,Floral polyester mandarin womens straight kurta - pink,"Size:Large,Medium,Small,X-Large,XX-Large,XXX-Large","Rs
1674",669,60% off,Indianwear-Women
15652,Fusion beats,Womens round neck solid kurta - black,"Size:Large,Medium,Small,X-Large","Rs
1699",679,60% off,Indianwear-Women
15653,Indya,Embroidered square neck regular fit womens top - purple,"Size:Large,Medium,Small,X-Large,X-Small,XX-Large",Nan,1600,No Discount,Indianwear-Women
15654,W,Solid viscose v neck womens kurta - light brown,"Size:6,8,10,12,14,16,18",Nan,2799,No Discount,Indianwear-Women
15655,Indya,Embellished one shoulder regular fit womens kurta - maroon,"Size:Medium,Small,X-Large",Nan,3500,No Discount,Indianwear-Women
15656,De moza,Relaxed fit regular length polyester womens festive skirt - peacock,"Size:Medium,X-Large",Nan,2499,No Discount,Indianwear-Women
15657,W,Printed cotton round neck womens calf length kurta - blue,"Size:8,10,16,18",Nan,1999,No Discount,Indianwear-Women
15658,W,Printed regular fit viscose womens festive wear pants - green,"Size:6,8,10,12,14,16","Rs
1899",1424,25% off,Indianwear-Women
15659,Ziyaa,Floral polyester off shoulder womens ethnic set - red,"Size:Large,Medium,Small,X-Large,XX-Large,XXX-Large","Rs
4767",1906,60% off,Indianwear-Women
15660,Global desi,Geometric viscose square neck womens flared kurta - off white,"Size:XL,Large,Medium,Small,X-Small,XX-Large","Rs
2699",2159,20% off,Indianwear-Women
15661,De moza,Solid skinny fit cotton womens leggings - ecru,"Size:Large,Medium,Small,X-Large,XX-Large",Nan,499,No Discount,Indianwear-Women
15662,Yuris,Geometric cotton round neck womens a-line kurta - multi,Size:Small,"Rs
1599",639,60% off,Indianwear-Women
15663,Janasya,Solid pure cotton womens palazzo pants - red,Size:X-Small,"Rs
1499",674,55% off,Indianwear-Women
15664,Global desi,Printed viscose round neck womens regular kurta - purple,"Size:XL,Large,Medium,Small,X-Small","Rs
4699",3759,20% off,Indianwear-Women
15665,Indya,Geometric cotton regular fit womens a-line dress - blue,Size:Small,Nan,1950,No Discount,Indianwear-Women
15666,Varanga,Womens key hole neck solid dresses - green,"Size:Medium,Small,X-Large,XX-Large","Rs
3399",1699,50% off,Indianwear-Women
15667,Global desi,Solid v-neck womens kurta - rose,"Size:XL,Small","Rs
2399",1439,40% off,Indianwear-Women
15668,Global desi,Solid viscose tapered fit womens formal wear pants - navy,"Size:XL,Large,Medium,Small,X-Small,XX-Large",Nan,1399,No Discount,Indianwear-Women
15669,Aurelia,Printed viscose round neck womens straight kurta - peach,"Size:Large,Medium,Small,X-Large,X-Small",Nan,1599,No Discount,Indianwear-Women
15670,Janasya,Womens turquoise blue poly crepe kurta (jne3384) - blue,Size:Small,"Rs
1199",479,60% off,Indianwear-Women
15671,De moza,Printed rayon comfort fit womens culottes - white,"Size:Large,Medium,Small",Nan,1299,No Discount,Indianwear-Women
15672,Ira soleil,Regular fit full length polyester womens leggings - gold,"Size:Large,Medium,Small,X-Large,X-Small,XX-Large",Nan,875,No Discount,Indianwear-Women
15673,Janasya,Floral crepe round neck womens salwar suit - peacock,"Size:Large,Medium,X-Large,X-Small,XX-Large","Rs
2699",1484,45% off,Indianwear-Women
15674,Ziyaa,Printed rayon round neck womens straight kurta - navy,Size:XXX-Large,"Rs
2077",830,60% off,Indianwear-Women
15675,Janasya,Printed polyester round neck womens straight fit kurta palazzo set - off white,"Size:Large,Medium,Small,X-Large,X-Small,XX-Large,XXX-Large","Rs
4598",2299,50% off,Indianwear-Women
15676,Aurelia,Printed viscose womens festive culottes - peach,"Size:Large,Medium,Small,X-Large,XX-Large","Rs
1499",1049,30% off,Indianwear-Women
15677,W,Solid cotton flex regular fit womens slim pants - blue,"Size:6,10,12,18",Nan,1099,No Discount,Indianwear-Women
15678,Suti,Printed silk round neck womens ethnic set - red,"Size:Large,Medium,X-Large","Rs
5499",4399,20% off,Indianwear-Women
15679,Aarke,Printed square neck cotton blend womens dress - red,"Size:Large,Medium,Small,X-Small",Nan,2900,No Discount,Indianwear-Women
15680,Janasya,Womens yellow cotton kurta with palazzo (set228) - yellow,Size:Medium,"Rs
2399",1199,50% off,Indianwear-Women
15681,Janasya,Printed cotton collared neck womens straight fit ethnic set - grey,"Size:Large,Small,X-Large,XX-Large","Rs
2219",998,55% off,Indianwear-Women
15682,Global desi,Floral shirt collar womens kurta - blue,"Size:XL,Large,Medium,Small,X-Small","Rs
2199",879,60% off,Indianwear-Women
15683,Janasya,Poly muslin womens kurta with palazzo and dupatta set - rust,"Size:Large,Medium","Rs
4398",1759,60% off,Indianwear-Women
15684,De moza,Womens shimmer leggings - gold,Size:XX-Large,Nan,699,No Discount,Indianwear-Women
15685,Ziyaa,Floral round neck polyester womens ethnic set - blue,"Size:Large,Medium,Small,X-Large,XX-Large,XXX-Large","Rs
1991",895,55% off,Indianwear-Women
15686,Ziyaa,Floral round neck rayon womens ethnic set - yellow,"Size:Large,Medium,Small,X-Large,XX-Large,XXX-Large","Rs
2333",933,60% off,Indianwear-Women
15687,Fusion beats,Womens round neck printed kurta - red,"Size:Large,Medium,Small","Rs
1599",559,65% off,Indianwear-Women
15688,Aurelia,Dyed cotton round neck womens ethnic set - pink,"Size:Large,Medium,Small,X-Large,X-Small,XX-Large",Nan,1799,No Discount,Indianwear-Women
15689,Global desi,Womens cotton v-neck kurta - navy,Size:XL,"Rs
2599",1559,40% off,Indianwear-Women
15690,Janasya,Solid crepe round neck womens kurta palazzo set with dupatta - peach,"Size:Large,X-Large,XX-Large,XXX-Large","Rs
2729",1364,50% off,Indianwear-Women
15691,Janasya,Printed polyester round neck womens straight fit kurta palazzo set - off white,"Size:Large,Small,X-Small","Rs
3998",1999,50% off,Indianwear-Women
15692,Indya,Green strappy floral layered tunic - green,Size:X-Large,"Rs
2950",1475,50% off,Indianwear-Women
15693,Aurelia,Printed polyester regular fit womens festive culottes - pink,"Size:Large,Medium,Small,X-Large,XX-Large",Nan,1499,No Discount,Indianwear-Women
15694,W,Printed cotton round neck womens flared kurta - black,"Size:6,8,10,12,14,16,18",Nan,2799,No Discount,Indianwear-Women
15695,Fusion beats,Womens round neck solid top - brown,"Size:Large,Small,X-Large","Rs
1499",449,70% off,Indianwear-Women
15696,Janasya,Womens pink poly crepe kurta (jne3288) - pink,"Size:Small,XXX-Large","Rs
1899",664,65% off,Indianwear-Women
15697,De moza,Solid regular fit silk womens festive wear pants - natural,"Size:Large,Medium,Small,X-Large,XX-Large","Rs
999",599,40% off,Indianwear-Women
15698,W,Printed viscose round neck womens a line kurta - ecru,Size:10,"Rs
2799",1399,50% off,Indianwear-Women
15699,W,Printed rayon collar neck womens flared dress - ecru,"Size:6,8,10,12,14,16,18","Rs
2999",2249,25% off,Indianwear-Women
15700,Indya,Printed viscose v-neck womens a-line tunic - blue,"Size:Medium,Small,X-Small","Rs
2850",1425,50% off,Indianwear-Women
15701,Ziyaa,Geometric rayon round neck womens straight kurta - peacock,"Size:Large,Medium,Small,X-Large,XX-Large,XXX-Large","Rs
1822",728,60% off,Indianwear-Women
15702,Aurelia,Dyed viscose round neck womens ethnic set - pink,Size:Large,"Rs
3999",1999,50% off,Indianwear-Women
15703,Global desi,Printed viscose round neck womens regular kurta - mid blue,"Size:XL,Large,Medium,Small,X-Small,XX-Large","Rs
2999",2099,30% off,Indianwear-Women
15704,W,Solid viscose round neck womens straight kurta - blue,"Size:6,8,10,12,16","Rs
3599",2699,25% off,Indianwear-Women
15705,Global desi,Geometric viscose tie up neck� womens tunic - yellow,"Size:XL,Large,Medium,Small,X-Small","Rs
1999",999,50% off,Indianwear-Women
15706,Aurelia,Printed v-neck cotton womens knee length kurta - brown,"Size:Large,Medium,Small","Rs
1599",1119,30% off,Indianwear-Women
15707,Indya,Geometric viscose womens calf length kurta - yellow,"Size:Medium,Small,X-Small",Nan,1950,No Discount,Indianwear-Women
15708,Fusion beats,Womens tie up neck printed top - black,"Size:Medium,Small,X-Large","Rs
1799",719,60% off,Indianwear-Women
15709,Indya,Floral one shoulder georgette womens regular dress - indigo,"Size:Medium,Small","Rs
2300",1150,50% off,Indianwear-Women
15710,Indya,Embellished round neck viscose blend womens regular kurta - yellow,Size:Small,Nan,2600,No Discount,Indianwear-Women
15711,Janasya,Floral cotton round neck womens ethnic set - pink,"Size:Small,X-Small","Rs
2899",1014,65% off,Indianwear-Women
15712,Aurelia,Printed georgette regular fit womens casual culottes - yellow,"Size:Large,Medium,Small,X-Large,XX-Large",Nan,1999,No Discount,Indianwear-Women
15713,W,Printed cotton round neck womens kurta - black,"Size:6,8,10,12,14,16,18",Nan,2799,No Discount,Indianwear-Women
15714,Aurelia,Round neck straight designer womens kurtas - black,"Size:Large,X-Large,XX-Large",Nan,1399,No Discount,Indianwear-Women
15715,Fusion beats,Womens v neck printed kurta - yellow,"Size:Large,Medium,Small,X-Large,XX-Large","Rs
1499",559,63% off,Indianwear-Women
15716,Indya,Solid silk womens regular length pants - navy,"Size:Large,Medium,Small,X-Large,X-Small,XX-Large",Nan,1600,No Discount,Indianwear-Women
15717,Janasya,Womens grey poly silk kurta with palazzo and dupatta (j0004) - multi,"Size:Large,Medium,Small,X-Large,X-Small,XXX-Large","Rs
3799",2089,45% off,Indianwear-Women
15718,Ritu kumar,Round neck crepe womens short dress - multi,"Size:Large,Medium,X-Small",Nan,4900,No Discount,Indianwear-Women
15719,De moza,Solid skinny fit viscose womens leggings - ltgrey,"Size:4X-Large,Large,Medium,Small,X-Large,XX-Large,XXX-Large",Nan,599,No Discount,Indianwear-Women
15720,W,Dyed cotton viscose mandarin neck womens straight fit kurta - grey,Size:6,Nan,1799,No Discount,Indianwear-Women
15721,Aurelia,Printed viscose round neck womens kurta set - green,"Size:Large,Medium,Small,X-Large,X-Small,XX-Large","Rs
2499",1749,30% off,Indianwear-Women
15722,Zink london,Solid polyester womens crop length flared palazzo - maroon,"Size:Large,Medium,Small,X-Large","Rs
1899",1519,20% off,Indianwear-Women
15723,Stop,Womens yarn dyed calf length casual wear kurta - teal_green,"Size:S,M,L,XL,X-Small","Rs
1299",649,50% off,Indianwear-Women
15724,Janasya,Poly crepe womens kurta - green,"Size:Large,Medium,Small,X-Large","Rs
1399",699,50% off,Indianwear-Women
15725,Global desi,Solid viscose crew neck womens top - aqua,"Size:XL,Large,Medium,Small,X-Small","Rs
1899",1234,35% off,Indianwear-Women
15726,Global desi,Floral viscose v-neck regular fit womens kurta churidar set - black,Size:Large,"Rs
2599",1299,50% off,Indianwear-Women
15727,De moza,Embroidered cotton regular fit womens palazzos - natural,"Size:Large,Medium,Small,X-Large,XX-Large","Rs
1499",899,40% off,Indianwear-Women
15728,W,Printed viscose round neck womens kurta - rust,"Size:6,8,10,12,14,16,18",Nan,1999,No Discount,Indianwear-Women
15729,Indya,Beige rose belted peplum layered tunic - natural,"Size:Large,Small,X-Large,X-Small","Rs
3200",1600,50% off,Indianwear-Women
15730,Aurelia,Printed viscose mandarin womens straight kurta - blue,Size:Medium,Nan,1399,No Discount,Indianwear-Women
15731,Myshka,Solid cotton womens trousers - maroon,",Medium,Small,X-Large,XX-Large","Rs
1999",699,65% off,Indianwear-Women
15732,Janasya,Womens pink poly crepe kurta (jne3425) - pink,"Size:Large,Medium,Small,X-Small","Rs
1549",619,60% off,Indianwear-Women
15733,Aurelia,Solid cotton lycra womens casual tights - purple,"Size:Large,Medium,Small,X-Large,XX-Large",Nan,599,No Discount,Indianwear-Women
15734,Global desi,Abstract keyhole neck womens gown - mustard,"Size:XL,Large,Medium,Small,X-Small","Rs
1799",899,50% off,Indianwear-Women
15735,Global desi,Solid regular fit regular length cotton womens trousers - white,"Size:XL,Large,Medium,XX-Large","Rs
2799",2239,20% off,Indianwear-Women
15736,Ziyaa,Printed georgette round neck womens straight kurta - black,"Size:Large,Medium,Small,X-Large,XX-Large,XXX-Large","Rs
2118",847,60% off,Indianwear-Women
15737,Global desi,Jacquard polyester collar neck womens knee length kurta - teal,"Size:Large,Medium,Small,X-Small,XX-Large","Rs
2799",1399,50% off,Indianwear-Women
15738,Stop,Solid flared fit flex womens casual wear palazzo - grey,"Size:Large/X-Large,Small/Medium,XX-Large/XXX-Large",Nan,799,No Discount,Indianwear-Women
15739,Fusion beats,Womens square neck printed top - black,"Size:Large,Medium,Small,X-Large,XX-Large","Rs
1199",479,60% off,Indianwear-Women
15740,Neerus,Printed rayon blend round neck womens calf length kurta - green,Size:Small,"Rs
2499",1249,50% off,Indianwear-Women
15741,Faballey,Animal print strappy polyester womens midi dress - brown,"Size:Large,Medium,Small,X-Large,X-Small","Rs
1950",975,50% off,Indianwear-Women
15742,Ziyaa,Floral round neck polyester womens salwar kurta and dupatta set - grey,"Size:Large,Medium,Small,X-Large,XX-Large,XXX-Large","Rs
4353",1741,60% off,Indianwear-Women
15743,Global desi,Floral tie up neck womens kurta - aqua,"Size:Large,Medium,Small,X-Small","Rs
1999",1299,35% off,Indianwear-Women
15744,Global desi,Geometric viscose round neck womens ankle length kurta - white,"Size:XL,Large,Medium,Small,X-Small","Rs
1899",1329,30% off,Indianwear-Women
15745,Aurelia,Printed polyester regular fit womens kurti set - red,"Size:Large,Medium,Small,X-Large,X-Small,XX-Large",Nan,3599,No Discount,Indianwear-Women
15746,Indya,Geometric viscose round neck womens kurta - green,"Size:Large,Medium,Small,X-Large,X-Small,XX-Large","Rs
2200",1760,20% off,Indianwear-Women
15747,Janasya,Womens mustard poly crepe kurta (jne3376) - yellow,"Size:Medium,X-Large,X-Small","Rs
1399",629,55% off,Indianwear-Women
15748,De moza,Printed cotton comfort fit womens culottes - indigo,"Size:Large,Medium,Small,X-Large",Nan,1299,No Discount,Indianwear-Women
15749,Yuris,Floral cotton mandarin neck regular fit womens kurta palazzo set - pink,Size:Small,"Rs
2799",1259,55% off,Indianwear-Women
15750,Ziyaa,Stripes round neck polyester womens salwar kurta and dupatta set - blue,"Size:Large,Medium,Small,X-Large,XX-Large,XXX-Large","Rs
2885",1298,55% off,Indianwear-Women
15751,Indya,Reglar fit regular length georgette womens ethnic sari skirt - purple,Size:Small,"Rs
3200",1600,50% off,Indianwear-Women
15752,Fusion beats,Womens v neck printed top - brown,"Size:Large,X-Large","Rs
1499",599,60% off,Indianwear-Women
15753,Infuse,Solid flex mandarin neck womens straight fit kurta - pink,"Size:Large,Medium,Small,X-Large,X-Small,XX-Large","Rs
899",449,50% off,Indianwear-Women
15754,Yuris,Gotta patti boat neck cotton womens kurta palazzo set - multi,"Size:Large,Medium,Small,X-Large,XX-Large,XXX-Large","Rs
3499",1399,60% off,Indianwear-Women
15755,Janasya,Womens pink cotton kurta (jne3405) - pink,"Size:Large,Medium,Small,X-Large,X-Small,XX-Large,XXX-Large","Rs
1199",659,45% off,Indianwear-Women
15756,Kami kubi,Solid silk blend v neck womens straight kurta - natural,"Size:Large,Medium,X-Small","Rs
2299",919,60% off,Indianwear-Women
15757,Global desi,Jacquard polyester round neck womens blouson top - pink,"Size:Large,Small,X-Small","Rs
1899",1519,20% off,Indianwear-Women
15758,Global desi,Printed viscose round neck womens regular kurta - red,"Size:XL,Large,Medium,Small,XX-Large","Rs
2799",1959,30% off,Indianwear-Women
15759,Aurelia,Printed viscose blend round neck womens knee length kurta - green,"Size:Large,Medium,X-Small",Nan,1299,No Discount,Indianwear-Women
15760,Aurelia,Printed polyester round neck womens calf length kurta - blue,"Size:Large,Medium,Small,X-Large,X-Small,XX-Large",Nan,1999,No Discount,Indianwear-Women
15761,Yuris,Printed v-neck cotton womens kurta palazzo set - yellow,"Size:Large,Small","Rs
2499",1124,55% off,Indianwear-Women
15762,Yuris,Printed mandarin neck cotton womens kurta palazzo set - red,"Size:Small,XXX-Large","Rs
3999",1399,65% off,Indianwear-Women
15763,Yuris,Quirky cotton round neck womens kurta set - maroon,Size:Small,"Rs
3999",1399,65% off,Indianwear-Women
15764,Yuris,Ethnic motifs cotton round neck womens kurta set - dark green,"Size:Small,XX-Large,XXX-Large","Rs
3999",1599,60% off,Indianwear-Women
15765,Global desi,Floral cotton round neck womens regular kurta - pink,"Size:Small,X-Small","Rs
1999",1399,30% off,Indianwear-Women
15766,Varanga,Embroidered round neck silk blend womens ethnic set - red,"Size:Large,Medium,Small,X-Large,XX-Large","Rs
4999",1999,60% off,Indianwear-Women
15767,Stop,Printed rayon round neck womens calf length kurta - peach,"Size:S,M,L,X-Large,X-Small,XX-Large",Nan,1199,No Discount,Indianwear-Women
15768,Varanga,Round neck straight designer womens kurtas - navy,"Size:Large,Medium,Small,X-Large,XX-Large","Rs
3499",1224,65% off,Indianwear-Women
15769,Varanga,Mandarin collar art silk womens indian wear sets - maroon,"Size:Large,Medium,Small,XX-Large","Rs
3999",1799,55% off,Indianwear-Women
15770,Varanga,Cotton womens ethnic palazzos - natural,"Size:Medium,Small","Rs
1999",899,55% off,Indianwear-Women
15771,Varanga,Embroidered silk round neck womens regular fit kurta - mustard,Size:Large,"Rs
4999",1749,65% off,Indianwear-Women
15772,Varanga,Printed silk v-neck womens regular fit kurta - mustard,"Size:Small,XX-Large","Rs
2799",979,65% off,Indianwear-Women
15773,Varanga,Zari round neck silk blend designer womens ethnic set - rust,"Size:Large,Medium,X-Large,XX-Large","Rs
5999",2099,65% off,Indianwear-Women
15774,Varanga,Embroidered silk mandarin neck womens regular fit kurta - burgundy,"Size:Small,XX-Large","Rs
3599",1259,65% off,Indianwear-Women
15775,Varanga,Silk mandarin collar womens kurta - blue,"Size:Large,Medium,Small,X-Large,XX-Large","Rs
3499",1399,60% off,Indianwear-Women
15776,Varanga,Viscose rayon womens casual trousers - fuchsia,"Size:Large,Medium,Small,X-Large,XX-Large","Rs
1399",769,45% off,Indianwear-Women
15777,Varanga,Round neck womens top - off white,Size:X-Large,"Rs
1399",559,60% off,Indianwear-Women
15778,Varanga,Womens maroon gota embellishment anarkali kurta with gota embellishment dupatta - maroon,"Size:Large,Medium,Small,X-Large,XX-Large","Rs
4399",1979,55% off,Indianwear-Women
15779,Kashish,Embroidered round neck a-line womens kurta - peach,"Size:Large,Medium,Small,X-Large,X-Small,XX-Large","Rs
1999",999,50% off,Indianwear-Women
15780,Varanga,Womens rust and mustard printed flared long skirt with gotta detailing at hemline - rust,"Size:Large,Medium,Small,X-Large,XX-Large","Rs
1999",999,50% off,Indianwear-Women
15781,De moza,Womens round neck self printed crop top - gold,Size:Medium,Nan,999,No Discount,Indianwear-Women
15782,Varanga,Mandarin collar womens kurta - black,"Size:Large,Medium,Small","Rs
2899",1159,60% off,Indianwear-Women
15783,Varanga,Printed cotton round neck womens regular fit kurta - peach,Size:Small,"Rs
2799",699,75% off,Indianwear-Women
15784,Juniper,Womens coral rayon slub solid asymmetric kurta with printed palazzo & scarf - coral,"Size:Large,Medium,Small,X-Large,XX-Large","Rs
2999",1499,50% off,Indianwear-Women
15785,Varanga,Dyed cotton round neck womens ethnic set - peach,"Size:Large,Medium,Small,X-Large,XX-Large","Rs
5999",2099,65% off,Indianwear-Women
15786,Fusion beats,Womens mandarin collar embroidered kurta - natural,"Size:Large,Medium,Small,X-Large,XX-Large","Rs
1799",679,62% off,Indianwear-Women
15787,Varanga,Printed cotton scoop neck womens ethnic set - peach,"Size:Large,Medium,Small,X-Small",Nan,6999,No Discount,Indianwear-Women
15788,Varanga,Solid silk blend round neck womens straight fit ethnic set - olive,"Size:Small,X-Large,XX-Large","Rs
5999",2099,65% off,Indianwear-Women
15789,Varanga,Boat neck womens kurta - grey,Size:Small,"Rs
1499",899,40% off,Indianwear-Women
15790,Juniper,Womens beige chanderi silk gold foil print anarkali 2 piece kurta with poly crepe lining - natural,"Size:Large,Medium,Small,X-Large,XX-Large","Rs
2999",1799,40% off,Indianwear-Women
15791,De moza,Solid polyester womens crop top - navy,Size:XX-Large,"Rs
999",599,40% off,Indianwear-Women
15792,Amukti,Womens pink flower printed kurta - pink,Size:Small,"Rs
1299",649,50% off,Indianwear-Women
15793,Janasya,Solid rayon mandarin womens salwar suit - peacock,Size:XXX-Large,"Rs
3599",1799,50% off,Indianwear-Women
15794,Global desi,Floral viscose v-neck regular fit womens kurta - black,Size:Small,"Rs
2799",1399,50% off,Indianwear-Women
15795,W,Solid regular fit viscose womens festive pants - navy,Size:16,"Rs
1299",779,40% off,Indianwear-Women
15796,Janasya,Embroidered round neck cotton flex womens flared ethnic dress - peach,Size:X-Small,"Rs
2298",804,65% off,Indianwear-Women
15797,W,Solid viscose round neck womens calf length kurta - pink,"Size:8,10","Rs
1799",899,50% off,Indianwear-Women
15798,W,Printed viscose mandarin neck womens straight fit kurta - green,Size:16,"Rs
1899",1139,40% off,Indianwear-Women
15799,Indya,Womens surplice neck polka dot jumpsuit - maroon,Size:X-Small,"Rs
2400",1200,50% off,Indianwear-Women
15800,Myshka,Printed v neck womens kurti - burgundy,Size:XX-Large,"Rs
4999",1249,75% off,Indianwear-Women
15801,Neerus,Solid round neck slub rayon womens straight kurta - natural,"Size:Large,XX-Large","Rs
1899",1519,20% off,Indianwear-Women
15802,Yuris,Printed round neck cotton womens kurta palazzo set - navy,"Size:Medium,Small","Rs
3499",1399,60% off,Indianwear-Women
15803,Janasya,Floral rayon round neck womens kurta palazzo set with dupatta - maroon,"Size:XX-Large,XXX-Large","Rs
3499",1924,45% off,Indianwear-Women
15804,Janasya,Womens indigo cotton kurta (j0097) - indigo,Size:X-Small,"Rs
1799",899,50% off,Indianwear-Women
15805,Janasya,Printed crepe round neck womens straight fit kurta - green,"Size:Medium,Small,XXX-Large","Rs
1469",734,50% off,Indianwear-Women
15806,Global desi,Womens floral a-line kurta - red,"Size:Medium,Small,X-Small","Rs
1999",799,60% off,Indianwear-Women
15807,Global desi,Solid cotton round neck women a line tops - white,"Size:Small,X-Small","Rs
2099",1469,30% off,Indianwear-Women
15808,Global desi,Floral viscose v-neck womens flared top - blue,"Size:Small,X-Small","Rs
1599",959,40% off,Indianwear-Women
15809,Indya,Foil print georgette v-neck womens regular tunic - natural,Size:Medium,"Rs
1950",975,50% off,Indianwear-Women
15810,Suti,Printed rayon round neck womens a line kurti - pistachio,"Size:Medium,Small","Rs
2945",2356,20% off,Indianwear-Women
15811,Indya,Dusty pink foil crop top with attached dupatta - pink,"Size:Large,X-Small,XX-Large","Rs
1700",850,50% off,Indianwear-Women
15812,Global desi,Floral v-neck womens top - blue,"Size:Medium,Small,X-Small","Rs
1499",749,50% off,Indianwear-Women
15813,Indya,V- neck regular designer womens tunic - pink,Size:Small,Nan,2800,No Discount,Indianwear-Women
15814,Indya,Wine foil high low flare double layer tunic - purple,Size:X-Small,"Rs
3400",1700,50% off,Indianwear-Women
15815,Global desi,Solid viscose shirt collar womens straight top - burnt orange,Size:X-Small,"Rs
1599",959,40% off,Indianwear-Women
15816,Aurelia,Printed viscose round neck womens above knee kurta - red,Size:Medium,"Rs
1399",699,50% off,Indianwear-Women
15817,Aurelia,Dyed polyester round neck womens ethnic set - white,Size:Small,"Rs
3999",1999,50% off,Indianwear-Women
15818,Aarke,Printed polyester blend v neck womens short top - yellow,"Size:Medium,Small",Nan,1900,No Discount,Indianwear-Women
15819,Aurelia,Dyed viscose round neck womens above knee kurta - white,Size:XX-Large,"Rs
1199",599,50% off,Indianwear-Women
15820,Aurelia,Regular fit regular length womens festive wear skirt - white,Size:Large,"Rs
2299",1379,40% off,Indianwear-Women
15821,Faballey,Solid round neck cotton spandex womens midi dress - maroon,Size:Small,"Rs
1700",850,50% off,Indianwear-Women
15822,Janasya,Womens turquoise blue poly crepe kurta with pant and dupatta (set058) - blue,"Size:Small,X-Small","Rs
3299",1484,55% off,Indianwear-Women
15823,Indya,Embroidered georgette v-neck womens flared tunic - grey,Size:Large,"Rs
3400",1700,50% off,Indianwear-Women
15824,Aurelia,Solid cotton blend womens casual tights - green,"Size:Large,Medium,Small,X-Large",Nan,599,No Discount,Indianwear-Women
15825,Yuris,Floral cotton mandarin neck womens a-line kurta - white,Size:Small,"Rs
1999",699,65% off,Indianwear-Women
15826,Yuris,Floral cotton boat neck regular fit womens kurta palazzo set - brown,"Size:Medium,Small","Rs
2799",1119,60% off,Indianwear-Women
15827,Global desi,Geometric polyester round neck womens straight kurta - rust,"Size:Large,Medium,Small","Rs
2999",1499,50% off,Indianwear-Women
15828,Varanga,Round neck womens top - off white,Size:Large,"Rs
1399",629,55% off,Indianwear-Women
15829,Varanga,Maxi viscose rayon womens ethnic skirt - green,Size:XX-Large,"Rs
2599",1299,50% off,Indianwear-Women
15830,Stop,Yarn dyed mandarin collar a-line womens kurta - black,"Size:S,M,X-Small","Rs
999",499,50% off,Indianwear-Women
15831,Varanga,Printed cotton v-neck womens straight fit ethnic set - turquoise,"Size:X-Large,XX-Large","Rs
4599",1609,65% off,Indianwear-Women
15832,Ziyaa,Printed collar neck rayon womens ethnic set - pink,"Size:Large,Medium,Small,X-Large,XX-Large,XXX-Large","Rs
2803",1121,60% off,Indianwear-Women
15833,Ziyaa,Solid rayon mandarin womens straight kurta - grey,"Size:Large,Medium,Small,X-Large,XX-Large,XXX-Large","Rs
1860",744,60% off,Indianwear-Women
15834,Aurelia,Solid viscose regular fit womens casual culottes - yellow,"Size:Large,Medium,Small,X-Large,XX-Large","Rs
1049",734,30% off,Indianwear-Women
15835,Indya,Printed square neck regular fit womens top - orange,"Size:Large,Medium,X-Large,XX-Large",Nan,1200,No Discount,Indianwear-Women
15836,Global desi,Solid cotton collar neck women a line tops - mustard,"Size:XL,Large,Medium,Small","Rs
1699",1189,30% off,Indianwear-Women
15837,Vip,Buddy senior pack of 3 small size ast - multi,Size:Small,Nan,349,No Discount,Indianwear-Women
15838,W,Solid rayon blend regular fit womens casual parallel pants - pink,"Size:6,8,10,12,14,18",Nan,1799,No Discount,Indianwear-Women
15839,De moza,Printed rayon comfort fit womens culottes - royal blue,"Size:Large,Medium,Small,X-Large",Nan,1299,No Discount,Indianwear-Women
15840,De moza,Solid regular fit cotton womens workwear pants - off white,Size:XXX-Large,Nan,799,No Discount,Indianwear-Women
15841,De moza,Regular fit full length polyester womens festive skirt - fuchsia,"Size:Large,Medium,Small,X-Large,XX-Large","Rs
1699",1019,40% off,Indianwear-Women
15842,Aurelia,Printed polyester regular fit womens casual culottes - blue,"Size:Large,Medium,Small,X-Large,XX-Large",Nan,1499,No Discount,Indianwear-Women
15843,Global desi,Floral cotton round neck womens straight top - coral,"Size:XL,Large,Medium,Small","Rs
1799",1259,30% off,Indianwear-Women
15844,Ritu kumar,Cotton blend round neck womens short top - rust,"Size:Large,Medium,Small",Nan,2200,No Discount,Indianwear-Women
15845,Global desi,Floral viscose collar neck womens regular tunic - mint,"Size:XL,Large,Medium,Small,X-Small,XX-Large",Nan,2099,No Discount,Indianwear-Women
15846,De moza,Printed regular fit rayon womens casual wear pants - indigo,"Size:Large,Medium,Small,X-Large,XX-Large",Nan,899,No Discount,Indianwear-Women
15847,Janasya,Poly chanderi womens kurta and pant set - green,"Size:Small,X-Small,XX-Large,XXX-Large","Rs
3598",1439,60% off,Indianwear-Women
15848,De moza,Solid cotton womens cigarette pants - coral,"Size:Large,Medium,Small,X-Large,XX-Large",Nan,999,No Discount,Indianwear-Women
15849,Fusion beats,Womens collared printed kurta - off white,"Size:Large,Medium,Small,X-Large,XX-Large,XXX-Large","Rs
2299",919,60% off,Indianwear-Women
15850,Aurelia,Printed viscose mandarin womens flared dress - peach,"Size:Large,Medium,Small,X-Large,XX-Large","Rs
2599",1819,30% off,Indianwear-Women
15851,Global desi,Floral cotton boat neck womens straight kurta - yellow,"Size:XL,Large,Medium,Small,X-Small,XX-Large","Rs
2899",2319,20% off,Indianwear-Women
15852,Faballey,Floral collared neck cotton womens pyjama set - multi,"Size:Medium,Small,X-Small","Rs
2400",1200,50% off,Indianwear-Women
15853,Global desi,Solid straight fit viscose womens festive wear pants - grey,"Size:XL,Large,Medium","Rs
1599",1279,20% off,Indianwear-Women
15854,Ziyaa,Stripes round neck polyester womens salwar kurta and dupatta set - red,"Size:Large,Medium,Small,X-Large,XX-Large,XXX-Large","Rs
2038",1426,30% off,Indianwear-Women
15855,Global desi,Geometric cotton round neck womens casual wear suit - white,"Size:XL,Large,Medium,Small,X-Small","Rs
4299",3009,30% off,Indianwear-Women
15856,De moza,Printed regular fit rayon womens casual wear pants - black,"Size:Large,Medium,Small,X-Large,XX-Large",Nan,1299,No Discount,Indianwear-Women
15857,W,Printed cotton regular fit womens festive parallel pants - ecru,"Size:6,8,10,12,14,16,18",Nan,1799,No Discount,Indianwear-Women
15858,Stop,Womens yarn dyed calf length casual wear kurta - peach,"Size:S,M,L,XL,X-Small,XX-Large","Rs
1299",649,50% off,Indianwear-Women
15859,W,Printed round neck cotton womens calf length kurta - grey,"Size:6,8,10,12,14,16,18","Rs
2999",2249,25% off,Indianwear-Women
15860,Ziyaa,Solid round neck polyester womens salwar kurta and dupatta set - cream,"Size:Large,Medium,Small,X-Large,XX-Large,XXX-Large","Rs
3577",1430,60% off,Indianwear-Women
15861,Janasya,Floral round neck crepe womens calf length kurta - green,"Size:Large,Medium,Small,X-Small,XX-Large","Rs
1399",699,50% off,Indianwear-Women
15862,W,Solid viscose round neck womens ethnic set - brown,"Size:12,18","Rs
3999",1999,50% off,Indianwear-Women
15863,Fusion beats,Womens notched collar printed kurta - blue,"Size:Large,Small,X-Large","Rs
1799",679,62% off,Indianwear-Women
15864,Myshka,Printed round neck womens top - brown,",Medium,Small,X-Large,XX-Large","Rs
2199",879,60% off,Indianwear-Women
15865,Indya,Beige foil crop top with attached mustard dupatta - yellow,"Size:Large,Medium,Small,X-Large,X-Small","Rs
1700",850,50% off,Indianwear-Women
15866,W,Viscose round neck womens a-line dress - white,"Size:6,8,10,12,14,16,18","Rs
2499",1874,25% off,Indianwear-Women
15867,W,Printed rayon flax mandarin womens straight kurta - blue,"Size:6,8,10,12,14,16,18",Nan,1999,No Discount,Indianwear-Women
15868,Aurelia,Dyed cotton womens straight kurta - orange,"Size:Large,Medium,Small,X-Large,X-Small,XX-Large",Nan,1599,No Discount,Indianwear-Women
15869,Aurelia,Dyed cotton round neck womens ethnic set - white,"Size:Large,Medium,Small,X-Large,X-Small,XX-Large","Rs
2799",1959,30% off,Indianwear-Women
15870,Ziyaa,Solid crepe round neck womens straight kurta - blue,"Size:Large,Medium,Small,X-Large,XX-Large,XXX-Large","Rs
1248",561,55% off,Indianwear-Women
15871,W,Printed polyester regular fit womens flared ethnic set - pink,Size:8,Nan,5999,No Discount,Indianwear-Women
15872,W,Solid viscose round neck womens dress - black,"Size:6,8,10,12,14,16,18",Nan,2999,No Discount,Indianwear-Women
15873,De moza,Solid rayon womens culottes - black,"Size:Large,Medium,Small,X-Large,XX-Large",Nan,1299,No Discount,Indianwear-Women
15874,Indya,Black foil tiered sharara pants - black,Size:Small,"Rs
2400",1200,50% off,Indianwear-Women
15875,De moza,Jaquard tassel polyester round neck womens regular fit top - grey,Size:XX-Large,Nan,999,No Discount,Indianwear-Women
15876,Ziyaa,Printed round neck polyester womens salwar kurta and dupatta set - brown,"Size:Large,Medium,Small,X-Large,XX-Large,XXX-Large","Rs
4367",1746,60% off,Indianwear-Women
15877,Ira soleil,Solid polyester round neck womens festive lehenga choli set - black,"Size:Medium,Small,X-Large",Nan,3999,No Discount,Indianwear-Women
15878,Ira soleil,Embellished skinny fit polyester womens festive wear pants - navy,"Size:Large,Medium,Small,X-Large,XX-Large",Nan,1999,No Discount,Indianwear-Women
15879,Janasya,Solid round neck georgette womens full length kurta with dupatta - grey,"Size:Large,Medium,Small,X-Large,X-Small,XXX-Large","Rs
3399",2039,40% off,Indianwear-Women
15880,Ziyaa,Floral rayon round neck womens straight kurta - green,"Size:Large,Medium,Small,X-Large,XX-Large,XXX-Large","Rs
1943",777,60% off,Indianwear-Women
15881,Global desi,Solid polyester v-neck womens a-line kurta - sage,"Size:XL,Large,Medium,Small,X-Small","Rs
3699",2404,35% off,Indianwear-Women
15882,Aarke,Embroidered cotton blend round neck womens ethnic set - turquoise,"Size:Medium,Small,X-Large",Nan,5500,No Discount,Indianwear-Women
15883,Ziyaa,Floral rayon round neck womens straight kurta - blue,"Size:Large,Medium,Small,X-Large,XX-Large,XXX-Large","Rs
1853",741,60% off,Indianwear-Women
15884,Ira soleil,Womens round neck embellished kurta - yellow,"Size:Large,X-Large",Nan,3499,No Discount,Indianwear-Women
15885,W,Solid round neck poly viscose womens regular dress - blue,"Size:10,16","Rs
3999",1999,50% off,Indianwear-Women
15886,De moza,Embroidered cotton regular fit womens palazzos - pink,"Size:Large,Medium",Nan,1499,No Discount,Indianwear-Women
15887,Global desi,Self design viscose womens festive sharara - red,"Size:XL,Large,Medium,Small,X-Small,XX-Large","Rs
2999",1499,50% off,Indianwear-Women
15888,De moza,Solid skinny fit cotton womens leggings - bottle green,"Size:Large,Medium,Small,X-Large,XX-Large",Nan,499,No Discount,Indianwear-Women
15889,Varanga,Womens round neck embroidered kurta - grey,"Size:Small,X-Large,XX-Large","Rs
1999",999,50% off,Indianwear-Women
15890,Global desi,Floral polyester round neck womens regular dress - pink mix,"Size:XL,Large,Small,XX-Large","Rs
3199",1599,50% off,Indianwear-Women
15891,Myshka,Solid cotton womens trousers - grey,",Medium,Small,X-Large,XX-Large","Rs
1999",699,65% off,Indianwear-Women
15892,Global desi,Solid viscose round neck womens straight top - indigo,"Size:XL,Large,Medium,Small,X-Small,XX-Large","Rs
2499",1999,20% off,Indianwear-Women
15893,Global desi,V- neck flared women kurtas - magenta,"Size:XL,Large,Medium,Small,X-Small","Rs
4499",3599,20% off,Indianwear-Women
15894,W,Printed round neck viscose womens calf length kurta - green,"Size:6,8,10,12,14,16,18",Nan,1699,No Discount,Indianwear-Women
15895,Neerus,Floral cotton round neck womens salwar kurta dupatta set - pink,"Size:Large,Medium,XX-Large",Nan,2499,No Discount,Indianwear-Women
15896,Janasya,Womens red poly crepe kurta (jne3270) - red,"Size:Medium,Small,X-Large,X-Small","Rs
1299",519,60% off,Indianwear-Women
15897,De moza,Printed rayon comfort fit womens culottes - indigo,"Size:Large,Medium,Small,X-Large",Nan,1299,No Discount,Indianwear-Women
15898,W,Regular length french crepe woven womens regular fit culottes - black,"Size:Large,Medium,Small",Nan,2799,No Discount,Indianwear-Women
15899,Indya,Embroidered square neck regular fit womens top - green,"Size:Large,Medium,Small,X-Large,XX-Large",Nan,1400,No Discount,Indianwear-Women
15900,Janasya,Printed crepe round neck womens a-line kurta - maroon,"Size:Large,Medium,Small,X-Large,X-Small,XX-Large","Rs
1499",599,60% off,Indianwear-Women
15901,Ziyaa,Printed round neck rayon womens ethnic set - peach,"Size:Large,Medium,Small,X-Large,XX-Large,XXX-Large","Rs
2580",1032,60% off,Indianwear-Women
15902,Global desi,Solid viscose round neck womens regular kurta - mustard,"Size:XL,Large,Medium,Small,X-Small,XX-Large","Rs
1699",1359,20% off,Indianwear-Women
15903,Indya,Wine foil tiered sharara pants - purple,"Size:Large,Medium,Small,X-Large,X-Small,XX-Large","Rs
2400",1200,50% off,Indianwear-Women
15904,Janasya,Printed polyester round neck womens straight fit kurta palazzo set - off white,"Size:Large,Medium,Small,X-Large,X-Small,XX-Large,XXX-Large","Rs
4298",1934,55% off,Indianwear-Women
15905,Fusion beats,Womens mandarin collar striped kurta - blue,"Size:Large,Medium,Small","Rs
1699",679,60% off,Indianwear-Women
15906,Fusion beats,Womens mandarin neck solid kurta - orange,"Size:Large,Medium,Small,X-Large","Rs
1999",799,60% off,Indianwear-Women
15907,De moza,Embroidered cotton regular fit womens palazzos - white,"Size:Medium,Small,X-Large,XX-Large","Rs
1499",899,40% off,Indianwear-Women
15908,Ziyaa,Floral rayon round neck womens straight kurta - blue,"Size:Large,Medium,Small,X-Large,XX-Large,XXX-Large","Rs
1623",649,60% off,Indianwear-Women
15909,De moza,Printed rayon womens regular length palazzo - black,"Size:Large,Medium,Small,X-Large,XX-Large",Nan,1299,No Discount,Indianwear-Women
15910,Fusion beats,Womens round neck printed tunic - olive,Size:Small,"Rs
1399",519,63% off,Indianwear-Women
15911,W,Printed rayon blend round neck womens kurta - ecru,"Size:6,8,10,12,14,16,18",Nan,1899,No Discount,Indianwear-Women
15912,Aarke,Printed chiffon round neck womens short top - yellow,"Size:Large,Medium,X-Large",Nan,2400,No Discount,Indianwear-Women
15913,De moza,Solid regular fit viscose womens workwear pants - natural,"Size:Large,Medium,Small,X-Large,XX-Large",Nan,999,No Discount,Indianwear-Women
15914,Ziyaa,Floral mandarin polyester womens ethnic set - pink,"Size:Large,Medium,Small,X-Large,XX-Large,XXX-Large","Rs
2117",952,55% off,Indianwear-Women
15915,Janasya,Round neck rayon blouson womens top with skirt set - peacock,"Size:Large,X-Large,XX-Large,XXX-Large","Rs
2949",1474,50% off,Indianwear-Women
15916,Juniper,Solid rayon regular fit womens full length palazzos - natural,"Size:4X-Large,5X-Large,X-Large","Rs
1899",949,50% off,Indianwear-Women
15917,Indya,Stripes boat neck cotton womens regular kurta - grey,"Size:Large,Medium,Small,X-Large,X-Small","Rs
1850",925,50% off,Indianwear-Women
15918,W,Printed cambric round neck womens straight kurta - yellow,"Size:6,8,10,12,14,16,18",Nan,1999,No Discount,Indianwear-Women
15919,Stop,Womens slim fit solid stretch pants - maroon,"Size:S,M,L,X-Small",Nan,999,No Discount,Indianwear-Women
15920,Global desi,Regular viscose womens trousers - natural,"Size:XL,Large,Medium,Small,X-Small,XX-Large",Nan,2099,No Discount,Indianwear-Women
15921,Janasya,Floral cotton mandarin neck womens regular fit top - black,"Size:Large,Medium,Small,X-Small,XXX-Large","Rs
1499",674,55% off,Indianwear-Women
15922,Janasya,Round neck straight designer womens kurta - green,"Size:Large,Medium,Small,X-Large,X-Small,XX-Large,XXX-Large","Rs
1199",719,40% off,Indianwear-Women
15923,Global desi,Jacquard polyester round neck women blouson tops - mint,"Size:XL,Large,Medium,Small,X-Small","Rs
1799",1259,30% off,Indianwear-Women
15924,Aurelia,Printed viscose round neck womens above knee kurta - grey,"Size:Medium,XX-Large","Rs
1299",649,50% off,Indianwear-Women
15925,Yuris,Geometric cotton round neck womens regular kurta - multi,"Size:Large,Medium,Small,X-Large,XX-Large,XXX-Large","Rs
1799",809,55% off,Indianwear-Women
15926,Yuris,Printed round neck cotton womens kurta palazzo set - natural,"Size:Large,Medium,Small,X-Large,XX-Large","Rs
2499",1124,55% off,Indianwear-Women
15927,Global desi,Regular full length viscose women festive wear skirts - wine,"Size:XL,Large,Medium,Small,XX-Large","Rs
4299",3439,20% off,Indianwear-Women
15928,Global desi,Geometric regular fit full length viscose womens trousers - pink,"Size:XL,Large,Medium,Small,X-Small,XX-Large","Rs
2999",1949,35% off,Indianwear-Women
15929,Janasya,Printed round neck crepe womens calf length kurta - blue,"Size:Large,Medium,X-Large,X-Small,XX-Large,XXX-Large","Rs
1339",736,45% off,Indianwear-Women
15930,Aurelia,Mandarin straight designer womens kurtas - blue,Size:XX-Large,Nan,1599,No Discount,Indianwear-Women
15931,Ira soleil,Self design polyester party wear womens blouse - black,"Size:Large,Medium,X-Large",Nan,1999,No Discount,Indianwear-Women
15932,Juniper,Sequins round neck velvet designer women ethnic sets - green,"Size:Large,Medium,Small,X-Large,XX-Large","Rs
4999",2499,50% off,Indianwear-Women
15933,Varanga,Round neck straight designer womens kurtas - brown,"Size:Large,Medium,Small,XX-Large","Rs
3499",1224,65% off,Indianwear-Women
15934,Ira soleil,Printed polyester v neck womens ankle length kurti - coral,"Size:Large,Medium,Small,X-Large",Nan,2299,No Discount,Indianwear-Women
15935,Varanga,Zari round neck womens kurta - maroon,"Size:Large,Medium,Small,XX-Large","Rs
4799",1199,75% off,Indianwear-Women
15936,Varanga,Printed cotton blend round neck womens ethnic set - grey,"Size:Large,Medium,Small,X-Large",Nan,7999,No Discount,Indianwear-Women
15937,Varanga,Round neck silk blend designer womens ethnic set - mauve,"Size:Small,X-Large,XX-Large","Rs
5999",2399,60% off,Indianwear-Women
15938,Varanga,Dyed cotton round neck womens ethnic set - mustard,"Size:Large,Medium,Small,X-Large,XX-Large",Nan,6599,No Discount,Indianwear-Women
15939,Varanga,Womens green and black zari embroidery handloom kurta - green,"Size:Large,X-Large,XX-Large","Rs
2199",1099,50% off,Indianwear-Women
15940,Varanga,Maxi cotton blend womens ethnic skirt - magenta,"Size:Large,Medium,Small,X-Large,XX-Large","Rs
2199",989,55% off,Indianwear-Women
15941,Ira soleil,Self design polyester party wear womens blouse - maroon,"Size:Large,Medium",Nan,1999,No Discount,Indianwear-Women
15942,Ira soleil,Self design lace womens lehenga choli set - brown,"Size:Large,Medium,Small,X-Large",Nan,6999,No Discount,Indianwear-Women
15943,Varanga,Round neck womens kurta - black,"Size:Medium,X-Large","Rs
2099",1154,45% off,Indianwear-Women
15944,Janasya,Womens navy blue rayon kurta with palazzo (set083) - blue,Size:X-Small,"Rs
3059",1070,65% off,Indianwear-Women
15945,Global desi,Floral viscose v-neck womens straight top - off white,"Size:Small,X-Small","Rs
1799",1079,40% off,Indianwear-Women
15946,Indya,Ivory boota foil chanderi straight tunic - white,"Size:Small,X-Small","Rs
2200",1100,50% off,Indianwear-Women
15947,Global desi,Ethnic motifs tassel cotton round neck womens straight fit kurta - indigo,"Size:XL,Large,Medium,Small","Rs
3299",2309,30% off,Indianwear-Women
15948,Janasya,Printed cotton round neck womens kurta palazzo set with dupatta - blue,"Size:Small,X-Small","Rs
3999",1399,65% off,Indianwear-Women
15949,Neerus,Solid santoon round neck womens kurta palazzo set - navy,Size:X-Large,"Rs
2999",2399,20% off,Indianwear-Women
15950,Janasya,Cotton womens kurta - yellow,Size:XX-Large,"Rs
1999",999,50% off,Indianwear-Women
15951,Janasya,Embroidered cotton round neck womens regular fit top - blue,"Size:Large,X-Large,XX-Large","Rs
1499",599,60% off,Indianwear-Women
15952,Janasya,Printed polyester round neck womens anarkali kurta palazzo set - off white,Size:Small,"Rs
4798",2159,55% off,Indianwear-Women
15953,Janasya,Womens navy blue pure cotton kurta with palazzo (set014) - blue,"Size:Small,X-Small","Rs
3949",1382,65% off,Indianwear-Women
15954,Biba,Printed rayon round neck womens pant kurta dupatta set - multi,"Size:32,34,36","Rs
4995",3496,30% off,Indianwear-Women
15955,Global desi,Printed polyester round neck women a line tops - blue,Size:Large,"Rs
2099",1469,30% off,Indianwear-Women
15956,Global desi,Womens cotton v-neck tops & tunics - navy,"Size:Large,Small,X-Small","Rs
2199",1319,40% off,Indianwear-Women
15957,Global desi,Geometric viscose round neck womens a line top - indigo,"Size:Medium,Small,X-Small","Rs
1799",1259,30% off,Indianwear-Women
15958,Global desi,Abstract viscose womens clothing set - red,Size:X-Small,"Rs
2899",1884,35% off,Indianwear-Women
15959,Ira soleil,Printed dupion womens ethnic skirt - black,Size:Large,Nan,1695,No Discount,Indianwear-Women
15960,Varanga,Womens v-neck printed kurta - pink,Size:Small,"Rs
1799",899,50% off,Indianwear-Women
15961,Global desi,Solid viscose round neck womens straight tunic - multi,"Size:Medium,Small,X-Small","Rs
1599",959,40% off,Indianwear-Women
15962,Janasya,Cotton womens top - sky blue,"Size:Large,Small,X-Large","Rs
1299",584,55% off,Indianwear-Women
15963,Global desi,Women keyhole neck floral - pink,"Size:Medium,Small,X-Small","Rs
1399",559,60% off,Indianwear-Women
15964,Yuris,Abstract cotton mandarin womens a-line kurta - multi,Size:XXX-Large,"Rs
1499",599,60% off,Indianwear-Women
15965,Global desi,Embroidered polyester round neck womens ethnic set - natural,"Size:XL,XX-Large","Rs
5999",4199,30% off,Indianwear-Women
15966,Yuris,Floral cotton round neck womens regular kurta - multi,"Size:Large,XX-Large","Rs
1899",664,65% off,Indianwear-Women
15967,Indya,Printed viscose regular fit womens a-line dress - white,"Size:Medium,Small,X-Small",Nan,1900,No Discount,Indianwear-Women
15968,Indya,Womens round neck printed kurta - pink,"Size:Small,X-Small","Rs
2500",1250,50% off,Indianwear-Women
15969,Janasya,Womens peach cotton anarkali kurti (jne3562) - peach,Size:Small,"Rs
1999",799,60% off,Indianwear-Women
15970,De moza,Solid rayon womens palazzo pants - dark grey,"Size:Large,Medium",Nan,1699,No Discount,Indianwear-Women
15971,Janasya,Floral cotton round neck womens kurta palazzo set - white,"Size:Small,X-Small","Rs
3299",1154,65% off,Indianwear-Women
15972,Indya,Foil print georgette collared neck womens regular fit shirt tunic - yellow,"Size:Small,X-Small","Rs
2600",1300,50% off,Indianwear-Women
15973,Aurelia,Printed cotton mandarin neck womens knee length kurta - yellow,Size:X-Small,"Rs
699",419,40% off,Indianwear-Women
15974,W,Round neck polyester regular designer womens dresses - purple,"Size:8,12","Rs
4599",2299,50% off,Indianwear-Women
15975,Indya,Pink embroidered pleated georgette kurta - pink,Size:Small,"Rs
2200",1100,50% off,Indianwear-Women
15976,Varanga,Womens mandarin collar printed kurta - off white,Size:Small,"Rs
1399",699,50% off,Indianwear-Women
15977,Global desi,Floral key hole neck womens kurta - mid blue,"Size:Small,X-Small","Rs
2599",1559,40% off,Indianwear-Women
15978,Varanga,Lime thread and zari floral embroidery straight kurta with 3/4th gota work sleeves - green,Size:Medium,"Rs
2399",839,65% off,Indianwear-Women
15979,W,Printed viscose round neck womens straight kurta - green,Size:12,"Rs
2599",1299,50% off,Indianwear-Women
15980,Indya,Floral georgette round neck womens regular tunic - grey,"Size:Medium,Small,X-Small","Rs
2500",1250,50% off,Indianwear-Women
15981,Global desi,Womens fit and flare round neck evening wear set - peach,"Size:Large,X-Small","Rs
4499",1799,60% off,Indianwear-Women
15982,Janasya,Round neck cotton flex designer womens salwar suits - black,Size:XXX-Large,"Rs
2398",959,60% off,Indianwear-Women
15983,Janasya,Solid pure cotton womens palazzo pants - black,Size:X-Small,"Rs
1499",674,55% off,Indianwear-Women
15984,W,Printed georgette mandarin womens straight kurta - pink,Size:10,"Rs
3599",1799,50% off,Indianwear-Women
15985,Janasya,Stripes cotton round neck womens kurta palazzo set with dupatta - multi,"Size:Small,X-Small,XXX-Large","Rs
3719",2045,45% off,Indianwear-Women
15986,Janasya,Printed polyester blend round neck womens straight fit kurta - maroon,Size:Small,"Rs
1399",559,60% off,Indianwear-Women
15987,Janasya,Block cotton mandarin womens kurta palazzo set with dupatta - black,"Size:Small,X-Small","Rs
3798",2088,45% off,Indianwear-Women
15988,Yuris,Schiffli cotton womens full length palazzo - multi,"Size:34,36","Rs
1899",949,50% off,Indianwear-Women
15989,Varanga,Womens v-neck embroidered kurta - blue,Size:XX-Large,"Rs
2299",1149,50% off,Indianwear-Women
15990,Juniper,Womens beige rayon solid wide-leg palazzo with lace detailing - natural,"Size:Medium,Small,X-Small","Rs
1799",629,65% off,Indianwear-Women
15991,Varanga,Womens off white straight kurta with tribal printed yoke with pom pom lace detailing on bell sleeves - off white,Size:X-Large,"Rs
1999",899,55% off,Indianwear-Women
15992,Juniper,Printed boat neck rayon womens ethnic set - black,"Size:Medium,Small,X-Small","Rs
2699",1484,45% off,Indianwear-Women
15993,Varanga,Womens black doll printed crop top with stylised net sleeves and overall elasticated flared skirt - black,"Size:X-Large,XX-Large","Rs
4199",2099,50% off,Indianwear-Women
15994,Haute curry,Embroidered ankle length casual wear three tier dress - grey,"Size:Medium,Small,X-Small","Rs
1699",849,50% off,Indianwear-Women
15995,Global desi,Womens fit and flare gathered pleated geometric casual wear sharara - off white,"Size:Large,Medium,Small","Rs
2699",1349,50% off,Indianwear-Women
15996,Varanga,Embroidered silk blend round neck womens ethnic set - magenta,"Size:Large,XX-Large",Nan,5599,No Discount,Indianwear-Women
15997,Varanga,Round neck womens kurta - navy,Size:Small,"Rs
1599",879,45% off,Indianwear-Women
15998,Fusion beats,Womens round neck printed top - pink,"Size:Large,X-Large,XX-Large","Rs
1199",359,70% off,Indianwear-Women
15999,Indya,Reglar fit regular length georgette womens ethnic maxi skirt - grey,Size:Medium,"Rs
2800",1400,50% off,Indianwear-Women
16000,Janasya,Checks round neck cotton flex womens a-line ethnic dress - cream,"Size:Small,X-Small","Rs
1949",682,65% off,Indianwear-Women
16001,De moza,Solid rayon womens culottes - deep navy,"Size:Large,X-Large,XX-Large",Nan,1299,No Discount,Indianwear-Women
16002,Janasya,Printed crepe collared neck womens a-line kurta - maroon,"Size:Medium,Small,X-Small","Rs
1399",699,50% off,Indianwear-Women
16003,Janasya,Poly crepe womens kurta - peach,"Size:Medium,Small","Rs
1599",639,60% off,Indianwear-Women
16004,Global desi,Jacquard polyester round neck womens straight kurta - rose,"Size:Medium,Small,X-Small,XX-Large","Rs
2499",1249,50% off,Indianwear-Women
16005,Ira soleil,Art silk regular fit womens festive wear tunic - grey,"Size:Large,Medium,Small,X-Large",Nan,1499,No Discount,Indianwear-Women
16006,Indya,Womens beige banarasi chanderi straight tunic - natural,"Size:Small,X-Small","Rs
2400",1200,50% off,Indianwear-Women
16007,Global desi,Floral cotton key hole neck womens kurta - mustard,"Size:Medium,Small","Rs
1599",799,50% off,Indianwear-Women
16008,Aurelia,Dyed cotton round neck womens ethnic set - white,"Size:Large,Medium,Small,X-Large,X-Small,XX-Large",Nan,1999,No Discount,Indianwear-Women
16009,Global desi,Womens band collar printed kurta - black,"Size:Medium,Small","Rs
1999",799,60% off,Indianwear-Women
16010,Janasya,Floral silk round neck womens kurta palazzo set with dupatta - olive,"Size:Small,X-Large,X-Small,XXX-Large","Rs
3098",1239,60% off,Indianwear-Women
16011,Janasya,Synthetic womens kurta with palazzo and dupatta set - maroon,"Size:Small,X-Large,X-Small,XX-Large,XXX-Large","Rs
4798",2399,50% off,Indianwear-Women
16012,Neerus,Printed rayon round neck womens calf length kurta - mustard,"Size:Large,Medium,X-Large,XX-Large",Nan,1699,No Discount,Indianwear-Women
16013,Ziyaa,Floral round neck rayon womens ethnic set - pink,"Size:Large,Medium,Small,X-Large,XX-Large,XXX-Large","Rs
3042",1216,60% off,Indianwear-Women
16014,W,Printed viscose regular fit womens festive straight pants - off white,"Size:6,8,10,12,14,16",Nan,1799,No Discount,Indianwear-Women
16015,Ziyaa,Printed round neck rayon womens ethnic set - pink,"Size:Large,Medium,Small,X-Large,XX-Large,XXX-Large","Rs
2677",1070,60% off,Indianwear-Women
16016,Ziyaa,Printed rayon round neck womens a line kurta - rust,"Size:Large,Medium,Small,X-Large,XX-Large,XXX-Large","Rs
2103",841,60% off,Indianwear-Women
16017,Ziyaa,Geometric mandarin polyester womens ethnic set - purple,"Size:Large,Medium,Small,X-Large,XX-Large,XXX-Large","Rs
3124",1249,60% off,Indianwear-Women
16018,Ziyaa,Checks mandarin polyester womens ethnic set - black,"Size:Large,Medium,Small,X-Large,XX-Large,XXX-Large","Rs
2140",963,55% off,Indianwear-Women
16019,W,Printed viscose regular fit womens festive parallel pants - ecru,"Size:8,10,12,14,16",Nan,1799,No Discount,Indianwear-Women
16020,Janasya,Printed polyester blend mandarin neck womens flared ethnic set - off white,Size:X-Small,"Rs
5598",2799,50% off,Indianwear-Women
16021,Ritu kumar,Pique collar neck womens short top - multi,"Size:Medium,Small,X-Large",Nan,3900,No Discount,Indianwear-Women
16022,Yuris,Printed round neck cotton womens kurta palazzo set - navy,"Size:Large,XXX-Large","Rs
2799",1119,60% off,Indianwear-Women
16023,Global desi,Floral viscose straight fit womens fusion trousers - indigo,"Size:XL,Large,Medium,Small,X-Small,XX-Large","Rs
1699",1359,20% off,Indianwear-Women
16024,Global desi,Solid viscose women's pants - black,"Size:XL,Large,Medium,Small,X-Small","Rs
1599",1279,20% off,Indianwear-Women
16025,Myshka,Solid cotton round neck womens kurta palazzo set - mustard,"Size:X-Large,XX-Large","Rs
3999",1199,70% off,Indianwear-Women
16026,Aurelia,Printed viscose round neck womens straight kurta - yellow,"Size:Small,X-Large",Nan,1299,No Discount,Indianwear-Women
16027,Neerus,Printed muslin round neck womens ethnic set - navy,"Size:Large,Medium,X-Large,XX-Large","Rs
3499",2799,20% off,Indianwear-Women
16028,Global desi,Womens surplice neck printed kurta - off white,"Size:XL,Large,Medium,Small,XX-Large","Rs
2399",959,60% off,Indianwear-Women
16029,Aurelia,Printed viscose round neck womens straight kurta - green,"Size:Large,Medium,Small,X-Small,XX-Large",Nan,1499,No Discount,Indianwear-Women
16030,Janasya,Poly silk womens kurta and pant set - peach,Size:X-Small,"Rs
4998",1249,75% off,Indianwear-Women
16031,Ritu kumar,Round neck rayon blend womens short dress - multi,"Size:Large,Medium,Small",Nan,2900,No Discount,Indianwear-Women
16032,Indya,Embroidered georgette round neck womens regular tunic - black,"Size:Medium,Small,X-Small","Rs
3600",1800,50% off,Indianwear-Women
16033,Ziyaa,Printed round neck rayon womens ethnic set - yellow,"Size:Large,Medium,Small,X-Large,XX-Large,XXX-Large","Rs
2390",956,60% off,Indianwear-Women
16034,De moza,Printed regular fit cotton womens casual wear pants - off white,"Size:Large,Medium,Small,X-Large,XX-Large","Rs
999",599,40% off,Indianwear-Women
16035,Ziyaa,Printed rayon mandarin womens straight kurta - mustard,"Size:Large,Medium,Small,X-Large,XX-Large,XXX-Large","Rs
2227",890,60% off,Indianwear-Women
16036,Global desi,Solid viscose straight fit womens trousers - off white,"Size:XL,Large,Medium,Small,X-Small,XX-Large",Nan,2499,No Discount,Indianwear-Women
16037,Ziyaa,Printed round neck rayon womens ethnic set - rust,"Size:Large,Medium,Small,X-Large,XX-Large,XXX-Large","Rs
3173",1269,60% off,Indianwear-Women
16038,Neerus,Mirror work cotton mandarin womens kurta palazzo set - blue,"Size:Large,Medium,XX-Large","Rs
2999",2399,20% off,Indianwear-Women
16039,Kami kubi,Floral cotton v neck womens regular top - white,"Size:Large,Medium,X-Small","Rs
999",599,40% off,Indianwear-Women
16040,Global desi,Solid viscose round neck womens regular kurta - maroon,"Size:XL,Large,Medium,Small,X-Small,XX-Large","Rs
1899",1519,20% off,Indianwear-Women
16041,Ziyaa,Floral rayon mandarin womens salwar kurta dupatta set - black,"Size:Large,Medium,Small,X-Large,XX-Large,XXX-Large","Rs
4335",1734,60% off,Indianwear-Women
16042,De moza,Printed cotton regular fit womens palazzos - navy,"Size:Large,Small,X-Large,XX-Large","Rs
1499",899,40% off,Indianwear-Women
16043,De moza,Solid skinny fit viscose womens leggings - lime green,"Size:Large,Medium,Small,X-Large,XX-Large",Nan,599,No Discount,Indianwear-Women
16044,Janasya,Floral cotton round neck womens a-line kurta - pink,"Size:Medium,Small,X-Large,XX-Large","Rs
1729",1037,40% off,Indianwear-Women
16045,Global desi,Dobby cotton round neck womens straight kurta - black,"Size:XL,Large,Medium,Small,X-Small,XX-Large","Rs
2599",2079,20% off,Indianwear-Women
16046,Aurelia,Printed viscose round neck womens calf length kurta - green,"Size:Large,Medium,Small,X-Large,X-Small,XX-Large",Nan,1599,No Discount,Indianwear-Women
16047,Indya,V- neck regular designer womens tunic - orange,"Size:Large,Medium,Small,X-Large,X-Small",Nan,2600,No Discount,Indianwear-Women
16048,Global desi,Striped shirt collar womens kurta - yellow,"Size:XL,Large,Medium,Small,X-Small,XX-Large","Rs
1999",799,60% off,Indianwear-Women
16049,Global desi,Flared fit regular length womens festive wear skirt - pink,"Size:XL,Large,Medium,Small,X-Small","Rs
3699",1849,50% off,Indianwear-Women
16050,W,Solid net regular fit womens regular sharara - pink,"Size:8,18","Rs
2999",1799,40% off,Indianwear-Women
16051,W,Solid polyester round neck womens knee length kurta - pink,"Size:6,8,12,14,16,18","Rs
1999",999,50% off,Indianwear-Women
16052,Fusion beats,Womens round neck printed kurta - navy,"Size:Large,Small,X-Large,XX-Large","Rs
1799",719,60% off,Indianwear-Women
16053,Global desi,Printed viscose round neck womens regular kurta - wine,"Size:XL,Large,Medium,Small","Rs
2799",1959,30% off,Indianwear-Women
16054,Global desi,Round neck straight women kurtas - black,"Size:XL,Large,Medium,Small,X-Small","Rs
2499",1749,30% off,Indianwear-Women
16055,Stop,Womens rayon round neck a-line kurta - mustard,"Size:S,M,L,XL,X-Small,XX-Large","Rs
999",499,50% off,Indianwear-Women
16056,De moza,Dyed regular fit cotton womens casual wear pants - bluesteel,"Size:Large,Medium,Small,X-Large,XX-Large",Nan,1299,No Discount,Indianwear-Women
16057,Ziyaa,Printed rayon collar neck womens straight kurta - blue,"Size:Large,Medium,Small,X-Large,XX-Large,XXX-Large","Rs
2203",881,60% off,Indianwear-Women
16058,Ziyaa,Geometric round neck rayon womens ethnic set - yellow,"Size:Large,Medium,Small,X-Large,XX-Large,XXX-Large","Rs
2553",1021,60% off,Indianwear-Women
16059,Indya,Geometric viscose womens full length kurta - yellow,"Size:Medium,Small",Nan,2250,No Discount,Indianwear-Women
16060,Aurelia,V- neck straight designer womens kurtas - blue,Size:X-Small,"Rs
999",699,30% off,Indianwear-Women
16061,Janasya,Block cotton round neck womens kurta palazzo set with dupatta - pink,Size:X-Small,"Rs
4799",2399,50% off,Indianwear-Women
16062,Amukti,Embroidered cotton mandarin collar womens straight kurta - blue,"Size:Medium,Small,XX-Large,XXX-Large","Rs
1799",1259,30% off,Indianwear-Women
16063,Ziyaa,Floral polyester round neck womens straight kurta - turquoise,"Size:Large,Medium,Small,X-Large,XX-Large,XXX-Large","Rs
1646",823,50% off,Indianwear-Women
16064,Indya,Printed georgette womens full length sharara - orange,"Size:Large,Medium,Small,X-Large,XX-Large",Nan,2600,No Discount,Indianwear-Women
16065,Suti,Printed rayon round neck womens straight kurti - green,"Size:Large,Medium,Small,X-Large,X-Small,XX-Large","Rs
1399",1119,20% off,Indianwear-Women
16066,W,Printed round neck viscose womens calf length kurta - green,"Size:6,8,10,12,14,16,18",Nan,1799,No Discount,Indianwear-Women
16067,Janasya,Womens green crepe a-line kurti (jne3464) - green,"Size:Small,X-Small","Rs
1599",639,60% off,Indianwear-Women
16068,Global desi,Abstract round neck straight womens kurta - natural,"Size:XL,Medium,Small,X-Small","Rs
2199",1319,40% off,Indianwear-Women
16069,Varanga,Wine silk floral zari and sequins embroidery kurta with gota on sleeves with golden woven trousers and sequins dupatta - magenta,"Size:Large,Medium,Small,X-Large,XX-Large","Rs
4599",1839,60% off,Indianwear-Women
16070,Faballey,Checked collared neck cotton womens pyjama set - blue,Size:Small,"Rs
2200",1100,50% off,Indianwear-Women
16071,Janasya,Printed cotton round neck womens straight fit kurta - pink,"Size:Large,Medium,Small,X-Large,XX-Large","Rs
1529",917,40% off,Indianwear-Women
16072,Fusion beats,Womens round neck printed top - pink,"Size:Large,X-Large,XX-Large","Rs
1499",599,60% off,Indianwear-Women
16073,Janasya,Poly chanderi womens kurta with pant and dupatta set - grey,"Size:Large,Medium","Rs
4998",2748,45% off,Indianwear-Women
16074,Aarke,Printed rayon blend round neck womens ethnic set - rust,"Size:Large,Medium,Small,X-Large",Nan,4700,No Discount,Indianwear-Women
16075,Janasya,Womens navy blue cotton flex kurti (jne3523) - navy,Size:X-Small,"Rs
1599",639,60% off,Indianwear-Women
16076,Janasya,Cotton womens kurta and pant set - white,"Size:Small,X-Small,XXX-Large","Rs
2898",1159,60% off,Indianwear-Women
16077,Global desi,Solid polyester boat neck womens knee length kurta - indigo,"Size:XL,Large,Medium,Small,X-Small,XX-Large","Rs
2999",2099,30% off,Indianwear-Women
16078,Global desi,Solid cotton round neck womens knee length kurta - teal,"Size:XL,Large,Medium,X-Small,XX-Large","Rs
2899",1884,35% off,Indianwear-Women
16079,Global desi,V- neck a line women kurtas - pink,"Size:XL,Large,Medium,Small,X-Small,XX-Large","Rs
2599",1819,30% off,Indianwear-Women
16080,De moza,Relaxed fit regular length polyester womens festive skirt - navy,"Size:Large,Medium,Small,X-Large,XX-Large","Rs
1999",1199,40% off,Indianwear-Women
16081,W,Collar neck polyester flared designer womens dresses - pink,"Size:6,12","Rs
4999",2999,40% off,Indianwear-Women
16082,De moza,Printed rayon comfort fit womens culottes - off white,"Size:Large,Medium,Small",Nan,1299,No Discount,Indianwear-Women
16083,Aarke,Printed rayon blend round neck womens ethnic set - sky blue,"Size:Large,Medium,X-Large",Nan,3900,No Discount,Indianwear-Women
16084,Global desi,Solid viscose round neck womens straight tunic - powder blue,"Size:XL,Large,Medium,Small,X-Small,XX-Large","Rs
2199",1099,50% off,Indianwear-Women
16085,Global desi,Round neck a line women kurtas - green,"Size:XL,Large,Medium,Small,X-Small,XX-Large","Rs
3299",2309,30% off,Indianwear-Women
16086,Janasya,Womens pink cotton kurta (jne3435) - pink,"Size:Large,Medium,Small,X-Large,XX-Large","Rs
1299",779,40% off,Indianwear-Women
16087,Ziyaa,Floral round neck polyester womens ethnic set - turquoise,"Size:Large,Medium,Small,X-Large,XX-Large,XXX-Large","Rs
2245",1010,55% off,Indianwear-Women
16088,W,Womens solid tights - off white,"Size:Large,Medium",Nan,799,No Discount,Indianwear-Women
16089,W,Regular fit regular length cotton womens festive wear skirts - black,"Size:Large,Medium,Small,X-Large","Rs
3599",2699,25% off,Indianwear-Women
16090,Puma,Printed cotton regular fit boys sweat pants - black,"Size:10-11 Years,10-13 Years,4-6 Years,7-11 Years,7-9 Years","Rs
2499",1749,30% off,Indianwear-Women
16091,Stop,Womens printed calf length casual wear kurta - yellow,"Size:S,M,L,XL,X-Small","Rs
999",499,50% off,Indianwear-Women
16092,Janasya,Womens blue cotton kurta (j0096) - blue,"Size:Large,Medium,Small,X-Small,XXX-Large","Rs
1599",1039,35% off,Indianwear-Women
16093,W,Solid viscose regular fit womens straight pants - red,"Size:8,10,12,14,16",Nan,1299,No Discount,Indianwear-Women
16094,Aurelia,Round neck straight designer womens kurtas - navy,"Size:Large,Medium,Small,X-Large,X-Small,XX-Large",Nan,1399,No Discount,Indianwear-Women
16095,Global desi,Womens regular fit solid trousers - natural,Size:Small,"Rs
2499",1499,40% off,Indianwear-Women
16096,Ira soleil,Schiffli cotton blend round neck womens kurta palazzo set - plum,"Size:Large,Medium,Small",Nan,3999,No Discount,Indianwear-Women
16097,Fusion beats,Womens slub kurta - brown,"Size:Large,Medium,Small,X-Large,XX-Large,XXX-Large","Rs
2299",919,60% off,Indianwear-Women
16098,Ziyaa,Floral crepe round neck womens ethnic set - blue,"Size:Large,Medium,Small,X-Large,XX-Large,XXX-Large","Rs
4260",1704,60% off,Indianwear-Women
16099,W,Round neck rayon flex womens kurta set - blue,"Size:10,12","Rs
5999",2999,50% off,Indianwear-Women
16100,De moza,Solid regular fit cotton flex womens workwear pants - natural,"Size:Large,X-Large",Nan,799,No Discount,Indianwear-Women
16101,Janasya,Womens green poly crepe kurta (jne1951) - green,"Size:Small,X-Small","Rs
1549",619,60% off,Indianwear-Women
16102,W,Printed viscose round neck womens ethnic set - light blue,Size:8,Nan,4799,No Discount,Indianwear-Women
16103,Global desi,Floral polyester round neck womens straight kurta - teal,"Size:Small,X-Small","Rs
3499",1749,50% off,Indianwear-Women
16104,W,Printed cotton mandarin womens ankle length kurta - red,"Size:16,22","Rs
2999",1499,50% off,Indianwear-Women
16105,De moza,Solid polyester womens regular length palazzo - black,"Size:Large,Medium,Small,X-Large,XX-Large","Rs
1499",899,40% off,Indianwear-Women
16106,Stop,Solid round neck straight fit womens kurta - coral,"Size:S,M,L,X-Large,X-Small,XX-Large","Rs
799",399,50% off,Indianwear-Women
16107,Global desi,Tropical viscose key hole neck womens knee length dress - aqua,"Size:Large,Medium,X-Small","Rs
1999",1199,40% off,Indianwear-Women
16108,Indya,Printed georgette womens regular palazzos - indigo,"Size:Medium,Small,X-Large,X-Small","Rs
1900",950,50% off,Indianwear-Women
16109,Varanga,Wine zari and sequins work yoke straight kurta with golden woven trousers and sequins dupatta - magenta,"Size:Large,Small,X-Large,XX-Large","Rs
4299",1934,55% off,Indianwear-Women
16110,Aurelia,Dyed rayon collared neck womens above knee kurta - green,"Size:Large,Medium,Small,X-Small",Nan,1599,No Discount,Indianwear-Women
16111,Indya,Printed viscose round neck womens regular fit tunic - blue,"Size:Large,Medium,Small,X-Large,X-Small,XX-Large","Rs
2650",2120,20% off,Indianwear-Women
16112,Varanga,Dyed round neck cotton womens ethnic set - pink,"Size:Large,Medium,Small,X-Small","Rs
4999",2249,55% off,Indianwear-Women
16113,Global desi,Printed cotton mandarin womens straight kurta - mustard,"Size:XL,Large,Medium,Small,X-Small,XX-Large","Rs
1999",999,50% off,Indianwear-Women
16114,Ritu kumar,Round neck chiffon womens short dress - multi,Size:Small,Nan,3600,No Discount,Indianwear-Women
16115,Fusion beats,Womens printed kurta - off white,Size:Small,"Rs
2299",919,60% off,Indianwear-Women
16116,Fusion beats,V-neck regular fit womens kurta - yellow,"Size:Large,Medium,Small,X-Large,XX-Large","Rs
1799",899,50% off,Indianwear-Women
16117,Aurelia,Printed cotton u neck womens straight kurta - blue,"Size:Large,Medium,Small,X-Large,X-Small,XX-Large","Rs
1199",839,30% off,Indianwear-Women
16118,De moza,Solid regular fit viscose womens workwear pants - black,"Size:Large,Medium,Small,X-Large,XX-Large",Nan,999,No Discount,Indianwear-Women
16119,Varanga,Womens boat neck embellished kurta - sea green,Size:XX-Large,"Rs
1999",999,50% off,Indianwear-Women
16120,Janasya,Cotton womens kurta - black,"Size:Small,X-Small,XX-Large,XXX-Large","Rs
1798",899,50% off,Indianwear-Women
16121,Indya,Printed viscose v-neck womens regular fit tunic - green,"Size:Large,Medium,Small,X-Large,X-Small,XX-Large","Rs
2700",1350,50% off,Indianwear-Women
16122,Ziyaa,Printed cotton round neck womens kurta palazzo set - orange,"Size:Large,Medium,Small,X-Large,XX-Large,XXX-Large","Rs
5058",2023,60% off,Indianwear-Women
16123,Global desi,Solid straight fit viscose womens fusion wear pants - lilac,"Size:XL,Large,Medium,Small,X-Small",Nan,1699,No Discount,Indianwear-Women
16124,Indya,Womens solid palazzos - gold,Size:Medium,"Rs
1700",850,50% off,Indianwear-Women
16125,Indya,Womens round neck printed kurta - white,"Size:Large,Medium,Small,X-Small,XX-Large","Rs
2200",1100,50% off,Indianwear-Women
16126,Global desi,Floral mandarin collar womens set - pink,"Size:Large,Small,X-Small","Rs
3599",1799,50% off,Indianwear-Women
16127,Global desi,Round neck flared women kurtas - mustard,"Size:XL,Large,Medium,Small,X-Small,XX-Large","Rs
3799",1899,50% off,Indianwear-Women
16128,Janasya,Printed round neck regular fit womens kurta - turquoise,Size:X-Small,"Rs
2079",831,60% off,Indianwear-Women
16129,Janasya,Womens pink poly crepe kurta (jne3348) - pink,"Size:Medium,X-Large,X-Small,XX-Large,XXX-Large","Rs
1699",594,65% off,Indianwear-Women
16130,Kashish,Womens chanderi  regular fit skirt - gold,"Size:Large/X-Large,Small/Medium","Rs
2499",1249,50% off,Indianwear-Women
16131,Stop,Printed mandarin collar a line fit womens kurta - pink,"Size:S,M,L,X-Large,X-Small","Rs
1299",649,50% off,Indianwear-Women
16132,Ritu kumar,Round neck chiffon womens short dress - multi,"Size:Large,Medium,Small,X-Small",Nan,4600,No Discount,Indianwear-Women
16133,Global desi,Self design v-neck womens top - black,"Size:Large,Medium,Small,X-Small","Rs
1499",749,50% off,Indianwear-Women
16134,Amukti,A-line rayon womens kurta - cream,"Size:Large,Medium,Small,X-Large","Rs
999",499,50% off,Indianwear-Women
16135,Ziyaa,Floral mandarin rayon womens ethnic set - cream,"Size:Large,Medium,Small,X-Large,XX-Large,XXX-Large","Rs
2798",1119,60% off,Indianwear-Women
16136,De moza,Printed regular fit cotton womens festive wear pants - maroon,"Size:Large,Medium,Small,X-Large,XX-Large","Rs
999",599,40% off,Indianwear-Women
16137,Janasya,Printed v-neck cotton flex womens flared ethnic dress - blue,"Size:Large,Medium,Small,X-Small,XX-Large,XXX-Large","Rs
1998",1398,30% off,Indianwear-Women
16138,Ziyaa,Printed v-neck polyester womens salwar kurta and dupatta set - purple,"Size:Large,Medium,Small,X-Large,XX-Large,XXX-Large","Rs
1943",1360,30% off,Indianwear-Women
16139,Global desi,Floral polyester collar neck womens ethnic set - peach,"Size:XL,Large,Medium,Small,XX-Large",Nan,7999,No Discount,Indianwear-Women
16140,Aurelia,Solid cotton blend womens casual tights - black,"Size:Large,Medium,Small,X-Large,XX-Large",Nan,599,No Discount,Indianwear-Women
16141,Janasya,Floral cotton flex round neck womens kurta palazzo set - natural,"Size:Large,Medium,Small,X-Large,X-Small,XX-Large,XXX-Large","Rs
3069",1227,60% off,Indianwear-Women
16142,Aurelia,Printed viscose womens ethnic set - blue,"Size:Small,X-Small",Nan,3999,No Discount,Indianwear-Women
16143,Aarke,Printed square neck cotton blend womens dress - ecru,"Size:Large,Medium,Small,X-Small",Nan,2900,No Discount,Indianwear-Women
16144,Indya,Embroidered georgette round neck womens regular crop top - maroon,"Size:Large,Medium,Small,X-Large,X-Small","Rs
1600",800,50% off,Indianwear-Women
16145,Kashish,Embroidered viscose blend round neck womens straight fit kurta - mint,"Size:Large,Medium,Small,X-Large,X-Small,XX-Large,XXX-Large","Rs
1599",799,50% off,Indianwear-Women
16146,W,Solid collar neck french crepe womens flared dress - blue,Size:6,"Rs
4999",2999,40% off,Indianwear-Women
16147,De moza,Solid skinny fit cotton womens leggings - off white,"Size:Large,Medium,Small,X-Large",Nan,449,No Discount,Indianwear-Women
16148,Janasya,Floral rayon mandarin womens kurta palazzo set with dupatta - green,"Size:Medium,Small,X-Small","Rs
3799",1709,55% off,Indianwear-Women
16149,Kami kubi,Solid cotton round neck womens relaxed fit kurta - orange,"Size:Small,X-Small","Rs
2499",1499,40% off,Indianwear-Women
16150,Indya,Printed v-neck viscose womens regular dress - black,Size:Small,"Rs
2450",1225,50% off,Indianwear-Women
16151,Varanga,Womens round neck geometric kurta - red,Size:Small,"Rs
1599",799,50% off,Indianwear-Women
16152,Global desi,Solid straight fit viscose womens casual wear pants - mint,"Size:XL,Medium,Small,X-Small,XX-Large","Rs
1599",1279,20% off,Indianwear-Women
16153,Indya,Womens key hole neck printed tunic - yellow,Size:XX-Large,"Rs
1850",925,50% off,Indianwear-Women
16154,Ziyaa,Solid round neck polyester womens salwar kurta and dupatta set - grey,"Size:Large,Medium,Small,X-Large,XX-Large,XXX-Large","Rs
3181",1272,60% off,Indianwear-Women
16155,Global desi,Womens cotton blend shirt collar tops - natural,"Size:XL,Large,Medium","Rs
1899",759,60% off,Indianwear-Women
16156,Global desi,Tropical round neck straight womens kurta - blue,"Size:Large,Medium,Small,X-Small","Rs
2199",1319,40% off,Indianwear-Women
16157,Global desi,Self design v-neck womens kurta - white,"Size:XL,Medium,Small,X-Small","Rs
2499",1499,40% off,Indianwear-Women
16158,Global desi,Geometric viscose round neck womens straight top - green,"Size:Large,Medium,Small,X-Small","Rs
1699",1189,30% off,Indianwear-Women
16159,Global desi,Solid viscose round neck womens a line top - white,"Size:XL,Medium,Small,X-Small,XX-Large","Rs
2399",1679,30% off,Indianwear-Women
16160,Global desi,Solid viscose regular fit womens festive sharara - natural,"Size:XL,Large,Medium,Small,X-Small,XX-Large",Nan,2599,No Discount,Indianwear-Women
16161,Global desi,Womens mandarin collar printed kurta - multi,"Size:Small,X-Small","Rs
1799",719,60% off,Indianwear-Women
16162,Yuris,Printed cotton round neck womens straight fit kurta - black,"Size:Large,Medium,Small","Rs
1799",719,60% off,Indianwear-Women
16163,Yuris,Embroidered cotton round neck womens kurta set - black,"Size:XX-Large,XXX-Large","Rs
3999",1399,65% off,Indianwear-Women
16164,Yuris,Stripes cotton round neck womens salwar suit - multi,"Size:X-Large,XX-Large,XXX-Large","Rs
2899",1159,60% off,Indianwear-Women
16165,Yuris,Thread work round neck cotton womens kurta palazzo set - white,Size:Small,"Rs
3999",1399,65% off,Indianwear-Women
16166,Yuris,Ethnic motifs cotton round neck womens kurta set - blue,"Size:Large,Medium,Small,X-Large,XX-Large,XXX-Large","Rs
3999",1399,65% off,Indianwear-Women
16167,Yuris,Solid cotton round neck womens salwar suit - multi,"Size:Large,Medium,Small,X-Large,XX-Large","Rs
3499",1399,60% off,Indianwear-Women
16168,Global desi,Geometric square neck viscose womens straight gown - mustard,"Size:XL,Large,Medium,Small,X-Small,XX-Large","Rs
2699",2159,20% off,Indianwear-Women
16169,Stop,Womens solid knee length casual wear straight kurta - rust,"Size:S,M,L,X-Large,X-Small,XX-Large","Rs
899",449,50% off,Indianwear-Women
16170,Stop,Embroidered cotton womens full length palazzo - black,"Size:2XL/3XL,Large/X-Large,Small/Medium",Nan,1199,No Discount,Indianwear-Women
16171,Kashish,Embroidered open a-line fit womens kurta - lime green,"Size:Large,Medium,Small,X-Large","Rs
1699",849,50% off,Indianwear-Women
16172,Haute curry,Printed cotton round neck womens regular top - pink,"Size:Large,Medium,Small,X-Large,X-Small,XX-Large","Rs
699",349,50% off,Indianwear-Women
16173,Varanga,Womens off white and gold zari embroidered bell sleeves kurta with gota work palazzo - off white,"Size:Large,X-Large,XX-Large","Rs
3399",1869,45% off,Indianwear-Women
16174,Varanga,Womens peach v neck crop top with shifflie puff sleeves with polka dot printed partially elasticated palazzo - peach,"Size:Small,X-Large","Rs
3399",1699,50% off,Indianwear-Women
16175,Varanga,Solid silk round neck womens calf length kurta - mauve,"Size:Small,X-Large,XX-Large","Rs
3699",924,75% off,Indianwear-Women
16176,Varanga,Embroidered silk blend round neck womens straight fit ethnic set - rust,"Size:Large,Medium,X-Large,XX-Large","Rs
4999",1749,65% off,Indianwear-Women
16177,Ira soleil,Regular fit full length polyester womens casual skirt - black,"Size:Medium,X-Large",Nan,4599,No Discount,Indianwear-Women
16178,Varanga,Round neck cotton blend womens indian wear sets - olive,"Size:X-Large,XX-Large","Rs
3199",1599,50% off,Indianwear-Women
16179,Varanga,Printed cotton round neck womens ethnic set - blue,"Size:Large,Medium,Small,X-Large,XX-Large",Nan,4599,No Discount,Indianwear-Women
16180,Varanga,Round neck womens top - pink,Size:X-Large,"Rs
1399",559,60% off,Indianwear-Women
16181,Varanga,Gotta patti embellished cotton round neck womens regular fit kurta - navy,Size:XX-Large,"Rs
2999",899,70% off,Indianwear-Women
16182,Ira soleil,Solid polyester regular fit womens regular top - gold,"Size:Large,Medium,Small,X-Large",Nan,1999,No Discount,Indianwear-Women
16183,Varanga,Embroidered silk blend round neck womens ethnic set - fuchsia,"Size:Large,Medium,Small,X-Large,XX-Large",Nan,4999,No Discount,Indianwear-Women
16184,Juniper,Womens mint rayon slub khari print a-line kurta with embroidery - mint,Size:X-Large,Nan,1799,No Discount,Indianwear-Women
16185,Juniper,Womens indigo cambric floral printed anarkali kurta - indigo,Size:Large,Nan,2999,No Discount,Indianwear-Women
16186,Varanga,Womens olive green block printed crop top with stripe printed partially elasticated palazzo - olive,Size:X-Large,"Rs
3399",1699,50% off,Indianwear-Women
16187,Varanga,Round neck womens kurta - burgundy,"Size:Medium,Small","Rs
3399",1359,60% off,Indianwear-Women
16188,Ira soleil,Regular fit full length polyester womens casual skirt - white,"Size:Medium,X-Large",Nan,4599,No Discount,Indianwear-Women
16189,Varanga,Printed cotton v neck womens calf length kurta - turquoise,"Size:Small,X-Large,XX-Large","Rs
3299",824,75% off,Indianwear-Women
16190,Varanga,Printed cotton round neck womens ethnic set - yellow,"Size:Large,Medium,Small,X-Large,XX-Large",Nan,5999,No Discount,Indianwear-Women
16191,Haute curry,Solid mid thigh casual wear high low tunic - yellow,"Size:Large,Medium,Small,X-Large,X-Small,XX-Large","Rs
899",449,50% off,Indianwear-Women
16192,Ira soleil,Solid polyester regular fit womens regular top - purple,"Size:Large,Medium,Small,X-Large",Nan,2199,No Discount,Indianwear-Women
16193,Varanga,Embroidered silk blend round neck womens ethnic set - magenta,"Size:4X-Large,Large,Medium,Small,X-Large",Nan,4599,No Discount,Indianwear-Women
16194,Varanga,Zari v- neck silk blend designer womens ethnic set - pink,"Size:Large,Medium,Small,X-Large,XX-Large","Rs
5999",2099,65% off,Indianwear-Women
16195,Janasya,Womens purple poly silk kurta (jne2265) - purple,Size:X-Small,"Rs
1549",542,65% off,Indianwear-Women
16196,Janasya,Solid silk mandarin womens kurta palazzo set with dupatta - white,Size:X-Large,"Rs
3349",1674,50% off,Indianwear-Women
16197,Indya,Printed georgette round neck womens regular fit tunic - maroon,"Size:Small,X-Small","Rs
2400",1200,50% off,Indianwear-Women
16198,Janasya,Solid pure cotton womens palazzo pants - peacock,Size:X-Small,"Rs
1499",674,55% off,Indianwear-Women
16199,Amukti,Printed rayon womens kurta - ivory,Size:Small,"Rs
1599",799,50% off,Indianwear-Women
16200,Aurelia,V- neck cotton designer womens ethnic set - grey,Size:Medium,"Rs
2299",1609,30% off,Indianwear-Women
16201,Janasya,Solid pure cotton womens palazzo pants - pink,"Size:Small,X-Small,XX-Large","Rs
1499",599,60% off,Indianwear-Women
16202,Aurelia,Y/d shirt collar with slit cotton womens flared dress - navy,"Size:Small,X-Small","Rs
1699",849,50% off,Indianwear-Women
16203,Global desi,Embroidered polyester round neck womens knee length kurta - orange,Size:XX-Large,"Rs
3299",2309,30% off,Indianwear-Women
16204,Indya,Floral georgette scoop neck womens regular tunic - black,Size:Medium,"Rs
4500",2250,50% off,Indianwear-Women
16205,Global desi,Floral polyester mandarin womens top - light blue,"Size:XL,Small,X-Small","Rs
1999",1299,35% off,Indianwear-Women
16206,Global desi,Womens regular fit floral pattern a-line kurta - aqua,"Size:Medium,Small,XX-Large","Rs
3999",1599,60% off,Indianwear-Women
16207,Aurelia,Solid polyester mandarin womens ethnic set - black,"Size:Large,Small,X-Large,XX-Large",Nan,2599,No Discount,Indianwear-Women
16208,W,Yd-dobby dobby womens non festive slim pants - black,Size:6,"Rs
1499",899,40% off,Indianwear-Women
16209,W,Printed viscose round neck womens calf length kurta - magenta,Size:10,"Rs
1799",899,50% off,Indianwear-Women
16210,Neerus,Floral rayon round neck womens salwar suit - grey,"Size:X-Large,XX-Large","Rs
2399",1919,20% off,Indianwear-Women
16211,W,Printed viscose mandarin womens calf length kurta - blue,Size:6,"Rs
1799",1349,25% off,Indianwear-Women
16212,Indya,Embellished silk womens full length kurta - black,"Size:Medium,Small,X-Small",Nan,2900,No Discount,Indianwear-Women
16213,Indya,Womens round neck sequined kurta - yellow,"Size:Small,X-Small","Rs
2600",1300,50% off,Indianwear-Women
16214,Aurelia,Solid cotton flex regular fit womens casual trousers - white,"Size:Large,Medium,Small,X-Large",Nan,1199,No Discount,Indianwear-Women
16215,Aurelia,Solid viscose v-neck womens above knee kurta - black,Size:Medium,"Rs
1599",799,50% off,Indianwear-Women
16216,Global desi,Round neck straight women kurtas - yellow,"Size:Large,Small,X-Small","Rs
1799",1169,35% off,Indianwear-Women
16217,Janasya,Womens pink cotton kurta (jne3391) - pink,Size:X-Small,"Rs
2049",717,65% off,Indianwear-Women
16218,W,Printed viscose round neck womens calf length kurta - green,"Size:8,10","Rs
1899",949,50% off,Indianwear-Women
16219,Janasya,Printed round neck regular fit womens kurta - black,"Size:Small,X-Small","Rs
1499",599,60% off,Indianwear-Women
16220,Faballey,Floral square neck cotton womens knee length dress - multi,"Size:Small,X-Small","Rs
1950",975,50% off,Indianwear-Women
16221,Kami kubi,Printed silk blend v-neck womens flared ethnic set - pink,"Size:Large,Medium","Rs
4999",2249,55% off,Indianwear-Women
16222,Indya,Floral square neck viscose womens regular dress - maroon,"Size:Medium,Small,X-Small",Nan,1400,No Discount,Indianwear-Women
16223,Janasya,Cotton womens kurta with palazzo and dupatta set - multi,Size:Medium,"Rs
3799",2089,45% off,Indianwear-Women
16224,Amukti,Geometric cotton mandarin collar womens straight kurta - orange,Size:Small,"Rs
1299",909,30% off,Indianwear-Women
16225,Aurelia,Dyed cotton round neck womens straight kurta - purple,Size:Small,"Rs
1049",734,30% off,Indianwear-Women
16226,Amukti,Embroidered cotton womens kurta - white,Size:X-Large,"Rs
2499",1249,50% off,Indianwear-Women
16227,Global desi,Floral shirt collar womens kurta - pink,"Size:Small,X-Small","Rs
2799",1399,50% off,Indianwear-Women
16228,Juniper,Solid rayon tie up neck womens a-line kurta - natural,"Size:4X-Large,XXX-Large","Rs
1599",799,50% off,Indianwear-Women
16229,Indya,Embroidered georgette womens regular length dhoti jumpsuit - blue,"Size:Small,X-Small","Rs
3500",1750,50% off,Indianwear-Women
16230,Janasya,Cotton womens kurta and pant set - turquoise,Size:Small,"Rs
2199",989,55% off,Indianwear-Women
16231,Global desi,Solid v-neck womens gown - mid blue,"Size:Large,X-Small","Rs
2399",1439,40% off,Indianwear-Women
16232,W,Solid regular fit viscose womens festive pants - green,Size:10,"Rs
1299",779,40% off,Indianwear-Women
16233,Janasya,Round neck straight designer womens kurta - green,Size:Small,"Rs
1399",559,60% off,Indianwear-Women
16234,Amukti,Womens white check printed kurta - white,Size:XX-Large,"Rs
1599",799,50% off,Indianwear-Women
16235,Neerus,Solid silk boat neck womens ankle length kurta - pink,Size:XX-Large,Nan,2299,No Discount,Indianwear-Women
16236,Aurelia,Dyed rayon v-neck womens above knee kurta - red,"Size:4X-Large,Large,Medium,Small,XXX-Large","Rs
1499",899,40% off,Indianwear-Women
16237,Yuris,Printed v-neck cotton womens kurta palazzo set - blue,"Size:Small,XX-Large","Rs
3499",1399,60% off,Indianwear-Women
16238,Yuris,Lace round neck cotton womens kurta palazzo set - multi,Size:Small,"Rs
3499",1399,60% off,Indianwear-Women
16239,Yuris,Gotta patti round neck cotton womens kurta palazzo set - peach,Size:XX-Large,"Rs
2799",1259,55% off,Indianwear-Women
16240,Yuris,Gotta patti mandarin neck cotton womens kurta palazzo set - dark green,"Size:Medium,Small","Rs
2499",1249,50% off,Indianwear-Women
16241,Global desi,Womens tie up neck printed top - off white,"Size:XL,XX-Large","Rs
1499",599,60% off,Indianwear-Women
16242,Varanga,Womens mandarin collar woven kurta - fuchsia,Size:Small,"Rs
1999",799,60% off,Indianwear-Women
16243,Juniper,Woven design mandarin collar a-line fit womens kurta - white,Size:Small,"Rs
1999",999,50% off,Indianwear-Women
16244,Varanga,Womens printed yoke kurta with pompom lace on sleeves with overall elasticated printed palazzo - blue,Size:XX-Large,"Rs
3399",1699,50% off,Indianwear-Women
16245,Varanga,Womens lime multi color embroidery kurta with stylised bell sleeves - lime green,Size:Small,"Rs
2199",989,55% off,Indianwear-Women
16246,Ira soleil,Solid chiffon round neck womens top - maroon,Size:Small,Nan,2699,No Discount,Indianwear-Women
16247,Juniper,Womens peach rayon flex embroidered a-line kurta with pocket - peach,Size:X-Large,"Rs
1799",899,50% off,Indianwear-Women
16248,Global desi,Womens solid top - peach,"Size:Small,X-Small","Rs
1999",799,60% off,Indianwear-Women
16249,Varanga,Viscose rayon womens casual trousers - black,"Size:Medium,Small","Rs
1499",749,50% off,Indianwear-Women
16250,Juniper,Womens maroon georgette embroidered tiered dress with poly crepe lining & dori - maroon,Size:XX-Large,"Rs
3299",1484,55% off,Indianwear-Women
16251,De moza,Solid regular fit cotton womens casual wear pants - natural,Size:XXX-Large,Nan,999,No Discount,Indianwear-Women
16252,Ziyaa,Printed polyester round neck womens straight kurta - pink,"Size:Large,Medium,Small,X-Large,XX-Large,XXX-Large","Rs
1332",666,50% off,Indianwear-Women
16253,Juniper,Printed rayon mandarin womens flared dress - indigo,"Size:Large,Medium,Small,X-Large","Rs
1999",1299,35% off,Indianwear-Women
16254,Global desi,Solid viscose tapered fit womens trousers - black,"Size:XL,Large,Medium,Small,X-Small",Nan,2199,No Discount,Indianwear-Women
16255,W,Printed viscose round neck womens straight kurta - yellow,"Size:6,8,10,14,16,18",Nan,1699,No Discount,Indianwear-Women
16256,De moza,Regular fit regular length cotton womens leggings - deep navy,"Size:Large,Medium,Small",Nan,999,No Discount,Indianwear-Women
16257,Global desi,Solid viscose round neck womens regular kurta - sage,"Size:XL,Large,Medium,Small","Rs
1699",1359,20% off,Indianwear-Women
16258,De moza,Solid rayon womens regular length palazzo - fuchsia,"Size:Large,Medium,Small",Nan,1299,No Discount,Indianwear-Women
16259,Ziyaa,Printed round neck polyester womens salwar kurta and dupatta set - pink,"Size:Large,Medium,Small,X-Large,XX-Large,XXX-Large","Rs
2285",1599,30% off,Indianwear-Women
16260,Ziyaa,Checks round neck rayon womens ethnic set - blue,"Size:Large,Medium,Small,X-Large,XX-Large,XXX-Large","Rs
3120",1248,60% off,Indianwear-Women
16261,Global desi,Solid cotton womens festive wear pallazo - natural,"Size:XL,Large,Medium,Small","Rs
2499",1749,30% off,Indianwear-Women
16262,Stop,Womens solid legging for winter wear - charcoal,"Size:Large,Medium,Small,X-Large,XX-Large","Rs
899",449,50% off,Indianwear-Women
16263,Global desi,Stripes mandarin neck cotton womens flared dress - pink,"Size:Large,Medium,Small,X-Small","Rs
2999",1949,35% off,Indianwear-Women
16264,Janasya,Floral polyester blend mandarin neck womens a-line top - blue,"Size:Large,Medium,Small,X-Large,X-Small,XX-Large,XXX-Large","Rs
1699",849,50% off,Indianwear-Women
16265,Global desi,Striped round neck womens kurta - white,"Size:XL,Large,Medium,Small,X-Small","Rs
1799",899,50% off,Indianwear-Women
16266,Global desi,Polyester festive wear women saree - wine,"Size:XL,Large,Medium,Small,X-Small","Rs
5999",4799,20% off,Indianwear-Women
16267,Indya,Embroidered georgette round neck womens regular tunic - pink,"Size:Large,Medium,Small,X-Small","Rs
3200",1600,50% off,Indianwear-Women
16268,Janasya,Solid rayon v neck womens salwar suit - maroon,"Size:Large,Medium,Small,X-Large,X-Small,XX-Large,XXX-Large","Rs
3599",1439,60% off,Indianwear-Women
16269,Fusion beats,Womens solid pants - pink,"Size:Small,X-Large,XX-Large","Rs
1999",799,60% off,Indianwear-Women
16270,De moza,Solid skinny fit viscose womens leggings - emerald,"Size:4X-Large,Medium,Small,XX-Large,XXX-Large",Nan,599,No Discount,Indianwear-Women
16271,Ziyaa,Printed polyester off shoulder womens ethnic set - black,"Size:Large,Medium,Small,X-Large,XX-Large,XXX-Large","Rs
4510",1804,60% off,Indianwear-Women
16272,Fusion beats,Womens round neck solid embroidered kurta - sage,"Size:Medium,Small,XX-Large","Rs
2799",1119,60% off,Indianwear-Women
16273,De moza,Solid skinny fit cotton womens leggings - parrot green,"Size:Large,Medium,Small,X-Large,XX-Large",Nan,499,No Discount,Indianwear-Women
16274,Janasya,Womens dark green poly crepe kurta with attached scarf (jne3383) - dark green,"Size:Large,Medium,Small,X-Large,XX-Large,XXX-Large","Rs
1699",679,60% off,Indianwear-Women
16275,W,Printed viscose mandarin womens kurta - blue,"Size:6,8,10,12,14,16,18","Rs
1899",1424,25% off,Indianwear-Women
16276,W,Regular cotton woven designer womens pants - green,"Size:8,12,14","Rs
1699",1019,40% off,Indianwear-Women
16277,Nachtmann,Geometric viscose round neck womens straight top - aqua,"Size:XL,Large,Medium,Small,X-Small,XX-Large","Rs
1599",1279,20% off,Indianwear-Women
16278,Janasya,Cotton flex womens kurta with pant and dupatta set - red,"Size:Large,Medium","Rs
3798",1709,55% off,Indianwear-Women
16279,Varanga,Printed round neck cotton womens ethnic set - yellow,"Size:Large,Medium,X-Large,XX-Large","Rs
4999",1749,65% off,Indianwear-Women
16280,Ira soleil,Womens black flared gold printed skirt - black,"Size:Large,Medium,Small,X-Large",Nan,2699,No Discount,Indianwear-Women
16281,W,Printed cotton mandarin womens ankle length kurta - yellow,"Size:12,14,16","Rs
2799",1399,50% off,Indianwear-Women
16282,Janasya,Floral cotton mandarin womens kurta palazzo set with dupatta - blue,"Size:Large,Medium,Small,X-Large,X-Small,XX-Large","Rs
3839",2111,45% off,Indianwear-Women
16283,Indya,Womens printed a-line tunic - blue,"Size:Medium,Small,X-Small","Rs
2400",1200,50% off,Indianwear-Women
16284,Aarke,Printed cowl neck polyester blend womens long dress - white,"Size:Medium,Small,X-Small",Nan,3400,No Discount,Indianwear-Women
16285,Fusion beats,Womens round neck printed kurta - brown,"Size:X-Large,XX-Large,XXX-Large","Rs
2299",919,60% off,Indianwear-Women
16286,Ziyaa,Printed polyester v neck womens kurta palazzo set - off white,"Size:Large,Medium,Small,X-Large,XX-Large,XXX-Large","Rs
4645",1858,60% off,Indianwear-Women
16287,De moza,Solid skinny fit cotton womens leggings - indigo,"Size:Large,Medium,X-Large,XX-Large",Nan,499,No Discount,Indianwear-Women
16288,Global desi,Solid viscose round neck women flared tops - teal,"Size:XL,Large,Medium,Small,X-Small","Rs
1699",1189,30% off,Indianwear-Women
16289,Global desi,Solid viscose v neck womens regular tunic - yellow,"Size:XL,Medium,Small,XX-Large",Nan,1799,No Discount,Indianwear-Women
16290,Global desi,Solid polyester womens regular palazzo - pink,"Size:XL,Large,Medium,Small,X-Small","Rs
2699",1754,35% off,Indianwear-Women
16291,Indya,Embroidered silk scoop neck womens regular tunic - purple,"Size:Large,Medium,Small,X-Large,X-Small,XX-Large","Rs
3200",1600,50% off,Indianwear-Women
16292,Indya,Geometric viscose scoop neck womens a-line tunic - blue,"Size:Large,Medium,Small,X-Large,X-Small,XX-Large","Rs
2400",1920,20% off,Indianwear-Women
16293,Fusion beats,Womens solid palazzos - lilac,"Size:Large,Medium,Small,X-Small","Rs
1999",799,60% off,Indianwear-Women
16294,Neerus,Printed rayon mandarin womens ankle length kurta - red,Size:XXX-Large,"Rs
2399",1199,50% off,Indianwear-Women
16295,Ziyaa,Printed rayon round neck womens straight kurta - maroon,"Size:Large,Medium,Small,X-Large,XX-Large,XXX-Large","Rs
2063",825,60% off,Indianwear-Women
16296,Haute curry,Printed flex round neck womens regular top - grey,"Size:Large,Medium,Small,X-Large,X-Small,XX-Large","Rs
899",449,50% off,Indianwear-Women
16297,Janasya,Round neck straight designer womens kurta - yellow,"Size:Medium,Small,X-Large,X-Small,XX-Large","Rs
1399",559,60% off,Indianwear-Women
16298,Janasya,Geometric round neck rayon womens calf length kurta - navy,"Size:Large,Medium,Small,X-Small,XXX-Large","Rs
1649",824,50% off,Indianwear-Women
16299,Yuris,Gotta patti round neck cotton womens kurta palazzo set - blue,"Size:Large,Medium,Small,X-Large,XX-Large,XXX-Large","Rs
3499",1399,60% off,Indianwear-Women
16300,Aurelia,Dyed cotton v-neck womens above knee kurta - yellow,"Size:Large,Medium,Small,X-Large,X-Small",Nan,1699,No Discount,Indianwear-Women
16301,Global desi,Solid viscose collar neck womens regular tunic - white,"Size:XL,Large,Medium,Small,X-Small,XX-Large",Nan,1899,No Discount,Indianwear-Women
16302,Varanga,Wine silk floral zari and sequins embroidery kurta with gota work sleeves with golden woven trousers - magenta,"Size:Large,Small,X-Large","Rs
3799",1519,60% off,Indianwear-Women
16303,Global desi,Geometric shirt collar womens top - natural,"Size:XL,Large,Medium,Small,X-Small","Rs
1699",849,50% off,Indianwear-Women
16304,Indya,Floral print viscose round neck womens regular tunic - green,"Size:Large,Medium,Small,X-Small","Rs
2200",1100,50% off,Indianwear-Women
16305,De moza,Solid regular fit cotton womens workwear pants - white,Size:XXX-Large,Nan,799,No Discount,Indianwear-Women
16306,De moza,Printed cotton regular fit womens palazzos - indigo,"Size:Large,Medium,Small,X-Large","Rs
1499",899,40% off,Indianwear-Women
16307,Janasya,Womens peach poly crepe kurta (jne3454) - peach,"Size:Large,Medium,Small,X-Large,X-Small,XX-Large","Rs
1549",619,60% off,Indianwear-Women
16308,Ziyaa,Printed crepe round neck womens straight kurta - peach,"Size:Large,Medium,Small,X-Large,XX-Large,XXX-Large","Rs
1715",600,65% off,Indianwear-Women
16309,Kami kubi,Printed silk blend v neck womens ethnic set - natural,"Size:Large,Medium,Small,X-Large,X-Small,XX-Large","Rs
5999",2399,60% off,Indianwear-Women
16310,Janasya,Floral round neck crepe womens calf length kurta - peacock,"Size:Large,Medium,Small,X-Large,XX-Large","Rs
1499",524,65% off,Indianwear-Women
16311,Ziyaa,Floral round neck rayon womens ethnic set - pink,"Size:Large,Medium,Small,X-Large,XX-Large,XXX-Large","Rs
2333",933,60% off,Indianwear-Women
16312,De moza,Solid skinny fit cotton womens leggings - lemon,"Size:4X-Large,Large,Medium,Small,X-Large,X-Small,XX-Large",Nan,449,No Discount,Indianwear-Women
16313,De moza,Dyed regular fit rayon womens casual wear pants - navy,"Size:Large,Medium,Small,X-Large","Rs
1299",779,40% off,Indianwear-Women
16314,Janasya,Printed cotton round neck womens empire line top - green,"Size:Large,Medium,Small,X-Large,XX-Large,XXX-Large","Rs
1499",824,45% off,Indianwear-Women
16315,De moza,Skinny fit ankle length length cotton womens leggings - black,"Size:Large,Medium,XX-Large",Nan,1499,No Discount,Indianwear-Women
16316,Ziyaa,Floral round neck crepe womens salwar kurta and dupatta set - pink,"Size:Large,Medium,Small,X-Large,XX-Large,XXX-Large","Rs
3903",1561,60% off,Indianwear-Women
16317,Kami kubi,Polka dots viscose mandarin neck womens a-line ethnic set - yellow,"Size:Large,Medium,Small,X-Small,XX-Large","Rs
4999",1999,60% off,Indianwear-Women
16318,Ira soleil,Regular fit full length polyester womens casual skirt - white,"Size:Large,Medium,Small,X-Large",Nan,1489,No Discount,Indianwear-Women
16319,Global desi,Geometric polyester round neck womens regular dress - maroon,"Size:XL,Large,Medium,X-Small,XX-Large","Rs
3799",1899,50% off,Indianwear-Women
16320,Global desi,Floral round neck straight womens kurta - pink,"Size:Large,Medium,Small,X-Small","Rs
1999",1299,35% off,Indianwear-Women
16321,Janasya,Womens magenta poly crepe kurta with pant (set130) - red,"Size:Medium,Small,X-Large,X-Small","Rs
2299",1034,55% off,Indianwear-Women
16322,Ziyaa,Printed crepe mandarin womens straight kurta - maroon,"Size:Large,Medium,Small,X-Large,XX-Large,XXX-Large","Rs
1390",625,55% off,Indianwear-Women
16323,Stop,Printed flex mandarin collar womens a-line kurta - yellow,"Size:S,M,L,X-Large,X-Small,XX-Large","Rs
1299",649,50% off,Indianwear-Women
16324,De moza,Jaquard tassel polyester round neck womens regular fit top - red,Size:XX-Large,Nan,999,No Discount,Indianwear-Women
16325,Janasya,Floral cotton mandarin womens kurta palazzo set with dupatta - yellow,"Size:Large,Medium,Small,X-Large,X-Small,XX-Large,XXX-Large","Rs
3699",1479,60% off,Indianwear-Women
16326,De moza,Solid skinny fit cotton womens leggings - dark grey,"Size:4X-Large,Large,Medium,Small,X-Large,XX-Large",Nan,449,No Discount,Indianwear-Women
16327,W,Solid polyester regular fit womens casual pants - gold,"Size:6,8,10,12,16,18",Nan,1699,No Discount,Indianwear-Women
16328,Aarke,Printed round neck cotton blend womens dress - blue,"Size:Large,Medium,Small,X-Small",Nan,2900,No Discount,Indianwear-Women
16329,De moza,Relaxed fit regular length polyester womens festive skirt - mustard,"Size:Medium,X-Large",Nan,2499,No Discount,Indianwear-Women
16330,Ziyaa,Geometric rayon round neck womens straight kurta - maroon,"Size:Large,Medium,Small,X-Large,XX-Large,XXX-Large","Rs
1830",732,60% off,Indianwear-Women
16331,De moza,Jaquard tassel polyester round neck womens regular fit top - black,Size:XX-Large,Nan,999,No Discount,Indianwear-Women
16332,Global desi,Womens regular fit floral kurta - off white,"Size:XL,Large,Medium,Small,XX-Large","Rs
1999",799,60% off,Indianwear-Women
16333,Aurelia,Mandarin straight designer womens kurtas - green,"Size:Large,Medium,Small,X-Large,X-Small,XX-Large",Nan,1299,No Discount,Indianwear-Women
16334,Janasya,Poly crepe womens kurta - maroon,"Size:Large,Medium,Small,X-Large,X-Small,XX-Large","Rs
1599",639,60% off,Indianwear-Women
16335,Ziyaa,Printed polyester round neck womens ethnic set - peacock,"Size:Large,Medium,Small,X-Large,XX-Large,XXX-Large","Rs
4637",1854,60% off,Indianwear-Women
16336,De moza,Solid skinny fit viscose womens leggings - ecru,"Size:4X-Large,Large,Medium,Small,X-Large,XX-Large,XXX-Large",Nan,599,No Discount,Indianwear-Women
16337,Ziyaa,Floral mandarin rayon womens ethnic set - pink,"Size:Large,Medium,Small,X-Large,XX-Large,XXX-Large","Rs
3023",1209,60% off,Indianwear-Women
16338,Varanga,Womens v-neck solid kurta set - yellow,"Size:Large,Medium,Small,X-Large,XX-Large","Rs
5299",2384,55% off,Indianwear-Women
16339,Fusion beats,Womens round neck slub top - natural,"Size:Large,Medium,Small,X-Large","Rs
1499",599,60% off,Indianwear-Women
16340,Janasya,Printed round neck straight designer womens kurtas - yellow,"Size:Medium,Small,X-Large,X-Small,XX-Large","Rs
1399",559,60% off,Indianwear-Women
16341,Aurelia,Printed viscose round neck womens knee length kurta - grey,"Size:Medium,Small,X-Large,X-Small",Nan,1299,No Discount,Indianwear-Women
16342,Fusion beats,Womens round neck printed top - lime green,"Size:X-Large,XX-Large","Rs
1399",559,60% off,Indianwear-Women
16343,Ziyaa,Printed crepe boat neck womens straight kurta - white,"Size:Large,Medium,Small,X-Large,XX-Large,XXX-Large","Rs
1248",561,55% off,Indianwear-Women
16344,Ziyaa,Solid round neck polyester womens salwar kurta and dupatta set - cream,"Size:Large,Medium,Small,X-Large,XX-Large,XXX-Large","Rs
3609",1443,60% off,Indianwear-Women
16345,Ziyaa,Printed round neck crepe womens ethnic set - natural,"Size:Large,Medium,Small,X-Large,XX-Large,XXX-Large","Rs
2755",1102,60% off,Indianwear-Women
16346,Indya,Geometric viscose square neck womens a-line tunic - yellow,"Size:Medium,Small,X-Large,X-Small,XX-Large","Rs
2950",2360,20% off,Indianwear-Women
16347,Indya,Embroidered georgette womens regular length pants - blue,"Size:Large,Medium,Small,X-Large,X-Small,XX-Large","Rs
2600",1300,50% off,Indianwear-Women
16348,Myshka,Solid cotton round neck womens kurta palazzo set - red,"Size:Large,Medium,Small,X-Large,XX-Large","Rs
4999",2499,50% off,Indianwear-Women
16349,Fusion beats,Womens printed kurta - yellow,"Size:Large,Medium,Small,X-Large","Rs
1899",759,60% off,Indianwear-Women
16350,Fusion beats,Womens boat neck printed kurta - yellow,"Size:Large,Medium,Small","Rs
1699",679,60% off,Indianwear-Women
16351,Stop,Womens solid knee length casual wear straight kurta - mustard,"Size:S,M,L,X-Large,X-Small,XX-Large","Rs
899",449,50% off,Indianwear-Women
16352,Kashish,Solid open a-line fit womens kurta - grey,"Size:Large,Medium,Small,X-Large","Rs
1699",849,50% off,Indianwear-Women
16353,De moza,Solid skinny fit cotton womens leggings - peacock,"Size:Large,Medium,Small,X-Large,XX-Large",Nan,499,No Discount,Indianwear-Women
16354,Ziyaa,Printed polyester off shoulder womens ethnic set - mustard,"Size:Large,Medium,Small,X-Large,XX-Large,XXX-Large","Rs
4767",1906,60% off,Indianwear-Women
16355,Ziyaa,Printed collar neck rayon womens ethnic set - navy,"Size:Large,Medium,Small,X-Large,XX-Large,XXX-Large","Rs
3045",1218,60% off,Indianwear-Women
16356,De moza,Printed rayon comfort fit womens culottes - dark grey,"Size:Large,Medium,Small,X-Large",Nan,1299,No Discount,Indianwear-Women
16357,Global desi,Floral viscose v neck womens knee length kurta - grey,"Size:XL,Large,Medium,Small,X-Small,XX-Large","Rs
2099",1364,35% off,Indianwear-Women
16358,Varanga,Womens round neck floral kurta set - mustard,"Size:Large,Medium,Small,X-Large,XX-Large","Rs
3199",1599,50% off,Indianwear-Women
16359,Ziyaa,Printed rayon mandarin womens straight kurta - red,"Size:Large,Medium,Small,X-Large,XX-Large,XXX-Large","Rs
1955",782,60% off,Indianwear-Women
16360,Ziyaa,Geometric rayon round neck womens straight kurta - green,"Size:Large,Medium,Small,X-Large,XX-Large,XXX-Large","Rs
1853",741,60% off,Indianwear-Women
16361,Global desi,Geometric viscose v neck womens regular top - black,"Size:XL,Large,Medium,Small","Rs
1699",1189,30% off,Indianwear-Women
16362,De moza,Solid rayon womens regular length palazzo - navy,"Size:Large,Medium,Small,X-Large,XX-Large","Rs
1299",779,40% off,Indianwear-Women
16363,Ziyaa,Floral mandarin rayon womens ethnic set - blue,"Size:Large,Medium,Small,X-Large,XX-Large,XXX-Large","Rs
2395",958,60% off,Indianwear-Women
16364,De moza,Solid polyester womens cigarette pants - gold,Size:X-Small,Nan,1099,No Discount,Indianwear-Women
16365,Ziyaa,Floral round neck rayon womens ethnic set - green,"Size:Large,Medium,Small,X-Large,XX-Large,XXX-Large","Rs
2713",1085,60% off,Indianwear-Women
16366,Aurelia,Dyed cotton round neck womens ethnic set - green,"Size:Large,Medium,Small,X-Large,X-Small",Nan,1699,No Discount,Indianwear-Women
16367,Janasya,Embroidered velvet round neck womens kurta palazzo set - pink,"Size:Large,Medium,Small,X-Large,X-Small,XX-Large,XXX-Large","Rs
4998",2249,55% off,Indianwear-Women
16368,Aarke,Printed round neck chiffon womens dress - pink,"Size:Large,Medium,Small",Nan,3600,No Discount,Indianwear-Women
16369,Fusion beats,Key hole neck regular fit womens kurta - grey,"Size:Large,Medium,Small,X-Large,XX-Large","Rs
1799",899,50% off,Indianwear-Women
16370,W,Printed regular fit viscose womens festive wear pants - blue,"Size:6,8,10,12,14,16,18","Rs
1899",1424,25% off,Indianwear-Women
16371,Ziyaa,Geometric round neck rayon womens ethnic set - green,"Size:Large,Medium,Small,X-Large,XX-Large,XXX-Large","Rs
2663",1065,60% off,Indianwear-Women
16372,De moza,Solid rayon regular fit womens palazzos - red,"Size:Large,Medium,Small","Rs
999",599,40% off,Indianwear-Women
16373,Varanga,Pastel pink floral printed heavy anarkali kurta with 3/4th printed sleeves - pink,"Size:Large,XX-Large","Rs
3999",1799,55% off,Indianwear-Women
16374,Global desi,Floral cotton round neck womens ankle length kurta - white,"Size:XL,Large,Medium,Small,X-Small,XX-Large","Rs
2999",1949,35% off,Indianwear-Women
16375,Yuris,Printed mandarin neck cotton womens kurta palazzo set - peach,"Size:Large,Medium,Small,X-Large,XX-Large","Rs
2499",1124,55% off,Indianwear-Women
16376,Kami kubi,Textured round neck cotton womens flared dress - black,"Size:Large,Medium,Small,X-Large,X-Small","Rs
2499",874,65% off,Indianwear-Women
16377,W,Solid cotton flex mandarin womens calf length kurta - peach,"Size:6,8,10,12,14,18,22",Nan,1499,No Discount,Indianwear-Women
16378,Janasya,Womens blue cotton kurta with pant (set154) - blue,"Size:Large,Medium,Small,X-Large,X-Small","Rs
2949",1474,50% off,Indianwear-Women
16379,Global desi,Geometric regular fit viscose womens festive wear pants - mint,"Size:XL,Large,Medium,Small,X-Small","Rs
2999",2399,20% off,Indianwear-Women
16380,W,Solid relaxed fit viscose womens festive pants - blue,"Size:Large,Medium,Small","Rs
1899",1424,25% off,Indianwear-Women
16381,De moza,Relaxed fit regular length polyester womens festive skirt - gold,"Size:Medium,X-Large,XXX-Large",Nan,2499,No Discount,Indianwear-Women
16382,Global desi,Geometric round neck polyester women flared gown - mustard,"Size:XL,Large,Medium,Small,X-Small","Rs
2999",1949,35% off,Indianwear-Women
16383,Aurelia,Printed viscose mandarin neck womens knee length kurta - orange,"Size:Medium,Small,X-Large,X-Small,XX-Large","Rs
1599",799,50% off,Indianwear-Women
16384,Yuris,Printed round neck cotton womens kurta palazzo set - blue,"Size:Large,Medium,Small,X-Large,XX-Large,XXX-Large","Rs
3499",1399,60% off,Indianwear-Women
16385,Yuris,Solid cotton v neck womens kurta set - wine,"Size:Large,Medium,Small,X-Large,XX-Large,XXX-Large","Rs
3999",1399,65% off,Indianwear-Women
16386,Global desi,Geometric viscose round neck womens straight kurta - pink mix,"Size:XL,Large,Medium,Small,XX-Large","Rs
2099",1469,30% off,Indianwear-Women
16387,Stop,Solid mandarin collar a line fit womens kurta - lavender,"Size:S,M,L,XL,X-Small","Rs
1299",649,50% off,Indianwear-Women
16388,Stop,Solid straight fit cotton womens all occasions pants - red,"Size:Large/X-Large,Small/Medium,XX-Large/XXX-Large",Nan,599,No Discount,Indianwear-Women
16389,Varanga,Dyed cotton round neck womens ethnic set - fuchsia,"Size:Large,Medium,Small,X-Large,XX-Large","Rs
5999",2099,65% off,Indianwear-Women
16390,Ira soleil,Self design polyester casual wear womens blouse - pink,"Size:Large,Medium,Small,X-Large",Nan,2999,No Discount,Indianwear-Women
16391,Varanga,Womens wine and zari embroidery straight kurta with roll up sleeves - magenta,"Size:Small,X-Large,XX-Large","Rs
2199",879,60% off,Indianwear-Women
16392,Varanga,Key hole neck silk blend womens indian wear sets - rust,"Size:Large,Small,X-Large,XX-Large","Rs
3999",1799,55% off,Indianwear-Women
16393,Varanga,Gotta patti mandarin straight designer womens kurtas - navy,"Size:Large,Medium,Small,X-Large,XX-Large","Rs
2999",1499,50% off,Indianwear-Women
16394,Ira soleil,Self design polyester party wear womens blouse - peacock,"Size:Large,Medium,Small,X-Large",Nan,1999,No Discount,Indianwear-Women
16395,Ira soleil,Solid chiffon boat neck womens kurta - black,"Size:Large,Medium,Small",Nan,2999,No Discount,Indianwear-Women
16396,Varanga,Round neck womens kurta - red,"Size:Large,Small","Rs
2199",989,55% off,Indianwear-Women
16397,Varanga,Printed cotton round neck womens ethnic set - black,"Size:Large,Medium,Small,X-Large,XX-Large",Nan,3999,No Discount,Indianwear-Women
16398,Juniper,Printed silk blend mandarin womens regular fit kurta - fuchsia,Size:X-Small,"Rs
2599",1039,60% off,Indianwear-Women
16399,Varanga,Round neck womens kurta - mustard,"Size:Large,Small","Rs
1799",989,45% off,Indianwear-Women
16400,Varanga,Key hole neck womens kurta - mauve,"Size:Medium,Small,X-Large","Rs
2999",1049,65% off,Indianwear-Women
16401,Haute curry,Printed ankle length casual wear straight border dress - yellow,"Size:Large,Medium,Small,X-Large,X-Small,XX-Large","Rs
1299",649,50% off,Indianwear-Women
16402,W,Solid viscose regular fit womens parallel pants - ecru,"Size:8,16",Nan,1799,No Discount,Indianwear-Women
16403,Aurelia,Dyed collared neck rayon blend womens flared dress - white,"Size:Medium,X-Small","Rs
1899",1329,30% off,Indianwear-Women
16404,Janasya,Floral round neck cotton flex womens flared ethnic dress - green,"Size:Small,X-Small","Rs
2298",1263,45% off,Indianwear-Women
16405,Iti,Solid modal regular fit womens palazzo - orange,"Size:Small,X-Small",Nan,1699,No Discount,Indianwear-Women
16406,Aurelia,Printed mandarin neck viscose womens straight fit dress - blue,Size:X-Small,"Rs
1899",949,50% off,Indianwear-Women
16407,Indya,Embroidered georgette v-neck womens regular tunic - maroon,"Size:Small,X-Small","Rs
3500",1750,50% off,Indianwear-Women
16408,Juniper,Embroidered cotton slub mandarin womens high low kurta - grey,Size:Medium,"Rs
1299",909,30% off,Indianwear-Women
16409,Kami kubi,Printed silk blend round neck womens straight fit ethnic set - green,"Size:Large,Medium","Rs
4999",1999,60% off,Indianwear-Women
16410,W,V- neck chanderi designer womens ethnic set - light brown,"Size:8,18","Rs
8999",6749,25% off,Indianwear-Women
16411,Janasya,Floral crepe collar neck womens kurta palazzo set with dupatta - black,"Size:Small,X-Small","Rs
3299",1154,65% off,Indianwear-Women
16412,Global desi,Floral cotton round neck womens a-line top - dark blue,"Size:Small,X-Small","Rs
2099",1679,20% off,Indianwear-Women
16413,Janasya,Poly crepe womens kurta - wine,"Size:Small,X-Small","Rs
1299",519,60% off,Indianwear-Women
16414,Global desi,Solid viscose rayon round neck womens straight top - red,Size:Small,"Rs
1599",959,40% off,Indianwear-Women
16415,Varanga,Maroon and gold floral block printed tunic with 3/4th sleeves - maroon,Size:XX-Large,"Rs
1599",639,60% off,Indianwear-Women
16416,Aarke,Printed square neck rayon slub womens short top - turquoise,Size:Large,Nan,1700,No Discount,Indianwear-Women
16417,Indya,Jade belted peplum layered tunic - green,Size:X-Small,"Rs
3200",1600,50% off,Indianwear-Women
16418,Varanga,Womens round neck floral kurta set - white,Size:XX-Large,"Rs
3199",1599,50% off,Indianwear-Women
16419,Aurelia,Solid cotton lycra regular fit womens tights - pink,"Size:Large,Small","Rs
699",419,40% off,Indianwear-Women
16420,Varanga,Magenta floral thread embroidered panelled dress with side loops and belt - magenta,Size:Small,"Rs
3599",899,75% off,Indianwear-Women
16421,W,Solid net womens festive wear sharara - natural,"Size:12,18","Rs
2999",1799,40% off,Indianwear-Women
16422,Indya,Mustard foil slit sleeve double layer tunic - yellow,Size:Small,"Rs
2950",1475,50% off,Indianwear-Women
16423,Janasya,Cotton womens tunic - navy,"Size:X-Large,XX-Large,XXX-Large","Rs
1299",519,60% off,Indianwear-Women
16424,W,Round neck velvet designer womens skirt kurta dupatta set - black,Size:16,"Rs
9999",7499,25% off,Indianwear-Women
16425,Global desi,Solid cotton v-neck regular fit womens kurta - blue,"Size:Large,Medium,XX-Large","Rs
1999",799,60% off,Indianwear-Women
16426,Kami kubi,Embellished silk blend womens salwar kurta dupatta set - green,"Size:X-Large,XX-Large","Rs
4999",2249,55% off,Indianwear-Women
16427,Varanga,Embroidered round neck silk blend womens ethnic set - coral,Size:XX-Large,"Rs
6999",2449,65% off,Indianwear-Women
16428,Neerus,Printed flex round neck womens salwar suit - green,"Size:Medium,X-Large","Rs
2699",2159,20% off,Indianwear-Women
16429,Global desi,Chevron viscose shirt collar womens straight gown - pink,"Size:Medium,X-Small","Rs
2199",1429,35% off,Indianwear-Women
16430,Indya,Collar neck regular designer womens tunic - pink,"Size:Medium,Small,X-Small",Nan,2950,No Discount,Indianwear-Women
16431,De moza,Printed regular fit cotton womens casual wear pants - black,"Size:Medium,Small",Nan,999,No Discount,Indianwear-Women
16432,Global desi,Floral viscose shirt collar women's kurta - indigo,Size:X-Small,"Rs
2299",1379,40% off,Indianwear-Women
16433,Aurelia,Printed viscose round neck womens flared dress - green,"Size:Large,Medium,Small,X-Small",Nan,2999,No Discount,Indianwear-Women
16434,Yuris,Motif round neck regular fit womens kurta - multi,Size:Small,"Rs
1599",799,50% off,Indianwear-Women
16435,Janasya,Embroidered cotton round neck womens regular fit top - green,"Size:Medium,X-Large,XX-Large","Rs
1499",524,65% off,Indianwear-Women
16436,Janasya,Womens light green pure cotton kurta with palazzo (set100) - green,"Size:Small,X-Small","Rs
3599",1259,65% off,Indianwear-Women
16437,W,Printed viscose round neck womens calf length kurta - green,Size:16,"Rs
2299",1149,50% off,Indianwear-Women
16438,Indya,Geometric v neck cotton womens regular fit maxi dress - blue,"Size:Small,X-Small",Nan,2100,No Discount,Indianwear-Women
16439,Janasya,Printed round neck polyester womens flared ethnic dress - off white,Size:X-Small,"Rs
3598",1619,55% off,Indianwear-Women
16440,Global desi,Abstract cotton shirt collar womens top - white,"Size:Large,Medium","Rs
1499",899,40% off,Indianwear-Women
16441,Aarke,Embroidered poly cotton round neck womens ethnic set - gold,"Size:Medium,Small",Nan,5900,No Discount,Indianwear-Women
16442,Indya,Solid georgette regular fit womens festive wear sharara - green,Size:Small,Nan,2200,No Discount,Indianwear-Women
16443,W,Printed cotton flex round neck womens straight kurta - ecru,Size:6,Nan,1699,No Discount,Indianwear-Women
16444,Sanaa,Womens tie up neck printed kurti - green,Size:XX-Large,Nan,1349,No Discount,Indianwear-Women
16445,Global desi,Solid regular fit womens casual wear pants - olive,Size:X-Small,"Rs
2299",1379,40% off,Indianwear-Women
16446,Fusion beats,Womens collared embroidered shirt - blue,"Size:Small,X-Small","Rs
1999",799,60% off,Indianwear-Women
16447,Global desi,Round neck straight women kurtas - white,Size:XL,"Rs
3199",2559,20% off,Indianwear-Women
16448,Global desi,Solid tie-up neck viscose rayon womens flared dress - coral,"Size:XL,Small,X-Small","Rs
2699",1349,50% off,Indianwear-Women
16449,Global desi,Womens cotton tie up neck kurta - aqua,"Size:Small,XX-Large","Rs
2599",1039,60% off,Indianwear-Women
16450,Global desi,Striped cotton mandarin collar womens straight top - blue,"Size:Small,X-Small","Rs
1999",1199,40% off,Indianwear-Women
16451,Yuris,Printed round neck cotton womens kurta palazzo set - grey,"Size:Medium,Small,X-Large","Rs
2499",1124,55% off,Indianwear-Women
16452,Yuris,Floral cotton round neck womens regular kurta - multi,Size:Small,"Rs
1799",809,55% off,Indianwear-Women
16453,Yuris,Abstract cotton mandarin womens regular kurta - multi,"Size:Large,Small","Rs
1299",649,50% off,Indianwear-Women
16454,Janasya,Floral v neck regular fit womens kurta - natural,Size:Medium,"Rs
2129",1170,45% off,Indianwear-Women
16455,Yuris,Floral cotton round neck womens kurta set - navy,"Size:Medium,Small,XX-Large","Rs
3999",1599,60% off,Indianwear-Women
16456,Yuris,Floral cotton v neck womens salwar suit - multi,"Size:Large,Small,XX-Large","Rs
2999",1199,60% off,Indianwear-Women
16457,Global desi,Solid regular fit full length viscose womens trousers - black,"Size:Large,Medium,Small","Rs
2199",1099,50% off,Indianwear-Women
16458,Varanga,Printed cotton round neck womens straight fit kurta - blue,"Size:Large,Small","Rs
2799",839,70% off,Indianwear-Women
16459,Varanga,Round neck womens kurta - lime green,Size:X-Large,"Rs
4399",1979,55% off,Indianwear-Women
16460,Varanga,Womens maroon and gold floral block printed tunic - maroon,Size:XX-Large,"Rs
1599",719,55% off,Indianwear-Women
16461,Varanga,Womens maroon floral kalamkari hand block printed kurta with gota and pom pom embellishment - maroon,"Size:Large,X-Large","Rs
1999",899,55% off,Indianwear-Women
16462,Global desi,Floral polyester mandarin womens fit and flare top - mustard,Size:X-Small,"Rs
2199",1539,30% off,Indianwear-Women
16463,Janasya,Floral round neck regular fit womens kurta - orange,Size:X-Small,"Rs
1899",759,60% off,Indianwear-Women
16464,Indya,Embroidered cotton womens calf length kurta - yellow,"Size:Medium,Small",Nan,2950,No Discount,Indianwear-Women
16465,Indya,Womens printed a-line tunic - green,"Size:Large,Small,X-Small","Rs
1900",950,50% off,Indianwear-Women
16466,W,Regular length polyester woven womens regular fit salwar - green,"Size:8,12,18","Rs
1999",1199,40% off,Indianwear-Women
16467,Global desi,Floral viscose mandarin collar women's top - pink,"Size:Medium,Small,X-Small","Rs
1499",899,40% off,Indianwear-Women
16468,Indya,Embroidered georgette regular fit womens top - green,"Size:Medium,Small,XX-Large",Nan,1800,No Discount,Indianwear-Women
16469,Global desi,Solid collar womens tunic - navy,"Size:Large,Medium,Small,X-Small,XX-Large",Nan,1699,No Discount,Indianwear-Women
16470,Global desi,Floral viscose rayon choker neck womens top - aqua,"Size:Small,X-Small","Rs
1599",959,40% off,Indianwear-Women
16471,Ziyaa,Solid polyester mandarin womens straight kurta - brown,"Size:Large,Medium,Small,X-Large,XX-Large,XXX-Large","Rs
1296",648,50% off,Indianwear-Women
16472,Aurelia,Round neck straight designer womens kurtas - red,"Size:Large,Medium,Small,X-Small",Nan,1399,No Discount,Indianwear-Women
16473,Indya,Peach gota patti yoke straight kurta - orange,"Size:Small,X-Small,XX-Large","Rs
2200",1100,50% off,Indianwear-Women
16474,Fusion beats,Womens round neck embroidered kurta - birch,Size:Large,"Rs
3499",1399,60% off,Indianwear-Women
16475,Amukti,Printed rayon womens kurta - black,Size:Small,"Rs
1499",749,50% off,Indianwear-Women
16476,Global desi,Women regular straight pants - gold,"Size:Medium,Small","Rs
1999",1199,40% off,Indianwear-Women
16477,Janasya,Cotton flex womens kurta with pant and dupatta set - red,"Size:Small,X-Large,X-Small,XX-Large,XXX-Large","Rs
3798",1709,55% off,Indianwear-Women
16478,Global desi,Regular viscose womens trousers - black,Size:Large,Nan,1699,No Discount,Indianwear-Women
16479,Varanga,Maroon and gold floral zari and thread embroidery flared kurta with golden woven trousers - maroon,"Size:Large,Medium,Small,XX-Large","Rs
3799",1519,60% off,Indianwear-Women
16480,Kashish,Womens mandarin collar embroidered kurta - natural,Size:Large,Nan,2199,No Discount,Indianwear-Women
16481,Ziyaa,Printed rayon collar neck womens straight kurta - pink,"Size:Large,Medium,Small,X-Large,XX-Large,XXX-Large","Rs
1993",797,60% off,Indianwear-Women
16482,Janasya,Cotton womens kurta - green,"Size:Large,Medium,Small,X-Large,X-Small,XX-Large,XXX-Large","Rs
1998",1198,40% off,Indianwear-Women
16483,De moza,Printed cotton regular fit womens palazzos - mint,"Size:Large,Medium",Nan,1499,No Discount,Indianwear-Women
16484,Ziyaa,Solid round neck polyester womens salwar kurta and dupatta set - blue,"Size:Large,Medium,Small,X-Large,XX-Large,XXX-Large","Rs
1808",1265,30% off,Indianwear-Women
16485,De moza,Solid polyester womens regular length palazzo - bottle green,"Size:Large,Medium,X-Large,XX-Large",Nan,1299,No Discount,Indianwear-Women
16486,Indya,Foil print ruhani silk womens regular length palazzo pants - orange,"Size:Large,Medium,Small,X-Large,X-Small,XX-Large","Rs
1850",925,50% off,Indianwear-Women
16487,Amukti,Solid rayon womens kurta - mustard,"Size:Medium,X-Large","Rs
1049",524,50% off,Indianwear-Women
16488,Janasya,Womens brown poly crepe kurta with attached jacket (jne3400) - brown,Size:X-Small,"Rs
1399",699,50% off,Indianwear-Women
16489,De moza,Printed regular fit cotton womens casual wear pants - navy,"Size:Large,Medium,XX-Large",Nan,1299,No Discount,Indianwear-Women
16490,Varanga,Wine and zari embroidery straight kurta with roll up sleeves and golden woven trousers - magenta,"Size:Small,X-Large,XX-Large","Rs
3599",1439,60% off,Indianwear-Women
16491,Amukti,Floral cotton mandarin collar womens straight kurta - natural,"Size:X-Large,XXX-Large","Rs
1299",909,30% off,Indianwear-Women
16492,Indya,Embellished square neck regular fit womens top - green,"Size:Large,Medium,Small,X-Large,X-Small,XX-Large",Nan,1400,No Discount,Indianwear-Women
16493,De moza,Solid skinny fit cotton womens leggings - olive,"Size:Large,Medium,Small,X-Large,XX-Large",Nan,499,No Discount,Indianwear-Women
16494,W,Solid polyester regular fit womens festive pants - gold,"Size:Large,Medium,Small",Nan,2499,No Discount,Indianwear-Women
16495,De moza,Solid skinny fit cotton womens leggings - rust,"Size:Large,Medium,Small,X-Large,XX-Large",Nan,499,No Discount,Indianwear-Women
16496,Janasya,Tie and dye round neck regular fit womens kurta - blue,"Size:Large,Medium,Small,X-Large,X-Small,XX-Large,XXX-Large","Rs
2198",1099,50% off,Indianwear-Women
16497,Aurelia,Printed rayon blend round neck womens straight kurta - grey,"Size:Large,Small,X-Large","Rs
1699",849,50% off,Indianwear-Women
16498,Kami kubi,Solid cotton v-neck womens straight fit ethnic set - red,"Size:Large,Medium,Small,X-Small","Rs
3999",1399,65% off,Indianwear-Women
16499,Ziyaa,Geometric round neck rayon womens ethnic set - blue,"Size:Large,Medium,Small,X-Large,XX-Large,XXX-Large","Rs
2680",1072,60% off,Indianwear-Women
16500,De moza,Regular fit regular length cotton womens leggings - anthra melange,"Size:Large,Medium,Small,X-Large,XX-Large",Nan,999,No Discount,Indianwear-Women
16501,Indya,Printed silk womens ankle length palazzo - green,"Size:Large,Medium,Small,X-Large,X-Small,XX-Large","Rs
2200",1100,50% off,Indianwear-Women
16502,Neerus,Embroidered chanderi round neck womens ankle length kurta - mustard,Size:Medium,"Rs
2999",1499,50% off,Indianwear-Women
16503,Global desi,Solid viscose round neck womens straight top - yellow,"Size:XL,Large,Medium,Small,X-Small,XX-Large","Rs
1899",1519,20% off,Indianwear-Women
16504,Ira soleil,Schiffli cotton blend round neck womens kurta palazzo set - maroon,"Size:Large,Medium,Small",Nan,3999,No Discount,Indianwear-Women
16505,Varanga,Womens round neck solid dresses - natural,"Size:Large,Medium,Small,X-Large","Rs
2199",1099,50% off,Indianwear-Women
16506,Neerus,Printed rayon round neck womens calf length kurta - navy,"Size:Large,Medium,X-Large,XX-Large",Nan,1699,No Discount,Indianwear-Women
16507,Global desi,Solid cotton mandarin womens regular kurta - natural,"Size:XL,Large,Medium,Small,X-Small,XX-Large","Rs
2799",1819,35% off,Indianwear-Women
16508,Ziyaa,Printed mandarin polyester womens ethnic set - black,"Size:Large,Medium,Small,X-Large,XX-Large,XXX-Large","Rs
2801",1120,60% off,Indianwear-Women
16509,De moza,Printed regular fit cotton womens casual wear pants - navy,"Size:Large,Medium,Small,X-Large,XX-Large",Nan,999,No Discount,Indianwear-Women
16510,Global desi,Dobby polyester mandarin womens knee length kurta - indigo,"Size:XL,Large,Medium,Small,X-Small,XX-Large","Rs
2599",1689,35% off,Indianwear-Women
16511,Global desi,Solid viscose v neck womens straight top - white,"Size:XL,Medium,X-Small,XX-Large","Rs
1699",1359,20% off,Indianwear-Women
16512,Varanga,Embroidered round neck silk blend womens ethnic set - magenta,"Size:Large,Medium,Small,X-Large,XX-Large","Rs
6999",2449,65% off,Indianwear-Women
16513,De moza,Solid skinny fit cotton womens leggings - red,"Size:Large,Medium,Small,X-Large,XX-Large",Nan,499,No Discount,Indianwear-Women
16514,De moza,Solid skinny fit viscose womens leggings - fuchsia,"Size:4X-Large,Large,Medium,Small,X-Large,XX-Large,XXX-Large",Nan,599,No Discount,Indianwear-Women
16515,W,Solid cotton lycra womens festive tights - pink,"Size:Large,Medium,Small","Rs
799",599,25% off,Indianwear-Women
16516,Varanga,Womens round neck embroidered tops & tunics - blue,Size:X-Large,"Rs
1499",749,50% off,Indianwear-Women
16517,Amukti,Bandhani cotton mandarin collar womens straight kurta - pink,"Size:X-Large,XX-Large","Rs
1299",909,30% off,Indianwear-Women
16518,W,Womens solid casual pants - blue,"Size:6,8,10,12,14,16,18",Nan,999,No Discount,Indianwear-Women
16519,Ziyaa,Printed round neck rayon womens ethnic set - maroon,"Size:Large,Medium,Small,X-Large,XX-Large,XXX-Large","Rs
2667",1066,60% off,Indianwear-Women
16520,Ziyaa,Solid round neck polyester womens salwar kurta and dupatta set - turquoise,"Size:Large,Medium,Small,X-Large,XX-Large,XXX-Large","Rs
4303",1721,60% off,Indianwear-Women
16521,Global desi,V- neck a line women kurtas - mustard,"Size:XL,Large,Medium,Small,X-Small,XX-Large","Rs
2399",1679,30% off,Indianwear-Women
16522,Ziyaa,Polka dots cotton boat neck womens kurta palazzo set - black,"Size:Large,Medium,Small,X-Large,XX-Large,XXX-Large","Rs
4796",1918,60% off,Indianwear-Women
16523,Janasya,Womens black poly crepe cape sleeve kurta (jne3334) - black,"Size:Medium,Small","Rs
1549",542,65% off,Indianwear-Women
16524,Janasya,Floral cotton flex round neck womens straight fit ethnic set - cream,"Size:Large,Medium,Small,X-Large,X-Small,XXX-Large","Rs
2498",1498,40% off,Indianwear-Women
16525,Janasya,Cotton flex womens kurta with pant and dupatta set - mustard,"Size:Large,Medium","Rs
3798",1709,55% off,Indianwear-Women
16526,De moza,Solid regular fit cotton womens casual wear pants - natural,"Size:Large,Medium,X-Large",Nan,1299,No Discount,Indianwear-Women
16527,De moza,Solid polyester womens regular length palazzo - dark green,"Size:Large,X-Large,XX-Large",Nan,1499,No Discount,Indianwear-Women
16528,Suti,Stripes rayon mandarin womens ethnic set - olive,"Size:Large,Medium,Small,X-Large,XX-Large","Rs
2699",2159,20% off,Indianwear-Women
16529,Ziyaa,Printed mandarin rayon womens ethnic set - blue,"Size:Large,Medium,Small,X-Large,XX-Large,XXX-Large","Rs
3023",1209,60% off,Indianwear-Women
16530,Ira soleil,Floral taffeta round neck womens casual top - black,"Size:Medium,Small",Nan,1699,No Discount,Indianwear-Women
16531,Aurelia,Printed round neck viscose womens calf length kurta - white,"Size:Large,Medium,Small,X-Large,X-Small,XX-Large",Nan,1299,No Discount,Indianwear-Women
16532,Stop,Fitted full length cotton lycra womens leggings - coral,"Size:S,M,L,X-Large,X-Small","Rs
499",349,30% off,Indianwear-Women
16533,Janasya,Embroidered cotton flex round neck womens a-line top - navy,"Size:Large,Medium,X-Large","Rs
1798",809,55% off,Indianwear-Women
16534,Indya,Maroon double lace border palazzo pants - maroon,"Size:Small,X-Small","Rs
936",468,50% off,Indianwear-Women
16535,Indya,Womens embroidered straight tunic - pink,"Size:Small,X-Small","Rs
2400",1200,50% off,Indianwear-Women
16536,Janasya,Solid ankle length viscose lycra womens leggings - white,Size:X-Large,"Rs
798",478,40% off,Indianwear-Women
16537,Amukti,Geometric cotton mandarin collar womens straight kurta - black,"Size:Small,XX-Large","Rs
1499",1049,30% off,Indianwear-Women
16538,Fusion beats,Womens solid casual palazzos - sage,"Size:Medium,Small,X-Large","Rs
1999",799,60% off,Indianwear-Women
16539,Janasya,Cotton slub womens top - off white,"Size:X-Small,XX-Large","Rs
1299",649,50% off,Indianwear-Women
16540,Ziyaa,Printed mandarin rayon womens ethnic set - grey,"Size:Large,Medium,Small,X-Large,XX-Large,XXX-Large","Rs
2867",1146,60% off,Indianwear-Women
16541,Indya,Solid silk regular fit womens top - green,"Size:Medium,Small,X-Large,X-Small",Nan,1300,No Discount,Indianwear-Women
16542,Global desi,Womens viscose rayon round neck kurta - mid blue,"Size:Medium,Small,X-Small","Rs
1799",899,50% off,Indianwear-Women
16543,Global desi,Solid collar neck cotton womens flared dress - coral,"Size:XL,Large,Medium,Small,X-Small,XX-Large","Rs
2399",1559,35% off,Indianwear-Women
16544,Ziyaa,Printed mandarin rayon womens ethnic set - yellow,"Size:Large,Medium,Small,X-Large,XX-Large,XXX-Large","Rs
2667",1066,60% off,Indianwear-Women
16545,Janasya,Floral round neck cotton womens calf length kurta - coral,Size:X-Small,"Rs
1649",577,65% off,Indianwear-Women
16546,Global desi,Striped round neck womens kurta - multi,"Size:XL,Large,Medium,X-Small,XX-Large","Rs
2199",1099,50% off,Indianwear-Women
16547,Amukti,Striped rayon womens kurta - grey,"Size:X-Large,XX-Large","Rs
1499",749,50% off,Indianwear-Women
16548,Global desi,Printed tie up neck viscose womens ethnic set - black,"Size:XL,Medium,Small","Rs
6999",4549,35% off,Indianwear-Women
16549,Kami kubi,Solid silk blend round neck womens straight fit ethnic set - turquoise,"Size:Large,Medium,X-Large,X-Small","Rs
4999",1749,65% off,Indianwear-Women
16550,Fusion beats,Womens v- neck printed kurta - pink,"Size:Large,Medium,Small,X-Large,X-Small","Rs
1899",759,60% off,Indianwear-Women
16551,Fusion beats,Womens round neck embroidered sheer yoke kurta - natural,"Size:Large,Medium,Small,X-Large,XX-Large,XXX-Large","Rs
2399",959,60% off,Indianwear-Women
16552,De moza,Solid tassel polyester round neck womens regular fit top - red,"Size:Large,Medium,Small,X-Large",Nan,999,No Discount,Indianwear-Women
16553,Amukti,Printed cotton womens kurta - orange,"Size:Medium,XX-Large","Rs
1999",999,50% off,Indianwear-Women
16554,Kashish,Womens taffeta sleeveless regular fit gown - grey,"Size:X-Large,XX-Large","Rs
2999",1499,50% off,Indianwear-Women
16555,Fusion beats,Womens solid full skirt - pink,"Size:Large,Medium,Small,X-Large,X-Small,XX-Large","Rs
1999",799,60% off,Indianwear-Women
16556,Haute curry,Printed rayon womens calf length palazzos - lavender,"Size:Large,Medium,Small,X-Large","Rs
899",449,50% off,Indianwear-Women
16557,De moza,Solid skinny fit cotton womens leggings - yellow,"Size:Large,Medium,Small,X-Large,XX-Large",Nan,499,No Discount,Indianwear-Women
16558,Indya,Floral georgette regular fit womens maxi skirt - yellow,Size:Small,Nan,3200,No Discount,Indianwear-Women
16559,Janasya,Solid rayon round neck womens salwar suit - mustard,"Size:Large,Medium,Small,X-Large,X-Small,XX-Large,XXX-Large","Rs
3599",1979,45% off,Indianwear-Women
16560,Janasya,Womens magenta poly crepe kurta with pant (set130) - magenta,"Size:Medium,Small,X-Large,X-Small","Rs
2299",1034,55% off,Indianwear-Women
16561,Kami kubi,Geometric cotton mandarin neck womens calf length kurta - yellow,"Size:Large,Medium","Rs
1999",899,55% off,Indianwear-Women
16562,Global desi,Printed viscose round neck womens blouson top - indigo,"Size:XL,Large,Medium,Small,X-Small","Rs
1699",1189,30% off,Indianwear-Women
16563,Amukti,Ankle length rayon womens kurta - navy,Size:Medium,"Rs
1499",749,50% off,Indianwear-Women
16564,Janasya,Womens pink pure cotton kurta with pant (set144) - pink,"Size:Large,Medium,Small,X-Large,X-Small,XX-Large,XXX-Large","Rs
3059",1376,55% off,Indianwear-Women
16565,Indya,Reglar fit regular length chanderi brocade womens ethnic maxi skirt - purple,"Size:Large,X-Large,XX-Large","Rs
3200",1600,50% off,Indianwear-Women
16566,Aurelia,Printed viscose round neck womens straight kurta - yellow,"Size:Large,Medium,Small,X-Large,XX-Large",Nan,1499,No Discount,Indianwear-Women
16567,De moza,Solid regular fit rayon womens athleisure wear pants - natural,"Size:Large,Medium,Small,X-Large,XX-Large",Nan,1299,No Discount,Indianwear-Women
16568,Global desi,Jacquard polyester round neck womens straight top - sage,"Size:XL,Large,Medium,Small,X-Small",Nan,1899,No Discount,Indianwear-Women
16569,Janasya,Floral round neck regular fit womens kurta - natural,"Size:Small,X-Small","Rs
1649",659,60% off,Indianwear-Women
16570,Ziyaa,Floral round neck polyester womens salwar kurta and dupatta set - yellow,"Size:Large,Medium,Small,X-Large,XX-Large,XXX-Large","Rs
4353",1741,60% off,Indianwear-Women
16571,De moza,Solid skinny fit viscose womens leggings - parrot green,"Size:4X-Large,Large,Medium,Small,X-Large,X-Small,XX-Large,XXX-Large",Nan,599,No Discount,Indianwear-Women
16572,Varanga,Womens v-neck geometric kurta set - lime green,Size:XX-Large,"Rs
3799",1709,55% off,Indianwear-Women
16573,Global desi,Jacquard cotton v neck womens regular kurta - white,"Size:XL,Large,Medium,Small,X-Small,XX-Large","Rs
2999",1949,35% off,Indianwear-Women
16574,Ziyaa,Floral rayon round neck womens straight kurta - grey,"Size:Large,Medium,Small,X-Large,XX-Large,XXX-Large","Rs
1752",700,60% off,Indianwear-Women
16575,Global desi,V- neck regular women kurtas - plum,"Size:XL,Large,Medium,Small,X-Small","Rs
4499",3599,20% off,Indianwear-Women
16576,Global desi,Solid round neck viscose womens calf length kurta - black,"Size:XL,Large,Small","Rs
3099",2479,20% off,Indianwear-Women
16577,De moza,Printed regular fit polyester womens festive wear pants - wine,"Size:Large,Medium,Small,XX-Large",Nan,1299,No Discount,Indianwear-Women
16578,Janasya,Womens red poly crepe kurta (jne3432) - red,"Size:Medium,X-Small,XXX-Large","Rs
1399",629,55% off,Indianwear-Women
16579,W,Regular cotton lycra knit designer womens tights - gold,"Size:Large,Medium,Small",Nan,899,No Discount,Indianwear-Women
16580,Global desi,Floral viscose round neck womens regular kurta - indigo,"Size:XL,Large,Medium,Small,X-Small,XX-Large","Rs
3499",2274,35% off,Indianwear-Women
16581,Janasya,Womens grey poly crepe kurta with pant (set037) - grey,Size:Small,"Rs
2299",1034,55% off,Indianwear-Women
16582,Ritu kumar,Round neck viscose blend womens short dress - yellow,"Size:Medium,Small,X-Small",Nan,3800,No Discount,Indianwear-Women
16583,Aurelia,Printed viscose round neck womens ethnic set - peach,"Size:Large,Medium,Small,X-Large,XX-Large","Rs
2499",1749,30% off,Indianwear-Women
16584,Janasya,Printed round neck straight designer womens kurtas - navy,"Size:Small,X-Small,XX-Large,XXX-Large","Rs
1399",769,45% off,Indianwear-Women
16585,Janasya,Womens off white cotton stitched blouse (bl107) - off white,Size:Small,"Rs
1199",479,60% off,Indianwear-Women
16586,Faballey,Floral collared neck cotton womens pyjama set - black,"Size:Medium,Small,X-Small","Rs
2400",1200,50% off,Indianwear-Women
16587,De moza,Solid skinny fit viscose womens leggings - red,"Size:Large,Medium,Small,X-Large,XX-Large",Nan,449,No Discount,Indianwear-Women
16588,Janasya,Printed silk casual wear designer womens blouses - black,Size:X-Small,"Rs
1029",463,55% off,Indianwear-Women
16589,Varanga,Womens round neck floral kurta - mustard,"Size:Large,Medium,Small,XX-Large","Rs
1999",999,50% off,Indianwear-Women
16590,Faballey,Striped collared neck cotton womens pyjama set - blue,Size:Small,"Rs
2400",1200,50% off,Indianwear-Women
16591,W,Printed viscose mandarin womens calf length kurta - maroon,Size:8,"Rs
1699",849,50% off,Indianwear-Women
16592,Janasya,Floral polyester blend round neck womens regular fit top - orange,"Size:Large,X-Small,XX-Large,XXX-Large","Rs
1498",749,50% off,Indianwear-Women
16593,De moza,Solid skinny fit cotton womens leggings - navy,"Size:4X-Large,Large,Medium,Small,X-Large,XXX-Large",Nan,449,No Discount,Indianwear-Women
16594,Aurelia,Printed viscose blend mandarin neck womens above knee kurta - blue,"Size:Large,Medium,Small,X-Small","Rs
1399",979,30% off,Indianwear-Women
16595,Aurelia,Solid cotton regular fit womens churidar - white,"Size:Medium,Small",Nan,499,No Discount,Indianwear-Women
16596,De moza,Printed rayon regular fit womens palazzos - navy,Size:Small,"Rs
1499",899,40% off,Indianwear-Women
16597,Kami kubi,Solid silk blend v-neck womens calf length kurta - green,Size:X-Small,"Rs
2299",919,60% off,Indianwear-Women
16598,De moza,Solid skinny fit cotton womens leggings - royal blue,"Size:Large,Medium,Small,X-Large,XX-Large",Nan,499,No Discount,Indianwear-Women
16599,Janasya,Embroidered velvet round neck womens kurta palazzo set with dupatta - navy,"Size:Large,Medium,Small,X-Large,X-Small,XX-Large,XXX-Large","Rs
4998",2998,40% off,Indianwear-Women
16600,Fusion beats,Womens round neck embellished kurta - brown,"Size:Large,Medium,Small,X-Large,XX-Large","Rs
2999",1199,60% off,Indianwear-Women
16601,Varanga,Womens round neck ethnic motifs kurta set - grey,Size:XX-Large,"Rs
3999",1999,50% off,Indianwear-Women
16602,Janasya,Womens black poly crepe kurti with dhoti pant (set182) - black,"Size:X-Large,X-Small","Rs
2699",1214,55% off,Indianwear-Women
16603,Global desi,Solid viscose v neck womens regular tunic - black,"Size:XL,Large,Medium,Small",Nan,1799,No Discount,Indianwear-Women
16604,Varanga,Teal floral zari and sequins embroidery kurta with golden woven trousers and sequins dupatta - peacock,"Size:Large,Small,XX-Large","Rs
4599",2069,55% off,Indianwear-Women
16605,De moza,Solid cotton womens cigarette pants - coral,"Size:Small,X-Large",Nan,999,No Discount,Indianwear-Women
16606,W,Printed mandarin cotton blend womens calf length kurta - grey,"Size:6,8,10,12,14,16,18",Nan,1999,No Discount,Indianwear-Women
16607,Global desi,Self design key hole neck womens kurta - mustard,Size:Small,"Rs
2399",1439,40% off,Indianwear-Women
16608,W,Solid cotton flex mandarin neck womens straight fit kurta - blue,"Size:6,20",Nan,1499,No Discount,Indianwear-Women
16609,W,Mandarin velvet designer womens ethnic set - green,"Size:6,12,16,18","Rs
7999",5999,25% off,Indianwear-Women
16610,Global desi,Ethnic motifs polyester v-neck womens fit and flare gown - powder blue,"Size:Large,Medium,Small","Rs
8999",5849,35% off,Indianwear-Women
16611,Ira soleil,Floral brocade womens ethnic skirt - cream,Size:Medium,Nan,3999,No Discount,Indianwear-Women
16612,Indya,Rose pink foil flared palazzo pants - pink,Size:X-Small,"Rs
2400",1200,50% off,Indianwear-Women
16613,Fusion beats,Womens solid casual palazzos - black,Size:X-Small,"Rs
1999",799,60% off,Indianwear-Women
16614,Global desi,Solid cotton round neck womens regular kurta - mint,"Size:XL,Large,Medium,Small,X-Small,XX-Large","Rs
3799",2469,35% off,Indianwear-Women
16615,Varanga,Lime multi color embroidery kurta with stylised bell sleeves with multi color flared kalidaar palazzo - lime green,Size:Small,"Rs
4999",2249,55% off,Indianwear-Women
16616,Global desi,Printed viscose round neck womens straight kurta - dark blue,"Size:XL,Large,Medium,Small,X-Small,XX-Large","Rs
4699",3759,20% off,Indianwear-Women
16617,Janasya,Printed cotton calf length womens straight fit kurta - blue,"Size:Small,X-Small","Rs
1499",599,60% off,Indianwear-Women
16618,Indya,Womens printed a-line tunic - blue,Size:X-Small,"Rs
2200",1100,50% off,Indianwear-Women
16619,Indya,Printed floral viscose key hole neck womens regular fit a-line tunic - green,Size:X-Small,"Rs
2800",1400,50% off,Indianwear-Women
16620,Indya,Printed georgette round neck womens tiered tunic - natural,"Size:Small,X-Large","Rs
2200",1100,50% off,Indianwear-Women
16621,Global desi,Printed polyester v neck womens knee length kurta - orange,"Size:XL,Large,Medium,Small,X-Small,XX-Large","Rs
2499",1249,50% off,Indianwear-Women
16622,Janasya,Womens blue cotton kurta with palazzo (set230) - blue,"Size:Large,Medium,Small,X-Large,XX-Large","Rs
2399",1439,40% off,Indianwear-Women
16623,De moza,Printed regular fit cotton womens festive wear pants - natural,"Size:Large,Medium,Small,X-Large,XX-Large","Rs
999",599,40% off,Indianwear-Women
16624,Ziyaa,Floral round neck rayon womens ethnic set - grey,"Size:Large,Medium,Small,X-Large,XX-Large,XXX-Large","Rs
2562",1024,60% off,Indianwear-Women
16625,W,Solid round neck poly viscose womens regular dress - green,Size:16,"Rs
3599",1799,50% off,Indianwear-Women
16626,Fusion beats,Womens round neck printed kurta - birch,Size:X-Large,"Rs
2499",999,60% off,Indianwear-Women
16627,Global desi,Floral cotton round neck womens straight top - blue,"Size:XL,Large,Medium,Small,XX-Large","Rs
1999",1399,30% off,Indianwear-Women
16628,Ritu kumar,Pique collar neck womens short top - multi,"Size:Medium,Small",Nan,3900,No Discount,Indianwear-Women
16629,Haute curry,Printed rayon round neck womens regular tunic - yellow,"Size:Large,Medium,Small,X-Large,X-Small,XX-Large","Rs
899",449,50% off,Indianwear-Women
16630,Kami kubi,Solid mandarin neck rayon womens straight fit ethnic dress - blue,"Size:Medium,Small","Rs
1999",899,55% off,Indianwear-Women
16631,Kashish,Flared full length viscose blend womens festive skirt - teal,"Size:LARGE / XL,XS / SMALL","Rs
2499",1249,50% off,Indianwear-Women
16632,W,Solid cotton flex mandarin neck womens straight fit kurta - green,"Size:6,8,10",Nan,1499,No Discount,Indianwear-Women
16633,Varanga,Womens self pattern skirts - mustard,"Size:Medium,Small","Rs
3999",1799,55% off,Indianwear-Women
16634,W,Jacquard cotton viscose round neck womens straight kurta - black,"Size:8,16","Rs
2999",1499,50% off,Indianwear-Women
16635,Amukti,Embroidered rayon womens kurta - black,"Size:X-Large,XX-Large","Rs
1299",649,50% off,Indianwear-Women
16636,De moza,Solid skinny fit viscose womens leggings - royal blue,"Size:Large,Medium,Small,X-Large,XX-Large,XXX-Large",Nan,599,No Discount,Indianwear-Women
16637,W,Stripes cotton mandarin neck womens calf length kurta - ecru,Size:12,"Rs
1999",999,50% off,Indianwear-Women
16638,De moza,Solid skinny fit viscose womens leggings - dark blue,"Size:Large,Medium,Small,X-Large,XX-Large",Nan,449,No Discount,Indianwear-Women
16639,Janasya,Floral rayon round neck womens kurta palazzo set with dupatta - white,"Size:Large,Small,X-Large,XX-Large,XXX-Large","Rs
3499",1924,45% off,Indianwear-Women
16640,Yuris,Gotta patti round neck cotton womens kurta palazzo set - yellow,"Size:Large,Medium,Small","Rs
3499",1399,60% off,Indianwear-Women
16641,Yuris,Floral cotton round neck womens kurta set - mustard,"Size:Small,X-Large,XX-Large,XXX-Large","Rs
3999",1399,65% off,Indianwear-Women
16642,Global desi,Full length viscose  women sharara - natural,"Size:XL,Small,X-Small,XX-Large",Nan,2599,No Discount,Indianwear-Women
16643,W,Solid mandarin cotton blend womens calf length kurta - pink,"Size:14,18",Nan,1499,No Discount,Indianwear-Women
16644,Fusion beats,Womens round neck maxi dress - brown,Size:Small,"Rs
3199",1279,60% off,Indianwear-Women
16645,Haute curry,Solid cotton blend round neck womens casual tunic - turquoise,"Size:Large,Medium,Small,X-Large,X-Small,XX-Large",Nan,799,No Discount,Indianwear-Women
16646,Global desi,Round neck flared womens kurta - lilac,"Size:XL,Large,Medium,Small,X-Small,XX-Large","Rs
2499",1999,20% off,Indianwear-Women
16647,De moza,Printed rayon womens ankle length palazzo - indigo,"Size:Large,Medium,Small,X-Large,XX-Large,XXX-Large","Rs
1499",899,40% off,Indianwear-Women
16648,Janasya,Womens pink cotton flex kurta with pant (set223) - pink,Size:X-Small,"Rs
2599",1039,60% off,Indianwear-Women
16649,Aurelia,Solid viscose round neck womens above knee kurta - green,"Size:Large,Medium,Small,X-Large,X-Small,XX-Large",Nan,1299,No Discount,Indianwear-Women
16650,Global desi,Womens geometric round neck bodycon top - off white,"Size:Medium,Small,X-Small","Rs
1799",719,60% off,Indianwear-Women
16651,Global desi,Geometric viscose key hole neck womens knee length dress - off white,"Size:Large,Medium,Small,X-Small","Rs
1999",999,50% off,Indianwear-Women
16652,Aurelia,Mandarin straight designer womens kurtas - white,"Size:Large,Medium,Small,X-Large,X-Small,XX-Large",Nan,1499,No Discount,Indianwear-Women
16653,Yuris,Floral round neck a line fit womens top - multi,"Size:Large,X-Small,XX-Large","Rs
1499",749,50% off,Indianwear-Women
16654,Yuris,Printed cotton round neck womens straight fit kurta - yellow,"Size:Large,Medium,Small,X-Large,XX-Large,XXX-Large","Rs
1599",959,40% off,Indianwear-Women
16655,Yuris,Solid cotton v neck womens kurta set - purple,"Size:Large,Medium,Small,X-Large,XX-Large,XXX-Large","Rs
3999",1399,65% off,Indianwear-Women
16656,Yuris,Printed mandarin neck cotton womens kurta palazzo set - blue,"Size:Medium,Small,X-Large,XX-Large","Rs
2499",1124,55% off,Indianwear-Women
16657,Yuris,Abstract cotton round neck womens calf length kurta - black,"Size:Large,Medium,Small,X-Large,XX-Large,XXX-Large","Rs
1799",809,55% off,Indianwear-Women
16658,Yuris,Printed round neck cotton womens kurta palazzo set - pink,"Size:Medium,XX-Large","Rs
3499",1399,60% off,Indianwear-Women
16659,Yuris,Motif cotton mandarin womens salwar suit - multi,"Size:Large,Medium,Small,X-Large,XX-Large","Rs
2499",1249,50% off,Indianwear-Women
16660,Yuris,Motif cotton round neck womens salwar suit - multi,Size:Small,"Rs
2499",1249,50% off,Indianwear-Women
16661,Yuris,Printed round neck cotton womens kurta palazzo set - blue,"Size:Large,Medium,Small","Rs
2699",1214,55% off,Indianwear-Women
16662,Yuris,Geometric cotton round neck womens kurta set - black,Size:Small,"Rs
3999",1399,65% off,Indianwear-Women
16663,Yuris,Printed round neck cotton womens kurta palazzo set - natural,"Size:XX-Large,XXX-Large","Rs
3999",1399,65% off,Indianwear-Women
16664,Global desi,Womens straight fit kurta - off white,"Size:XL,Large","Rs
2799",1119,60% off,Indianwear-Women
16665,Varanga,Womens round neck printed kurta - white,"Size:Medium,Small,XX-Large","Rs
1799",809,55% off,Indianwear-Women
16666,Yuris,Paisley cotton v neck womens salwar suit - multi,"Size:Large,Medium,Small,X-Large,XX-Large,XXX-Large","Rs
3499",1399,60% off,Indianwear-Women
16667,Global desi,Round neck straight womens kurta - aqua,"Size:XL,Large,Medium,Small,X-Small,XX-Large","Rs
2899",2319,20% off,Indianwear-Women
16668,Varanga,Womens mustard multi color embroidery kurta with stylised bell sleeves - mustard,"Size:Large,Medium,Small,X-Large,XX-Large","Rs
2199",989,55% off,Indianwear-Women
16669,Varanga,Womens floral printed kurta with gold printed yoke with mauve and gold overall elasticated palazzo - mauve,"Size:Medium,XX-Large","Rs
3399",1699,50% off,Indianwear-Women
16670,Ira soleil,Embroidered chiffon regular fit womens regular top - black,"Size:Large,Medium,Small,X-Large",Nan,2999,No Discount,Indianwear-Women
16671,Ira soleil,Self design polyester womens lehenga choli set - pink,"Size:Medium,X-Large",Nan,8999,No Discount,Indianwear-Women
16672,Ira soleil,Printed round neck taffeta womens set - pink,Size:Medium,Nan,4499,No Discount,Indianwear-Women
16673,Varanga,Womens off white and gold mirror work and zari embroidered crop top with gold foil printed bell sleeves with maroon and gold floral printed flared palazzo - off white,"Size:Large,X-Large","Rs
3999",1999,50% off,Indianwear-Women
16674,Varanga,Round neck straight designer womens kurtas - blue,"Size:Large,Medium,Small,X-Large,XX-Large","Rs
3599",1259,65% off,Indianwear-Women
16675,Varanga,Gotta patti round neck cotton designer womens ethnic set - pink,"Size:Large,Medium,Small,X-Large,X-Small","Rs
4999",1749,65% off,Indianwear-Women
16676,Varanga,Printed cotton blend v neck womens ethnic set - maroon,"Size:Large,Medium,Small,X-Large,XX-Large",Nan,5599,No Discount,Indianwear-Women
16677,Ira soleil,Solid polyester full length womens palazzos - gold,"Size:Medium,Small,X-Large",Nan,2999,No Discount,Indianwear-Women
16678,Global desi,Womens a-line embroidered geometric casual wear kurta - orange,"Size:Large,Medium,Small,X-Small","Rs
2599",1039,60% off,Indianwear-Women
16679,Varanga,Embroidered round neck silk blend regular fit womens ethnic set - mustard,Size:XX-Large,"Rs
4299",1504,65% off,Indianwear-Women
16680,Varanga,Zari round neck silk blend designer womens ethnic set - grey,"Size:Medium,Small,XX-Large","Rs
5999",2099,65% off,Indianwear-Women
16681,Varanga,Zari round neck silk blend designer womens ethnic set - magenta,"Size:Large,Medium,Small,X-Large,XX-Large","Rs
6999",2449,65% off,Indianwear-Women
16682,Varanga,Printed silk v neck womens ethnic set - blue,"Size:Large,Medium,Small,X-Large,XX-Large","Rs
5999",2399,60% off,Indianwear-Women
16683,Varanga,Floral printed v-neck cotton womens ethnic set - green,"Size:Large,XX-Large","Rs
4199",1679,60% off,Indianwear-Women
16684,Varanga,Printed silk halter neck womens ethnic set - natural,"Size:Large,Medium,Small,X-Large,XX-Large","Rs
5799",2029,65% off,Indianwear-Women
16685,Global desi,Striped shirt collar straight womens kurta - multi,Size:Small,"Rs
1999",1199,40% off,Indianwear-Women
16686,Janasya,Rayon crepe womens kurta - maroon,"Size:Small,X-Small","Rs
2199",769,65% off,Indianwear-Women
16687,Indya,Regular fit full length georgette womens festive wear skirt - green,Size:X-Small,"Rs
4400",2200,50% off,Indianwear-Women
16688,Global desi,Floral mandarin collar womens tunic - coral,Size:X-Small,"Rs
1799",1079,40% off,Indianwear-Women
16689,Janasya,Poly silk womens kurta and palazzo set - grey,Size:X-Small,"Rs
2399",959,60% off,Indianwear-Women
16690,Amukti,Embroidered cotton womens kurta - ivory,"Size:Large,X-Large","Rs
1999",999,50% off,Indianwear-Women
16691,Kami kubi,Solid silk blend mandarin neck womens straight fit ethnic set - yellow,Size:X-Small,"Rs
3999",1399,65% off,Indianwear-Women
16692,W,Printed viscose mandarin womens straight kurta - blue,Size:10,Nan,1599,No Discount,Indianwear-Women
16693,Indya,Printed viscose womens calf length kurta - orange,"Size:Medium,Small,X-Small","Rs
2100",1680,20% off,Indianwear-Women
16694,Indya,Embroidered georgette round neck womens regular tunic - pink,"Size:Medium,Small,X-Small","Rs
3600",1800,50% off,Indianwear-Women
16695,Ira soleil,Womens gold dupion cap sleeve printed top - gold,Size:Small,Nan,1499,No Discount,Indianwear-Women
16696,Global desi,Floral viscose round neck womens kurta - indigo,"Size:Small,X-Small","Rs
1799",1169,35% off,Indianwear-Women
16697,De moza,Solid cotton pencil fit womens cigarette pants - natural,"Size:Large,Medium",Nan,799,No Discount,Indianwear-Women
16698,Indya,Peach chanderi embroidered panel kurta - orange,"Size:Small,X-Small","Rs
1900",950,50% off,Indianwear-Women
16699,Varanga,Womens v-neck printed tops & tunics - multi,"Size:Large,X-Large","Rs
1399",769,45% off,Indianwear-Women
16700,Global desi,Geometric key hole neck womens top - mid blue,Size:X-Small,"Rs
1799",1079,40% off,Indianwear-Women
16701,Indya,Geometric square neck cotton womens regular dress - indigo,"Size:Medium,Small",Nan,1850,No Discount,Indianwear-Women
16702,Indya,Peach foil chanderi crop top - pink,"Size:X-Large,XX-Large",Nan,1400,No Discount,Indianwear-Women
16703,Juniper,Printed rayon round neck womens straight fit kurta - jade,Size:XXX-Large,"Rs
2098",734,65% off,Indianwear-Women
16704,Indya,Ethnic muslin round neck womens regular fit straight tunic - blue,Size:X-Small,"Rs
2100",1050,50% off,Indianwear-Women
16705,Ritu kumar,Crepe round neck womens short top - multi,Size:Small,Nan,2900,No Discount,Indianwear-Women
16706,Indya,Foil print georgette womens regular length sharara pants - blue,"Size:Large,X-Large","Rs
3900",1950,50% off,Indianwear-Women
16707,Global desi,Womens geometric off shoulder bodycon top - natural,"Size:Medium,Small,X-Small","Rs
1599",959,40% off,Indianwear-Women
16708,Global desi,Polka dots viscose collar neck womens straight top - indigo,Size:X-Small,"Rs
1499",1049,30% off,Indianwear-Women
16709,Indya,Geometric regular fit viscose womens ethnic palazzo pants - green,"Size:Medium,Small,X-Small","Rs
1250",625,50% off,Indianwear-Women
16710,Indya,Womens key hole neck embroidered kurta - green,"Size:Medium,Small,X-Small","Rs
2400",1200,50% off,Indianwear-Women
16711,Global desi,Solid off shoulder womens top - natural,"Size:Large,X-Small","Rs
2199",1319,40% off,Indianwear-Women
16712,Janasya,Womens black poly crepe ruffle kurta (jne3369) - black,"Size:X-Large,X-Small","Rs
1549",619,60% off,Indianwear-Women
16713,W,Printed regular fit cotton womens casual pants - natural,Size:10,"Rs
1499",899,40% off,Indianwear-Women
16714,Janasya,Solid pure cotton womens palazzo pants - brown,"Size:Small,X-Small","Rs
1499",599,60% off,Indianwear-Women
16715,Yuris,Printed cotton mandarin womens regular kurta - multi,Size:Small,"Rs
1099",604,45% off,Indianwear-Women
16716,Indya,Round neck regular designer womens top - blue,Size:Large,"Rs
1300",650,50% off,Indianwear-Women
16717,Global desi,Womens round neck printed kurta - black,Size:Medium,"Rs
2399",959,60% off,Indianwear-Women
16718,Faballey,Floral collared neck cotton womens pyjama set - black,"Size:Medium,Small","Rs
2400",1200,50% off,Indianwear-Women
16719,De moza,Solid skinny fit cotton womens leggings - dark blue,"Size:Large,Medium,Small,X-Large",Nan,449,No Discount,Indianwear-Women
16720,Varanga,Turquoise sequins and zari embroidery yoke straight kurta with gota work sleeves - blue,Size:XX-Large,"Rs
2199",769,65% off,Indianwear-Women
16721,Aarke,Printed shirt collar rayon slub womens top - red,Size:Medium,"Rs
1900",1140,40% off,Indianwear-Women
16722,Yuris,Floral cotton round neck womens kurta set - maroon,"Size:Medium,Small,X-Large","Rs
3999",1399,65% off,Indianwear-Women
16723,Janasya,Stripes collared neck cotton womens a-line ethnic dress - multi,Size:X-Small,"Rs
1898",1043,45% off,Indianwear-Women
16724,Indya,Printed georgette regular fit womens festive wear sharara - navy,"Size:Medium,Small",Nan,2400,No Discount,Indianwear-Women
16725,Indya,Printed georgette regular fit womens top - purple,"Size:Medium,Small",Nan,1400,No Discount,Indianwear-Women
16726,Varanga,Womens round neck floral kurta set - peach,"Size:Medium,Small","Rs
2999",1649,45% off,Indianwear-Women
16727,Janasya,Round neck empire line designer womens kurta - charcoal,Size:Small,"Rs
1999",799,60% off,Indianwear-Women
16728,Juniper,Womens yellow rayon khari print a-line kurta with side pocket - yellow,Size:X-Large,Nan,1299,No Discount,Indianwear-Women
16729,Varanga,Mustard floral kalamkari hand block printed kurta with gota and pom pom embellishment with white shifflie palazzo - mustard,Size:Small,"Rs
3699",1664,55% off,Indianwear-Women
16730,Aurelia,Dyed cotton blend mandarin womens straight kurta - white,Size:Large,"Rs
1499",749,50% off,Indianwear-Women
16731,Yuris,Geometric cotton round neck womens a-line kurta - multi,"Size:Small,XXX-Large","Rs
1599",719,55% off,Indianwear-Women
16732,Suti,Embroidered cotton round neck womens ethnic set - sky blue,Size:Small,"Rs
2999",2399,20% off,Indianwear-Women
16733,Global desi,Tropical round neck curved womens kurta - yellow,Size:X-Small,"Rs
2499",1499,40% off,Indianwear-Women
16734,Aurelia,Round neck a line designer womens kurtas - natural,"Size:Large,Medium,Small,X-Small","Rs
1499",1049,30% off,Indianwear-Women
16735,Global desi,Tropical tie up neck womens top - yellow,Size:Large,"Rs
1499",899,40% off,Indianwear-Women
16736,Yuris,Printed cotton round neck womens straight fit kurta - yellow,Size:XX-Large,"Rs
1499",599,60% off,Indianwear-Women
16737,Indya,Green check print lace hem a-line tunic - green,"Size:Small,X-Small","Rs
2950",1475,50% off,Indianwear-Women
16738,Yuris,Floral round neck regular fit womens kurta - multi,Size:XX-Large,"Rs
1599",799,50% off,Indianwear-Women
16739,Global desi,Floral viscose round neck womens knee length kurta - dark blue,"Size:Medium,Small,X-Small","Rs
4999",3249,35% off,Indianwear-Women
16740,Janasya,Embroidered cotton round neck womens kurta palazzo set with dupatta - mustard,Size:X-Small,"Rs
4198",2099,50% off,Indianwear-Women
16741,Ira soleil,Floral print dupion round neck womens casual dress - white,Size:Medium,Nan,1499,No Discount,Indianwear-Women
16742,Indya,Stripes square neck viscose womens regular dress - indigo,"Size:Medium,Small","Rs
1400",700,50% off,Indianwear-Women
16743,Aurelia,Printed polyester womens a line kurta - multi,Size:Medium,Nan,1799,No Discount,Indianwear-Women
16744,De moza,Solid rayon loose fit womens culottes - black,"Size:Small,XX-Large","Rs
999",599,40% off,Indianwear-Women
16745,Aurelia,Printed cotton regular fit womens casual culottes - black,"Size:Medium,X-Large",Nan,1499,No Discount,Indianwear-Women
16746,Janasya,Cotton womens top - white,Size:X-Large,"Rs
1299",584,55% off,Indianwear-Women
16747,Ziyaa,Geometric cotton round neck womens ethnic set - green,"Size:XX-Large,XXX-Large","Rs
3617",1446,60% off,Indianwear-Women
16748,Faballey,Solid collared neck cotton womens pyjama shirt set - green,"Size:Medium,Small","Rs
1900",950,50% off,Indianwear-Women
16749,Aurelia,Printed round neck rayon blend womens flared dress - white,Size:XX-Large,Nan,2999,No Discount,Indianwear-Women
16750,Janasya,Embroidered cotton round neck womens kurta palazzo set with dupatta - green,"Size:Small,X-Small","Rs
4999",2499,50% off,Indianwear-Women
16751,Indya,Printed georgette womens full length kurta - blue,Size:Small,Nan,1950,No Discount,Indianwear-Women
16752,W,Solid viscose round neck womens calf length kurta - blue,Size:6,Nan,1699,No Discount,Indianwear-Women
16753,Amukti,Printed cotton womens kurta - green,Size:XX-Large,"Rs
1999",999,50% off,Indianwear-Women
16754,Aurelia,Dyed cotton womens ethnic set - green,"Size:Large,Medium,Small,X-Small",Nan,1899,No Discount,Indianwear-Women
16755,Kami kubi,Printed cotton round neck womens calf length kurta - yellow,"Size:Large,Medium","Rs
2799",839,70% off,Indianwear-Women
16756,Aarke,Printed round neck cotton blend womens dress - rust,Size:Medium,Nan,2900,No Discount,Indianwear-Women
16757,Global desi,Floral cotton v neck womens flared dress - pink,"Size:Large,Small","Rs
2699",1754,35% off,Indianwear-Women
16758,Global desi,Solid cotton mandarin women straight tops - aqua,"Size:XL,Large,Medium","Rs
1599",1119,30% off,Indianwear-Women
16759,Yuris,Embellished cotton round neck womens kurta set - black,"Size:XX-Large,XXX-Large","Rs
3999",1399,65% off,Indianwear-Women
16760,Yuris,Printed cotton round neck womens straight fit kurta - pink,"Size:XX-Large,XXX-Large","Rs
1299",649,50% off,Indianwear-Women
16761,Yuris,Floral cotton round neck womens kurta set - pink,"Size:Medium,X-Small,XX-Large","Rs
3999",1399,65% off,Indianwear-Women
16762,Yuris,Printed round neck cotton womens kurta palazzo set - orange,"Size:Large,X-Large","Rs
2499",1124,55% off,Indianwear-Women
16763,Global desi,Floral polyester v neck womens flared gown - indigo,"Size:XL,Large","Rs
3499",1749,50% off,Indianwear-Women
16764,Varanga,Zari round neck womens kurta - pink,"Size:Small,XX-Large","Rs
3599",1259,65% off,Indianwear-Women
16765,Varanga,Womens powder blue floral zari embroidered kurta - blue,Size:XX-Large,"Rs
1999",999,50% off,Indianwear-Women
16766,Varanga,Mandarin collar womens kurta - sea green,Size:X-Large,"Rs
2999",1499,50% off,Indianwear-Women
16767,Juniper,Botanical print mandarin neck high low hemline womens kurta with mask - natural,"Size:Large,X-Large","Rs
1049",786,25% off,Indianwear-Women
16768,Varanga,Sequins round neck silk blend designer womens ethnic set - magenta,Size:Small,"Rs
5999",2099,65% off,Indianwear-Women
16769,Varanga,Round neck cotton womens dress - grey,"Size:Small,XX-Large","Rs
1999",899,55% off,Indianwear-Women
16770,Varanga,Embroidered cotton round neck womens regular fit kurta - lime green,Size:Small,"Rs
2999",1049,65% off,Indianwear-Women
16771,Global desi,Womens a-line embroidered floral casual wear jumpsuit - mustard,Size:XL,"Rs
2999",1199,60% off,Indianwear-Women
16772,Aurelia,Solid viscose mandarin womens above knee kurta - blue,"Size:Large,Medium,Small,X-Small,XX-Large",Nan,1299,No Discount,Indianwear-Women
16773,Global desi,Solid cotton womens festive pants - mid blue,"Size:Large,Small,X-Small,XX-Large","Rs
1699",1019,40% off,Indianwear-Women
16774,Ira soleil,Shimmer satin taffeta round neck womens casual top - green,"Size:Large,Medium,Small,X-Large",Nan,2998,No Discount,Indianwear-Women
16775,De moza,Solid polyester womens regular length palazzo - maroon,"Size:Medium,Small,X-Large,XX-Large",Nan,1299,No Discount,Indianwear-Women
16776,Global desi,Floral viscose boat neck womens regular fit top - ink blue,"Size:XL,Large,Medium,Small,X-Small","Rs
1899",1234,35% off,Indianwear-Women
16777,Fusion beats,Womens mandarin collar printed kurta - yellow,"Size:Large,Medium,Small,XX-Large","Rs
1999",799,60% off,Indianwear-Women
16778,Global desi,Solid cotton round neck womens ethnic set - multi,"Size:XL,Large,Medium,Small,X-Small,XX-Large","Rs
3799",3039,20% off,Indianwear-Women
16779,Varanga,Printed halter neck cotton womens ethnic set - mustard,"Size:Large,Medium,Small,X-Large,XX-Large","Rs
4999",1999,60% off,Indianwear-Women
16780,De moza,Solid cotton womens cigarette pants - deep navy,"Size:Large,X-Large",Nan,999,No Discount,Indianwear-Women
16781,Janasya,Floral polyester blend collared neck womens regular fit top - green,"Size:Large,X-Small,XX-Large,XXX-Large","Rs
1699",934,45% off,Indianwear-Women
16782,Janasya,Poly muslin womens kurta and pant set - pink,"Size:Small,X-Large,X-Small,XX-Large,XXX-Large","Rs
3598",1799,50% off,Indianwear-Women
16783,De moza,Solid skinny fit cotton womens leggings - dark pink,"Size:Large,Medium,Small,X-Large,XX-Large",Nan,499,No Discount,Indianwear-Women
16784,De moza,Solid skinny fit viscose womens leggings - dark grey,"Size:4X-Large,Large,Medium,Small,X-Large,XX-Large,XXX-Large",Nan,599,No Discount,Indianwear-Women
16785,Ziyaa,Printed boat neck rayon womens ethnic set - blue,"Size:Large,Medium,Small,X-Large,XX-Large,XXX-Large","Rs
2725",1090,60% off,Indianwear-Women
16786,De moza,Regular fit regular length cotton womens leggings - dark grey,"Size:Large,Medium,Small,X-Large",Nan,799,No Discount,Indianwear-Women
16787,Aarke,Printed cotton blend collar neck womens shirt blouse - yellow,"Size:Large,Medium,Small",Nan,1900,No Discount,Indianwear-Women
16788,De moza,Solid regular fit viscose womens workwear pants - dark blue,"Size:Large,Medium,Small,X-Large,XX-Large",Nan,999,No Discount,Indianwear-Women
16789,Global desi,Solid cotton round neck womens regular kurta - white,"Size:XL,Large,Medium,Small,X-Small","Rs
2799",1399,50% off,Indianwear-Women
16790,Myshka,Solid cotton womens palazzo - red,",Medium,Small,X-Large,XX-Large","Rs
1899",474,75% off,Indianwear-Women
16791,De moza,Printed rayon regular fit womens palazzos - dark grey,"Size:Large,Medium,Small,X-Large","Rs
1499",899,40% off,Indianwear-Women
16792,Ziyaa,Printed mandarin rayon womens ethnic set - mustard,"Size:Large,Medium,Small,X-Large,XX-Large,XXX-Large","Rs
3297",1318,60% off,Indianwear-Women
16793,Global desi,Regular full length polyester women festive wear skirts - pink mix,"Size:XL,Large,Medium,Small,X-Small","Rs
2999",2399,20% off,Indianwear-Women
16794,Ziyaa,Solid mandarin polyester womens salwar kurta and dupatta set - navy,"Size:Large,Medium,Small,X-Large,XX-Large,XXX-Large","Rs
2103",1472,30% off,Indianwear-Women
16795,Indya,Regular designer womens top - grey,"Size:Medium,Small,X-Large,X-Small,XX-Large",Nan,1500,No Discount,Indianwear-Women
16796,Aurelia,Printed cotton flex womens ethnic set - blue,"Size:Large,Medium,Small,X-Small,XX-Large",Nan,1999,No Discount,Indianwear-Women
16797,Stop,Printed round neck straight fit womens kurta - peach,"Size:S,M,L,X-Large,X-Small,XX-Large","Rs
999",499,50% off,Indianwear-Women
16798,Janasya,Embroidered mandarin a line designer womens kurtas - mustard,"Size:Medium,Small,X-Large,X-Small,XX-Large,XXX-Large","Rs
2798",979,65% off,Indianwear-Women
16799,W,Printed round neck polyester womens a-line dress - yellow,"Size:14,18","Rs
3999",1999,50% off,Indianwear-Women
16800,Aurelia,Printed viscose blend round neck womens knee length kurta - navy,"Size:Large,Medium,Small,X-Large",Nan,1299,No Discount,Indianwear-Women
16801,Fusion beats,Round neck regular fit womens kurta - birch,"Size:Large,Medium,Small,X-Large,XX-Large","Rs
1799",899,50% off,Indianwear-Women
16802,Indya,V- neck regular designer womens tunic - natural,"Size:Large,Medium,Small,X-Large,X-Small,XX-Large","Rs
3450",2760,20% off,Indianwear-Women
16803,De moza,Solid skinny fit viscose womens leggings - dark blue,"Size:Large,Medium,Small,X-Large,XX-Large,XXX-Large",Nan,599,No Discount,Indianwear-Women
16804,De moza,Solid skinny fit viscose womens leggings - black,"Size:4X-Large,Large,Medium,Small,X-Large,XX-Large,XXX-Large",Nan,599,No Discount,Indianwear-Women
16805,Aurelia,Round neck cotton womens knee length kurta - natural,"Size:Large,Medium,Small,X-Large,X-Small,XX-Large",Nan,1699,No Discount,Indianwear-Women
16806,De moza,Solid polyester womens regular length palazzo - black,"Size:Large,Medium,Small,X-Large,XX-Large",Nan,1299,No Discount,Indianwear-Women
16807,Global desi,Womens ethnic motifs a-line kurta - mustard,"Size:XL,Large,Medium,Small,X-Small","Rs
2599",1039,60% off,Indianwear-Women
16808,Neerus,Embroidered rayon blend round neck womens full length kurta - mustard,Size:XX-Large,"Rs
2499",1249,50% off,Indianwear-Women
16809,Ira soleil,Womens round neck colour block kurta - green,"Size:Large,Medium,Small",Nan,999,No Discount,Indianwear-Women
16810,Faballey,Striped v-neck cotton womens pyjama set - blue,"Size:Large,Medium,Small,X-Large,X-Small","Rs
2400",1200,50% off,Indianwear-Women
16811,De moza,Solid skinny fit cotton womens leggings - lime green,"Size:Large,Medium,Small,X-Large,X-Small,XX-Large",Nan,499,No Discount,Indianwear-Women
16812,Global desi,Solid straight fit viscose womens festive wear pants - coral,"Size:XL,Large,Medium,Small,X-Small,XX-Large","Rs
1599",1279,20% off,Indianwear-Women
16813,De moza,Solid skinny fit viscose womens leggings - yellow,"Size:4X-Large,Large,Medium,Small,X-Large,XX-Large,XXX-Large",Nan,599,No Discount,Indianwear-Women
16814,Aurelia,Round neck cotton womens knee length kurta - green,"Size:Large,Medium,Small,X-Large,X-Small,XX-Large","Rs
1199",839,30% off,Indianwear-Women
16815,De moza,Solid skinny fit cotton womens leggings - yellow,"Size:4X-Large,Large,Medium,Small,X-Large,XX-Large",Nan,449,No Discount,Indianwear-Women
16816,Aarke,Printed mandarin cotton blend womens dress - yellow,"Size:Large,Medium,Small,X-Small",Nan,2900,No Discount,Indianwear-Women
16817,Ziyaa,Printed round neck rayon womens ethnic set - maroon,"Size:Large,Medium,Small,X-Large,XX-Large,XXX-Large","Rs
3170",1268,60% off,Indianwear-Women
16818,Ziyaa,Floral georgette collar neck womens ethnic set - multi,"Size:Large,Medium,Small,X-Large,XX-Large,XXX-Large","Rs
3708",1483,60% off,Indianwear-Women
16819,Global desi,Regular full length polyester women festive wear skirts - pink,"Size:XL,Large,Medium,Small,X-Small,XX-Large","Rs
2999",2399,20% off,Indianwear-Women
16820,Fusion beats,Womens notched collar floral print kurta - green,"Size:Medium,Small","Rs
1899",679,64% off,Indianwear-Women
16821,Global desi,Womens cotton round neck kurta - grey,"Size:Large,Medium,Small,X-Small","Rs
2599",1299,50% off,Indianwear-Women
16822,Global desi,Round neck straight women kurtas - maroon,"Size:XL,Large,Medium,Small,X-Small,XX-Large","Rs
2299",1839,20% off,Indianwear-Women
16823,Varanga,Womens mandarin collar solid kurta set - black,"Size:Medium,Small,XX-Large","Rs
3599",1799,50% off,Indianwear-Women
16824,W,Solid cotton flex mandarin neck womens straight fit kurta - peach,"Size:6,8",Nan,1499,No Discount,Indianwear-Women
16825,Global desi,Floral viscose v neck womens ethnic set - pink,"Size:XL,Large,Medium,Small,X-Small","Rs
3999",3199,20% off,Indianwear-Women
16826,Janasya,Womens mustard poly crepe kurta (jne3365) - yellow,"Size:Large,Medium,Small,X-Large,X-Small,XX-Large,XXX-Large","Rs
1299",519,60% off,Indianwear-Women
16827,De moza,Solid rayon loose fit womens culottes - natural,"Size:X-Large,XXX-Large","Rs
999",599,40% off,Indianwear-Women
16828,Varanga,Womens round neck embellished kurta - mauve,"Size:Large,Medium,Small,XX-Large","Rs
1999",999,50% off,Indianwear-Women
16829,De moza,Solid skinny fit viscose womens leggings - mustard,"Size:4X-Large,Large,Medium,Small,X-Large,XX-Large,XXX-Large",Nan,599,No Discount,Indianwear-Women
16830,Aurelia,Yarn dyed cotton round neck womens straight kurta - navy,"Size:Large,Medium,Small,X-Large,XX-Large",Nan,1399,No Discount,Indianwear-Women
16831,De moza,Printed regular fit polyester womens festive wear pants - navy,"Size:Large,Medium,X-Large,XX-Large",Nan,1299,No Discount,Indianwear-Women
16832,Ziyaa,Printed crepe boat neck womens straight kurta - black,"Size:Large,Medium,Small,X-Large,XX-Large,XXX-Large","Rs
1248",624,50% off,Indianwear-Women
16833,Aurelia,Solid cotton blend womens casual tights - yellow,"Size:Large,Medium,Small,X-Large,XX-Large",Nan,599,No Discount,Indianwear-Women
16834,Varanga,Women embroidered kurta with palazzos & dupatta - coral,"Size:Medium,Small,X-Large,XX-Large","Rs
4999",2249,55% off,Indianwear-Women
16835,De moza,Solid regular fit cotton womens casual wear pants - black,Size:XXX-Large,Nan,999,No Discount,Indianwear-Women
16836,Janasya,Printed collar neck cotton designer womens ethnic sets - blue,"Size:Large,Medium,Small,X-Large,X-Small,XX-Large,XXX-Large","Rs
2499",874,65% off,Indianwear-Women
16837,De moza,Solid skinny fit cotton womens leggings - leaf green,"Size:Large,Medium,Small,X-Large,XX-Large",Nan,499,No Discount,Indianwear-Women
16838,Varanga,Maroon zari and sequins embroidery kurta with dori and pom pom tassel with golden woven trousers - maroon,"Size:Medium,Small,XX-Large","Rs
3599",1439,60% off,Indianwear-Women
16839,Aurelia,Printed polyester womens regular length palazzos - green,"Size:Large,Medium,Small,X-Large","Rs
1499",899,40% off,Indianwear-Women
16840,Aurelia,Printed poly lycra womens festive palazzo - gold,"Size:Large,Medium,Small,X-Large,XX-Large",Nan,999,No Discount,Indianwear-Women
16841,Ziyaa,Geometric round neck polyester womens ethnic set - green,"Size:Large,Medium,Small,X-Large,XX-Large,XXX-Large","Rs
3238",1295,60% off,Indianwear-Women
16842,De moza,Solid skinny fit viscose womens leggings - navy,"Size:4X-Large,Large,Medium,Small,X-Large,X-Small,XX-Large",Nan,599,No Discount,Indianwear-Women
16843,Indya,Solid georgette womens regular length sharara pants - white,"Size:Large,Medium,Small,X-Large,X-Small,XX-Large","Rs
2200",1100,50% off,Indianwear-Women
16844,Janasya,Solid ankle length viscose lycra womens leggings - mustard,"Size:Large,Small,X-Large","Rs
798",438,45% off,Indianwear-Women
16845,Ziyaa,Geometric round neck polyester womens ethnic set - green,"Size:Large,Medium,Small,X-Large,XX-Large,XXX-Large","Rs
3180",1272,60% off,Indianwear-Women
16846,Global desi,Solid viscose regular fit womens festive sharara - natural,"Size:XL,Large,Medium,Small,X-Small,XX-Large",Nan,2799,No Discount,Indianwear-Women
16847,Suti,Printed cotton round neck womens ethnic set - mint,"Size:Large,Medium,Small,X-Large","Rs
4199",3359,20% off,Indianwear-Women
16848,Fusion beats,Womens mandarin collar solid kurta - black,"Size:Large,Medium","Rs
1599",599,63% off,Indianwear-Women
16849,De moza,Solid skinny fit cotton womens leggings - natural,"Size:Large,Medium,Small,X-Large,XX-Large",Nan,499,No Discount,Indianwear-Women
16850,Global desi,Women cropped straight pants - indigo,"Size:XL,Medium,Small","Rs
2299",1149,50% off,Indianwear-Women
16851,Indya,Womens maroon chambray embroidered a-line tunic - maroon,"Size:Large,Small,X-Small","Rs
1850",925,50% off,Indianwear-Women
16852,Ira soleil,Embroidered polyester round neck womens ethnic top - pink,"Size:Large,Medium,Small,X-Large",Nan,2899,No Discount,Indianwear-Women
16853,Janasya,Womens green poly silk kurta with palazzo and dupatta (j0012) - multi,"Size:Large,Medium,Small,X-Large,X-Small,XX-Large,XXX-Large","Rs
3899",2144,45% off,Indianwear-Women
16854,Global desi,Solid tapered fit viscose womens fusion wear pants - coral,"Size:XL,Large,Medium,Small,X-Small,XX-Large",Nan,1999,No Discount,Indianwear-Women
16855,Global desi,Round neck straight women kurtas - pink mix,"Size:XL,Large,Medium,Small,XX-Large","Rs
2099",1679,20% off,Indianwear-Women
16856,W,Solid cotton lycra womens casual tights - blue,"Size:Large,Medium,X-Large,XX-Large",Nan,799,No Discount,Indianwear-Women
16857,W,Solid cotton flex mandarin womens calf length kurta - maroon,"Size:6,8,10,14",Nan,1499,No Discount,Indianwear-Women
16858,Ziyaa,Stripes rayon square neck womens kurta palazzo set - blue,"Size:Large,Medium,Small,X-Large,XX-Large,XXX-Large","Rs
3849",1539,60% off,Indianwear-Women
16859,W,Solid regular fit chiffon womens festive pants - gold,"Size:6,8,12,14,16","Rs
1999",1199,40% off,Indianwear-Women
16860,Janasya,Floral polyester blend round neck womens regular fit top - navy,"Size:Large,Medium,Small,X-Large,X-Small,XX-Large,XXX-Large","Rs
1498",749,50% off,Indianwear-Women
16861,De moza,Relaxed fit regular length polyester womens festive skirt - maroon,"Size:Medium,X-Large,XXX-Large",Nan,2499,No Discount,Indianwear-Women
16862,Fusion beats,Womens v neck solid kurta - yellow,"Size:Large,Medium,Small,X-Large","Rs
1799",719,60% off,Indianwear-Women
16863,Myshka,Printed collar neck womens kurti - red,",Medium,Small,X-Large,XX-Large","Rs
3999",999,75% off,Indianwear-Women
16864,Fusion beats,Boat neck regular fit womens kurta - yellow,"Size:Medium,Small,XX-Large","Rs
1699",849,50% off,Indianwear-Women
16865,De moza,Solid skinny fit cotton womens leggings - fuchsia,"Size:Large,Medium,Small,X-Large,XX-Large",Nan,499,No Discount,Indianwear-Women
16866,De moza,Solid skinny fit cotton womens leggings - dark blue,"Size:Large,Medium,Small,X-Large,XX-Large",Nan,499,No Discount,Indianwear-Women
16867,De moza,Solid skinny fit viscose womens leggings - natural,"Size:Large,Medium,Small,X-Large,XX-Large",Nan,449,No Discount,Indianwear-Women
16868,Varanga,Womens boat neck solid kurta set - coral,"Size:Medium,Small,XX-Large","Rs
5299",2384,55% off,Indianwear-Women
16869,Janasya,Womens mustard pure cotton kurta with palazzo (set097) - yellow,"Size:Medium,Small,X-Large,X-Small","Rs
4349",1739,60% off,Indianwear-Women
16870,Global desi,Jacquard polyester round neck womens straight top - gold,"Size:XL,Large,Medium,Small,X-Small,XX-Large",Nan,1699,No Discount,Indianwear-Women
16871,Ira soleil,Solid round neck polyester womens dailywear kurta - green,"Size:Large,Medium,Small,X-Large",Nan,2399,No Discount,Indianwear-Women
16872,Ziyaa,Geometric round neck rayon womens ethnic set - maroon,"Size:Large,Medium,Small,X-Large,XX-Large,XXX-Large","Rs
2900",1160,60% off,Indianwear-Women
16873,De moza,Solid skinny fit viscose womens leggings - cobalt,"Size:4X-Large,Large,Medium,Small,X-Small,XX-Large,XXX-Large",Nan,599,No Discount,Indianwear-Women
16874,Global desi,Geometric viscose v-neck womens curved top - natural,"Size:Large,Medium,Small,X-Small","Rs
1699",849,50% off,Indianwear-Women
16875,Aurelia,Regular fit regular length polyester womens festive skirt - gold,"Size:Large,Medium,Small,X-Large,X-Small,XX-Large",Nan,2299,No Discount,Indianwear-Women
16876,Faballey,Abstract strappy cotton womens pyjama set - black,"Size:Small,X-Large,X-Small","Rs
2200",1100,50% off,Indianwear-Women
16877,Global desi,Solid viscose rayon collar womens tops & tunics - light blue,"Size:XL,Large,Medium,X-Small,XX-Large",Nan,1699,No Discount,Indianwear-Women
16878,De moza,Embroidered rayon regular fit womens palazzos - natural,"Size:Large,Medium,Small,X-Large,XX-Large","Rs
1499",899,40% off,Indianwear-Women
16879,Ziyaa,Floral round neck rayon womens salwar kurta and dupatta set - blue,"Size:Large,Medium,Small,X-Large,XX-Large,XXX-Large","Rs
4063",1625,60% off,Indianwear-Women
16880,Global desi,Regular viscose womens trousers - white,"Size:XL,Large,Medium,Small,X-Small,XX-Large",Nan,2299,No Discount,Indianwear-Women
16881,Neerus,Cotton womens calf length a line kurta - natural,"Size:Medium,XX-Large","Rs
2499",1249,50% off,Indianwear-Women
16882,Yuris,Floral cotton round neck womens calf length kurta - mustard,"Size:Large,Medium,Small,X-Large,X-Small,XX-Large,XXX-Large","Rs
1799",809,55% off,Indianwear-Women
16883,Janasya,Printed round neck cotton flex womens a-line ethnic dress - cream,"Size:Small,X-Large,X-Small,XX-Large","Rs
2179",762,65% off,Indianwear-Women
16884,Ziyaa,Printed crepe boat neck womens straight kurta - navy,"Size:Large,Medium,Small,X-Large,XX-Large,XXX-Large","Rs
1373",549,60% off,Indianwear-Women
16885,Global desi,Regular length viscose straight fit womens pants - natural,"Size:XL,Large,Medium,Small,X-Small",Nan,1399,No Discount,Indianwear-Women
16886,Global desi,Square neck straight women kurtas - indigo,"Size:XL,Large,Medium,Small,X-Small","Rs
2299",1609,30% off,Indianwear-Women
16887,Global desi,Solid cotton mandarin collar womens kurta - mid blue,"Size:Large,Medium,Small,X-Small","Rs
1799",899,50% off,Indianwear-Women
16888,Global desi,Womens solid trouser - indigo,"Size:XL,Large,Medium,Small","Rs
1999",999,50% off,Indianwear-Women
16889,Yuris,Printed round neck cotton womens kurta palazzo set - green,"Size:Large,Medium,Small,X-Large,XX-Large,XXX-Large","Rs
2999",1349,55% off,Indianwear-Women
16890,Global desi,Floral viscose round neck womens flared tunic - white,"Size:XL,Large,Medium,Small,X-Small","Rs
2299",1609,30% off,Indianwear-Women
16891,Global desi,Floral viscose round neck womens knee length kurta - sage,"Size:XL,Large,Medium,Small,X-Small,XX-Large","Rs
2099",1364,35% off,Indianwear-Women
16892,Global desi,Printed viscose square neck women flared tops - red,"Size:Large,Medium,Small,X-Small","Rs
1499",1049,30% off,Indianwear-Women
16893,Varanga,Womens round neck embellished kurta - black,"Size:Small,X-Large,XX-Large","Rs
1999",999,50% off,Indianwear-Women
16894,Stop,Solid boat neck a line fit womens kurta - fuschia,"Size:S,M,L,XL,X-Small,XX-Large","Rs
1299",649,50% off,Indianwear-Women
16895,Stop,Solid cotton slub round neck womens calf length kurta - off white,"Size:S,M,L,X-Large,X-Small,XX-Large",Nan,1299,No Discount,Indianwear-Women
16896,Ira soleil,Embellished polyester boat neck womens crop length tunic - gold,"Size:Large,Medium,Small,X-Large",Nan,2499,No Discount,Indianwear-Women
16897,Ira soleil,Self design velvet casual wear womens blouse - black,"Size:Large,Medium,Small,X-Large",Nan,2999,No Discount,Indianwear-Women
16898,Varanga,Printed cotton v neck womens ethnic set - grey,"Size:Large,Medium,Small,X-Large",Nan,5999,No Discount,Indianwear-Women
16899,Varanga,Printed cotton round neck womens ethnic set - yellow,"Size:Large,Medium,Small,X-Large",Nan,5999,No Discount,Indianwear-Women
16900,Varanga,Printed cotton round neck womens ethnic set - mustard,"Size:Large,Medium,Small,X-Large,XX-Large",Nan,5999,No Discount,Indianwear-Women
16901,Juniper,Sequins round neck georgette designer women ethnic sets - grey,"Size:Medium,Small,X-Small","Rs
4799",2159,55% off,Indianwear-Women
16902,Ira soleil,Embellished polyester boat neck womens crop length tunic - green,"Size:Large,Medium,Small,X-Large",Nan,2499,No Discount,Indianwear-Women
16903,Ira soleil,Regular fit ankle length polyester womens trousers - black,"Size:Large,Medium,Small,X-Large",Nan,2599,No Discount,Indianwear-Women
16904,Varanga,Zari mandarin straight designer womens kurtas - brown,"Size:Large,Medium,X-Large,XX-Large","Rs
3199",1119,65% off,Indianwear-Women
16905,Varanga,Womens floral printed kurta with gold printed yoke with mauve and gold overall elasticated palazzo - magenta,"Size:Large,X-Large,XX-Large","Rs
3399",1699,50% off,Indianwear-Women
16906,Varanga,Womens plastic pink gold floral printed straight kurta with printed palazzo - magenta,"Size:Large,Medium,Small,X-Large,XX-Large","Rs
3599",1799,50% off,Indianwear-Women
16907,Ira soleil,Self design velvet casual wear womens blouse - red,"Size:Large,Medium,Small,X-Large",Nan,2999,No Discount,Indianwear-Women
16908,Ira soleil,Embellished polyester square neck womens crop length tunic - pink,"Size:Large,Medium,Small,X-Large",Nan,2299,No Discount,Indianwear-Women
16909,Varanga,Viscose rayon womens ethnic palazzos - grey,"Size:Large,Medium,Small,X-Large,XX-Large","Rs
1599",799,50% off,Indianwear-Women
16910,W,Solid regular fit viscose womens festive pants - pink,Size:6,"Rs
1699",1019,40% off,Indianwear-Women
16911,Ziyaa,Geometric polyester round neck womens ethnic set - navy,"Size:XX-Large,XXX-Large","Rs
4922",1968,60% off,Indianwear-Women
16912,Ritu kumar,Crepe round neck womens short top - multi,Size:Medium,Nan,2900,No Discount,Indianwear-Women
16913,Indya,Grey floral georgette maxi skirt with cancan - grey,Size:X-Small,"Rs
3200",1600,50% off,Indianwear-Women
16914,Janasya,Stripes rayon v-neck womens a-line tunic - multi,Size:X-Small,"Rs
1498",599,60% off,Indianwear-Women
16915,Janasya,Poly muslin womens kurta and pant set - grey,"Size:Small,X-Small","Rs
3598",1799,50% off,Indianwear-Women
16916,Janasya,Womens navy blue cotton stitched blouse (bl102) - blue,Size:X-Large,"Rs
899",449,50% off,Indianwear-Women
16917,Janasya,Floral cotton mandarin womens kurta palazzo set with dupatta - grey,Size:X-Small,"Rs
4399",1979,55% off,Indianwear-Women
16918,Janasya,Embroidered cotton round neck womens regular fit top - maroon,"Size:Small,X-Small","Rs
1799",989,45% off,Indianwear-Women
16919,De moza,Solid polyester womens crop top - gold,Size:Large,"Rs
999",599,40% off,Indianwear-Women
16920,Neerus,Printed flex round neck womens salwar suit - grey,Size:Medium,"Rs
2699",2159,20% off,Indianwear-Women
16921,W,Solid regular fit viscose womens festive pants - red,Size:16,"Rs
1299",779,40% off,Indianwear-Women
16922,Global desi,Self design tie up neck straight womens kurta - off white,"Size:Medium,XX-Large","Rs
2599",1299,50% off,Indianwear-Women
16923,Ritu kumar,Collar neck lace womens short dress - multi,"Size:Small,X-Small",Nan,7500,No Discount,Indianwear-Women
16924,Indya,Foil print silk v-neck womens regular tunic - purple,Size:XX-Large,"Rs
3400",1700,50% off,Indianwear-Women
16925,Yuris,Printed mandarin neck cotton womens kurta palazzo set - pink,Size:Small,"Rs
2899",1159,60% off,Indianwear-Women
16926,Amukti,Stripes cotton mandarin collar womens straight kurta - blue,Size:XXX-Large,"Rs
1499",1049,30% off,Indianwear-Women
16927,Global desi,Round neck straight women kurtas - mint,"Size:XL,Large,Medium,Small,X-Small","Rs
2599",1819,30% off,Indianwear-Women
16928,Kami kubi,Geometric mandarin neck cotton womens flared ethnic dress - white,"Size:Large,Medium,Small","Rs
1999",899,55% off,Indianwear-Women
16929,Aurelia,Printed chanderi round neck womens ethnic set - pink,"Size:Large,Medium",Nan,4699,No Discount,Indianwear-Women
16930,Neerus,Printed chanderi round neck womens ethnic set - sea green,"Size:Medium,XXX-Large","Rs
3799",3039,20% off,Indianwear-Women
16931,Global desi,Ethnic motifs polyester round neck womens kurta - sage,"Size:Medium,Small","Rs
2499",1624,35% off,Indianwear-Women
16932,Ritu kumar,V neck crepe womens long dress - multi,Size:Small,Nan,5900,No Discount,Indianwear-Women
16933,Varanga,Womens round neck ethnic motifs kurta set - red,Size:Small,"Rs
3999",1999,50% off,Indianwear-Women
16934,Aurelia,Yarn dyed band collar w/ v straight womens kurta - navy,"Size:Large,X-Small","Rs
1199",599,50% off,Indianwear-Women
16935,Fusion beats,Womens round neck slub kurta - yellow,"Size:Large,X-Large,XX-Large","Rs
1799",719,60% off,Indianwear-Women
16936,De moza,Printed rayon womens regular length palazzo - off white,"Size:Large,Medium,X-Large",Nan,1299,No Discount,Indianwear-Women
16937,Janasya,Floral mandarin neck polyester blend womens flared ethnic dress - orange,Size:X-Small,"Rs
2498",1623,35% off,Indianwear-Women
16938,Global desi,Stripes collar neck cotton womens straight dress - yellow,"Size:Large,Medium,Small","Rs
2099",1679,20% off,Indianwear-Women
16939,Janasya,Womens mustard poly crepe kurta with pant (set044) - yellow,Size:X-Small,"Rs
2299",1034,55% off,Indianwear-Women
16940,Aarke,Printed polyester blend collar neck womens shirt blouse - rust,Size:Large,Nan,2400,No Discount,Indianwear-Women
16941,Global desi,Self design key hole neck womens top - yellow,"Size:XL,Small,X-Small","Rs
1599",959,40% off,Indianwear-Women
16942,W,Solid cotton flex mandarin neck womens straight fit kurta - black,Size:6,Nan,1499,No Discount,Indianwear-Women
16943,Global desi,Solid viscose loose fit womens bottom - wine,"Size:XL,Medium,Small","Rs
2199",1099,50% off,Indianwear-Women
16944,Global desi,Geometric round neck womens tunic - pink,"Size:Large,Small,X-Small","Rs
1799",1079,40% off,Indianwear-Women
16945,Indya,Geometric square neck cotton womens regular fit maxi dress - blue,"Size:Medium,Small",Nan,2400,No Discount,Indianwear-Women
16946,Aurelia,Solid regular fit cotton flex womens casual trousers - green,Size:Small,"Rs
1049",629,40% off,Indianwear-Women
16947,Janasya,Solid polyester blend round neck womens straight fit ethnic set - pink,"Size:Medium,X-Large,XXX-Large","Rs
2799",1539,45% off,Indianwear-Women
16948,Kami kubi,Printed silk blend round neck womens ethnic set - pink,"Size:Large,Medium,X-Large","Rs
4999",1999,60% off,Indianwear-Women
16949,Amukti,Solid rayon womens kurta - red,Size:Small,"Rs
1299",649,50% off,Indianwear-Women
16950,Stop,Womens embroidered calf length casual wear kurta - mustard,"Size:S,M,X-Small","Rs
1299",649,50% off,Indianwear-Women
16951,Ritu kumar,V neck viscose blend womens short dress - multi,"Size:Large,Medium",Nan,5800,No Discount,Indianwear-Women
16952,Global desi,Womens cotton round neck kurta - mid blue,Size:X-Small,"Rs
2199",879,60% off,Indianwear-Women
16953,Aurelia,Printed viscose blend round neck womens ethnic set - natural,Size:Large,"Rs
3999",1999,50% off,Indianwear-Women
16954,Varanga,Womens round neck embellished kurta - mauve,Size:Small,"Rs
1799",899,50% off,Indianwear-Women
16955,W,Solid cotton flex regular fit womens slim pants - off white,Size:8,Nan,1099,No Discount,Indianwear-Women
16956,De moza,Solid cotton pencil fit womens cigarette pants - peacock,"Size:Large,Medium,XX-Large",Nan,799,No Discount,Indianwear-Women
16957,Aurelia,Yarn dyed 2tone womens non festive trousers - grey,"Size:Medium,Small",Nan,899,No Discount,Indianwear-Women
16958,Indya,Floral silk regular fit womens sharara - pink,"Size:Large,Small,X-Large",Nan,2450,No Discount,Indianwear-Women
16959,Janasya,Womens maroon rayon kurta (jne3273) - red,"Size:X-Large,X-Small","Rs
2299",804,65% off,Indianwear-Women
16960,De moza,Solid polyester womens crop top - fuchsia,Size:XX-Large,"Rs
999",599,40% off,Indianwear-Women
16961,W,Printed polyester round neck womens a line dress - grey,Size:16,"Rs
2799",2099,25% off,Indianwear-Women
16962,Indya,Floral silk regular fit womens top - blue,"Size:Medium,Small",Nan,1400,No Discount,Indianwear-Women
16963,Varanga,Womens round neck floral kurta set - sea green,Size:Small,"Rs
2999",1649,45% off,Indianwear-Women
16964,Global desi,Floral v-neck womens top - blue,Size:X-Small,"Rs
1799",1079,40% off,Indianwear-Women
16965,Aarke,Printed v neck polyester blend womens dress - green,"Size:Small,X-Small",Nan,3600,No Discount,Indianwear-Women
16966,Ziyaa,Printed polyester v neck womens ethnic set - black,"Size:Large,Small","Rs
5437",2174,60% off,Indianwear-Women
16967,Global desi,Floral polyester round neck womens knee length kurta - dark grey,"Size:XL,Large,XX-Large","Rs
2999",1499,50% off,Indianwear-Women
16968,W,Solid cotton lycra regular fit womens tights - blue,"Size:Large,Small",Nan,799,No Discount,Indianwear-Women
16969,W,Regular viscose woven designer womens pants - pink,Size:10,"Rs
1499",899,40% off,Indianwear-Women
16970,Aurelia,Mandarin straight designer womens kurtas - green,"Size:Small,X-Large","Rs
1049",629,40% off,Indianwear-Women
16971,Janasya,Womens blue pure cotton top with palazzo (j0095) - blue,"Size:Small,X-Small","Rs
2799",1119,60% off,Indianwear-Women
16972,Aurelia,Dyed cotton round neck womens ethnic set - grey,Size:XX-Large,Nan,3399,No Discount,Indianwear-Women
16973,Aarke,Printed rayon blend collar neck womens shirt blouse - blue,Size:Small,Nan,1900,No Discount,Indianwear-Women
16974,Aurelia,Printed polyester round neck womens straight kurta - green,"Size:Large,Medium,Small,X-Small",Nan,1699,No Discount,Indianwear-Women
16975,Global desi,Foil viscose round neck womens top - maroon,"Size:XL,X-Small,XX-Large","Rs
1699",1359,20% off,Indianwear-Women
16976,Yuris,Paisley cotton round neck womens salwar suit - multi,Size:Small,"Rs
2099",1154,45% off,Indianwear-Women
16977,Janasya,Womens peach poly crepe kurta (jne3261) - pink,"Size:Medium,X-Large","Rs
1399",559,60% off,Indianwear-Women
16978,Yuris,Printed round neck cotton womens kurta palazzo set - white,"Size:Large,X-Large,XX-Large","Rs
2699",1214,55% off,Indianwear-Women
16979,Yuris,Printed mandarin neck cotton womens kurta palazzo set - green,"Size:Medium,Small","Rs
2499",1124,55% off,Indianwear-Women
16980,Yuris,Printed mandarin neck cotton womens kurta salwar dupatta set - mustard,Size:Small,"Rs
2899",1159,60% off,Indianwear-Women
16981,Yuris,Lace round neck cotton womens kurta palazzo set - green,Size:Small,"Rs
3499",1399,60% off,Indianwear-Women
16982,Yuris,Floral cotton round neck womens salwar suit - multi,"Size:Medium,Small","Rs
2899",1159,60% off,Indianwear-Women
16983,Varanga,Round neck womens top - red,"Size:Small,X-Large","Rs
1399",559,60% off,Indianwear-Women
16984,Varanga,Viscose rayon womens ethnic palazzos - maroon,"Size:Large,XX-Large","Rs
2699",1349,50% off,Indianwear-Women
16985,Varanga,Womens wine zari embroidered and sequins work detailed yoke kurta with gold polka dot block printed palazzo - magenta,Size:XX-Large,"Rs
3399",1699,50% off,Indianwear-Women
16986,Varanga,Gotta patti printed cotton round neck womens regular fit kurta - peach,Size:XX-Large,"Rs
2799",979,65% off,Indianwear-Women
16987,Varanga,Zari round neck womens kurta - peacock,Size:XX-Large,"Rs
2299",1149,50% off,Indianwear-Women
16988,Varanga,Womens green woven design straight handloom kurta with thread embroidery on neckline and sleeves - green,Size:Small,"Rs
1999",899,55% off,Indianwear-Women
16989,Varanga,Womens woven maroon and off white floral embroidery anarkali handloom kurta - maroon,"Size:X-Large,XX-Large","Rs
2199",879,60% off,Indianwear-Women
16990,Janasya,Solid pure cotton womens palazzo pants - navy,"Size:Small,X-Small","Rs
1499",674,55% off,Indianwear-Women
16991,Janasya,Solid ankle length viscose lycra womens leggings - green,"Size:Medium,XX-Large","Rs
798",478,40% off,Indianwear-Women
16992,De moza,Solid skinny fit cotton womens leggings - brown,"Size:Large,Medium,Small,X-Large,XX-Large",Nan,499,No Discount,Indianwear-Women
16993,Janasya,Solid ankle length viscose lycra womens leggings - orange,Size:Small,"Rs
798",438,45% off,Indianwear-Women
16994,De moza,Solid skinny fit viscose womens leggings - coral,"Size:Large,Medium,Small,X-Large,XX-Large,XXX-Large",Nan,599,No Discount,Indianwear-Women
16995,Indya,Solid regular fit georgette womens festive pants - green,"Size:Medium,X-Small","Rs
1900",950,50% off,Indianwear-Women
16996,Janasya,Womens blue poly crepe kurta with pant (set131) - blue,Size:X-Small,"Rs
2299",1149,50% off,Indianwear-Women
16997,De moza,Solid skinny fit cotton womens leggings - dark grey,"Size:Large,Medium,Small,X-Large,XX-Large",Nan,499,No Discount,Indianwear-Women
16998,W,Solid cotton flex mandarin womens calf length kurta - ecru,Size:6,Nan,1499,No Discount,Indianwear-Women
16999,Aurelia,Printed polyester blend regular fit womens regular palazzos - gold,"Size:Large,Medium,Small,X-Large,XX-Large",Nan,999,No Discount,Indianwear-Women
17000,Aurelia,Solid cotton lycra regular fit womens tights - red,"Size:Large,Medium,Small,X-Large,XX-Large",Nan,599,No Discount,Indianwear-Women
17001,Fusion beats,Womens tie up neck solid top - yellow,Size:Large,"Rs
1299",479,63% off,Indianwear-Women
17002,Aurelia,Cotton lycra woven womens tights - white,"Size:Small,X-Large,XX-Large",Nan,699,No Discount,Indianwear-Women
17003,Janasya,Embroidered cotton flex v-neck womens regular fit top - burgundy,Size:X-Small,"Rs
1998",799,60% off,Indianwear-Women
17004,Aurelia,Printed polyester mandarin womens flared kurta - blue,Size:Medium,Nan,2599,No Discount,Indianwear-Women
17005,W,Relaxed fit regular length cotton womens churidar - gold,"Size:Large,Medium,Small",Nan,899,No Discount,Indianwear-Women
17006,Janasya,Womens yellow poly crepe kurta (jne3294) - yellow,Size:X-Small,"Rs
1399",629,55% off,Indianwear-Women
17007,Fusion beats,Mandarin collar regular fit womens kurta - grey,"Size:Small,X-Large,XX-Large","Rs
1799",899,50% off,Indianwear-Women
17008,Global desi,Solid straight fit viscose womens festive wear pants - sage,"Size:XL,Large,Medium,Small,X-Small,XX-Large","Rs
1599",1279,20% off,Indianwear-Women
17009,Ziyaa,Solid round neck polyester womens salwar kurta and dupatta set - black,"Size:Large,Medium,Small,X-Large,XX-Large,XXX-Large","Rs
3509",1403,60% off,Indianwear-Women
17010,Global desi,Floral polyester round neck womens flared dress - dark grey,"Size:XL,Large,Medium,Small","Rs
3499",1749,50% off,Indianwear-Women
17011,Amukti,Printed cotton womens kurta - brown,Size:Medium,"Rs
1999",999,50% off,Indianwear-Women
17012,Janasya,Womens blue cotton flex kurta (jne3524) - blue,"Size:Large,Medium,Small,X-Large,XX-Large","Rs
1529",917,40% off,Indianwear-Women
17013,Indya,Navy embroidered waist palazzo pants - blue,Size:XX-Large,"Rs
1950",975,50% off,Indianwear-Women
17014,De moza,Solid polyester womens cigarette pants - off white,Size:XX-Large,Nan,699,No Discount,Indianwear-Women
17015,Indya,Floral silk regular fit womens sharara - yellow,"Size:Small,X-Small",Nan,2450,No Discount,Indianwear-Women
17016,De moza,Solid skinny fit cotton womens leggings - wine,"Size:Large,Medium,X-Large,XX-Large",Nan,499,No Discount,Indianwear-Women
17017,Global desi,Tropical tie up neck womens kurta - aqua,"Size:Large,Medium,Small","Rs
2199",1319,40% off,Indianwear-Women
17018,Global desi,Womens comfort fit floral kurta - mustard,Size:Small,"Rs
2599",1039,60% off,Indianwear-Women
17019,Fusion beats,Round neck regular fit womens kurta - red,"Size:Large,Small,X-Large,XX-Large","Rs
1699",849,50% off,Indianwear-Women
17020,Stop,Solid mandarin collar a line fit womens kurta - yellow,"Size:S,M,L,X-Large,X-Small,XX-Large","Rs
1499",749,50% off,Indianwear-Women
17021,Janasya,Solid cotton mandarin womens dress - rust,Size:XXX-Large,"Rs
2599",1299,50% off,Indianwear-Women
17022,Global desi,Solid collar neck viscose women flared dresses - indigo,"Size:Small,X-Small","Rs
2999",2099,30% off,Indianwear-Women
17023,Aurelia,Printed viscose round neck womens straight kurta - blue,"Size:Medium,Small,X-Small","Rs
1199",839,30% off,Indianwear-Women
17024,Janasya,Floral cotton round neck womens kurta palazzo set with dupatta - yellow,Size:Small,"Rs
4269",2347,45% off,Indianwear-Women
17025,De moza,Solid skinny fit viscose womens leggings - cobalt,"Size:Small,X-Small",Nan,449,No Discount,Indianwear-Women
17026,Ritu kumar,Square neck jacquard womens short dress - multi,Size:Small,Nan,2900,No Discount,Indianwear-Women
17027,Global desi,Regular viscose  women sharara - natural,"Size:Large,Medium",Nan,3799,No Discount,Indianwear-Women
17028,W,Mandarin straight designer womens kurtas - grey,Size:6,Nan,1499,No Discount,Indianwear-Women
17029,Janasya,Embroidered cotton round neck womens regular fit top - navy,"Size:Large,Medium,Small,X-Large,X-Small,XX-Large,XXX-Large","Rs
1799",989,45% off,Indianwear-Women
17030,Indya,Womens green viscose solid shirt tunic - green,"Size:Medium,Small,X-Small","Rs
1650",825,50% off,Indianwear-Women
17031,De moza,Solid cotton flex womens cigarette pants - fuchsia,"Size:Medium,XX-Large",Nan,1049,No Discount,Indianwear-Women
17032,Global desi,Striped straight fit womens workwear pants - green,"Size:Medium,Small,X-Small","Rs
1699",1019,40% off,Indianwear-Women
17033,Ziyaa,Printed round neck rayon womens ethnic set - blue,"Size:Large,Medium,Small,X-Large,XX-Large,XXX-Large","Rs
2938",1175,60% off,Indianwear-Women
17034,Myshka,Solid cotton round neck womens regular kurta - orange,"Size:Large,Medium,Small,XX-Large","Rs
1499",674,55% off,Indianwear-Women
17035,Ziyaa,Checks round neck polyester womens ethnic set - peacock,"Size:Large,Medium,Small,X-Large,XX-Large,XXX-Large","Rs
3400",1360,60% off,Indianwear-Women
17036,W,Printed viscose round neck womens calf length kurta - blue,"Size:8,12,16,18","Rs
1899",949,50% off,Indianwear-Women
17037,Ziyaa,Checks polyester round neck womens ethnic set - multi,"Size:Large,Medium,Small,X-Large,XX-Large,XXX-Large","Rs
5477",2190,60% off,Indianwear-Women
17038,Global desi,Floral polyester round neck womens straight fit kurta - pink,"Size:Large,Small","Rs
3599",1799,50% off,Indianwear-Women
17039,Indya,Embellished v-neck georgette womens regular top - yellow,"Size:Large,Medium,Small,X-Small,XX-Large",Nan,1400,No Discount,Indianwear-Women
17040,W,Regular fit regular length polyester blend womens festive wear skirts - gold,"Size:Medium,Small",Nan,2999,No Discount,Indianwear-Women
17041,De moza,Solid polyester womens crop top - navy,"Size:Large,X-Large,XX-Large","Rs
999",599,40% off,Indianwear-Women
17042,Global desi,Printed viscose round neck womens regular kurta - mustard,"Size:XL,Medium","Rs
2499",1749,30% off,Indianwear-Women
17043,Stop,Fitted full length cotton lycra womens leggings - gold,"Size:S,M,L,X-Large,X-Small","Rs
999",699,30% off,Indianwear-Women
17044,W,Regular polyester woven designer womens culottes - blue,"Size:Large,Medium,Small","Rs
2299",1379,40% off,Indianwear-Women
17045,De moza,Solid skinny fit viscose womens leggings - natural,Size:X-Small,Nan,599,No Discount,Indianwear-Women
17046,Global desi,Printed modal square neck womens ethnic set - aqua,"Size:XL,Large,Medium,Small,X-Small","Rs
3599",2339,35% off,Indianwear-Women
17047,Global desi,Geometric straight viscose women fusion wear trouser - black,"Size:XL,Large,Medium,Small,X-Small,XX-Large","Rs
1599",1279,20% off,Indianwear-Women
17048,Janasya,Tie and dye round neck regular fit womens kurta - orange,"Size:Large,Medium,Small,X-Large,X-Small,XX-Large","Rs
2199",1099,50% off,Indianwear-Women
17049,De moza,Solid skinny fit viscose womens leggings - maroon,"Size:4X-Large,Large,Medium,Small,X-Large,XX-Large,XXX-Large",Nan,599,No Discount,Indianwear-Women
17050,Aurelia,Printed cotton regular fit womens casual culottes - navy,"Size:Medium,Small,X-Large",Nan,1499,No Discount,Indianwear-Women
17051,Crimsoune club,Womens slim fit printed kurta - black,"Size:Large,Medium,X-Large","Rs
1999",799,60% off,Indianwear-Women
17052,W,Solid cotton flex mandarin womens calf length kurta - pink,"Size:8,10,12,14",Nan,1499,No Discount,Indianwear-Women
17053,Fusion beats,Womens round neck slub kurta - natural,"Size:Large,Small","Rs
1899",759,60% off,Indianwear-Women
17054,De moza,Printed regular fit cotton womens casual wear pants - stone,"Size:Large,Medium,Small,X-Large",Nan,1299,No Discount,Indianwear-Women
17055,Fusion beats,Womens round neck embroidered a-line dress - black,"Size:Large,Medium,Small,X-Large,XX-Large,XXX-Large","Rs
2699",1079,60% off,Indianwear-Women
17056,Fusion beats,Round neck regular fit womens kurta - red,Size:Large,"Rs
1799",899,50% off,Indianwear-Women
17057,Global desi,Solid viscose round neck womens full length kurta - white,"Size:XL,Large,Medium,Small,XX-Large","Rs
2999",1949,35% off,Indianwear-Women
17058,Global desi,Solid viscose collar neck womens straight kurta - black,"Size:XL,Large,Medium,Small,X-Small","Rs
2599",1689,35% off,Indianwear-Women
17059,W,Printed viscose mandarin womens calf length kurta - green,Size:12,Nan,1599,No Discount,Indianwear-Women
17060,Global desi,Graphic viscose round neck womens knee length kurta - white,"Size:XL,Large,Medium,Small,X-Small","Rs
2399",1199,50% off,Indianwear-Women
17061,Aurelia,Printed cotton round neck womens straight kurta - pink,"Size:Medium,Small,X-Small",Nan,1199,No Discount,Indianwear-Women
17062,Fusion beats,Womens band neck printed kurta - brown,"Size:Large,Medium,Small,X-Large,XX-Large","Rs
2399",959,60% off,Indianwear-Women
17063,Indya,Embellished silk womens full length kurta - black,Size:Small,Nan,3400,No Discount,Indianwear-Women
17064,De moza,Solid polyester womens regular length palazzo - red,"Size:Large,Medium,Small,X-Large,XX-Large","Rs
799",479,40% off,Indianwear-Women
17065,W,Solid cotton regular fit womens casual tights - off white,"Size:Medium,Small",Nan,799,No Discount,Indianwear-Women
17066,Indya,Printed georgette womens knee length kurta - blue,"Size:Medium,Small,X-Large","Rs
2100",1680,20% off,Indianwear-Women
17067,Varanga,Turquoise and gold zari and gota patti embroidery kurta with golden woven trousers - peacock,Size:X-Large,"Rs
3799",1519,60% off,Indianwear-Women
17068,W,Printed viscose mandarin womens a line kurta - natural,"Size:6,8,10,12,14,16,18",Nan,2499,No Discount,Indianwear-Women
17069,Global desi,Printed polyester round neck womens regular kurta - coral,"Size:XL,Large,Medium,Small,X-Small,XX-Large","Rs
2999",1499,50% off,Indianwear-Women
17070,Neerus,Printed rayon blend mandarin womens calf length kurta - pink,"Size:Medium,X-Large","Rs
2499",1249,50% off,Indianwear-Women
17071,Global desi,Geometric polyester turtle neck womens knee length kurta - teal,"Size:Large,Medium","Rs
3499",1749,50% off,Indianwear-Women
17072,Janasya,Embroidered cotton v neck womens kurta palazzo set with dupatta - multi,"Size:Large,Medium,Small,X-Large,X-Small,XXX-Large","Rs
3998",2198,45% off,Indianwear-Women
17073,W,Printed cotton round neck womens straight fit kurta - blue,Size:6,Nan,1699,No Discount,Indianwear-Women
17074,Ziyaa,Printed rayon v neck womens ethnic set - cream,"Size:Large,X-Large,XX-Large,XXX-Large","Rs
3202",1280,60% off,Indianwear-Women
17075,Indya,Womens round neck printed kurta - pink,"Size:Small,X-Small","Rs
3400",1700,50% off,Indianwear-Women
17076,Indya,Reglar fit regular length georgette womens ethnic maxi skirt - blue,"Size:Large,X-Large","Rs
3600",1800,50% off,Indianwear-Women
17077,De moza,Solid skinny fit viscose womens leggings - dark grey,Size:Small,Nan,599,No Discount,Indianwear-Women
17078,Global desi,Womens solid bodycon top - red,"Size:XL,Large,Medium,Small,X-Small","Rs
1599",639,60% off,Indianwear-Women
17079,De moza,Solid skinny fit cotton womens leggings - cherry,"Size:Large,Medium,Small,X-Large,XX-Large",Nan,499,No Discount,Indianwear-Women
17080,De moza,Printed cotton regular fit womens palazzos - black,"Size:Large,Medium,Small,X-Large,XX-Large","Rs
1499",899,40% off,Indianwear-Women
17081,Ira soleil,Womens white poly cotton sleeveless printed dress - white,"Size:Medium,Small",Nan,1599,No Discount,Indianwear-Women
17082,De moza,Solid skinny fit viscose womens leggings - orange,"Size:4X-Large,Large,Medium,Small,X-Large,XX-Large,XXX-Large",Nan,599,No Discount,Indianwear-Women
17083,Global desi,Floral viscose round neck womens ethnic set - pink,"Size:Large,Medium,Small","Rs
4199",3359,20% off,Indianwear-Women
17084,De moza,Solid skinny fit viscose womens leggings - rust,"Size:4X-Large,Large,Medium,Small,X-Large,XX-Large,XXX-Large",Nan,599,No Discount,Indianwear-Women
17085,Global desi,Floral cotton round neck womens kurta - yellow,Size:Medium,"Rs
1999",999,50% off,Indianwear-Women
17086,Kami kubi,Embroidered silk blend womens ethnic set - purple,"Size:Large,X-Large,X-Small","Rs
5999",2399,60% off,Indianwear-Women
17087,Fusion beats,Womens printed casual palazzos - grey,Size:Small,"Rs
1999",799,60% off,Indianwear-Women
17088,Janasya,Floral cotton round neck womens kurta palazzo set with dupatta - green,"Size:XX-Large,XXX-Large","Rs
4799",1679,65% off,Indianwear-Women
17089,Kami kubi,Foil print viscose womens ethnic set - blue,"Size:Large,Medium,Small,X-Large,X-Small","Rs
4999",1999,60% off,Indianwear-Women
17090,Aurelia,Dyed cotton womens straight kurta - white,"Size:Large,Medium,Small,X-Large,X-Small",Nan,1699,No Discount,Indianwear-Women
17091,De moza,Skinny fit all over print cotton womens leggings - pink,"Size:Large,Medium,Small,X-Large,XX-Large",Nan,799,No Discount,Indianwear-Women
17092,W,Solid viscose relaxed fit womens pants - wine,Size:Large,"Rs
2299",1379,40% off,Indianwear-Women
17093,Neerus,Printed flex sweetheart neck womens salwar suit - mustard,"Size:Large,X-Large,XX-Large","Rs
2999",2399,20% off,Indianwear-Women
17094,Indya,Printed georgette regular fit womens top - purple,Size:Medium,Nan,1500,No Discount,Indianwear-Women
17095,Fusion beats,Womens round neck solid top - natural,"Size:Large,Medium,Small,X-Large,X-Small","Rs
1299",519,60% off,Indianwear-Women
17096,Janasya,Floral cotton round neck womens straight fit ethnic set - blue,Size:X-Small,"Rs
2349",939,60% off,Indianwear-Women
17097,Indya,Printed georgette womens regular kurta - white,Size:Small,Nan,1850,No Discount,Indianwear-Women
17098,Fusion beats,Womens v- neck slub top - brown,"Size:Large,Medium,Small,X-Large,XX-Large","Rs
1899",759,60% off,Indianwear-Women
17099,W,Printed viscose regular fit womens parallel pants - green,"Size:12,14,18",Nan,1799,No Discount,Indianwear-Women
17100,Varanga,Mauve and gold zari embroidery jacket style straight kurta with dori and tassel detailing - purple,"Size:Small,X-Large,XX-Large","Rs
2999",1199,60% off,Indianwear-Women
17101,Amukti,Ankle length rayon womens kurta - khaki,Size:Medium,"Rs
1599",799,50% off,Indianwear-Women
17102,De moza,Solid skinny fit cotton womens leggings - light orange,"Size:Large,Medium,Small,X-Large,XX-Large",Nan,499,No Discount,Indianwear-Women
17103,Aurelia,Solid cotton blend regular fit womens tights - black,Size:Small,Nan,599,No Discount,Indianwear-Women
17104,Global desi,Solid cotton round neck womens festive wear suit - red,"Size:XL,Large,Medium,Small","Rs
5999",3899,35% off,Indianwear-Women
17105,De moza,Solid skinny fit viscose womens leggings - red,"Size:4X-Large,Large,Medium,Small,X-Large,XX-Large,XXX-Large",Nan,599,No Discount,Indianwear-Women
17106,Fusion beats,Womens v neck stripe kurta - blue,Size:Small,"Rs
2499",999,60% off,Indianwear-Women
17107,Fusion beats,Womens square neck printed kurta - yellow,"Size:Medium,X-Large","Rs
3299",1319,60% off,Indianwear-Women
17108,Fusion beats,Womens slub palazzos - blue,Size:Small,"Rs
1799",719,60% off,Indianwear-Women
17109,Janasya,Womens red pure cotton narrow pant (btm026) - red,Size:X-Small,"Rs
1198",599,50% off,Indianwear-Women
17110,Kashish,Solid v neck straight fit womens kurta - grey,"Size:Large,Medium,Small,X-Large,X-Small,XX-Large","Rs
1999",999,50% off,Indianwear-Women
17111,Aurelia,Dyed cotton round neck womens straight kurta - red,Size:X-Large,Nan,999,No Discount,Indianwear-Women
17112,W,Solid cotton flex mandarin womens calf length kurta - yellow,"Size:6,8,10,12,14,18",Nan,1499,No Discount,Indianwear-Women
17113,Janasya,Rayon womens tunic - pink,"Size:Large,Small,X-Large,X-Small,XX-Large,XXX-Large","Rs
1399",769,45% off,Indianwear-Women
17114,Global desi,Solid nylon regular womens straight top - red,Size:Large,"Rs
2999",1499,50% off,Indianwear-Women
17115,Global desi,Geometric polyester round neck womens straight kurta - indigo,"Size:Large,Medium,Small","Rs
2399",1199,50% off,Indianwear-Women
17116,De moza,Embroidered tassel polyester round neck womens regular fit top - gold,Size:Large,Nan,799,No Discount,Indianwear-Women
17117,Global desi,Womens regular fit floral ethnic set - off white,"Size:Medium,Small","Rs
2699",1079,60% off,Indianwear-Women
17118,Varanga,Womens round neck printed kurta - sea green,"Size:Large,Medium,X-Large","Rs
2599",1429,45% off,Indianwear-Women
17119,De moza,Solid skinny fit viscose womens leggings - cobalt,"Size:Large,Medium,Small,X-Large,X-Small,XX-Large",Nan,599,No Discount,Indianwear-Women
17120,Fusion beats,Womens round neck slub zari embroidered kurta - powder blue,"Size:Large,Medium,Small,X-Large,XX-Large","Rs
2499",999,60% off,Indianwear-Women
17121,Global desi,Ethnic motifs boat neck womens polyester kurta - pink,"Size:XL,Large,Medium,Small,XX-Large","Rs
2999",1949,35% off,Indianwear-Women
17122,W,Printed cotton mandarin womens calf length kurta - red,"Size:10,12,18",Nan,1999,No Discount,Indianwear-Women
17123,Indya,Foil print georgette round neck womens regular top - pink,"Size:Large,Small,X-Small","Rs
1650",825,50% off,Indianwear-Women
17124,Global desi,Mandarin a line women kurtas - teal,"Size:XL,Large,Medium,Small,X-Small,XX-Large","Rs
2899",2319,20% off,Indianwear-Women
17125,Indya,Embroidered cotton regular fit womens top - orange,Size:Small,Nan,1950,No Discount,Indianwear-Women
17126,Fusion beats,Womens round neck solid top - red,"Size:Large,X-Large","Rs
1199",479,60% off,Indianwear-Women
17127,Amukti,Ankle length rayon womens kurta - red,"Size:Large,X-Large","Rs
1499",749,50% off,Indianwear-Women
17128,De moza,Solid skinny fit viscose womens leggings - yellow,"Size:4X-Large,Large,Medium,Small,X-Small,XXX-Large",Nan,599,No Discount,Indianwear-Women
17129,De moza,Solid skinny fit cotton womens leggings - navy,"Size:Large,Medium,Small,X-Large,XX-Large",Nan,499,No Discount,Indianwear-Women
17130,Fusion beats,Womens round neck embroidered top - black,"Size:Large,Medium,Small,X-Large,XX-Large,XXX-Large","Rs
1999",799,60% off,Indianwear-Women
17131,De moza,Solid skinny fit viscose womens leggings - natural,"Size:Large,Medium,Small,X-Large,XX-Large,XXX-Large",Nan,599,No Discount,Indianwear-Women
17132,Juniper,Solid rayon tie up neck womens a-line kurta - jade,"Size:4X-Large,5X-Large,X-Large,XXX-Large","Rs
1599",799,50% off,Indianwear-Women
17133,De moza,Solid skinny fit viscose womens leggings - yellow,"Size:4X-Large,Large,Medium,Small,XX-Large",Nan,599,No Discount,Indianwear-Women
17134,Global desi,Polyester fusion wear women saree - mustard,"Size:Large,Medium,Small,X-Small",Nan,5499,No Discount,Indianwear-Women
17135,Global desi,Solid round neck womens kurta - white,"Size:Large,Medium,Small","Rs
2499",1249,50% off,Indianwear-Women
17136,W,Solid regular fit poly viscose womens festive pants - pink,Size:8,Nan,1299,No Discount,Indianwear-Women
17137,Janasya,Printed polyester round neck womens a-line kurta palazzo set - off white,Size:X-Small,"Rs
4398",2199,50% off,Indianwear-Women
17138,Amukti,Embroidered rayon womens kurta - blue,"Size:X-Large,XX-Large","Rs
1499",749,50% off,Indianwear-Women
17139,Global desi,Solid viscose rayon collar women's tunic - pink,"Size:Large,Medium,Small,X-Small",Nan,1699,No Discount,Indianwear-Women
17140,Global desi,Mandarin flared women kurtas - mustard,"Size:XL,Large,Medium,Small,X-Small","Rs
2299",1494,35% off,Indianwear-Women
17141,Aarke,Printed polyester blend collar neck womens shirt blouse - green,Size:Small,Nan,2400,No Discount,Indianwear-Women
17142,De moza,Solid skinny fit viscose womens leggings - brown,"Size:Large,Medium,Small,X-Small,XX-Large",Nan,449,No Discount,Indianwear-Women
17143,Global desi,Solid regular fit regular length viscose womens trousers - white,Size:Small,"Rs
2399",1919,20% off,Indianwear-Women
17144,Indya,Green printed kurta with attached jacket - green,"Size:Small,X-Small","Rs
2950",1475,50% off,Indianwear-Women
17145,Indya,Womens indigo chanderi cowl high-low tunic - blue,"Size:Medium,Small,X-Large,X-Small,XX-Large","Rs
2400",1200,50% off,Indianwear-Women
17146,Amukti,Embroidered rayon womens kurta - maroon,"Size:Small,X-Large","Rs
1699",849,50% off,Indianwear-Women
17147,W,Solid cotton flex mandarin womens calf length kurta - pink,"Size:6,10",Nan,1499,No Discount,Indianwear-Women
17148,De moza,Solid skinny fit cotton womens leggings - red,"Size:Large,Medium,Small,XX-Large",Nan,499,No Discount,Indianwear-Women
17149,Neerus,Solid rayon mandarin womens a line kurta - green,"Size:Large,Medium,Small,X-Large,XX-Large,XXX-Large","Rs
2199",1759,20% off,Indianwear-Women
17150,Indya,Womens solid straight tunic - blue,"Size:Small,X-Small","Rs
1650",825,50% off,Indianwear-Women
17151,De moza,Solid skinny fit viscose womens leggings - peacock,"Size:4X-Large,Large,Medium,Small,X-Large,XX-Large,XXX-Large",Nan,599,No Discount,Indianwear-Women
17152,Aurelia,Dyed cotton round neck womens ethnic set - red,"Size:Large,Medium,Small,X-Large,X-Small,XX-Large",Nan,1999,No Discount,Indianwear-Women
17153,Indya,Printed square neck regular fit womens top - pink,"Size:Large,Medium,Small,X-Large,X-Small,XX-Large",Nan,1200,No Discount,Indianwear-Women
17154,Ziyaa,Floral round neck rayon womens ethnic set - blue,"Size:Large,Medium,Small,X-Large,XX-Large,XXX-Large","Rs
2562",1024,60% off,Indianwear-Women
17155,De moza,Solid skinny fit viscose womens leggings - off white,"Size:4X-Large,Large,Medium,Small,X-Large,XX-Large,XXX-Large",Nan,599,No Discount,Indianwear-Women
17156,Indya,Embellished silk womens regular length pants - blue,"Size:Small,X-Small","Rs
2700",1350,50% off,Indianwear-Women
17157,Amukti,Printed cotton womens kurta - red,Size:XX-Large,"Rs
1999",999,50% off,Indianwear-Women
17158,Indya,Embroidered georgette womens regular length dhoti pants - pink,Size:X-Large,"Rs
2500",1250,50% off,Indianwear-Women
17159,Fusion beats,Womens round neck slub top - blue,Size:Large,"Rs
1899",759,60% off,Indianwear-Women
17160,Janasya,Womens mustard poly crepe kurta (jne3365) - mustard,"Size:Large,Medium,Small,X-Large,X-Small,XX-Large,XXX-Large","Rs
1299",519,60% off,Indianwear-Women
17161,Janasya,Synthetic womens kurta with palazzo and dupatta set - maroon,"Size:Large,Medium","Rs
4798",2399,50% off,Indianwear-Women
17162,De moza,Embroidered tassel polyester round neck womens regular fit top - black,Size:X-Large,Nan,799,No Discount,Indianwear-Women
17163,Indya,Solid cotton regular fit womens top - maroon,"Size:Medium,Small",Nan,900,No Discount,Indianwear-Women
17164,De moza,Solid skinny fit cotton womens leggings - cobalt,"Size:4X-Large,Large,Medium,Small,X-Large,XX-Large,XXX-Large",Nan,449,No Discount,Indianwear-Women
17165,De moza,Solid skinny fit cotton womens leggings - mauve,"Size:Large,Medium,Small,X-Large,XX-Large",Nan,499,No Discount,Indianwear-Women
17166,Janasya,Round neck cotton straight fit womens kurta with palazzo and dupatta set - yellow,Size:X-Small,"Rs
3499",1924,45% off,Indianwear-Women
17167,Global desi,Flared fit ankle length polyester womens festive skirt - mid blue,"Size:XL,X-Small,XX-Large","Rs
2999",2399,20% off,Indianwear-Women
17168,Stop,Womens printed calf length casual wear kurta - white,"Size:S,M,L,XL,X-Small,XX-Large","Rs
999",499,50% off,Indianwear-Women
17169,Stop,Full length cotton lycra knitted womens churidar - red,"Size:S,M,L,X-Large,XX-Large","Rs
499",349,30% off,Indianwear-Women
17170,Aurelia,Printed polyester blend regular fit womens tights - gold,"Size:Medium,X-Large",Nan,699,No Discount,Indianwear-Women
17171,Varanga,Teal zari and sequins embroidery kurta with golden woven trousers and sequins dupatta - peacock,"Size:Large,Medium,Small,X-Large,XX-Large","Rs
4299",1934,55% off,Indianwear-Women
17172,Aurelia,Yarn dyed shirt collar straight womens kurta - green,"Size:Small,X-Small","Rs
1499",1049,30% off,Indianwear-Women
17173,Varanga,Cotton womens casual trousers - white,"Size:Medium,Small,XX-Large","Rs
1799",719,60% off,Indianwear-Women
17174,Ira soleil,Embellished polyester boat neck womens crop length tunic - pink,"Size:Large,Medium,Small,X-Large",Nan,2499,No Discount,Indianwear-Women
17175,Varanga,Mandarin collar womens kurta - yellow,Size:Small,"Rs
2699",1079,60% off,Indianwear-Women
17176,Varanga,Mandarin collar cotton womens ethnic set - blue,"Size:Large,Medium,Small,X-Large,XX-Large","Rs
4099",1639,60% off,Indianwear-Women
17177,Ira soleil,Printed viscose round neck womens full length kurti - orange,"Size:Large,Medium,Small,X-Large",Nan,2399,No Discount,Indianwear-Women
17178,Varanga,Printed cotton round neck womens ethnic set - mustard,"Size:Large,Medium,Small,X-Large",Nan,7999,No Discount,Indianwear-Women
17179,Varanga,Printed cotton v neck womens ethnic set - mustard,"Size:Large,Medium,Small,X-Large,XX-Large",Nan,4599,No Discount,Indianwear-Women
17180,Ira soleil,Printed polyester mandarin neck womens kurta - white,"Size:Large,Medium,Small,X-Large",Nan,2999,No Discount,Indianwear-Women
17181,Varanga,Embroidered silk round neck womens ethnic set - blue,Size:Small,"Rs
5999",2099,65% off,Indianwear-Women
17182,Varanga,Cotton womens ethnic palazzos - blue,"Size:Medium,Small","Rs
1699",1104,35% off,Indianwear-Women
17183,Varanga,Round neck womens kurta - charcoal,Size:Small,"Rs
1999",899,55% off,Indianwear-Women
17184,Varanga,Printed cotton round neck womens ethnic set - yellow,Size:Large,Nan,5999,No Discount,Indianwear-Women
17185,Varanga,Womens woven maroon and golden zari floral embroidery straight handloom kurta - maroon,"Size:Small,XX-Large","Rs
2199",879,60% off,Indianwear-Women
17186,Varanga,Gotta patti v- neck silk blend designer womens ethnic set - peacock,"Size:Small,X-Large,XX-Large","Rs
5999",2699,55% off,Indianwear-Women
17187,Varanga,Mandarin straight designer womens kurtas - cream,"Size:Large,Medium,Small,X-Large,XX-Large","Rs
3599",1259,65% off,Indianwear-Women
17188,Insense,Printed cotton regular fit womens night dress - navy,"Size:Large,Medium,Small,X-Large,X-Small","Rs
799",399,50% off,Lingerie&Nightwear-Women
17189,Insense,Regular fit full length cotton womens night wear pyjamas - black,"Size:28,30,32","Rs
599",299,50% off,Lingerie&Nightwear-Women
17190,Insense,Printed cotton blend regular neck womens top and pyjama set - black,"Size:Large,Medium,Small,X-Large,X-Small,XX-Large","Rs
1499",749,50% off,Lingerie&Nightwear-Women
17191,Insense,Calf length cotton blend womens night wear capri - pink,"Size:28,30,32,34,36","Rs
599",299,50% off,Lingerie&Nightwear-Women
17192,Insense,Calf length viscose blend womens night wear culottes - white,"Size:28,30,32,34,36,38","Rs
799",399,50% off,Lingerie&Nightwear-Women
17193,Insense,Printed rayon full length womens night wear pyjamas - black,"Size:28,30,32,34,36","Rs
799",399,50% off,Lingerie&Nightwear-Women
17194,Insense,Printed cotton regular neck womens top and pyjama set - pink,"Size:Large,Medium,Small,X-Large,X-Small,XX-Large","Rs
1499",749,50% off,Lingerie&Nightwear-Women
17195,Insense,Solid cotton lycra knitted womens bikini panties - multi,"Size:Large,Medium,Small,X-Large,XX-Large","Rs
399",199,50% off,Lingerie&Nightwear-Women
17196,Insense,Printed cotton regular fit womens top and pyjama set - black,"Size:Large,Medium,Small,X-Large,XX-Large","Rs
1199",599,50% off,Lingerie&Nightwear-Women
17197,Enamor,Non-wired racerback strap non padded womens every day bra - anthra melange,"Size:34-B,34-C,34-D,34-Z,36-B,36-C,36-D,36-Z,38-B,38-C,38-D,38-Z,40-B,40-C,40-D,40-Z,42-B,42-C,42-D,42-Z","Rs
949",474,50% off,Lingerie&Nightwear-Women
17198,Clovia,Womens non-padded bra - purple,"Size:32-B,32-C,34-B,34-C,36-B,36-C,38-B,38-C,40-B","Rs
285",114,60% off,Lingerie&Nightwear-Women
17199,Insense,Printed cotton round neck womens top & pyjama set - grey,"Size:Large,Medium,Small,X-Large,X-Small","Rs
1199",599,50% off,Lingerie&Nightwear-Women
17200,Insense,Printed cotton blend regular neck womens top and pyjama set - sage,"Size:Large,Medium,Small,X-Large,X-Small,XX-Large","Rs
1499",749,50% off,Lingerie&Nightwear-Women
17201,Insense,Printed cotton regular fit womens top and pyjama set - plum,"Size:Large,Medium,Small,X-Small","Rs
1199",599,50% off,Lingerie&Nightwear-Women
17202,Insense,Printed cotton blend regular neck womens top and pyjama set - olive,"Size:Large,Medium,Small,X-Large,X-Small,XX-Large","Rs
1499",749,50% off,Lingerie&Nightwear-Women
17203,Insense,Solid cotton lycra knitted womens hipster panties - multi,"Size:Large,Medium,Small,X-Large,XX-Large","Rs
399",199,50% off,Lingerie&Nightwear-Women
17204,Insense,Printed rayon thigh length womens night wear shorts - mauve,"Size:28,30,32,34,36","Rs
499",249,50% off,Lingerie&Nightwear-Women
17205,Triumph,Womens solid non padded wired bra - white,"Size:34-C,34-D,34-E,34-F,36-C,36-D,36-E,36-F,38-C,38-D,38-E,38-F,40-C,40-D,40-E,40-F","Rs
858",429,50% off,Lingerie&Nightwear-Women
17206,Insense,Checks cotton collar neck womens top and pyjama set - black,"Size:Large,Medium,Small,X-Large,X-Small","Rs
1499",749,50% off,Lingerie&Nightwear-Women
17207,Myshka,Printed cotton collar neck womens shirt pyjama set - lime green,"Size:Medium,Small,XX-Large","Rs
2499",749,70% off,Lingerie&Nightwear-Women
17208,Insense,Printed cotton regular neck womens top and pyjama set - powder blue,"Size:Large,Medium,Small,X-Large,X-Small,XX-Large","Rs
1499",749,50% off,Lingerie&Nightwear-Women
17209,Insense,Calf length cotton blend womens night wear capri - navy,"Size:28,30,32,34,36","Rs
599",299,50% off,Lingerie&Nightwear-Women
17210,Insense,Stripes rayon regular neck womens top and pyjama set - red,"Size:Large,Medium,Small,X-Large,X-Small,XX-Large","Rs
1499",749,50% off,Lingerie&Nightwear-Women
17211,Insense,Printed cotton lycra knitted womens bikini panties - multi,"Size:Large,Medium,Small,X-Large,XX-Large","Rs
399",199,50% off,Lingerie&Nightwear-Women
17212,Enamor,Non-wired fixed strap non padded womens every day bra - pale yellow,"Size:34-B,34-C,34-D,34-Z,36-B,36-C,36-D,36-Z,38-B,38-C,38-D,38-Z,40-B,40-C,40-D,40-Z,42-B,42-C,42-D,42-Z","Rs
949",474,50% off,Lingerie&Nightwear-Women
17213,Insense,Printed cotton regular neck womens top and pyjama set - sage,"Size:Large,Medium,Small,X-Large,X-Small,XX-Large","Rs
1199",599,50% off,Lingerie&Nightwear-Women
17214,Clovia,Womens non-padded non-wired bra - yellow,"Size:32-B,32-C,32-D,34-B,34-C,34-D,36-B,36-C,36-D,38-B,38-C,40-B","Rs
342",137,60% off,Lingerie&Nightwear-Women
17215,Sweet dreams,Printed rayon round neck womens night dress - grey,"Size:Small,X-Large,XX-Large","Rs
1799",1259,30% off,Lingerie&Nightwear-Women
17216,Insense,Printed cotton full length womens night wear pyjamas - navy,"Size:28,30,32,34,36","Rs
799",399,50% off,Lingerie&Nightwear-Women
17217,Insense,Printed cotton regular neck womens t-shirt - white,"Size:Large,Medium,Small,X-Large,X-Small,XX-Large","Rs
499",249,50% off,Lingerie&Nightwear-Women
17218,Enamor,Non-wired racerback strap lightly padded womens t-shirt bra - black,"Size:32-B,32-C,32-D,34-B,34-C,34-D,36-B,36-C,36-D,38-B,38-C,38-D","Rs
799",399,50% off,Lingerie&Nightwear-Women
17219,Insense,Printed rayon full length womens night wear pyjamas - mauve,"Size:28,30,32,34,36,38","Rs
799",399,50% off,Lingerie&Nightwear-Women
17220,Enamor,Non-wired fixed strap non padded womens every day bra - capri blue,"Size:32-B,32-C,32-D,32-Z,34-B,34-C,34-D,34-Z,36-B,36-C,36-D,36-Z,38-B,38-C,38-D,38-Z,40-B,40-C,40-D,42-B,42-C","Rs
699",349,50% off,Lingerie&Nightwear-Women
17221,Insense,Printed cotton regular fit womens top and pyjama set - plum,"Size:Large,Medium,Small,X-Large,X-Small","Rs
1199",599,50% off,Lingerie&Nightwear-Women
17222,Insense,Printed cotton regular neck womens t-shirt - sage,"Size:Large,Medium,Small,X-Large,X-Small,XX-Large","Rs
499",249,50% off,Lingerie&Nightwear-Women
17223,Insense,Printed cotton blend regular neck womens top and pyjama set - taupe,"Size:Large,Medium,Small,X-Large,X-Small,XX-Large","Rs
1499",749,50% off,Lingerie&Nightwear-Women
17224,Insense,Printed cotton mid thigh womens night wear shorts - sage,"Size:28,30,32,34,36","Rs
499",249,50% off,Lingerie&Nightwear-Women
17225,Enamor,Non-wired strapless non padded womens every day bra - buff,"Size:XL,Large,Medium,Small,X-Small","Rs
399",199,50% off,Lingerie&Nightwear-Women
17226,Insense,Printed cotton regular fit womens top and capri set - lilac,"Size:Large,Medium,Small,X-Large,X-Small","Rs
999",499,50% off,Lingerie&Nightwear-Women
17227,Enamor,Non-wired fixed strap non padded womens every day bra - grape,"Size:34-B,34-C,34-D,34-Z,36-B,36-C,36-D,36-Z,38-B,38-C,38-D,38-Z,40-B,40-C,40-D,40-Z,42-B,42-C,42-D,42-Z","Rs
949",474,50% off,Lingerie&Nightwear-Women
17228,Enamor,Non-wired fixed strap non padded womens every day bra - melange,"Size:32-B,32-C,32-D,32-Z,34-B,34-C,34-D,34-Z,36-B,36-C,36-D,36-Z,38-B,38-C,38-D,38-Z,40-B,40-C,40-D,42-B,42-C","Rs
699",349,50% off,Lingerie&Nightwear-Women
17229,Insense,Printed cotton regular neck womens t-shirt - red,"Size:Large,Medium,Small,X-Large,X-Small,XX-Large","Rs
499",249,50% off,Lingerie&Nightwear-Women
17230,Insense,Calf length viscose blend womens night wear culottes - red,"Size:28,30,32,34,36,38","Rs
799",399,50% off,Lingerie&Nightwear-Women
17231,Insense,Printed cotton regular neck womens t-shirt - black,"Size:Large,Medium,Small,X-Large,X-Small","Rs
499",249,50% off,Lingerie&Nightwear-Women
17232,Insense,Calf length viscose blend womens night wear culottes - navy,"Size:28,30,32,34,36,38","Rs
799",399,50% off,Lingerie&Nightwear-Women
17233,Insense,Printed cotton regular neck womens t-shirt - dark blue,"Size:Large,Medium,Small,X-Large,X-Small,XX-Large","Rs
499",249,50% off,Lingerie&Nightwear-Women
17234,Insense,Printed rayon regular fit womens top and shorts set - navy,"Size:Large,Medium,Small,X-Large,X-Small","Rs
1299",649,50% off,Lingerie&Nightwear-Women
17235,Insense,Printed cotton regular fit womens night wear t-shirt - plum,"Size:Large,Medium,Small,X-Large","Rs
399",199,50% off,Lingerie&Nightwear-Women
17236,Enamor,Non-wired racerback strap non padded womens every day bra - denimex,"Size:34-B,34-C,34-D,34-Z,36-B,36-C,36-D,36-Z,38-B,38-C,38-D,38-Z,40-B,40-C,40-D,40-Z,42-B,42-C,42-D,42-Z","Rs
1199",599,50% off,Lingerie&Nightwear-Women
17237,Triumph,Womens self-pattern bra - natural,"Size:34-C,34-D,34-E,36-C,36-D,36-E,36-F,38-C,38-D,38-E,38-F,38-G,40-D,40-E,40-F,40-G,42-D,42-E,42-F,42-G","Rs
1499",749,50% off,Lingerie&Nightwear-Women
17238,Insense,Printed cotton full length womens night wear pyjamas - sage,"Size:28,30,32,34,36","Rs
799",399,50% off,Lingerie&Nightwear-Women
17239,Enamor,Non-wired racerback strap lightly padded womens t-shirt bra - plum,"Size:32-B,32-C,32-D,34-B,34-C,34-D,36-B,36-C,36-D,38-B,38-C","Rs
1099",549,50% off,Lingerie&Nightwear-Women
17240,Enamor,Non-wired racerback strap non padded womens every day bra - mastic thread dark stone,"Size:34-B,34-C,34-D,34-Z,36-B,36-C,36-D,36-Z,38-B,38-C,38-D,38-Z,40-B,40-C,40-D,40-Z,42-B,42-C,42-D,42-Z","Rs
949",474,50% off,Lingerie&Nightwear-Women
17241,Insense,Printed cotton regular neck womens t-shirt - powder blue,"Size:Large,Medium,Small,X-Large,X-Small,XX-Large","Rs
499",249,50% off,Lingerie&Nightwear-Women
17242,Insense,Calf length cotton blend womens night wear capri - lilac,"Size:28,30,32,34,36","Rs
599",299,50% off,Lingerie&Nightwear-Women
17243,Enamor,Non-wired fixed strap non padded womens every day bra - black,"Size:32-B,32-C,32-D,32-Z,34-B,34-C,34-D,34-Z,36-B,36-C,36-D,36-Z,38-B,38-C,38-D,38-Z,40-B,40-C,40-D,42-B,42-C","Rs
699",349,50% off,Lingerie&Nightwear-Women
17244,Insense,Printed cotton regular neck womens top and pyjama set - blue,"Size:Large,Medium,Small,X-Large,X-Small,XX-Large","Rs
1199",599,50% off,Lingerie&Nightwear-Women
17245,Insense,Solid polyester stretch regular neck womens top and shorts set - brown,"Size:Large,Medium,Small,X-Large,X-Small,XX-Large","Rs
1299",649,50% off,Lingerie&Nightwear-Women
17246,Insense,Solid cotton regular fit womens night wear t-shirt - plum,"Size:Large,Medium,Small,X-Large,X-Small","Rs
399",199,50% off,Lingerie&Nightwear-Women
17247,Triumph,Womens non-padded full coverage bra - burgundy,"Size:34-E,36-E,38-E,40-E,42-E","Rs
999",499,50% off,Lingerie&Nightwear-Women
17248,Enamor,Non-wired strapless non padded womens every day bra - capri blue,"Size:XL,Large,Medium,Small,X-Small","Rs
399",199,50% off,Lingerie&Nightwear-Women
17249,Insense,Stripes cotton knee length womens night dress - navy,"Size:Large,Medium,Small,X-Large,X-Small","Rs
999",499,50% off,Lingerie&Nightwear-Women
17250,Enamor,Non-wired racerback strap lightly padded womens t-shirt bra - grape,"Size:32-B,32-C,32-D,34-B,34-C,34-D,36-B,36-C,36-D,38-B,38-C,38-D","Rs
799",399,50% off,Lingerie&Nightwear-Women
17251,Enamor,Non-wired fixed strap non padded womens every day bra - pale blue,"Size:32-B,32-C,32-D,32-Z,34-B,34-C,34-D,34-Z,36-B,36-C,36-D,36-Z,38-B,38-C,38-D,38-Z,40-B,40-C,40-D,42-B,42-C","Rs
699",349,50% off,Lingerie&Nightwear-Women
17252,Insense,Printed cotton polyester terry regular neck womens top and shorts set - mauve,"Size:Large,Medium,Small,X-Large,X-Small,XX-Large","Rs
1299",649,50% off,Lingerie&Nightwear-Women
17253,Enamor,Non wired racerback straps lightly padded womens bikini - capri blue,"Size:32-B,32-C,32-D,34-B,34-C,34-D,36-B,36-C,36-D,38-B,38-C","Rs
749",374,50% off,Lingerie&Nightwear-Women
17254,Insense,Solid viscose blend knee length womens night dress - black,"Size:Large,Medium,Small,X-Large,X-Small,XX-Large","Rs
1299",649,50% off,Lingerie&Nightwear-Women
17255,Insense,Printed regular fit cotton womens pyjama set - black mix,"Size:Large,Medium,Small,X-Large","Rs
999",499,50% off,Lingerie&Nightwear-Women
17256,Enamor,Non-wired racerback strap lightly padded womens t-shirt bra - swan,"Size:32-B,32-C,32-D,34-B,34-C,34-D,36-B,36-C,36-D,38-B,38-C,38-D","Rs
799",399,50% off,Lingerie&Nightwear-Women
17257,Amante,Womens solid demi cup bra - natural,"Size:32-B,32-C,34-D,36-B,36-C,36-D,38-B,38-C","Rs
1295",647,50% off,Lingerie&Nightwear-Women
17258,Insense,Printed cotton regular fit womens top and shorts set - anthra,"Size:Large,Medium,Small,X-Large,X-Small,XX-Large","Rs
899",449,50% off,Lingerie&Nightwear-Women
17259,Insense,Stripes cotton regular fit womens night wear t-shirt - mustard,"Size:Large,Medium,Small,X-Large,X-Small,XX-Large","Rs
499",249,50% off,Lingerie&Nightwear-Women
17260,Clovia,Women cotton rich tube bra with detachable straps - natural,"Size:32-B,32-C,34-B,34-C,36-B,36-C,40-B","Rs
599",239,60% off,Lingerie&Nightwear-Women
17261,Insense,Solid cotton mid thigh womens night wear shorts - sage,"Size:28,30,32,34,36","Rs
499",249,50% off,Lingerie&Nightwear-Women
17262,Enamor,Non-wired fixed strap non padded womens every day bra - white,"Size:32-B,32-C,32-D,32-Z,34-B,34-C,34-D,34-Z,36-B,36-C,36-D,36-Z,38-B,38-C,38-D,38-Z,40-B,40-C,40-D,42-B,42-C","Rs
699",349,50% off,Lingerie&Nightwear-Women
17263,Myshka,Printed polyester collar neck womens sleepwear set - multi,"Size:Large,Medium,Small,X-Large,XX-Large","Rs
3999",799,80% off,Lingerie&Nightwear-Women
17264,Enamor,Non-wired racerback strap lightly padded womens t-shirt bra - basic blue darkstone,"Size:32-B,32-C,32-D,34-B,34-C,34-D,36-B,36-C,36-D,38-B,38-C,38-D","Rs
799",399,50% off,Lingerie&Nightwear-Women
17265,Enamor,Wired fixed strap non padded womens every day bra - eggshell,"Size:34-B,34-C,34-D,34-Z,36-B,36-C,36-D,36-Z,38-B,38-C,38-D,38-Z,40-B,40-C,40-D,40-Z","Rs
1399",699,50% off,Lingerie&Nightwear-Women
17266,Sweet dreams,Printed rayon round neck womens full length nighty - navy,"Size:Large,Medium,Small,X-Large,XX-Large","Rs
1799",1259,30% off,Lingerie&Nightwear-Women
17267,Insense,Printed cotton regular neck womens t-shirt - air force,"Size:Large,Medium,Small,X-Large,X-Small,XX-Large","Rs
599",299,50% off,Lingerie&Nightwear-Women
17268,Enamor,Non-wired fixed strap non padded womens every day bra - pale peach,"Size:34-B,34-C,34-D,34-Z,36-B,36-C,36-D,36-Z,38-B,38-C,38-D,38-Z,40-B,40-C,40-D,40-Z,42-B,42-C,42-D,42-Z","Rs
949",474,50% off,Lingerie&Nightwear-Women
17269,Insense,Printed rayon full length womens night wear pyjamas - pink,"Size:28,30,32,34,36,38","Rs
799",399,50% off,Lingerie&Nightwear-Women
17270,Insense,Printed cotton regular neck womens t-shirt - pink,"Size:Large,Medium,Small,X-Large,X-Small,XX-Large","Rs
499",249,50% off,Lingerie&Nightwear-Women
17271,Insense,Printed rayon mid thigh womens night wear shorts - off white,"Size:28,30,32,34,36","Rs
499",249,50% off,Lingerie&Nightwear-Women
17272,Enamor,Non-wired racerback strap lightly padded womens t-shirt bra - grey melange,"Size:32-B,32-C,32-D,34-B,34-C,34-D,36-B,36-C,36-D,38-B,38-C,38-D","Rs
799",399,50% off,Lingerie&Nightwear-Women
17273,Enamor,Non-wired strapless non padded womens every day bra - dilute,"Size:XL,Large,Medium,Small,X-Small","Rs
399",199,50% off,Lingerie&Nightwear-Women
17274,Insense,Stripes cotton regular fit womens night wear t-shirt - pink,"Size:Large,Medium,Small,X-Large,X-Small,XX-Large","Rs
499",249,50% off,Lingerie&Nightwear-Women
17275,Insense,Printed cotton regular neck womens top and pyjama set - air force,"Size:Large,Medium,Small,X-Large,X-Small,XX-Large","Rs
1499",749,50% off,Lingerie&Nightwear-Women
17276,Enamor,Non-wired racerback strap non padded womens every day bra - light blue,"Size:34-B,34-C,34-D,34-Z,36-B,36-C,36-D,36-Z,38-B,38-C,38-D,38-Z,40-B,40-C,40-D,40-Z,42-B,42-C,42-D,42-Z","Rs
1199",599,50% off,Lingerie&Nightwear-Women
17277,Enamor,Cotton blend womens intimate wear panties - silver grey,"Size:XL,Large,Medium,Small,XX-Large","Rs
409",286,30% off,Lingerie&Nightwear-Women
17278,Enamor,Non-wired fixed strap non padded womens every day bra - chambray,"Size:34-B,34-C,34-D,34-Z,36-B,36-C,36-D,36-Z,38-B,38-C,38-D,38-Z,40-B,40-C,40-D,40-Z,42-B,42-C,42-D,42-Z","Rs
949",474,50% off,Lingerie&Nightwear-Women
17279,Insense,Printed cotton regular neck womens t-shirt - black,"Size:Large,Medium,Small,X-Large,X-Small,XX-Large","Rs
499",249,50% off,Lingerie&Nightwear-Women
17280,Insense,Printed rayon thigh length womens night wear shorts - green,"Size:28,30,32,34,36","Rs
499",249,50% off,Lingerie&Nightwear-Women
17281,Enamor,Non-wired strapless non padded womens every day bra - camel,"Size:XL,Large,Medium,Small,X-Small","Rs
399",199,50% off,Lingerie&Nightwear-Women
17282,Triumph,Womens non padded non wired solid full coverage bra - black,"Size:34-C,34-D,34-E,34-F,36-C,36-D,36-E,36-F,38-D,38-E,40-E","Rs
1199",599,50% off,Lingerie&Nightwear-Women
17283,Enamor,Non-wired fixed strap non padded womens every day bra - orange mix,"Size:32-B,32-C,32-D,32-Z,34-B,34-C,34-D,34-Z,36-B,36-C,36-D,36-Z,38-B,38-C,38-D,38-Z,40-B,40-C,40-D,42-B,42-C","Rs
699",349,50% off,Lingerie&Nightwear-Women
17284,Enamor,Non-wired strapless non padded womens every day bra - pearl,"Size:XL,Large,Medium,Small,X-Small","Rs
399",199,50% off,Lingerie&Nightwear-Women
17285,Insense,Calf length cotton blend womens night wear capri - grey melange,"Size:28,30,32,34,36","Rs
599",299,50% off,Lingerie&Nightwear-Women
17286,Enamor,Non-wired fixed strap non padded womens every day bra - black,"Size:34-B,34-C,34-D,34-Z,36-B,36-C,36-D,36-Z,38-B,38-C,38-D,38-Z,40-B,40-C,40-D,40-Z,42-B,42-C,42-D,42-Z","Rs
949",474,50% off,Lingerie&Nightwear-Women
17287,Insense,Solid viscose blend knee length womens night dress - olive,"Size:Large,Medium,Small,X-Large,X-Small,XX-Large","Rs
1299",649,50% off,Lingerie&Nightwear-Women
17288,Enamor,Non-wired racerback strap non padded womens every day bra - black,"Size:34-B,34-C,34-D,34-Z,36-B,36-C,36-D,36-Z,38-B,38-C,38-D,38-Z,40-B,40-C,40-D,40-Z,42-B,42-C,42-D,42-Z","Rs
949",474,50% off,Lingerie&Nightwear-Women
17289,Enamor,Non-wired fixed strap non padded womens every day bra - varsity blue,"Size:32-B,32-C,32-D,32-Z,34-B,34-C,34-D,34-Z,36-B,36-C,36-D,36-Z,38-B,38-C,38-D,38-Z,40-B,40-C,40-D,42-B,42-C","Rs
699",349,50% off,Lingerie&Nightwear-Women
17290,Insense,Printed rayon full length womens night wear pyjamas - lilac,"Size:28,30,32,34,36,38","Rs
799",399,50% off,Lingerie&Nightwear-Women
17291,Myshka,Printed cotton collar neck womens shirt pyjama set - yellow,"Size:Large,Medium,Small,X-Large,XX-Large","Rs
2499",749,70% off,Lingerie&Nightwear-Women
17292,Insense,Printed cotton mid thigh womens night wear shorts - pink,"Size:28,30,32,34,36","Rs
499",249,50% off,Lingerie&Nightwear-Women
17293,Insense,Calf length cotton blend womens night wear capri - peach,"Size:28,30,32,34,36","Rs
599",299,50% off,Lingerie&Nightwear-Women
17294,Insense,Printed rayon regular neck womens top and shorts set - navy,"Size:Large,Medium,Small,X-Large,X-Small,XX-Large","Rs
1299",649,50% off,Lingerie&Nightwear-Women
17295,Enamor,Non-wired racerback strap non padded womens every day bra - pearl,"Size:34-B,34-C,34-D,34-Z,36-B,36-C,36-D,36-Z,38-B,38-C,38-D,38-Z,40-B,40-C,40-D,40-Z,42-B,42-C,42-D,42-Z","Rs
949",474,50% off,Lingerie&Nightwear-Women
17296,Insense,Printed cotton regular neck womens t-shirt - grey melange,"Size:Large,Medium,Small,X-Large,X-Small,XX-Large","Rs
499",249,50% off,Lingerie&Nightwear-Women
17297,Madame,Printed cotton round neck womens night dress - black,"Size:Large,Medium,Small,X-Large,XX-Large","Rs
1199",719,40% off,Lingerie&Nightwear-Women
17298,Enamor,Non-wired racerback strap lightly padded womens t-shirt bra - print,"Size:32-B,32-C,32-D,34-B,34-C,34-D,36-B,36-C,36-D,38-B,38-C","Rs
1099",549,50% off,Lingerie&Nightwear-Women
17299,Enamor,Non-wired fixed strap non padded womens every day bra - pale blue,"Size:34-B,34-C,34-D,34-Z,36-B,36-C,36-D,36-Z,38-B,38-C,38-D,38-Z,40-B,40-C,40-D,40-Z,42-B,42-C,42-D,42-Z","Rs
1099",549,50% off,Lingerie&Nightwear-Women
17300,Enamor,Non wired racerback straps lightly padded womens every day bra - black,"Size:32-B,32-C,32-D,34-B,34-C,34-D,36-B,36-C,36-D,38-B","Rs
949",474,50% off,Lingerie&Nightwear-Women
17301,Insense,Printed cotton regular fit womens night wear t-shirt - grey melange,"Size:Large,Medium,Small,X-Large,X-Small,XX-Large","Rs
399",199,50% off,Lingerie&Nightwear-Women
17302,Enamor,Non-wired racerback strap lightly padded womens t-shirt bra - basic_blu_superstn,"Size:32-B,32-C,32-D,34-B,34-C,34-D,36-B,36-C,36-D,38-B,38-C,38-D","Rs
799",399,50% off,Lingerie&Nightwear-Women
17303,Insense,Printed cotton regular fit womens night dress - grey melange,"Size:Large,Medium,Small,X-Large,X-Small,XX-Large","Rs
899",449,50% off,Lingerie&Nightwear-Women
17304,Insense,Solid polyester stretch regular neck womens top and shorts set - lilac,"Size:Large,Medium,Small,X-Large,X-Small,XX-Large","Rs
1299",649,50% off,Lingerie&Nightwear-Women
17305,Insense,Printed cotton regular neck womens top and shorts set - baby pink,"Size:Large,Medium,Small,X-Large,X-Small,XX-Large","Rs
999",499,50% off,Lingerie&Nightwear-Women
17306,Insense,Half sleeves night wear womens t-shirt - navy,"Size:Medium,Small,X-Small","Rs
399",199,50% off,Lingerie&Nightwear-Women
17307,Insense,Printed cotton blend womens hipster briefs - multi,"Size:Large,Medium,Small,X-Large,XX-Large","Rs
399",119,70% off,Lingerie&Nightwear-Women
17308,Enamor,Non-wired racerback strap lightly padded womens t-shirt bra - silver cloud,"Size:32-B,32-C,32-D,34-B,34-C,34-D,36-B,36-C,36-D,38-B,38-C","Rs
1049",524,50% off,Lingerie&Nightwear-Women
17309,Insense,Regular fit mid thigh cotton womens night wear shorts - navy,"Size:28,30,32,34,36","Rs
399",199,50% off,Lingerie&Nightwear-Women
17310,Insense,Printed cotton regular fit womens top and pyjama set - oatmeal,"Size:Large,Medium,Small,X-Large,X-Small","Rs
1199",599,50% off,Lingerie&Nightwear-Women
17311,Sweet dreams,Printed cotton collar neck womens night dress - blue,"Size:Large,Medium,X-Large,XX-Large","Rs
1899",1329,30% off,Lingerie&Nightwear-Women
17312,Insense,Printed viscose blend regular neck womens top and pyjama set - sage,"Size:Large,Medium,Small,X-Large,X-Small,XX-Large","Rs
1499",749,50% off,Lingerie&Nightwear-Women
17313,Enamor,Non-wired racerback strap lightly padded womens t-shirt bra - rosewood,"Size:32-B,32-C,32-D,34-B,34-C,34-D,36-B,36-C,36-D,38-B,38-C","Rs
1049",524,50% off,Lingerie&Nightwear-Women
17314,Enamor,Non-wired fixed strap non padded womens every day bra - deep blue,"Size:32-B,32-C,32-D,32-Z,34-B,34-C,34-D,34-Z,36-B,36-C,36-D,36-Z,38-B,38-C,38-D,38-Z,40-B,40-C,40-D,42-B,42-C","Rs
699",349,50% off,Lingerie&Nightwear-Women
17315,Insense,Printed cotton regular fit womens top and capri set - pink,"Size:Large,Medium,Small,X-Large,X-Small","Rs
999",499,50% off,Lingerie&Nightwear-Women
17316,Madame,Printed cotton round neck womens night dress - ecru,"Size:Large,Medium,Small,X-Large,XX-Large","Rs
1799",1079,40% off,Lingerie&Nightwear-Women
17317,Insense,Ankle length cotton blend womens night wear joggers - black,"Size:28,30,32,34,36","Rs
1299",649,50% off,Lingerie&Nightwear-Women
17318,Insense,Solid polyester blend round neck womens t-shirt - navy,"Size:Large,Medium,Small,X-Large,XX-Large,XXX-Large","Rs
599",299,50% off,Lingerie&Nightwear-Women
17319,Triumph,Non wired fixed strap non padded womens minimiser bra - black,"Size:34-C,34-D,34-E,34-F,36-C,36-D,36-E,36-F,38-C,38-D,38-E,38-F,40-D,40-E,40-F","Rs
1699",849,50% off,Lingerie&Nightwear-Women
17320,Enamor,Non-wired racerback strap lightly padded womens t-shirt bra - twilight,"Size:32-B,32-C,32-D,34-B,34-C,34-D,36-B,36-C,36-D,38-B,38-C,38-D","Rs
799",399,50% off,Lingerie&Nightwear-Women
17321,Insense,Calf length cotton blend womens night wear capri - anthra melange,"Size:28,30,32,34,36","Rs
599",299,50% off,Lingerie&Nightwear-Women
17322,Triumph,Non-wired fixed strap non padded womens minimiser bra - pink,"Size:34-C,34-D,34-E,34-F,36-C,36-D,36-E,36-F,38-C,38-D,38-E,38-F,40-D,40-E",Nan,1599,No Discount,Lingerie&Nightwear-Women
17323,Insense,Printed cotton regular fit womens night wear t-shirt - fuschia,"Size:Large,Medium,Small,X-Large,X-Small,XX-Large","Rs
499",249,50% off,Lingerie&Nightwear-Women
17324,Enamor,Non-wired removable strap non padded womens every day bra - eclipse,"Size:32-B,32-D","Rs
599",299,50% off,Lingerie&Nightwear-Women
17325,Enamor,Non-wired racerback strap non padded womens every day bra - pale peach,"Size:34-B,34-C,34-D,36-B,36-C,36-D,38-B,38-C,38-D,40-B,40-C,40-D,42-B,42-C,42-D","Rs
779",389,50% off,Lingerie&Nightwear-Women
17326,Enamor,Non-wired racerback strap lightly padded womens t-shirt bra - capri blue,"Size:32-B,32-C,32-D,34-B,34-C,34-D,36-B,36-C,36-D,38-B,38-C","Rs
849",424,50% off,Lingerie&Nightwear-Women
17327,Insense,Printed cotton regular fit womens lounge wear shorts - ecru,"Size:28,30,32,34,36","Rs
399",199,50% off,Lingerie&Nightwear-Women
17328,Enamor,Non wired racerback straps lightly padded womens bikini - orchid,"Size:32-B,32-C,32-D,34-B,34-C,34-D,36-B,36-C,36-D,38-B,38-C","Rs
749",374,50% off,Lingerie&Nightwear-Women
17329,Insense,Printed cotton regular neck womens top and pyjama set - pink,"Size:Large,Medium,Small,X-Large,X-Small,XX-Large","Rs
1199",599,50% off,Lingerie&Nightwear-Women
17330,Enamor,Non-wired strapless non padded womens every day bra - black mix,"Size:XL,Large,Medium,Small,X-Small","Rs
399",199,50% off,Lingerie&Nightwear-Women
17331,Insense,Printed rayon regular fit womens top and pyjama set - sage,"Size:Large,Medium,Small,X-Large,XX-Large","Rs
1499",749,50% off,Lingerie&Nightwear-Women
17332,Triumph,Non wired halter strap non padded womens beginner bra - black,"Size:32-B,32-C,32-D,34-B,34-C,34-D,36-B,36-C,36-D,38-B,38-C,38-D,40-D","Rs
1099",549,50% off,Lingerie&Nightwear-Women
17333,Enamor,Non-wired racerback strap lightly padded womens t-shirt bra - sky blue,"Size:32-B,32-C,32-D,34-B,34-C,34-D,36-B,36-C,36-D,38-B,38-C,38-D","Rs
799",399,50% off,Lingerie&Nightwear-Women
17334,Enamor,Non-wired fixed strap non padded womens every day bra - white,"Size:34-B,34-C,34-D,34-Z,36-B,36-C,36-D,36-Z,38-B,38-C,38-D,38-Z,40-B,40-C,40-D,40-Z,42-B,42-C,42-D,42-Z","Rs
1099",549,50% off,Lingerie&Nightwear-Women
17335,Insense,Printed cotton regular fit womens top and pyjama set - pale pink,"Size:Large,Medium,Small,X-Large,X-Small,XX-Large","Rs
1199",599,50% off,Lingerie&Nightwear-Women
17336,Juniper,Embroidered georgette v neck womens kaftan - sea green,"Size:Large,Medium,Small,X-Large","Rs
2299",1609,30% off,Lingerie&Nightwear-Women
17337,Madame,Printed cotton round neck womens night dress - navy,"Size:Large,Medium,X-Large,XX-Large","Rs
1499",899,40% off,Lingerie&Nightwear-Women
17338,Insense,Printed cotton mid thigh womens night wear shorts - anthra melange,"Size:28,30,32,34,36","Rs
499",249,50% off,Lingerie&Nightwear-Women
17339,Insense,Printed cotton round neck womens top & pyjama set - navy,"Size:Medium,Small,X-Small","Rs
399",199,50% off,Lingerie&Nightwear-Women
17340,Enamor,Womens lace padded wired bra - black,"Size:32-B,32-C,32-D,34-B,34-C,36-D","Rs
705",352,50% off,Lingerie&Nightwear-Women
17341,Myshka,Printed cotton v neck womens sleepwear set - mustard,"Size:Large,Medium,Small,X-Large,XX-Large","Rs
2999",599,80% off,Lingerie&Nightwear-Women
17342,Insense,Solid polyester stretch regular neck womens top and shorts set - sage,"Size:Large,Medium,Small,X-Large,X-Small,XX-Large","Rs
1299",649,50% off,Lingerie&Nightwear-Women
17343,Triumph,Womens non padded non wired full coverage bra - natural,"Size:36-F,38-F,38-G,40-F,40-G,42-F,42-G,44-F","Rs
1249",624,50% off,Lingerie&Nightwear-Women
17344,Insense,Printed cotton round neck womens top & capri set - ecru,"Size:Large,Medium,Small,X-Large,X-Small","Rs
999",499,50% off,Lingerie&Nightwear-Women
17345,Enamor,Non-wired strapless non padded womens every day bra - canal,"Size:XL,Large,Medium,Small,X-Small","Rs
399",199,50% off,Lingerie&Nightwear-Women
17346,Enamor,Non-wired fixed strap non padded womens every day bra - tomato,"Size:32-B,32-C,32-D,32-Z,34-B,34-C,34-D,34-Z,36-B,36-C,36-D,36-Z,38-B,38-C,38-D,38-Z,40-B,40-C,40-D,42-B,42-C","Rs
699",349,50% off,Lingerie&Nightwear-Women
17347,Insense,Solid cotton mid thigh womens night wear shorts - lilac,"Size:28,30,32,34,36","Rs
499",249,50% off,Lingerie&Nightwear-Women
17348,Nayomi,Womens solid shimmer bikini briefs - grey,Size:X-Large,"Rs
499",149,70% off,Lingerie&Nightwear-Women
17349,Insense,Embroidered cotton regular fit womens night wear t-shirt - plum,"Size:Large,Medium,Small,X-Large,X-Small,XX-Large","Rs
499",249,50% off,Lingerie&Nightwear-Women
17350,Enamor,Womens floral print padded non wired full coverage bra - cornflower,"Size:32-B,32-C,32-D,36-B,38-B,40-B,42-B","Rs
659",329,50% off,Lingerie&Nightwear-Women
17351,Juniper,Printed georgette round neck womens kaftan kaftan - multi,"Size:Large,Medium,X-Large","Rs
2299",804,65% off,Lingerie&Nightwear-Women
17352,Enamor,Non-wired fixed strap non padded womens every day bra - white,"Size:34-B,34-C,34-D,34-Z,36-B,36-C,36-D,36-Z,38-B,38-C,38-D,38-Z,40-B,40-C,40-D,40-Z,42-B,42-C,42-D,42-Z","Rs
949",474,50% off,Lingerie&Nightwear-Women
17353,Enamor,Non-wired strapless non padded womens every day bra - grape,"Size:XL,Large,Medium,Small,X-Small","Rs
399",199,50% off,Lingerie&Nightwear-Women
17354,Insense,Printed cotton regular neck womens top and shorts set - sage,"Size:Large,Medium,Small,X-Large,X-Small,XX-Large","Rs
999",499,50% off,Lingerie&Nightwear-Women
17355,Insense,Printed cotton knee length womens night dress - anthra melange,"Size:Large,Medium,Small,X-Large,X-Small,XX-Large","Rs
999",499,50% off,Lingerie&Nightwear-Women
17356,Insense,Printed cotton regular fit womens night wear t-shirt - navy,"Size:Large,Medium,Small,X-Large,X-Small,XX-Large","Rs
399",199,50% off,Lingerie&Nightwear-Women
17357,Enamor,Non-wired fixed strap non padded womens every day bra - ocean,"Size:32-B,32-C,32-D,32-Z,34-B,34-C,34-D,34-Z,36-B,36-C,36-D,36-Z,38-B,38-C,38-D,38-Z,40-B,40-C,40-D,42-B,42-C","Rs
699",349,50% off,Lingerie&Nightwear-Women
17358,Enamor,Non-wired racerback strap lightly padded womens t-shirt bra - old rose,"Size:32-B,32-C,32-D,34-B,34-C,34-D,36-B,36-C,36-D,38-B,38-C","Rs
1099",549,50% off,Lingerie&Nightwear-Women
17359,Insense,Printed cotton regular fit womens top and pyjama set - off white,"Size:Large,Medium,Small,X-Large,XX-Large","Rs
999",499,50% off,Lingerie&Nightwear-Women
17360,Insense,Printed rayon thigh length womens night wear shorts - pink,"Size:28,30,32,34,36","Rs
499",249,50% off,Lingerie&Nightwear-Women
17361,Enamor,Non-wired racerback strap non padded womens every day bra - white,"Size:34-B,34-C,34-D,34-Z,36-B,36-C,36-D,36-Z,38-B,38-C,38-D,38-Z,40-B,40-C,40-D,40-Z,42-B,42-C,42-D,42-Z","Rs
949",474,50% off,Lingerie&Nightwear-Women
17362,Insense,Printed cotton full length womens night wear pyjamas - powder blue,"Size:28,30,32,34,36","Rs
799",399,50% off,Lingerie&Nightwear-Women
17363,Enamor,Non-wired strapless non padded womens every day bra - sky blue,"Size:XL,Large,Medium,Small,X-Small","Rs
399",199,50% off,Lingerie&Nightwear-Women
17364,Enamor,Cotton blend womens intimate wear panties - melon,"Size:XL,Large,Medium,Small,XX-Large","Rs
409",286,30% off,Lingerie&Nightwear-Women
17365,Madame,Printed cotton round neck womens night dress - blush,"Size:Large,Medium,X-Large,XX-Large","Rs
1999",1199,40% off,Lingerie&Nightwear-Women
17366,Insense,Printed cotton lycra knitted womens hipster panties - multi,"Size:Large,Medium,Small,X-Large,XX-Large","Rs
399",199,50% off,Lingerie&Nightwear-Women
17367,Enamor,Non-wired fixed strap non padded womens every day bra - pearl,"Size:32-B,32-C,32-D,32-Z,34-B,34-C,34-D,34-Z,36-B,36-C,36-D,36-Z,38-B,38-C,38-D,38-Z,40-B,40-C,40-D,42-B,42-C","Rs
699",349,50% off,Lingerie&Nightwear-Women
17368,Enamor,Non-wired strapless non padded womens every day bra - grey tone,"Size:XL,Large,Medium,Small,X-Small","Rs
399",199,50% off,Lingerie&Nightwear-Women
17369,Enamor,Non-wired racerback strap lightly padded womens t-shirt bra - melon,"Size:32-B,32-C,32-D,34-B,34-C,34-D,36-B,36-C,36-D,38-B,38-C","Rs
1099",549,50% off,Lingerie&Nightwear-Women
17370,Enamor,Non-wired racerback strap non padded womens every day bra - purple,"Size:34-B,34-C,34-D,36-B,36-C,36-D,38-B,38-C,38-D,40-B,40-C,40-D,42-B,42-C,42-D","Rs
779",389,50% off,Lingerie&Nightwear-Women
17371,Enamor,Wired fixed strap non padded womens every day bra - cornflower,"Size:34-B,34-C,34-D,34-Z,36-B,36-C,36-D,36-Z,38-B,38-C,38-D,38-Z,40-B,40-C,40-D,40-Z","Rs
1399",699,50% off,Lingerie&Nightwear-Women
17372,Madame,Printed cotton round neck womens night dress - peach,"Size:Large,Medium,Small,X-Large,XX-Large","Rs
1199",719,40% off,Lingerie&Nightwear-Women
17373,Insense,Printed cotton regular fit womens night wear t-shirt - pink,"Size:Large,Medium,Small,X-Large","Rs
399",199,50% off,Lingerie&Nightwear-Women
17374,Insense,Regular fit mid thigh cotton womens night wear shorts - plum,"Size:28,30,32,34,36","Rs
399",199,50% off,Lingerie&Nightwear-Women
17375,Enamor,Non-wired strapless non padded womens every day bra - mastic white,"Size:XL,Large,Medium,Small,X-Small","Rs
399",199,50% off,Lingerie&Nightwear-Women
17376,Enamor,Non-wired strapless non padded womens every day bra - white,"Size:XL,Large,Medium,Small,X-Small","Rs
399",199,50% off,Lingerie&Nightwear-Women
17377,Insense,Half sleeves night wear womens t-shirt - blush,"Size:Large,Medium,Small,X-Small","Rs
399",199,50% off,Lingerie&Nightwear-Women
17378,Insense,Printed cotton regular fit womens top and shorts set - pink,"Size:Large,Medium,Small,X-Large,X-Small","Rs
799",399,50% off,Lingerie&Nightwear-Women
17379,Enamor,Womens solid non padded non wired full coverage bra - navy,"Size:34-B,34-C,36-B,36-Z,38-B,38-C,38-D,38-Z,40-B,40-C,40-D,40-Z,42-B,42-C,42-D,42-Z","Rs
899",449,50% off,Lingerie&Nightwear-Women
17380,Enamor,Non-wired racerback strap lightly padded womens t-shirt bra - blue black,"Size:32-B,32-C,32-D,34-B,34-C,34-D,36-B,36-C,36-D,38-B,38-C","Rs
1049",524,50% off,Lingerie&Nightwear-Women
17381,Insense,Printed rayon regular neck womens top and shorts set - red,"Size:Large,Medium,Small,X-Large,X-Small,XX-Large","Rs
1299",649,50% off,Lingerie&Nightwear-Women
17382,Madame,Printed cotton round neck womens night dress - pink,"Size:Large,Medium,Small,X-Large,XX-Large","Rs
1599",959,40% off,Lingerie&Nightwear-Women
17383,Insense,Printed cotton regular neck womens top and shorts set - grey,"Size:Large,Medium,Small,X-Large,X-Small,XX-Large","Rs
1299",649,50% off,Lingerie&Nightwear-Women
17384,Enamor,Non-wired racerback strap non padded womens every day bra - sky blue,"Size:34-B,34-C,34-D,34-Z,36-B,36-C,36-D,36-Z,38-B,38-C,38-D,38-Z,40-B,40-C,40-D,40-Z,42-B,42-C,42-D,42-Z","Rs
949",474,50% off,Lingerie&Nightwear-Women
17385,Insense,Regular fit full length cotton blend womens night wear pyjamas - anthra melange,"Size:28,30,32,34,36","Rs
599",299,50% off,Lingerie&Nightwear-Women
17386,Insense,Printed cotton full length womens night wear pyjamas - fuschia,"Size:28,30,32,34,36","Rs
799",399,50% off,Lingerie&Nightwear-Women
17387,Madame,Printed cotton round neck womens night dress - navy,"Size:Large,Medium,Small,X-Large,XX-Large","Rs
1099",659,40% off,Lingerie&Nightwear-Women
17388,Enamor,Cotton nylon womens intimate wear shapewear - buff,"Size:XL,Large,Medium,XX-Large","Rs
1399",839,40% off,Lingerie&Nightwear-Women
17389,Amante,Womens solid non wired non padded push up bra - natural,"Size:32-B,32-C,34-B,34-C,36-B,36-C,38-B,38-C","Rs
695",347,50% off,Lingerie&Nightwear-Women
17390,Enamor,Non-wired fixed strap non padded womens every day bra - magenta,"Size:34-B,34-C,34-D,34-Z,36-B,36-C,36-D,36-Z,38-B,38-C,38-D,38-Z,40-B,40-C,40-D,40-Z,42-B,42-C,42-D,42-Z","Rs
1099",549,50% off,Lingerie&Nightwear-Women
17391,Insense,Embroidered cotton regular fit womens night wear t-shirt - sage,"Size:Large,Medium,Small,X-Large,X-Small,XX-Large","Rs
499",249,50% off,Lingerie&Nightwear-Women
17392,Triumph,Womens padded non wired full coverage bra - black,"Size:32-B,32-C,32-D,34-B,34-C,34-D,34-E,36-B,36-C,36-D,36-E,38-C,38-D,38-E","Rs
2699",1349,50% off,Lingerie&Nightwear-Women
17393,Triumph,Non wired fixed strap non padded womens every day bra - natural,"Size:32-B,34-B,34-C,34-D,36-B,36-C,36-D,38-C,38-D,40-D","Rs
1099",549,50% off,Lingerie&Nightwear-Women
17394,Myshka,Printed cotton v neck womens sleepwear set - multi,"Size:Large,Medium,Small,X-Large","Rs
2999",749,75% off,Lingerie&Nightwear-Women
17395,Insense,Checks rayon regular fit womens lounge wear pyjama - plum,"Size:28,30,32,34,36,38","Rs
799",399,50% off,Lingerie&Nightwear-Women
17396,Triumph,Non wired fixed strap non padded womens beginner bra - natural,"Size:40-E,42-D","Rs
1199",599,50% off,Lingerie&Nightwear-Women
17397,Insense,Printed rayon full length womens night wear pyjamas - blue,"Size:28,30,32,34,36,38","Rs
799",399,50% off,Lingerie&Nightwear-Women
17398,Enamor,Non-wired strapless non padded womens every day bra - pale peach,"Size:XL,Large,Medium,Small,X-Small","Rs
399",199,50% off,Lingerie&Nightwear-Women
17399,Insense,Printed cotton thigh length womens night wear shorts - pink,"Size:28,30,32,34,36","Rs
499",249,50% off,Lingerie&Nightwear-Women
17400,Triumph,Womens self-pattern bra - white,"Size:34-C,34-D,34-E,36-C,36-D,36-E,36-F,38-C,38-D,38-E,38-F,38-G,40-D,40-E,40-F,40-G,42-D,42-E,42-F,42-G","Rs
1499",749,50% off,Lingerie&Nightwear-Women
17401,Insense,Stripes cotton round neck womens night dress - anthra melange,"Size:Large,Medium,Small,X-Large,X-Small","Rs
799",399,50% off,Lingerie&Nightwear-Women
17402,Insense,Printed viscose full length womens night wear pyjamas - black,"Size:28,30,32,34,36,38","Rs
799",399,50% off,Lingerie&Nightwear-Women
17403,Enamor,Non-wired fixed strap non padded womens every day bra - navy,"Size:32-B,32-C,32-D,32-Z,34-B,34-C,34-D,34-Z,36-B,36-C,36-D,36-Z,38-B,38-C,38-D,38-Z,40-B,40-C,40-D,42-B,42-C","Rs
699",349,50% off,Lingerie&Nightwear-Women
17404,Enamor,Non-wired fixed strap non padded womens every day bra - mastic thread dark stone,"Size:34-B,34-C,34-D,34-Z,36-B,36-C,36-D,36-Z,38-B,38-C,38-D,38-Z,40-B,40-C,40-D,40-Z,42-B,42-C,42-D,42-Z","Rs
1099",549,50% off,Lingerie&Nightwear-Women
17405,Insense,Regular fit full length cotton womens night wear pyjamas - mint,"Size:28,30,32","Rs
599",299,50% off,Lingerie&Nightwear-Women
17406,Enamor,Non-wired racerback strap non padded womens every day bra - charcoal,"Size:34-B,34-C,34-D,34-Z,36-B,36-C,36-D,36-Z,38-B,38-C,38-D,38-Z,40-B,40-C,40-D,40-Z,42-B,42-C,42-D,42-Z","Rs
1199",599,50% off,Lingerie&Nightwear-Women
17407,Insense,Stripes cotton regular fit womens night wear t-shirt - powder blue,"Size:Large,Medium,Small,X-Large,X-Small,XX-Large","Rs
499",249,50% off,Lingerie&Nightwear-Women
17408,Insense,Printed cotton full length womens night wear pyjamas - pink,"Size:28,30,32,34,36","Rs
799",399,50% off,Lingerie&Nightwear-Women
17409,Enamor,Non-wired fixed strap non padded womens every day bra - black,"Size:34-B,34-C,34-D,34-Z,36-B,36-C,36-D,36-Z,38-B,38-C,38-D,38-Z,40-B,40-C,40-D,40-Z,42-B,42-C,42-D,42-Z","Rs
1099",549,50% off,Lingerie&Nightwear-Women
17410,Enamor,Non-wired racerback strap lightly padded womens t-shirt bra - black,"Size:32-B,32-C,32-D,34-B,34-C,34-D,36-B,36-C,36-D,38-B,38-C","Rs
1099",549,50% off,Lingerie&Nightwear-Women
17411,Enamor,Non-wired racerback strap lightly padded womens t-shirt bra - pearl,"Size:32-B,32-C,32-D,34-B,34-C,34-D,36-B,36-C,36-D,38-B,38-C,38-D","Rs
799",399,50% off,Lingerie&Nightwear-Women
17412,Enamor,Non-wired racerback strap lightly padded womens t-shirt bra - orchid,"Size:32-B,32-C,32-D,34-B,34-C,34-D,36-B,36-C,36-D,38-B,38-C","Rs
849",424,50% off,Lingerie&Nightwear-Women
17413,Enamor,Non-wired strapless non padded womens every day bra - core white,"Size:XL,Large,Medium,Small,X-Small","Rs
399",199,50% off,Lingerie&Nightwear-Women
17414,Infuse,Stripe cotton round neck womens regular fit t-shirt - pink,Size:Small,"Rs
499",199,60% off,Lingerie&Nightwear-Women
17415,Enamor,Non-wired strapless non padded womens every day bra - red,"Size:XL,Large,Medium,Small,X-Small","Rs
399",199,50% off,Lingerie&Nightwear-Women
17416,Triumph,Womens lace padded full coverage bra - white,"Size:34-C,34-D,34-E,34-F,36-C,36-D,36-E,36-F,38-C,38-D,38-E,38-F,40-D,40-E,40-F,42-D,42-E","Rs
744",446,40% off,Lingerie&Nightwear-Women
17417,Enamor,Non-wired racerback strap lightly padded womens t-shirt bra - white,"Size:32-B,32-C,32-D,34-B,34-C,34-D,36-B,36-C,36-D,38-B,38-C,38-D","Rs
799",399,50% off,Lingerie&Nightwear-Women
17418,Insense,Printed cotton full length womens night wear pyjamas - black,"Size:28,30,32,34,36","Rs
799",399,50% off,Lingerie&Nightwear-Women
17419,Jockey,Womens solid shorts - black,"Size:Large,Medium,Small",Nan,259,No Discount,Lingerie&Nightwear-Women
17420,Enamor,Cotton blend womens intimate wear panties - plum,"Size:XL,Large,Medium,Small,XX-Large","Rs
409",286,30% off,Lingerie&Nightwear-Women
17421,Enamor,Non-wired racerback strap lightly padded womens t-shirt bra - cherry,"Size:32-B,32-C,32-D,34-B,34-C,34-D,36-B,36-C,36-D,38-B,38-C","Rs
1049",524,50% off,Lingerie&Nightwear-Women
17422,Enamor,Womens solid non padded non wired full coverage bra - sky blue,Size:32-D,"Rs
849",224,74% off,Lingerie&Nightwear-Women
17423,Enamor,Cotton blend womens intimate wear panties - white,"Size:XL,Large,Medium,Small,XX-Large","Rs
409",286,30% off,Lingerie&Nightwear-Women
17424,Madame,Printed cotton round neck womens night dress - blue,"Size:Large,Medium,X-Large,XX-Large","Rs
1999",1199,40% off,Lingerie&Nightwear-Women
17425,Madame,Printed cotton round neck womens night dress - pink,"Size:Large,Medium,Small,X-Large,XX-Large","Rs
1499",899,40% off,Lingerie&Nightwear-Women
17426,Erotissch,Cotton womens sleepwear set - pure white denim,"Size:Large,Medium,Small,X-Large,XX-Large","Rs
1600",720,55% off,Lingerie&Nightwear-Women
17427,Enamor,Non-wired strapless non padded womens every day bra - grey melange,"Size:XL,Large,Medium,Small,X-Small","Rs
399",199,50% off,Lingerie&Nightwear-Women
17428,Enamor,Non-wired racerback strap lightly padded womens t-shirt bra - deep navy,"Size:32-B,32-C,32-D,34-B,34-C,34-D,36-B,36-C,36-D,38-B,38-C,38-D","Rs
799",399,50% off,Lingerie&Nightwear-Women
17429,Triumph,Wired multiway strap lightly padded womens every day bra - natural,"Size:32-B,32-C,32-D,34-B,34-C,34-D,36-B,36-C,36-D,38-C,38-D","Rs
1299",649,50% off,Lingerie&Nightwear-Women
17430,Insense,Printed cotton knee length womens night dress - dusty blue,"Size:Large,Medium,Small,X-Large,X-Small,XX-Large","Rs
999",499,50% off,Lingerie&Nightwear-Women
17431,Insense,Printed cotton round neck womens top & pyjama set - navy,"Size:Large,Medium,Small,X-Large,X-Small","Rs
1199",599,50% off,Lingerie&Nightwear-Women
17432,Triumph,Wired fixed strap heavily padded womens every day bra - black,"Size:34-C,34-D,34-E,34-F,36-C,36-D,36-E,36-F,36-G,38-C,38-D,38-E,38-F,38-G,38-H,40-C,40-D,40-E,40-F,40-G,40-H,42-E,42-F,42-G",Nan,1199,No Discount,Lingerie&Nightwear-Women
17433,Enamor,Non-wired strapless non padded womens every day bra - tomato,"Size:XL,Large,Medium,Small,X-Small","Rs
399",199,50% off,Lingerie&Nightwear-Women
17434,Insense,Stripes cotton knee length womens night dress - powder blue,"Size:Large,Medium,Small,X-Large,X-Small,XX-Large","Rs
999",499,50% off,Lingerie&Nightwear-Women
17435,Insense,Printed regular fit cotton womens pyjama set - sky blue,"Size:Large,Medium,Small,X-Large","Rs
999",499,50% off,Lingerie&Nightwear-Women
17436,Insense,Printed cotton regular fit womens night wear t-shirt - plum,"Size:Large,Medium,Small,X-Large,X-Small","Rs
499",249,50% off,Lingerie&Nightwear-Women
17437,Insense,Printed cotton polyester terry regular neck womens top and shorts set - blue,"Size:Large,Medium,Small,X-Large,X-Small,XX-Large","Rs
1299",649,50% off,Lingerie&Nightwear-Women
17438,Insense,Printed cotton regular fit womens night wear t-shirt - pale pink,"Size:Large,Medium,Small,X-Large,X-Small,XX-Large","Rs
499",249,50% off,Lingerie&Nightwear-Women
17439,Enamor,Solid viscose relaxed fit womens pyjamas - denim black,"Size:XL,Large,Medium,Small,XX-Large","Rs
1099",769,30% off,Lingerie&Nightwear-Women
17440,Insense,Regular fit mid thigh cotton womens night wear shorts - baby pink,"Size:28,30,32,34,36","Rs
399",199,50% off,Lingerie&Nightwear-Women
17441,Enamor,Non-wired strapless non padded womens every day bra - wine,"Size:XL,Large,Medium,Small,X-Small","Rs
399",199,50% off,Lingerie&Nightwear-Women
17442,Insense,Solid cotton round neck womens regular fit top - blush,"Size:Small,X-Small","Rs
399",199,50% off,Lingerie&Nightwear-Women
17443,Insense,Printed cotton round neck womens top & pyjama set - navy,"Size:Large,Medium,Small,X-Large,XX-Large","Rs
999",499,50% off,Lingerie&Nightwear-Women
17444,Enamor,Wired strapless lightly padded womens every day bra - buff,"Size:32-B,32-C,32-D,32-Z,34-B,34-C,34-D,34-Z,36-B,36-C,36-D,36-Z,38-B,38-C,38-D,38-Z,40-B,40-C,40-D,40-Z,42-C,42-D",Nan,1449,No Discount,Lingerie&Nightwear-Women
17445,Madame,Printed cotton round neck womens night dress - pink,"Size:Large,Medium,Small,X-Large,XX-Large","Rs
1099",659,40% off,Lingerie&Nightwear-Women
17446,Insense,Embroidered cotton regular fit womens night wear t-shirt - pale yellow,"Size:Large,Medium,Small,X-Large,X-Small,XX-Large","Rs
499",249,50% off,Lingerie&Nightwear-Women
17447,Insense,Printed cotton round neck womens t-shirt - peach,"Size:Small,X-Small","Rs
399",199,50% off,Lingerie&Nightwear-Women
17448,Infuse,Printed cotton full length womens loungewear pyjama - navy,"Size:28,30,32,34","Rs
799",319,60% off,Lingerie&Nightwear-Women
17449,Insense,Printed cotton round neck womens night dress - grey,"Size:Large,Medium,Small,X-Large,X-Small","Rs
799",399,50% off,Lingerie&Nightwear-Women
17450,Triumph,Wired fixed strap non padded womens every day bra - darkslate,"Size:34-C,34-D,34-E,34-F,36-C,36-D,36-E,36-F,38-C,38-D,38-E,38-F","Rs
1899",949,50% off,Lingerie&Nightwear-Women
17451,Insense,Stripes cotton regular fit womens night wear t-shirt - grey melange,"Size:Large,Medium,Small,X-Large,X-Small,XX-Large","Rs
499",249,50% off,Lingerie&Nightwear-Women
17452,Triumph,Womens non padded non wired full coverage bra - white,"Size:36-F,38-F,38-G,40-F,40-G,42-F,42-G,44-F","Rs
1249",624,50% off,Lingerie&Nightwear-Women
17453,Triumph,Non wired multiway strap lightly padded womens every day bra - ecru,"Size:32-B,32-C,34-B,34-C,36-B,36-C,38-C","Rs
1699",849,50% off,Lingerie&Nightwear-Women
17454,Infuse,Printed rayon full length womens loungewear pyjama - black,"Size:28,30,32","Rs
799",319,60% off,Lingerie&Nightwear-Women
17455,Enamor,Nylon low rise womens regular panties - multi,"Size:XL,Large,Medium,Small",Nan,469,No Discount,Lingerie&Nightwear-Women
17456,Insense,Printed cotton regular fit womens night wear t-shirt - peach,"Size:Large,Medium,Small,X-Large,X-Small,XX-Large","Rs
399",199,50% off,Lingerie&Nightwear-Women
17457,Insense,Printed cotton regular neck womens t-shirt - red,"Size:Large,Medium,Small,X-Large,X-Small,XX-Large","Rs
599",299,50% off,Lingerie&Nightwear-Women
17458,Madame,Printed cotton round neck womens night dress - mauve,"Size:Large,Medium,Small,X-Large,XX-Large","Rs
1099",659,40% off,Lingerie&Nightwear-Women
17459,Enamor,Non-wired racerback strap non padded womens every day bra - navy,"Size:34-B,34-C,34-D,34-Z,36-B,36-C,36-D,36-Z,38-B,38-C,38-D,38-Z,40-B,40-C,40-D,40-Z,42-B,42-C,42-D,42-Z","Rs
949",474,50% off,Lingerie&Nightwear-Women
17460,Insense,Printed rayon regular neck womens top and shorts set - blue,"Size:Large,Medium,Small,X-Large,X-Small,XX-Large","Rs
1299",649,50% off,Lingerie&Nightwear-Women
17461,Enamor,Cotton womens relax bermuda - denimex,"Size:XL,Large,Medium,Small","Rs
699",489,30% off,Lingerie&Nightwear-Women
17462,Clovia,Womens non-padded non-wired bra - grey,"Size:32-C,32-D,34-C","Rs
342",137,60% off,Lingerie&Nightwear-Women
17463,Insense,Printed cotton regular neck womens t-shirt - oatmeal,"Size:Large,Medium,Small,X-Large,X-Small,XX-Large","Rs
599",299,50% off,Lingerie&Nightwear-Women
17464,Life,Swiss dobby polyester round neck girls top - white,"Size:11-12 Y,13-14 Y,8-9 Y,9-10 Y","Rs
699",489,30% off,Lingerie&Nightwear-Women
17465,Myshka,Printed polyester v neck womens kaftan - pink,",Medium,Small,X-Large,XX-Large","Rs
3499",874,75% off,Lingerie&Nightwear-Women
17466,Triumph,Wired fixed straps heavily padded womens every day bra - natural,"Size:34-C,34-D,34-E,36-C,36-D,36-E,36-F,38-C,38-D,38-E,38-F","Rs
1499",749,50% off,Lingerie&Nightwear-Women
17467,Insense,Checks rayon full length womens night wear shorts - natural,"Size:28,30,32,34,36","Rs
499",249,50% off,Lingerie&Nightwear-Women
17468,Enamor,Non-wired strapless non padded womens every day bra - print,"Size:XL,Large,Medium,Small,X-Small","Rs
399",199,50% off,Lingerie&Nightwear-Women
17469,Insense,Embroidered cotton regular fit womens night wear t-shirt - lilac,"Size:Large,Medium,Small,X-Large,X-Small,XX-Large","Rs
499",249,50% off,Lingerie&Nightwear-Women
17470,Insense,Printed rayon mid thigh womens night wear shorts - black,"Size:28,30,32,34,36","Rs
499",249,50% off,Lingerie&Nightwear-Women
17471,Insense,Printed cotton regular fit womens night dress - navy,"Size:Large,Medium,Small,X-Large,X-Small,XX-Large","Rs
799",399,50% off,Lingerie&Nightwear-Women
17472,Enamor,Non-wired removable strap non padded womens every day bra - violet,"Size:32-B,32-D,38-B","Rs
599",299,50% off,Lingerie&Nightwear-Women
17473,Jockey,Modal womens intimate wear camisole - natural,"Size:Large,Medium,Small,X-Large,XX-Large",Nan,429,No Discount,Lingerie&Nightwear-Women
17474,Enamor,Non wired racerback straps non padded womens bikini - melange,"Size:32-B,32-C,32-D,32-Z,34-B,34-C,34-D,34-Z,36-B,36-C,36-D,36-Z,38-B,38-C,38-D,38-Z,40-B,40-C,40-D,42-B,42-C","Rs
649",324,50% off,Lingerie&Nightwear-Women
17475,Insense,Calf length cotton blend womens night wear capri - chambray,"Size:28,30,32,34,36","Rs
599",299,50% off,Lingerie&Nightwear-Women
17476,Insense,Solid cotton lycra knitted womens bikini panties - multi,"Size:Large,Medium,Small,X-Large,XX-Large","Rs
499",249,50% off,Lingerie&Nightwear-Women
17477,Insense,Printed cotton round neck womens regular fit top - pink,"Size:Small,X-Small","Rs
499",249,50% off,Lingerie&Nightwear-Women
17478,Enamor,Non-wired racerback strap lightly padded womens t-shirt bra - shell,"Size:32-B,32-C,32-D,34-B,34-C,34-D,36-B,36-C,36-D,38-B,38-C,38-D","Rs
799",399,50% off,Lingerie&Nightwear-Women
17479,Insense,Printed cotton regular neck womens t-shirt - sky blue,"Size:Large,Medium,Small,X-Large,X-Small,XX-Large","Rs
499",249,50% off,Lingerie&Nightwear-Women
17480,Triumph,Non-wired fixed strap non padded womens minimiser bra - green,"Size:34-C,34-D,34-E,36-C,36-D,36-E,38-C,38-D,38-E,40-D,40-E",Nan,1799,No Discount,Lingerie&Nightwear-Women
17481,Enamor,Non-wired racerback strap lightly padded womens t-shirt bra - cilantro,"Size:32-B,32-C,32-D,34-B,34-C,34-D,36-B,36-C,36-D,38-B,38-C","Rs
1049",524,50% off,Lingerie&Nightwear-Women
17482,Enamor,Non-wired racerback strap lightly padded womens t-shirt bra - champagne,"Size:32-B,32-C,32-D,34-B,34-C,34-D,36-B,36-C,36-D,38-B,38-C","Rs
1099",549,50% off,Lingerie&Nightwear-Women
17483,Enamor,Womens non padded non wired full coverage every day bra - white,"Size:32-B,32-C,32-D,34-D,38-B,38-C","Rs
300",150,50% off,Lingerie&Nightwear-Women
17484,Triumph,Womens solid hipster briefs - pack of 2 - natural,"Size:Large,Medium,Small,X-Large","Rs
799",399,50% off,Lingerie&Nightwear-Women
17485,Insense,Solid cotton round neck womens t-shirt - green,"Size:Large,Medium,Small,X-Large,X-Small","Rs
399",199,50% off,Lingerie&Nightwear-Women
17486,Enamor,Non-wired racerback strap lightly padded womens t-shirt bra - sky blue,"Size:32-B,32-C,32-D,34-B,34-C,34-D,36-B,36-C,36-D,38-B,38-C","Rs
849",424,50% off,Lingerie&Nightwear-Women
17487,Insense,Regular fit mid thigh rayon womens night wear shorts - black,"Size:28,30,32,34,36","Rs
499",249,50% off,Lingerie&Nightwear-Women
17488,Enamor,Non-wired racerback strap lightly padded womens t-shirt bra - jade,"Size:32-B,32-C,32-D,34-B,34-C,34-D,36-B,36-C,36-D,38-B,38-C","Rs
1049",524,50% off,Lingerie&Nightwear-Women
17489,Amante,Womens solid full coverage bra - purple,"Size:32-B,32-C,32-D,34-B,34-C,34-D,36-B,38-C,38-D,40-C","Rs
695",417,40% off,Lingerie&Nightwear-Women
17490,Insense,Printed cotton regular fit womens night wear t-shirt - natural,"Size:Large,Medium,Small,X-Large,X-Small,XX-Large","Rs
399",199,50% off,Lingerie&Nightwear-Women
17491,Insense,Solid cotton regular neck womens top and shorts set - yellow,"Size:Large,Medium,Small,X-Large,X-Small,XX-Large","Rs
1299",649,50% off,Lingerie&Nightwear-Women
17492,Insense,Half sleeves night wear womens t-shirt - pale yellow,"Size:Medium,Small,X-Small","Rs
399",199,50% off,Lingerie&Nightwear-Women
17493,Insense,Printed cotton regular fit womens night dress - pink,"Size:Large,Medium,Small,X-Large,X-Small,XX-Large","Rs
899",449,50% off,Lingerie&Nightwear-Women
17494,Enamor,Wired strapless lightly padded womens every day bra - brown mix,"Size:32-B,32-C,32-D,32-Z,34-B,34-C,34-D,34-Z,36-B,36-C,36-D,36-Z,38-B,38-C,38-D,38-Z,40-B,40-C,40-D,40-Z,42-C,42-D",Nan,1449,No Discount,Lingerie&Nightwear-Women
17495,Insense,Printed cotton round neck womens top & pyjama set - lilac,"Size:Large,Medium,Small,X-Large,X-Small","Rs
1199",599,50% off,Lingerie&Nightwear-Women
17496,Enamor,Non-wired racerback strap lightly padded womens t-shirt bra - salmon,"Size:32-B,32-C,32-D,34-B,34-C,34-D,36-B,36-C,36-D,38-B,38-C","Rs
1049",524,50% off,Lingerie&Nightwear-Women
17497,Enamor,Non-wired fixed strap lightly padded womens t-shirt bra - meadow,"Size:XL,Large,Medium,Small","Rs
1499",749,50% off,Lingerie&Nightwear-Women
17498,Enamor,Non wired racerback straps lightly padded womens bikini - basic_blu_superstn,"Size:32-B,32-C,32-D,34-B,34-C,34-D,36-B,36-C,36-D,38-B,38-C","Rs
749",374,50% off,Lingerie&Nightwear-Women
17499,Insense,Printed cotton regular neck womens t-shirt - navy,"Size:Large,Medium,Small,X-Large,X-Small,XX-Large","Rs
499",249,50% off,Lingerie&Nightwear-Women
17500,Enamor,Non-wired racerback strap lightly padded womens t-shirt bra - buff,"Size:32-B,32-C,32-D,34-B,34-C,34-D,36-B,36-C,36-D,38-B,38-C","Rs
1099",549,50% off,Lingerie&Nightwear-Women
17501,Infuse,Stripe cotton round neck womens regular fit t-shirt - yellow,Size:Small,"Rs
499",199,60% off,Lingerie&Nightwear-Women
17502,Insense,Regular fit mid thigh cotton womens night wear shorts - grey melange,"Size:28,30,32,34,36","Rs
399",199,50% off,Lingerie&Nightwear-Women
17503,Enamor,Womens padded wired bra - charcoal,Size:32-B,"Rs
1699",849,50% off,Lingerie&Nightwear-Women
17504,Insense,Printed cotton regular neck womens t-shirt - anthra melange,"Size:Large,Medium,Small,X-Large,X-Small,XX-Large","Rs
499",249,50% off,Lingerie&Nightwear-Women
17505,Enamor,Non-wired racerback strap lightly padded womens t-shirt bra - true navy,"Size:32-B,32-C,32-D,34-B,34-C,34-D,36-B,36-C,36-D,38-B,38-C,38-D","Rs
799",399,50% off,Lingerie&Nightwear-Women
17506,Triumph,Womens non padded non wired full coverage bra - black,"Size:36-F,38-F,38-G,40-F,40-G,42-F,42-G,44-F","Rs
1249",624,50% off,Lingerie&Nightwear-Women
17507,Insense,Solid polyester stretch regular neck womens top and shorts set - yellow,"Size:Large,Medium,Small,X-Large,X-Small,XX-Large","Rs
1299",649,50% off,Lingerie&Nightwear-Women
17508,Triumph,Womens nylon blend padded t-shirt bra - chestnut,"Size:32-B,32-C,32-D,32-E,34-D,36-B,36-D,38-C,38-D","Rs
1899",949,50% off,Lingerie&Nightwear-Women
17509,Enamor,Cotton lycra womens regular panties - 106_multi,"Size:XL,Large,Medium,Small,XX-Large",Nan,649,No Discount,Lingerie&Nightwear-Women
17510,Kaftan company,Womens roses and peaches kaftan gown set - peach,Size:Medium,Nan,2899,No Discount,Lingerie&Nightwear-Women
17511,Sweet dreams,Printed cotton collar neck womens night dress - teal,"Size:Large,Medium,X-Large,XX-Large","Rs
1999",1399,30% off,Lingerie&Nightwear-Women
17512,Myshka,Printed polyester collar neck womens sleepwear set - green,"Size:Large,Medium,Small,X-Large,XX-Large","Rs
3999",799,80% off,Lingerie&Nightwear-Women
17513,Enamor,High impact sports bra - removable pads wirefree front zipper - graphite,"Size:32-B,36-B","Rs
759",379,50% off,Lingerie&Nightwear-Women
17514,Enamor,Wired strapless lightly padded womens every day bra - feather grey,"Size:32-B,32-C,32-D,32-Z,34-B,34-C,34-D,34-Z,36-B,36-C,36-D,36-Z,38-B,38-C,38-D,38-Z,40-B,40-C,40-D,40-Z,42-C,42-D",Nan,1449,No Discount,Lingerie&Nightwear-Women
17515,Insense,Stripes rayon knee length womens night dress - red,"Size:Large,Medium,Small,X-Large,X-Small,XX-Large","Rs
999",499,50% off,Lingerie&Nightwear-Women
17516,Erotissch,Nylon low rise womens hipster briefs - black rinse,"Size:Large,Medium,Small,X-Large","Rs
499",224,55% off,Lingerie&Nightwear-Women
17517,Insense,Embroidered cotton regular fit womens night wear t-shirt - natural,"Size:Large,Medium,Small,X-Large,X-Small,XX-Large","Rs
499",249,50% off,Lingerie&Nightwear-Women
17518,Jockey,Modal low rise womens intimate wear panties - muted wine,"Size:Large,Medium,Small,X-Large",Nan,259,No Discount,Lingerie&Nightwear-Women
17519,Enamor,Non-wired racerback strap lightly padded womens t-shirt bra - red mix,"Size:32-B,32-C,32-D,34-B,34-C,34-D,36-B,36-C,36-D,38-B,38-C,38-D","Rs
799",399,50% off,Lingerie&Nightwear-Women
17520,Insense,Printed cotton round neck womens t-shirt - mustard,"Size:Large,Medium,Small,X-Large,X-Small","Rs
399",199,50% off,Lingerie&Nightwear-Women
17521,Triumph,Wired fixed strap non padded womens minimiser bra - pink,"Size:34-C,34-D,34-E,34-F,36-C,36-D,36-E,36-F,36-G,38-C,38-D,38-E,38-F,38-G,40-D,40-E",Nan,1699,No Discount,Lingerie&Nightwear-Women
17522,Insense,Printed viscose full length womens night wear pyjamas - lilac,"Size:28,30,32,34,36,38","Rs
799",399,50% off,Lingerie&Nightwear-Women
17523,Triumph,Non-wired fixed strap non padded womens sports bra - blue,"Size:32-B,32-C,32-D,34-B,34-C,34-D,36-B,36-C,36-D,38-C,38-D,40-D",Nan,1099,No Discount,Lingerie&Nightwear-Women
17524,Enamor,Womens non padded wired lace bra - burnt orange,Size:34-D,"Rs
899",449,50% off,Lingerie&Nightwear-Women
17525,Enamor,Non-wired racerback strap non padded womens every day bra - black,"Size:34-B,34-C,34-D,36-B,36-C,36-D,38-B,38-C,38-D,40-B,40-C,40-D,42-B,42-C,42-D","Rs
779",389,50% off,Lingerie&Nightwear-Women
17526,Insense,Stripes cotton regular fit womens night wear t-shirt - natural,"Size:Large,Medium,Small,X-Large,X-Small,XX-Large","Rs
499",249,50% off,Lingerie&Nightwear-Women
17527,Insense,Stripes cotton regular fit womens night wear t-shirt - lilac,"Size:Large,Medium,Small,X-Large,X-Small,XX-Large","Rs
499",249,50% off,Lingerie&Nightwear-Women
17528,Sweet dreams,Floral rayon round neck womens nighty - navy,"Size:Large,Small,XX-Large","Rs
1699",1189,30% off,Lingerie&Nightwear-Women
17529,Insense,Solid cotton regular neck womens top and shorts set - sage,"Size:Large,Medium,Small,X-Large,X-Small,XX-Large","Rs
1299",649,50% off,Lingerie&Nightwear-Women
17530,Infuse,Printed rayon full length womens loungewear pyjama - navy,"Size:28,30,32","Rs
799",319,60% off,Lingerie&Nightwear-Women
17531,Insense,Printed viscose blend regular neck womens top and pyjama set - powder blue,"Size:Large,Medium,Small,X-Large,X-Small,XX-Large","Rs
1499",749,50% off,Lingerie&Nightwear-Women
17532,Insense,Printed rayon thigh length womens night wear shorts - lilac,"Size:28,30,32,34,36","Rs
499",249,50% off,Lingerie&Nightwear-Women
17533,Insense,Printed rayon regular fit womens top and shorts set - black,"Size:Large,Medium,Small,X-Large,X-Small","Rs
1299",649,50% off,Lingerie&Nightwear-Women
17534,Kaftan company,Printed v-neck satin womens night dress - grey,"Size:Large,Medium,Small,XX-Large",Nan,2199,No Discount,Lingerie&Nightwear-Women
17535,Insense,Calf length cotton blend womens night wear capri - pale peach,"Size:28,30,32,34,36","Rs
599",299,50% off,Lingerie&Nightwear-Women
17536,Insense,Printed cotton regular fit womens night dress - maroon,"Size:Large,Medium,Small,X-Large,X-Small,XX-Large","Rs
999",499,50% off,Lingerie&Nightwear-Women
17537,Life,Women cotton regular sleepwear - multi,"Size:Large,Medium,Small,X-Large,X-Small","Rs
1199",599,50% off,Lingerie&Nightwear-Women
17538,Triumph,Non wired halter strap non padded womens beginner bra - white,"Size:32-B,32-C,32-D,34-B,34-C,34-D,36-B,36-C,36-D,38-B,38-C,38-D,40-D","Rs
1099",549,50% off,Lingerie&Nightwear-Women
17539,Madame,Printed cotton round neck womens night dress - ecru,"Size:Large,Medium,X-Large,XX-Large","Rs
1199",719,40% off,Lingerie&Nightwear-Women
17540,Insense,Ankle length cotton blend womens night wear joggers - grey melange,"Size:28,30,32,34,36","Rs
1299",649,50% off,Lingerie&Nightwear-Women
17541,Insense,Printed rayon round neck womens top & pyjama set - powder blue,"Size:Large,Medium,Small,X-Large,XX-Large","Rs
1499",749,50% off,Lingerie&Nightwear-Women
17542,Insense,Printed cotton regular fit womens top and shorts set - pink,"Size:Large,Medium,Small,X-Large,X-Small,XX-Large","Rs
899",449,50% off,Lingerie&Nightwear-Women
17543,Enamor,Non-wired fixed strap lightly padded womens t-shirt bra - straw,"Size:XL,Large,Medium,Small","Rs
1499",749,50% off,Lingerie&Nightwear-Women
17544,Enamor,Cotton nylon womens intimate wear shapewear - feather grey,"Size:XL,Large,Medium,XX-Large","Rs
1399",839,40% off,Lingerie&Nightwear-Women
17545,Insense,Printed cotton regular neck womens top and shorts set - lilac,"Size:Large,Medium,Small,X-Large,X-Small,XX-Large","Rs
999",499,50% off,Lingerie&Nightwear-Women
17546,Enamor,Non-wired strapless non padded womens every day bra - cadbury,"Size:XL,Large,Medium,Small,X-Small","Rs
399",199,50% off,Lingerie&Nightwear-Women
17547,Insense,Printed cotton regular fit womens night wear t-shirt - baby pink,"Size:Large,Medium,Small,X-Large,X-Small,XX-Large","Rs
399",199,50% off,Lingerie&Nightwear-Women
17548,Enamor,Non-wired racerback strap non padded womens every day bra - navy,"Size:34-B,34-C,34-D,36-B,36-C,36-D,38-B,38-C,38-D,40-B,40-C,40-D,42-B,42-C,42-D","Rs
779",389,50% off,Lingerie&Nightwear-Women
17549,Insense,Printed cotton round neck womens t-shirt - ecru,"Size:Large,Medium,Small,X-Large,X-Small","Rs
499",249,50% off,Lingerie&Nightwear-Women
17550,Enamor,Non-wired strapless lightly padded womens sports bra - black,"Size:32-B,32-C,32-D,32-Z,34-B,34-C,34-D,34-Z,36-B,36-C,36-D,36-Z,38-B,38-C,38-D","Rs
1849",924,50% off,Lingerie&Nightwear-Women
17551,Insense,Printed cotton regular fit womens top and shorts set - white,"Size:Large,Medium,Small,X-Large,X-Small,XX-Large","Rs
899",449,50% off,Lingerie&Nightwear-Women
17552,Enamor,Non-wired fixed strap non padded womens every day bra - 4112 rht salt & pepper,"Size:32-B,32-C,32-D,32-Z,34-B,34-C,34-D,34-Z,36-B,36-C,36-D,36-Z,38-B,38-C,38-D,38-Z,40-B,40-C,40-D,42-B,42-C","Rs
699",349,50% off,Lingerie&Nightwear-Women
17553,Enamor,Cotton blend womens intimate wear panties - cornflower,"Size:XL,Large,Medium,Small,XX-Large","Rs
409",286,30% off,Lingerie&Nightwear-Women
17554,Enamor,Non-wired strapless lightly padded womens sports bra - grey melange,"Size:32-B,32-C,32-D,32-Z,34-B,34-C,34-D,34-Z,36-B,36-C,36-D,36-Z,38-B,38-C,38-D","Rs
1849",924,50% off,Lingerie&Nightwear-Women
17555,Insense,Solid cotton mid thigh womens night wear shorts - pink,"Size:28,30,32,34,36","Rs
499",249,50% off,Lingerie&Nightwear-Women
17556,Insense,Solid cotton regular fit womens night wear t-shirt - pink,"Size:Large,Medium,Small,X-Large,X-Small","Rs
399",199,50% off,Lingerie&Nightwear-Women
17557,Enamor,Non-wired strapless non padded womens every day bra - salt n pepper,"Size:XL,Large,Medium,Small,X-Small","Rs
399",199,50% off,Lingerie&Nightwear-Women
17558,Madame,Printed cotton round neck womens night dress - mint,"Size:Large,Medium,Small,X-Large,XX-Large","Rs
1099",659,40% off,Lingerie&Nightwear-Women
17559,Insense,Solid cotton regular neck womens top and shorts set - lilac,"Size:Large,Medium,Small,X-Large,X-Small,XX-Large","Rs
1299",649,50% off,Lingerie&Nightwear-Women
17560,Enamor,Wired strapless lightly padded womens every day bra - coral rose,"Size:32-B,32-C,32-D,32-Z,34-B,34-C,34-D,34-Z,36-B,36-C,36-D,36-Z,38-B,38-C,38-D,38-Z,40-B,40-C,40-D,40-Z,42-C,42-D",Nan,1449,No Discount,Lingerie&Nightwear-Women
17561,Clovia,Womens bikini brief - set of 3 - multi,Size:Medium,"Rs
600",240,60% off,Lingerie&Nightwear-Women
17562,Clovia,Womens cotton mid waist hipster panty with inner elastic - yellow,"Size:Medium,Small,X-Large,XX-Large","Rs
499",199,60% off,Lingerie&Nightwear-Women
17563,Sweet dreams,Printed blended round neck womens full length nighty - tomato,"Size:Large,Medium,X-Large,XX-Large","Rs
1999",1399,30% off,Lingerie&Nightwear-Women
17564,Enamor,Non-wired racerback strap lightly padded womens t-shirt bra - birch,"Size:32-B,32-C,32-D,34-B,34-C,34-D,36-B,36-C,36-D,38-B,38-C,38-D","Rs
799",399,50% off,Lingerie&Nightwear-Women
17565,Insense,Regular fit mid thigh cotton womens night wear shorts - mint,"Size:28,30,32,34,36","Rs
399",199,50% off,Lingerie&Nightwear-Women
17566,Clovia,Womens spaghetti neck self pattern babydoll - pink,"Size:Large,Medium,X-Large","Rs
999",699,30% off,Lingerie&Nightwear-Women
17567,Insense,Printed cotton round neck womens top & pyjama set - dark pink,"Size:Large,Medium,Small,X-Large,X-Small","Rs
1199",599,50% off,Lingerie&Nightwear-Women
17568,Enamor,Wired removable straps lightly padded womens every day bra - honey,"Size:32-B,32-C,32-D,34-B,34-C,34-D,36-B,36-C,36-D,38-B,38-C",Nan,1299,No Discount,Lingerie&Nightwear-Women
17569,Enamor,Non-wired racerback strap lightly padded womens t-shirt bra - black,"Size:32-B,32-C,32-D,34-B,34-C,34-D,36-B,36-C,36-D,38-B,38-C","Rs
1049",524,50% off,Lingerie&Nightwear-Women
17570,Insense,Calf length cotton blend womens night wear capri - butter,"Size:28,30,32,34,36","Rs
599",299,50% off,Lingerie&Nightwear-Women
17571,Insense,Printed rayon mid thigh womens night wear shorts - lilac,"Size:28,30,32,34,36","Rs
499",249,50% off,Lingerie&Nightwear-Women
17572,Insense,Printed cotton regular fit womens night wear t-shirt - baby pink,"Size:Large,Medium,Small,X-Large,X-Small,XX-Large","Rs
499",249,50% off,Lingerie&Nightwear-Women
17573,Enamor,Non-wired racerback strap lightly padded womens t-shirt bra - wild wash,"Size:32-B,32-C,32-D,34-B,34-C,34-D,36-B,36-C,36-D,38-B,38-C","Rs
1049",524,50% off,Lingerie&Nightwear-Women
17574,Clovia,Women backless multiway cotton bra - black,Size:34-C,"Rs
599",359,40% off,Lingerie&Nightwear-Women
17575,Insense,Printed rayon regular fit womens lounge wear shorts - powder blue,"Size:28,30,32,34,36","Rs
499",249,50% off,Lingerie&Nightwear-Women
17576,Insense,Solid cotton blend womens hipster briefs - black,"Size:Large,Medium,Small,X-Large,XX-Large","Rs
399",119,70% off,Lingerie&Nightwear-Women
17577,Enamor,Plunge pushup bra - padded wired - light blue,"Size:34-C,36-C","Rs
1399",699,50% off,Lingerie&Nightwear-Women
17578,Triumph,Womens colour block hipster briefs - natural,"Size:Large,Medium,Small,X-Large","Rs
599",299,50% off,Lingerie&Nightwear-Women
17579,Enamor,Non-wired racerback strap non padded womens every day bra - tomato,"Size:34-B,34-C,34-D,36-B,36-C,36-D,38-B,38-C,38-D,40-B,40-C,40-D,42-B,42-C,42-D","Rs
779",389,50% off,Lingerie&Nightwear-Women
17580,Triumph,Wired fixed straps non padded womens minimiser bra - brown,"Size:34-C,34-D,34-E,34-F,36-C,36-D,36-E,36-F,38-C,38-D,38-E,38-F,40-D,40-E","Rs
1899",1139,40% off,Lingerie&Nightwear-Women
17581,Enamor,Non wired racerback straps lightly padded womens bikini - true navy,"Size:32-B,32-C,32-D,34-B,34-C,34-D,36-B,36-C,36-D,38-B,38-C","Rs
749",374,50% off,Lingerie&Nightwear-Women
17582,Insense,Printed cotton regular neck womens t-shirt - black,"Size:Large,Medium,Small,X-Large,X-Small,XX-Large","Rs
599",299,50% off,Lingerie&Nightwear-Women
17583,Insense,Embroidered cotton round neck womens t-shirt - mustard,"Size:Large,Medium,Small,X-Large,X-Small","Rs
399",199,50% off,Lingerie&Nightwear-Women
17584,Enamor,Cami shaper bra - padded wirefree� - denim black,"Size:32-B,32-C,34-B,34-C,36-C,38-B","Rs
1299",649,50% off,Lingerie&Nightwear-Women
17585,Insense,Regular fit full length rayon womens night wear pyjamas - powder blue,"Size:28,30,32,34,36,38","Rs
799",399,50% off,Lingerie&Nightwear-Women
17586,Erotissch,Cotton womens sleepwear set - alpine,"Size:Large,Medium,Small,X-Large,XX-Large","Rs
1600",720,55% off,Lingerie&Nightwear-Women
17587,Jockey,Non-wired fixed straps non padded womens every day bra - mochcha,"Size:32-B,32-C,34-B,34-C,34-D,36-B,36-C,36-D,38-B,38-C,38-D",Nan,629,No Discount,Lingerie&Nightwear-Women
17588,Insense,Calf length viscose blend womens night wear culottes - olive,"Size:28,30,32,34,36,38",Nan,799,No Discount,Lingerie&Nightwear-Women
17589,Insense,Regular fit full length rayon womens night wear pyjamas - ocean,"Size:28,30,32,34,36,38","Rs
799",399,50% off,Lingerie&Nightwear-Women
17590,Triumph,Non wired fixed straps heavily padded womens every day bra - red,"Size:34-C,34-D,34-E,36-C,36-D,36-E,36-F,38-C,38-D,38-E,38-F","Rs
1499",749,50% off,Lingerie&Nightwear-Women
17591,Enamor,Non-wired racerback strap non padded womens every day bra - white,"Size:34-B,34-C,34-D,36-B,36-C,36-D,38-B,38-C,38-D,40-B,40-C,40-D,42-B,42-C,42-D","Rs
779",389,50% off,Lingerie&Nightwear-Women
17592,Clovia,Womens cotton non-padded non-wired printed bra - multi,"Size:32-B,32-C","Rs
342",137,60% off,Lingerie&Nightwear-Women
17593,Enamor,Non-wired racerback strap lightly padded womens t-shirt bra - sand,"Size:32-B,32-C,32-D,34-B,34-C,34-D,36-B,36-C,36-D,38-B,38-C","Rs
1049",524,50% off,Lingerie&Nightwear-Women
17594,Enamor,Non-wired strapless non padded womens every day bra - ribbon red,"Size:XL,Large,Medium,Small,X-Small","Rs
399",199,50% off,Lingerie&Nightwear-Women
17595,Faballey,Solid viscose collared womens shirt pyjama set - blue,"Size:Large,Medium,Small,X-Large,X-Small","Rs
1900",950,50% off,Lingerie&Nightwear-Women
17596,Triumph,Womens self-patterned bra - natural,"Size:34-C,34-D,34-E,36-C,36-F","Rs
1199",599,50% off,Lingerie&Nightwear-Women
17597,Insense,Printed cotton regular neck womens t-shirt - off white,"Size:Large,Medium,Small,X-Large,X-Small,XX-Large","Rs
499",249,50% off,Lingerie&Nightwear-Women
17598,Insense,Printed cotton regular neck womens t-shirt - black,"Size:Large,Medium,Small,X-Large,X-Small","Rs
599",299,50% off,Lingerie&Nightwear-Women
17599,Triumph,Womens lace padded full coverage bra - natural,"Size:34-C,34-D,34-E,34-F,36-C,36-D,36-E,36-F,38-C,38-D,38-E,38-F,40-D,40-E,40-F,42-D,42-E","Rs
744",446,40% off,Lingerie&Nightwear-Women
17600,Enamor,Non-wired lightly padded womens sports bra - pewter,"Size:32-B,32-C,32-D,34-B,34-C,34-D,36-B,36-C,36-D,38-B,38-C","Rs
1749",1049,40% off,Lingerie&Nightwear-Women
17601,Insense,Printed cotton knee length womens night dress - yellow,"Size:Large,Medium,Small,X-Large,X-Small,XX-Large","Rs
999",499,50% off,Lingerie&Nightwear-Women
17602,Triumph,Non wired fixed strap non padded womens every day bra - burgundy,Size:44-E,"Rs
799",399,50% off,Lingerie&Nightwear-Women
17603,Sweet dreams,Printed rayon round neck womens full length nighty - peach,"Size:Large,Medium,Small,XX-Large","Rs
1899",1329,30% off,Lingerie&Nightwear-Women
17604,Enamor,Wired strapless lightly padded womens every day bra - mint,"Size:32-B,32-C,32-D,32-Z,34-B,34-C,34-D,34-Z,36-B,36-C,36-D,36-Z,38-B,38-C,38-D,38-Z,40-B,40-C,40-D,40-Z,42-C,42-D",Nan,1449,No Discount,Lingerie&Nightwear-Women
17605,Triumph,Non wired fixed straps non padded womens every day bra - black,"Size:34-C,34-D,34-E,34-F,36-C,36-D,36-E,36-F,36-G,38-C,38-D,38-E,38-F,38-G,40-C,40-D,40-E,40-F,40-G,42-E,42-F,42-G",Nan,1099,No Discount,Lingerie&Nightwear-Women
17606,Sweet dreams,Printed rayon round neck womens nighty - pink,"Size:Large,Medium,X-Large,XX-Large","Rs
1599",1119,30% off,Lingerie&Nightwear-Women
17607,Triumph,Wired fixed strap heavily padded womens every day bra - ecru,"Size:34-C,34-D,34-E,34-F,36-C,36-D,36-E,36-F,36-G,38-C,38-D,38-E,38-F,38-G,38-H,40-C,40-D,40-E,40-F,40-G,40-H,42-E,42-F,42-G",Nan,1199,No Discount,Lingerie&Nightwear-Women
17608,Enamor,Non-wired lightly padded womens sports bra - yellow,"Size:32-B,32-C,32-D,34-B,34-C,34-D,36-B,36-C,36-D,38-B,38-C","Rs
1749",1049,40% off,Lingerie&Nightwear-Women
17609,Erotissch,Cotton mid rise womens sleepwear set - bisque,"Size:Large,Medium,Small,X-Large","Rs
1299",584,55% off,Lingerie&Nightwear-Women
17610,Parfait,Wired fixed straps lightly padded womens t-shirt bra - white,"Size:32-D,32-DD,32-E,32-F,32-FF,32-G,34-D,34-DD,34-E,34-F,34-FF,34-G,36-D,36-DD,36-E,36-F,36-FF,36-G,38-D,38-DD,38-E,38-F,38-FF,38-G,40-D,40-DD,40-E,40-F,40-FF,40-G,42-D,42-DD,42-E,42-F,42-FF,42-G,44-D,44-DD,44-E,44-F,44-FF,44-G","Rs
2499",2249,10% off,Lingerie&Nightwear-Women
17611,Clovia,Womens cotton non-padded non-wired bra - black,"Size:32-B,32-C,32-D,34-B,34-C,36-B,36-C","Rs
171",119,30% off,Lingerie&Nightwear-Women
17612,Insense,Solid cotton regular neck womens top and shorts set - pink,"Size:Large,Medium,Small,X-Large,X-Small,XX-Large","Rs
1299",649,50% off,Lingerie&Nightwear-Women
17613,Infuse,Printed cotton womens casual wear top & pyjama set - grey melange,"Size:Large,Medium,Small,X-Large,X-Small,XX-Large","Rs
1999",999,50% off,Lingerie&Nightwear-Women
17614,Enamor,Non wired racerback straps non padded womens bikini - sky blue,"Size:32-B,32-C,32-D,32-Z,34-B,34-C,34-D,34-Z,36-B,36-C,36-D,36-Z,38-B,38-C,38-D,38-Z,40-B,40-C,40-D,42-B,42-C","Rs
649",324,50% off,Lingerie&Nightwear-Women
17615,Insense,Solid knee length womens night dress - natural,"Size:Large,Medium,Small,X-Large,X-Small,XX-Large","Rs
999",499,50% off,Lingerie&Nightwear-Women
17616,Triumph,Non-wired fixed strap non padded womens minimiser bra - red,"Size:34-C,34-D,34-E,36-C,36-D,36-E,38-C,38-D,38-E,40-D,40-E",Nan,1799,No Discount,Lingerie&Nightwear-Women
17617,Erotissch,Cotton mid rise womens sleepwear set - baby pink,"Size:Large,Medium,Small,X-Large","Rs
1299",584,55% off,Lingerie&Nightwear-Women
17618,Insense,Stripes cotton regular neck womens top and shorts set - pink,"Size:Large,Medium,Small,X-Large,X-Small,XX-Large","Rs
1299",649,50% off,Lingerie&Nightwear-Women
17619,Insense,Printed cotton thigh length womens night wear shorts - powder blue,"Size:28,30,32,34,36","Rs
499",249,50% off,Lingerie&Nightwear-Women
17620,Insense,Printed cotton regular fit womens night dress - baby pink,"Size:Large,Medium,Small,X-Large,X-Small,XX-Large","Rs
899",449,50% off,Lingerie&Nightwear-Women
17621,Clovia,Womens non-padded non-wired bra - black,"Size:32-B,32-C,32-D,34-B,34-C,34-D,36-B,36-C,36-D,38-B,38-C,40-B","Rs
599",299,50% off,Lingerie&Nightwear-Women
17622,Insense,Printed cotton round neck womens top & shorts set - white,"Size:Large,Medium,Small,X-Large,X-Small","Rs
899",449,50% off,Lingerie&Nightwear-Women
17623,Enamor,Womens lace babydoll with hipster briefs - fawn,"Size:XL,Large,Medium,Small,XX-Large","Rs
868",520,40% off,Lingerie&Nightwear-Women
17624,Enamor,Womens padded non wired lace bra - mystique vintage,"Size:32-B,32-C,34-B,34-C,38-B","Rs
541",216,60% off,Lingerie&Nightwear-Women
17625,Insense,Printed rayon regular neck womens top and shorts set - off white,"Size:Large,Medium,Small,X-Large,XX-Large","Rs
1299",649,50% off,Lingerie&Nightwear-Women
17626,Madame,Printed cotton round neck womens night dress - white,"Size:Large,Medium,X-Large,XX-Large","Rs
1799",1079,40% off,Lingerie&Nightwear-Women
17627,Sweet dreams,Printed rayon round neck womens night dress - rose,"Size:Large,Medium,Small,X-Large,XX-Large","Rs
1799",1259,30% off,Lingerie&Nightwear-Women
17628,Enamor,Non-wired racerback strap lightly padded womens sports bra - grey melange,"Size:XL,Large,Medium,Small,XX-Large",Nan,1099,No Discount,Lingerie&Nightwear-Women
17629,Insense,Solid cotton mid thigh womens night wear shorts - pale yellow,"Size:28,30,32,34,36","Rs
499",249,50% off,Lingerie&Nightwear-Women
17630,Faballey,Solid crepe womens regular top - green,"Size:Small,X-Small","Rs
739",369,50% off,Lingerie&Nightwear-Women
17631,Erotissch,Cotton womens sleepwear set - dusty peach,"Size:Large,Medium,Small,X-Large,XX-Large","Rs
1600",720,55% off,Lingerie&Nightwear-Women
17632,Enamor,Full support lace bra - high coverage non-padded wired - feather grey,"Size:34-B,34-C,34-D,36-B,36-C,38-B,38-C,38-D","Rs
1349",809,40% off,Lingerie&Nightwear-Women
17633,Enamor,Non-wired racerback strap non padded womens t-shirt bra - eclipse,"Size:32-B,32-C,34-B,34-C,36-B,36-C,38-B,38-C",Nan,999,No Discount,Lingerie&Nightwear-Women
17634,Insense,Printed cotton regular fit womens night wear t-shirt - anthra melange,"Size:Large,Medium,Small,X-Large,X-Small","Rs
499",249,50% off,Lingerie&Nightwear-Women
17635,Madame,Printed cotton round neck womens night dress - grey,"Size:Large,Medium,Small,X-Large,XX-Large","Rs
1399",839,40% off,Lingerie&Nightwear-Women
17636,Insense,Printed cotton regular neck womens top and shorts set - lilac,"Size:Large,Medium,Small,X-Large,X-Small,XX-Large","Rs
1299",649,50% off,Lingerie&Nightwear-Women
17637,Insense,Solid cotton lycra womens intimate wear camisole - black,"Size:Large,Medium,Small,X-Large,XX-Large",Nan,299,No Discount,Lingerie&Nightwear-Women
17638,Enamor,Non-wired fixed strap padded womens everyday bra - orchid,"Size:XL,Large,Medium,Small",Nan,1199,No Discount,Lingerie&Nightwear-Women
17639,Triumph,Wired fixed straps heavily padded womens every day bra - red,"Size:34-C,34-D,34-E,36-C,36-D,36-E,36-F,38-C,38-D,38-E,38-F","Rs
1499",749,50% off,Lingerie&Nightwear-Women
17640,Insense,Regular fit full length rayon womens night wear pyjamas - black,"Size:28,30,32,34,36,38","Rs
799",399,50% off,Lingerie&Nightwear-Women
17641,Madame,Printed cotton round neck womens night dress - green,"Size:Large,Medium,X-Large,XX-Large","Rs
1899",1139,40% off,Lingerie&Nightwear-Women
17642,Insense,Printed cotton mid thigh womens night wear shorts - fuchsia,"Size:28,30,32,34,36","Rs
499",249,50% off,Lingerie&Nightwear-Women
17643,Clovia,Womens padded non-wired teen bra - pink,"Size:28,30,32","Rs
799",319,60% off,Lingerie&Nightwear-Women
17644,Triumph,Womens aqua rosie set nightwear - natural,"Size:Large,Medium,X-Large","Rs
3699",1849,50% off,Lingerie&Nightwear-Women
17645,Enamor,Non-wired racerback strap non padded womens minimiser bra - tan,"Size:34-B,34-C,34-D,34-F,34-Z,36-B,36-C,36-D,36-F,36-Z,38-B,38-C,38-D,38-F,38-Z,40-B,40-C,40-D,40-F,40-Z",Nan,1149,No Discount,Lingerie&Nightwear-Women
17646,Enamor,Non-wired racerback strap lightly padded womens t-shirt bra - sapphire,"Size:32-B,32-C,32-D,34-B,34-C,34-D,36-B,36-C,36-D,38-B,38-C","Rs
1099",549,50% off,Lingerie&Nightwear-Women
17647,Clovia,Womens solid boy shorts briefs - black,"Size:Medium,Small,X-Large,XX-Large","Rs
499",199,60% off,Lingerie&Nightwear-Women
17648,Enamor,Womens non padded non wired medium coverage every day bra - peacock,"Size:32-B,32-C,32-D,38-B","Rs
390",195,50% off,Lingerie&Nightwear-Women
17649,Sweet dreams,Printed cotton relaxed fit womens shorts - rose,"Size:Large,Medium,Small,X-Large,XX-Large","Rs
859",601,30% off,Lingerie&Nightwear-Women
17650,Insense,Printed cotton regular fit womens night dress - plum,"Size:Large,Medium,Small,X-Large,X-Small,XX-Large","Rs
899",449,50% off,Lingerie&Nightwear-Women
17651,Erotissch,Nylon low rise womens hipster briefs - acid green,"Size:Large,Medium,Small,X-Large","Rs
499",224,55% off,Lingerie&Nightwear-Women
17652,Erotissch,Womens blue-coloured lace detail briefs - navy,"Size:Large,Medium,Small,X-Large","Rs
770",346,55% off,Lingerie&Nightwear-Women
17653,Enamor,Cotton blend womens intimate wear panties - black,"Size:XL,Large,Medium,Small,XX-Large","Rs
409",286,30% off,Lingerie&Nightwear-Women
17654,Enamor,Cotton blend womens night wear shorts - bubblegum,"Size:XL,Large,Medium,Small,XX-Large","Rs
849",594,30% off,Lingerie&Nightwear-Women
17655,Insense,Ankle length cotton blend womens night wear joggers - oatmeal,"Size:28,30,32,34,36","Rs
1299",649,50% off,Lingerie&Nightwear-Women
17656,Enamor,Wired removable straps lightly padded womens every day bra - indiaink,"Size:32-B,32-C,32-D,34-B,34-C,34-D,36-B,36-C,36-D,38-B,38-C",Nan,1299,No Discount,Lingerie&Nightwear-Women
17657,Insense,Half sleeves night wear womens t-shirt - grey melange,"Size:Medium,Small,X-Small","Rs
399",199,50% off,Lingerie&Nightwear-Women
17658,Enamor,Non wired racerback straps non padded womens bikini - tomato,"Size:32-B,32-C,32-D,32-Z,34-B,34-C,34-D,34-Z,36-B,36-C,36-D,36-Z,38-B,38-C,38-D,38-Z,40-B,40-C,40-D,42-B,42-C","Rs
649",324,50% off,Lingerie&Nightwear-Women
17659,Erotissch,Nylon low rise womens hipster briefs - black mix,"Size:Large,Medium,Small,X-Large","Rs
499",224,55% off,Lingerie&Nightwear-Women
17660,Jockey,Womens printed hipster briefs - assorted pack of 2 - mixed darks,"Size:Large,Medium,Small,X-Large,XX-Large",Nan,418,No Discount,Lingerie&Nightwear-Women
17661,Enamor,Non-wired strapless lightly padded womens sports bra - lilac,"Size:32-B,32-C,32-D,32-Z,34-B,34-C,34-D,34-Z,36-B,36-C,36-D,36-Z,38-B,38-C,38-D","Rs
1849",924,50% off,Lingerie&Nightwear-Women
17662,Insense,Stripes cotton knee length womens night dress - sage,"Size:Large,Medium,Small,X-Large,X-Small,XX-Large","Rs
999",499,50% off,Lingerie&Nightwear-Women
17663,Enamor,Womens solid non padded non wired full coverage bra - red mix,"Size:32-B,36-B","Rs
449",224,50% off,Lingerie&Nightwear-Women
17664,Juniper,Embroidered rayon dobby round neck womens kaftan - blue,"Size:Large,Medium,Small,X-Large","Rs
2799",979,65% off,Lingerie&Nightwear-Women
17665,Enamor,Non wired racerback straps non padded womens bikini - pale peach,"Size:34-B,34-C,36-B,36-C,36-D","Rs
699",349,50% off,Lingerie&Nightwear-Women
17666,Triumph,Non wired fixed straps non padded womens minimiser bra - brown,"Size:34-C,34-D,34-E,34-F,36-C,36-D,36-E,36-F,38-C,38-D,38-E,38-F,40-D,40-E,40-F","Rs
1899",1139,40% off,Lingerie&Nightwear-Women
17667,Enamor,Cotton blend womens night wear shorts - charcoal,"Size:XL,Large,Medium,Small,XX-Large","Rs
849",594,30% off,Lingerie&Nightwear-Women
17668,Yuris,Printed cotton regular fit womens night suit - multi,Size:X-Small,"Rs
2199",989,55% off,Lingerie&Nightwear-Women
17669,Enamor,Womens colour block non padded non wired sports bra - navy,Size:Small,"Rs
749",374,50% off,Lingerie&Nightwear-Women
17670,Enamor,Non wired racerback straps lightly padded womens bikini - grey melange,"Size:32-B,32-C,32-D,34-B,34-C,34-D,36-B,36-C,36-D,38-B,38-C","Rs
749",374,50% off,Lingerie&Nightwear-Women
17671,Infuse,Printed cotton full length womens loungewear pyjama - black,Size:28,"Rs
799",319,60% off,Lingerie&Nightwear-Women
17672,Sweet dreams,Printed blended round neck womens full length nighty - teal,"Size:Large,Medium,X-Large,XX-Large","Rs
1999",1399,30% off,Lingerie&Nightwear-Women
17673,Triumph,Polyamide seamless skinnfit medium coverage everyday womens briefs - ecru,"Size:Large,Medium,Small,X-Large","Rs
549",274,50% off,Lingerie&Nightwear-Women
17674,Triumph,Non wired fixed straps heavily padded womens every day bra - natural,"Size:34-C,34-D,34-E,36-C,36-D,36-E,36-F,38-C,38-D,38-E,38-F","Rs
1499",749,50% off,Lingerie&Nightwear-Women
17675,Erotissch,Cotton womens sleepwear set - print,"Size:Large,Medium,Small,X-Large,XX-Large","Rs
1600",720,55% off,Lingerie&Nightwear-Women
17676,Enamor,Full support bra - high coverage non-padded wired - sky blue,"Size:34-B,34-C,34-D,36-B,36-C,36-D,38-B,38-C,38-D,40-B,40-C,40-D","Rs
1249",624,50% off,Lingerie&Nightwear-Women
17677,Insense,Printed cotton round neck womens night dress - ecru,"Size:Large,Medium,Small,X-Large,X-Small","Rs
799",399,50% off,Lingerie&Nightwear-Women
17678,Wacoal,Womens solid non padded non wired full coverage bra - natural,"Size:34-B,34-C,34-D,34-DD,36-B,36-C,36-D,36-DD,38-B,38-C,38-D,38-DD,40-B,40-C,40-D,40-DD,42-B,42-C,42-D,42-DD","Rs
995",398,60% off,Lingerie&Nightwear-Women
17679,Jockey,Non-wired fixed straps non padded womens every day bra - feather grey,"Size:32-B,32-C,34-B,34-C,34-D,36-B,36-C,36-D,38-B,38-C,38-D",Nan,699,No Discount,Lingerie&Nightwear-Women
17680,Enamor,Non-wired racerback strap lightly padded womens t-shirt bra - white,"Size:32-B,32-C,32-D,34-B,34-C,34-D,36-B,36-C,36-D,38-B,38-C","Rs
1099",549,50% off,Lingerie&Nightwear-Women
17681,Clovia,Womens cotton rich non-padded non-wired bra - natural,"Size:32-B,32-C,32-D,34-B,34-C","Rs
599",239,60% off,Lingerie&Nightwear-Women
17682,Insense,Printed cotton round neck womens t-shirt - navy,"Size:Large,Medium,Small,X-Large","Rs
499",249,50% off,Lingerie&Nightwear-Women
17683,Enamor,Stretch cotton cycling shorts - black,"Size:XL,Large,Medium,Small",Nan,299,No Discount,Lingerie&Nightwear-Women
17684,Enamor,Womens non padded non wired printed full coverage bra - red mix,"Size:32-B,32-C,32-D,36-B,38-B,40-B","Rs
659",329,50% off,Lingerie&Nightwear-Women
17685,Van heusen,Cotton skinny fit womens night wear tank top - black,"Size:Large,Small,X-Large",Nan,299,No Discount,Lingerie&Nightwear-Women
17686,Madame,Printed cotton round neck womens night dress - ecru,"Size:Large,Medium,Small,X-Large,XX-Large","Rs
1199",719,40% off,Lingerie&Nightwear-Women
17687,Triumph,Wired fixed straps non padded womens minimiser bra - blue,"Size:34-C,34-D,34-E,34-F,36-C,36-D,36-E,36-F,38-C,38-D,38-E,38-F,40-D,40-E","Rs
1899",1139,40% off,Lingerie&Nightwear-Women
17688,Insense,Calf length viscose blend womens night wear culottes - natural,"Size:28,30,32,34,36,38",Nan,799,No Discount,Lingerie&Nightwear-Women
17689,Triumph,Non wired multiway strap lightly padded womens beginner bra - vanilla,"Size:30-A,30-B,32-A,32-B,34-A,34-B",Nan,899,No Discount,Lingerie&Nightwear-Women
17690,Insense,Regular fit mid thigh rayon womens night wear shorts - fuschia,"Size:28,30,32,34,36","Rs
499",249,50% off,Lingerie&Nightwear-Women
17691,Clovia,Womens cotton rich non-padded non-wired t-shirt bra with lace - purple,"Size:32-B,32-C,34-B,34-C,36-B,36-C,38-B,38-C,40-B,40-C","Rs
342",205,40% off,Lingerie&Nightwear-Women
17692,Enamor,Womens non padded non wired full coverage every day bra - crimson,"Size:32-B,32-C,32-D,34-D,38-B,38-C","Rs
300",150,50% off,Lingerie&Nightwear-Women
17693,Enamor,Wired racerback strap lightly padded womens t-shirt bra - black,"Size:32-B,32-C,32-D,34-B,34-C,34-D,36-B,36-C,36-D,38-B,38-C",Nan,1799,No Discount,Lingerie&Nightwear-Women
17694,Enamor,Womens non padded non wired full coverage every day bra - charcoal,"Size:32-B,32-C,32-D,34-D,38-B,38-C","Rs
300",150,50% off,Lingerie&Nightwear-Women
17695,Jockey,Non-wired fixed straps lightly padded womens every day bra - navy,"Size:30-B,32-B,32-C,34-B,34-C,36-B,36-C,38-B",Nan,799,No Discount,Lingerie&Nightwear-Women
17696,Amante,Non-wired fixed strap non padded womens t-shirt bra - air force,"Size:Large,Medium,X-Large",Nan,1645,No Discount,Lingerie&Nightwear-Women
17697,Sweet dreams,Printed cotton collar neck womens night dress - blue,"Size:Large,Medium,X-Large,XX-Large","Rs
1999",1399,30% off,Lingerie&Nightwear-Women
17698,Insense,Printed cotton regular neck womens t-shirt - sage,"Size:Large,Medium,Small,X-Large,X-Small,XX-Large","Rs
599",299,50% off,Lingerie&Nightwear-Women
17699,Insense,Half sleeves night wear womens t-shirt - blush,"Size:Medium,Small,X-Small","Rs
399",199,50% off,Lingerie&Nightwear-Women
17700,Insense,Printed cotton knee length womens night dress - pink,"Size:Large,Medium,Small,X-Large,X-Small,XX-Large","Rs
999",499,50% off,Lingerie&Nightwear-Women
17701,Infuse,Printed cotton full length womens loungewear pyjama - peach,"Size:28,30,32,34,36","Rs
799",319,60% off,Lingerie&Nightwear-Women
17702,Clovia,Womens full coverage bra - pink,"Size:34-C,36-B,36-C,38-B,40-B","Rs
599",239,60% off,Lingerie&Nightwear-Women
17703,Insense,Printed cotton full length womens night wear pyjamas - white,"Size:28,30,32,34,36","Rs
799",399,50% off,Lingerie&Nightwear-Women
17704,Insense,Half sleeves night wear womens t-shirt - blush,"Size:Small,X-Small","Rs
399",199,50% off,Lingerie&Nightwear-Women
17705,Insense,Printed cotton regular fit womens night wear t-shirt - oatmeal,"Size:Large,Medium,Small,X-Large,X-Small,XX-Large","Rs
499",249,50% off,Lingerie&Nightwear-Women
17706,Sweet dreams,Printed satin round neck womens night dress - peach,"Size:Large,Medium,Small,X-Large,XX-Large","Rs
1799",1619,10% off,Lingerie&Nightwear-Women
17707,Jockey,Womens solid t-shirt bra - natural,"Size:32-B,32-C,34-B,34-C,36-B,36-C,38-B",Nan,689,No Discount,Lingerie&Nightwear-Women
17708,Enamor,Non wired racerback straps non padded womens bikini - wild wash,"Size:32-B,32-C,32-D,34-B,34-C,34-D,36-B,36-C,36-D,38-B,38-C,38-D,40-B,40-C,40-D","Rs
699",349,50% off,Lingerie&Nightwear-Women
17709,Insense,Stripes rayon regular fit womens lounge wear pyjama - black,"Size:28,30,32,34,36,38","Rs
799",399,50% off,Lingerie&Nightwear-Women
17710,Triumph,Non wired fixed straps heavily padded womens every day bra - natural,"Size:32-B,32-C,32-E,34-B,34-C,34-D,36-B,36-C,36-D,36-E,38-C","Rs
2599",1559,40% off,Lingerie&Nightwear-Women
17711,Triumph,Wired fixed strap heavily padded womens every day bra - darkslate,"Size:34-D,34-E,34-F,36-C,36-D,36-E,36-F,38-C,38-D,38-E,38-F","Rs
1999",999,50% off,Lingerie&Nightwear-Women
17712,Triumph,Non wired fixed straps non padded womens minimiser bra - blue,"Size:34-C,34-D,34-E,34-F,36-C,36-D,36-E,36-F,38-C,38-D,38-E,38-F,40-D,40-E,40-F","Rs
1899",1139,40% off,Lingerie&Nightwear-Women
17713,Insense,Printed cotton regular fit womens night wear t-shirt - lilac,"Size:Large,Medium,Small,X-Large,X-Small,XX-Large","Rs
499",249,50% off,Lingerie&Nightwear-Women
17714,Amante,Womens solid padded wired t-shirt bra - black,"Size:32-B,32-C,32-D,34-B,34-D,34-DD,36-B,36-C,36-D,36-DD,38-C,38-D,40-C,40-D","Rs
995",597,40% off,Lingerie&Nightwear-Women
17715,Enamor,Wired racerback straps lightly padded womens bra - basic_blu_superstn,"Size:32-B,32-C,32-D,32-Z,34-B,34-C,34-D,34-Z,36-B,36-C,36-D,36-Z",Nan,1499,No Discount,Lingerie&Nightwear-Women
17716,Enamor,Non-wired strapless non padded womens sports bra - navy,"Size:Large,Medium,Small","Rs
1349",944,30% off,Lingerie&Nightwear-Women
17717,Triumph,Non wired fixed straps heavily padded womens every day bra - brown,"Size:32-C,32-D,34-B,34-C,34-D,36-B,36-C,36-D","Rs
2499",1249,50% off,Lingerie&Nightwear-Women
17718,Insense,Half sleeves night wear womens t-shirt - olive,"Size:Medium,Small,X-Small","Rs
399",199,50% off,Lingerie&Nightwear-Women
17719,Enamor,Womens lace underwired padded t-shirt bra - denim black enzyme,"Size:32-B,32-C,32-D,34-D","Rs
1299",779,40% off,Lingerie&Nightwear-Women
17720,Insense,Solid knee length womens night dress - black,"Size:Large,Medium,Small,X-Large,X-Small,XX-Large","Rs
999",499,50% off,Lingerie&Nightwear-Women
17721,Erotissch,Nylon low rise womens hipster briefs - nutmeg,"Size:Large,Medium,Small,X-Large","Rs
499",224,55% off,Lingerie&Nightwear-Women
17722,Enamor,Non-wired racerback strap non padded womens minimiser bra - plum,"Size:34-B,34-C,34-D,34-F,34-Z,36-B,36-C,36-D,36-F,36-Z,38-B,38-C,38-D,38-F,38-Z,40-B,40-C,40-D,40-F,40-Z",Nan,1149,No Discount,Lingerie&Nightwear-Women
17723,Clovia,Womens non-padded demi cup bra - purple,"Size:34-B,34-C,36-B,36-C,38-B,40-B","Rs
599",239,60% off,Lingerie&Nightwear-Women
17724,Enamor,Non-wired strapless non padded womens sports bra - lemon,"Size:Large,Medium,Small","Rs
1349",944,30% off,Lingerie&Nightwear-Women
17725,Enamor,Non-wired strapless non padded womens every day bra - grey melange,"Size:XL,Large,Medium,Small","Rs
849",424,50% off,Lingerie&Nightwear-Women
17726,Adidas,Printed polyester fitted womens sports bra - red,"Size:Large,Medium,Small,X-Large","Rs
2299",1609,30% off,Lingerie&Nightwear-Women
17727,Insense,Printed cotton full length womens night wear pyjamas - peach,"Size:28,30,32,34,36","Rs
799",399,50% off,Lingerie&Nightwear-Women
17728,Enamor,Non-wired fixed strap lightly padded womens t-shirt bra - black,"Size:XL,Large,Medium,Small","Rs
1499",749,50% off,Lingerie&Nightwear-Women
17729,Triumph,Polyester fixed straps womens every day bra - natural,"Size:Large,Medium,Small,X-Large","Rs
499",249,50% off,Lingerie&Nightwear-Women
17730,Sweet dreams,Solid cotton blend regular fit womens sleepwear set - peach,"Size:Large,Medium,Small,XX-Large","Rs
1049",629,40% off,Lingerie&Nightwear-Women
17731,Clovia,Womens comfy stretchable cotton bra in white - white,"Size:32-C,32-D,34-B,34-C,34-D,36-B,36-C,36-D,38-C,40-B","Rs
699",279,60% off,Lingerie&Nightwear-Women
17732,Enamor,Non wired racerback straps lightly padded womens bikini - black,"Size:32-B,32-C,32-D,34-B,34-C,34-D,36-B,36-C,36-D,38-B,38-C","Rs
749",374,50% off,Lingerie&Nightwear-Women
17733,Mystere paris,Rayon regular fit womens night wear pyjamas - red,"Size:Large,Medium,Small,X-Large","Rs
799",479,40% off,Lingerie&Nightwear-Women
17734,Erotissch,Floral blended knit womens intimate wear panties - ether,"Size:Large,Medium","Rs
499",274,45% off,Lingerie&Nightwear-Women
17735,Infuse,Printed cotton womens casual wear top & pyjama set - anthra melange,"Size:Large,Medium,Small,X-Large,X-Small,XX-Large","Rs
1999",999,50% off,Lingerie&Nightwear-Women
17736,Yuris,Printed cotton regular fit womens night suit - multi,"Size:Large,Medium,Small,X-Large,X-Small,XX-Large","Rs
2199",989,55% off,Lingerie&Nightwear-Women
17737,Erotissch,Cotton womens sleepwear set - retro navy,"Size:Large,Medium,Small,X-Large,XX-Large","Rs
1600",720,55% off,Lingerie&Nightwear-Women
17738,Insense,Printed cotton thigh length womens night wear shorts - peach,"Size:28,30,32,34,36","Rs
499",249,50% off,Lingerie&Nightwear-Women
17739,Insense,Half sleeves night wear womens t-shirt - navy,"Size:Medium,Small,X-Small","Rs
499",249,50% off,Lingerie&Nightwear-Women
17740,Enamor,Cotton womens relax bermuda - grey pink,"Size:XL,Large,Medium,Small","Rs
699",489,30% off,Lingerie&Nightwear-Women
17741,Jockey,Non-wired fixed straps non padded womens every day bra - natural,"Size:32-B,32-C,34-B,34-C,34-D,36-B,36-C,36-D,38-B,38-C,38-D",Nan,699,No Discount,Lingerie&Nightwear-Women
17742,Insense,Womens cotton printed nighty - black,"Size:Large,Medium,Small,X-Small","Rs
799",399,50% off,Lingerie&Nightwear-Women
17743,Erotissch,Cotton womens sleepwear set - aged indigo,"Size:Large,Medium,Small,X-Large,XX-Large","Rs
1600",720,55% off,Lingerie&Nightwear-Women
17744,Amante,Womens non padded non wired lace bra - black,"Size:34-B,34-C,34-D,36-B,36-C,36-D,38-B,38-C,38-D,40-C,40-D","Rs
945",567,40% off,Lingerie&Nightwear-Women
17745,Amante,Non-wired regular strap non-padded womens minimiser bra - black,"Size:34-C,34-D,34-DD,36-C,36-D,36-DD,38-C,38-D,38-DD,40-C,40-D,40-DD",Nan,995,No Discount,Lingerie&Nightwear-Women
17746,Amante,Womens solid bikini briefs - natural,"Size:Large,Medium,Small,X-Large","Rs
545",299,45% off,Lingerie&Nightwear-Women
17747,Enamor,Cotton blend womens active wear t-shirt - blue mix light,"Size:XL,Large,Medium,Small,X-Small,XX-Large","Rs
669",468,30% off,Lingerie&Nightwear-Women
17748,Triumph,Wired multiway strap lightly padded womens every day bra - black,"Size:32-B,32-C,32-D,34-B,34-C,34-D,36-B,36-C,36-D,38-C,38-D","Rs
1299",649,50% off,Lingerie&Nightwear-Women
17749,Enamor,Womens round neck slub tank top - baby pink,"Size:Large,Medium","Rs
499",349,30% off,Lingerie&Nightwear-Women
17750,Sweet dreams,Printed cotton collar neck womens night dress - bubblegum,"Size:Large,Medium,X-Large,XX-Large","Rs
1899",1329,30% off,Lingerie&Nightwear-Women
17751,Triumph,Non wired lightly padded womens sports bra - multi,"Size:32-B,32-C,32-D,34-B,34-C,34-D,36-B,38-C","Rs
1999",999,50% off,Lingerie&Nightwear-Women
17752,Enamor,Solid viscose relaxed fit womens pyjamas - jade,"Size:XL,Large,Medium,Small,XX-Large","Rs
1099",769,30% off,Lingerie&Nightwear-Women
17753,Enamor,Womens non padded non wired full coverage every day bra - off white,"Size:34-B,34-C,34-D,34-Z,36-B,36-C,36-D,36-Z,38-B,38-C,38-D,38-Z,40-B,40-C,40-D,40-Z,42-B,42-C,42-D,42-Z","Rs
749",374,50% off,Lingerie&Nightwear-Women
17754,Myshka,Printed cotton v neck womens kaftan - pink,",Medium,Small,X-Large,XX-Large","Rs
2499",749,70% off,Lingerie&Nightwear-Women
17755,Enamor,Non-wired racerback strap non padded womens t-shirt bra - cherry,"Size:32-B,32-C,34-B,34-C,36-B,36-C,38-B,38-C",Nan,999,No Discount,Lingerie&Nightwear-Women
17756,Clovia,Womens non-padded front open plunge neck t-shirt bra - black,"Size:32-B,32-C,34-C,36-C","Rs
599",359,40% off,Lingerie&Nightwear-Women
17757,Kaftan company,Printed v-neck cotton womens regular fit night dress - yellow,"Size:Large,Medium,Small,X-Large,XX-Large,XXX-Large",Nan,1999,No Discount,Lingerie&Nightwear-Women
17758,Triumph,Polyester fixed straps womens every day bra - red,"Size:Large,Medium,Small,X-Large","Rs
499",249,50% off,Lingerie&Nightwear-Women
17759,Jockey,Womens printed boy shorts - mixed neutrals,"Size:Large,Medium,Small,X-Large",Nan,249,No Discount,Lingerie&Nightwear-Women
17760,Triumph,Wired fixed strap non padded womens minimiser bra - red,"Size:34-C,34-D,34-E,36-C,36-D,36-E,38-C,38-D,38-E,40-D,40-E",Nan,1799,No Discount,Lingerie&Nightwear-Women
17761,Clovia,Womens non-padded non-wired t-shirt bra - natural,"Size:32-B,32-C,32-D,34-B,34-C,36-B,36-C,38-B,38-C","Rs
599",239,60% off,Lingerie&Nightwear-Women
17762,Triumph,Non wired fixed strap non padded womens every day bra - white,Size:44-E,"Rs
799",399,50% off,Lingerie&Nightwear-Women
17763,Enamor,Non wired racerback straps lightly padded womens bikini - sky blue,"Size:32-B,32-C,32-D,34-B,34-C,34-D,36-B,36-C,36-D,38-B,38-C","Rs
749",374,50% off,Lingerie&Nightwear-Women
17764,Enamor,Non wired racerback straps lightly padded womens bikini - pearl,"Size:32-B,32-C,32-D,34-B,34-C,34-D,36-B,36-C,36-D,38-B,38-C","Rs
749",374,50% off,Lingerie&Nightwear-Women
17765,Erotissch,Womens blue lace bikini briefs - aqua,"Size:Large,Medium,Small","Rs
690",310,55% off,Lingerie&Nightwear-Women
17766,Erotissch,Nylon low rise womens hipster briefs - powder blue,"Size:Large,Medium,Small,X-Large","Rs
499",224,55% off,Lingerie&Nightwear-Women
17767,Van heusen,Tight fit knee length cotton womens night wear capri - purple mix,"Size:Large,Medium,Small",Nan,689,No Discount,Lingerie&Nightwear-Women
17768,Enamor,Cotton blend womens night wear shorts - jet,"Size:XL,Large,Medium,Small,XX-Large","Rs
849",594,30% off,Lingerie&Nightwear-Women
17769,Enamor,Non-wired fixed strap lightly padded womens t-shirt bra - grape,"Size:XL,Large,Medium,Small","Rs
1499",749,50% off,Lingerie&Nightwear-Women
17770,Triumph,Cotton stretty cotton 141 everyday comfort tanga womens briefs - pack of 3 - black mix,Size:Small,"Rs
899",449,50% off,Lingerie&Nightwear-Women
17771,Insense,Regular fit full length rayon womens night wear pyjama - natural,"Size:28,30,32,34,36","Rs
699",349,50% off,Lingerie&Nightwear-Women
17772,Sweet dreams,Printed cotton blend regular fit womens pyjama set - black,"Size:Large,Medium,Small,X-Large,XX-Large","Rs
2099",1469,30% off,Lingerie&Nightwear-Women
17773,Insense,Printed cotton regular neck womens t-shirt - yellow,"Size:Large,Medium,Small,X-Large,X-Small,XX-Large","Rs
599",299,50% off,Lingerie&Nightwear-Women
17774,Enamor,Womens non padded non wired medium coverage every day bra - navy,"Size:32-B,32-C,32-D,38-B","Rs
390",195,50% off,Lingerie&Nightwear-Women
17775,Insense,Printed cotton round neck womens t-shirt - peach,"Size:Large,Medium,Small,X-Large,X-Small","Rs
399",199,50% off,Lingerie&Nightwear-Women
17776,Triumph,Polyester womens intimate wear hipsters briefs - blue,"Size:Large,Medium,Small,X-Large,XX-Large","Rs
799",479,40% off,Lingerie&Nightwear-Women
17777,Insense,Printed cotton round neck womens t-shirt - black,"Size:Medium,Small,X-Small","Rs
399",199,50% off,Lingerie&Nightwear-Women
17778,Enamor,Womens lace padded non wired full coverage bra - chambray,"Size:34-B,34-C,34-D,34-Z,36-B,36-C,36-D,36-Z,38-D,38-Z,40-Z,42-D,42-Z",Nan,523,No Discount,Lingerie&Nightwear-Women
17779,Insense,Ankle length cotton blend womens night wear joggers - pink,"Size:28,30,32,34,36","Rs
1299",649,50% off,Lingerie&Nightwear-Women
17780,Life,Women cotton regular sleepwear - multi,"Size:Large,Medium,X-Large,X-Small","Rs
1199",599,50% off,Lingerie&Nightwear-Women
17781,Clovia,Womens lace babydoll - black,"Size:Large,Medium,Small,X-Large","Rs
999",399,60% off,Lingerie&Nightwear-Women
17782,Enamor,Womens round neck striped tank top - shocking pink,Size:Medium,"Rs
299",209,30% off,Lingerie&Nightwear-Women
17783,Triumph,Non wired fixed strap non padded womens beginner bra - natural,"Size:34-C,34-D,34-E,36-C,36-D,36-E,38-C,38-D,38-E,40-C,40-D",Nan,1499,No Discount,Lingerie&Nightwear-Women
17784,Insense,Embroidered cotton round neck womens t-shirt - lilac,"Size:Large,Medium,Small,X-Large,X-Small","Rs
399",199,50% off,Lingerie&Nightwear-Women
17785,Erotissch,Cotton womens sleepwear set - gold,"Size:Large,Medium,Small,X-Large,XX-Large","Rs
1600",720,55% off,Lingerie&Nightwear-Women
17786,Insense,Womens cotton printed nighty - red,"Size:Large,Medium,X-Large,X-Small","Rs
799",399,50% off,Lingerie&Nightwear-Women
17787,Wacoal,Womens solid hipster briefs - natural,"Size:Large,Medium,Small","Rs
395",197,50% off,Lingerie&Nightwear-Women
17788,Wacoal,Blended knit intimate wear womens panties - dusty pink,"Size:Large,Medium,Small,X-Large","Rs
595",416,30% off,Lingerie&Nightwear-Women
17789,Jockey,Women cotton hipster brief(assorted pack of 3) - mixed neutrals,"Size:Large,Medium,Small,X-Large,XX-Large",Nan,549,No Discount,Lingerie&Nightwear-Women
17790,Triumph,Wired fixed straps lightly padded womens every day bra - grey,"Size:34-C,34-D,34-E,34-F,36-C,36-D,36-E,36-F,38-C,38-D,38-E,38-F,40-D,40-E,40-F,42-D,42-E",Nan,1399,No Discount,Lingerie&Nightwear-Women
17791,Insense,Stripes cotton regular neck womens top and shorts set - light blue,"Size:Large,Medium,Small,X-Large,X-Small,XX-Large","Rs
1299",649,50% off,Lingerie&Nightwear-Women
17792,Enamor,Non-wired racerback strap lightly padded womens t-shirt bra - buff,"Size:32-B,32-C,32-D,34-B,34-C,34-D,36-B,36-C,36-D,38-B,38-C","Rs
1049",524,50% off,Lingerie&Nightwear-Women
17793,Amante,Printed cotton high rise womens regular panty - anthra,"Size:Small,XX-Large",Nan,645,No Discount,Lingerie&Nightwear-Women
17794,Amante,Solid cotton womens camisole - black,"Size:Large,Medium,Small,X-Large",Nan,295,No Discount,Lingerie&Nightwear-Women
17795,Triumph,Womens solid hipster briefs - pack of 3 - black,"Size:Large,Medium,Small,X-Large","Rs
799",599,25% off,Lingerie&Nightwear-Women
17796,Adidas,Solid polyester regular fit womens sports bra - black,"Size:Large,Medium,Small,X-Large,X-Small","Rs
2999",1499,50% off,Lingerie&Nightwear-Women
17797,Erotissch,Floral rayon v-neck womens regular fit kaftan - cranberry,"Size:Large,Medium,XX-Large","Rs
2500",1000,60% off,Lingerie&Nightwear-Women
17798,Erotissch,Lycra self design intimate wear womens bikini briefs - black,"Size:Large,Medium,Small","Rs
659",296,55% off,Lingerie&Nightwear-Women
17799,Erotissch,Cotton womens sleepwear set - powder blue,"Size:Large,Medium,Small,X-Large,XX-Large","Rs
1600",720,55% off,Lingerie&Nightwear-Women
17800,Triumph,Womens embroidered non wired padded full coverage bra - black,"Size:34-C,34-D,34-E,36-C,36-D,36-E,38-C,38-D,38-E,40-D,40-E",Nan,801,No Discount,Lingerie&Nightwear-Women
17801,Enamor,Non wired racerback straps lightly padded womens bikini - twilight,"Size:32-B,32-C,32-D,34-B,34-C,34-D,36-B,36-C,36-D,38-B,38-C","Rs
749",374,50% off,Lingerie&Nightwear-Women
17802,Sweet dreams,Printed cotton collar neck womens night dress - navy,"Size:Large,Medium,X-Large,XX-Large","Rs
1899",1329,30% off,Lingerie&Nightwear-Women
17803,Enamor,Non wired racerback straps lightly padded womens bikini - white,"Size:32-B,32-C,32-D,34-B,34-C,34-D,36-B,36-C,36-D,38-B,38-C","Rs
749",374,50% off,Lingerie&Nightwear-Women
17804,Enamor,Non wired racerback straps non padded womens bikini - white,"Size:32-B,32-C,32-D,32-Z,34-B,34-C,34-D,34-Z,36-B,36-C,36-D,36-Z,38-B,38-C,38-D,38-Z,40-B,40-C,40-D,42-B,42-C","Rs
649",324,50% off,Lingerie&Nightwear-Women
17805,Insense,Printed cotton regular neck womens t-shirt - red,"Size:Large,Medium,Small,X-Large,X-Small","Rs
599",299,50% off,Lingerie&Nightwear-Women
17806,Clovia,Womens saree shapewear with drawstring in beige - natural,"Size:Large,Medium,Small,X-Large,XX-Large","Rs
1999",799,60% off,Lingerie&Nightwear-Women
17807,Enamor,Non-wired racerback strap lightly padded womens t-shirt bra - black,"Size:XL,Large,Medium,Small",Nan,1199,No Discount,Lingerie&Nightwear-Women
17808,Jockey,Womens non padded non wired full coverage bra - white,"Size:32-B,32-C,34-B,34-C,36-B,36-C,38-B,38-C",Nan,469,No Discount,Lingerie&Nightwear-Women
17809,Triumph,Wired fixed strap non padded womens every day bra - navy,"Size:34-C,34-D,34-E,36-C,36-D,36-E,36-F,38-C,38-D,38-E,40-E",Nan,2999,No Discount,Lingerie&Nightwear-Women
17810,Triumph,Nylon regular womens bra - black,"Size:32-B,32-C,32-D,34-B,34-C,34-D,36-B,36-C,36-D,38-C,38-D","Rs
2099",1049,50% off,Lingerie&Nightwear-Women
17811,Insense,Printed cotton regular neck womens t-shirt - light blue,"Size:Large,Medium,Small,X-Large,X-Small,XX-Large","Rs
599",299,50% off,Lingerie&Nightwear-Women
17812,Erotissch,Non-wired fixed strap non padded womens bralette bra - natural,"Size:Large,Medium,Small,X-Large,XX-Large","Rs
1199",539,55% off,Lingerie&Nightwear-Women
17813,Clovia,Womens non-padded non-wired bra - maroon,"Size:32-B,32-C,32-D,34-B,34-C","Rs
599",239,60% off,Lingerie&Nightwear-Women
17814,Enamor,Non wired racerback straps non padded womens bikini - anthra melange,"Size:34-B,34-C,34-D,34-Z,36-B,36-C,36-D,36-Z,38-B,38-C,38-D,38-Z,40-B,40-C,40-D,40-Z,42-B,42-C,42-D,42-Z","Rs
869",434,50% off,Lingerie&Nightwear-Women
17815,Enamor,Cotton lycra womens intimate wear hipster panties - mint,"Size:XL,Large,Medium,Small,XX-Large",Nan,659,No Discount,Lingerie&Nightwear-Women
17816,Enamor,Plunge push up bra - padded wired? - gold,"Size:34-B,36-B","Rs
1399",699,50% off,Lingerie&Nightwear-Women
17817,Triumph,Wired multiway strap lightly padded womens every day bra - coffee,"Size:32-B,32-C,32-D,34-B,34-C,34-D,36-B,36-C,36-D,38-C,38-D","Rs
1899",949,50% off,Lingerie&Nightwear-Women
17818,Insense,Printed rayon regular fit womens lounge wear pyjama - powder blue,"Size:28,30,32,34,36","Rs
799",399,50% off,Lingerie&Nightwear-Women
17819,Van heusen,Non wired multiway straps non padded womens every day bra - black,"Size:30-B,32-B,32-C,34-B,34-C,34-D,36-B,36-C,36-D,38-C",Nan,499,No Discount,Lingerie&Nightwear-Women
17820,Triumph,Wired fixed straps lightly padded womens beginner bra - purple mix,"Size:34-E,36-C,36-D,36-E,36-F,38-C,38-D,38-E,38-F","Rs
1499",749,50% off,Lingerie&Nightwear-Women
17821,Enamor,Cotton womens relax bermuda - streaky brown,"Size:XL,Large,Medium,Small","Rs
699",489,30% off,Lingerie&Nightwear-Women
17822,Wacoal,Non wired fixed strap lightly padded womens every day bra - burgundy,"Size:32-A,32-B,32-C,32-DD,34-A,34-B,34-C,34-DD,36-A,36-B,38-C","Rs
1495",1046,30% off,Lingerie&Nightwear-Women
17823,Sweet dreams,Printed polyester blend collar neck womens sleepwear set - peach,"Size:Large,Small,X-Large,XX-Large,XXX-Large","Rs
1799",1079,40% off,Lingerie&Nightwear-Women
17824,Triumph,Polyester womens intimatewear panty - natural,"Size:Large,Small","Rs
599",299,50% off,Lingerie&Nightwear-Women
17825,Enamor,Cotton blend womens intimate wear panties - natural,"Size:XL,Large,Medium,Small,XX-Large","Rs
409",286,30% off,Lingerie&Nightwear-Women
17826,Infuse,Printed rayon full length womens loungewear pyjama - pink,"Size:28,30,32,34,36,38","Rs
799",319,60% off,Lingerie&Nightwear-Women
17827,Clovia,Womens cotton mid waist hipster panty with inner elastic - black,"Size:Large,Medium,Small,X-Large,XX-Large","Rs
499",199,60% off,Lingerie&Nightwear-Women
17828,Clovia,Womens cotton mid waist hipster panty with inner elastic - red,"Size:Large,Medium,X-Large,XX-Large","Rs
499",199,60% off,Lingerie&Nightwear-Women
17829,Clovia,Womens non-padded non-wired printed t-shirt bra - red,Size:32-C,"Rs
342",137,60% off,Lingerie&Nightwear-Women
17830,Amante,Non-wired fixed strap non padded womens t-shirt bra - black,"Size:Large,Medium,Small,X-Large",Nan,1595,No Discount,Lingerie&Nightwear-Women
17831,Jockey,Modal womens intimate wear camisole - wine,"Size:Large,Medium,Small,X-Large,XX-Large",Nan,429,No Discount,Lingerie&Nightwear-Women
17832,Sweet dreams,Printed cotton blend round neck womens sleepwear set - pink,"Size:Large,Medium,X-Large,XX-Large","Rs
1499",899,40% off,Lingerie&Nightwear-Women
17833,Erotissch,Nylon low rise womens hipster briefs - cane,"Size:Large,Medium,Small,X-Large","Rs
499",224,55% off,Lingerie&Nightwear-Women
17834,Insense,Printed cotton regular neck womens t-shirt - ecru,"Size:Large,Medium,Small,X-Large,X-Small,XX-Large","Rs
599",299,50% off,Lingerie&Nightwear-Women
17835,Clovia,Womens cotton rich text print top - blue,"Size:Large,Medium,Small,X-Large,XX-Large","Rs
571",228,60% off,Lingerie&Nightwear-Women
17836,Clovia,Womens cotton high waist hipster panty with printed waistband - pink,"Size:Large,Medium,Small,X-Large","Rs
499",299,40% off,Lingerie&Nightwear-Women
17837,Enamor,Womens lace padded wired balconette bra - chalk pink,"Size:32-C,34-C,34-D,36-B,36-C,38-B","Rs
1199",599,50% off,Lingerie&Nightwear-Women
17838,Triumph,Wired fixed straps non padded womens every day bra - black,"Size:32-C,32-D,32-E,34-B,34-C,34-D,34-E,36-B,36-C,36-D,36-E,38-C,38-D,38-E","Rs
2699",1619,40% off,Lingerie&Nightwear-Women
17839,Erotissch,Cotton womens sleepwear set - floss,"Size:Large,Medium,Small,X-Large,XX-Large","Rs
1600",720,55% off,Lingerie&Nightwear-Women
17840,Insense,Printed rayon regular neck womens top and shorts set - peach,"Size:Large,Medium,Small,X-Large,X-Small,XX-Large","Rs
1299",649,50% off,Lingerie&Nightwear-Women
17841,Clovia,Tshirt bra with add-on support - off white,"Size:32-C,34-C","Rs
342",205,40% off,Lingerie&Nightwear-Women
17842,Erotissch,Nylon low rise womens hipster briefs - black grey,"Size:Large,Medium,Small,X-Large","Rs
499",224,55% off,Lingerie&Nightwear-Women
17843,Kaftan company,Printed v-neck satin womens night dress - white,"Size:Large,Medium,Small,X-Large,XX-Large,XXX-Large",Nan,1999,No Discount,Lingerie&Nightwear-Women
17844,Enamor,Non-wired fixed strap padded womens everyday bra - black,"Size:32-B,32-C,32-D,34-B,34-C,34-D,34-Z,36-B,36-C,36-D,36-Z,38-B,38-C",Nan,1849,No Discount,Lingerie&Nightwear-Women
17845,Insense,Solid cotton regular fit womens top and pyjama set - anthra,"Size:Large,Medium,Small,X-Large,XX-Large","Rs
1199",599,50% off,Lingerie&Nightwear-Women
17846,Van heusen,Cotton slim fit womens athleisure t-shirt - black,"Size:Large,Medium,Small,X-Large,XX-Large",Nan,479,No Discount,Lingerie&Nightwear-Women
17847,Triumph,Womens solid hipster briefs - pack of 3 - white,"Size:Large,Medium,Small,X-Large","Rs
799",599,25% off,Lingerie&Nightwear-Women
17848,Enamor,Cotton stretch womens intimate wear panties - plum,"Size:XL,Large,Medium,Small",Nan,729,No Discount,Lingerie&Nightwear-Women
17849,Infuse,Printed cotton womens casual wear top & pyjama set - off white,"Size:Large,Medium,Small,X-Large,X-Small,XX-Large","Rs
1999",999,50% off,Lingerie&Nightwear-Women
17850,Jockey,Womens spaghetti neck solid camisole - white,Size:X-Large,Nan,439,No Discount,Lingerie&Nightwear-Women
17851,Enamor,Non-wired strapless non padded womens every day bra - marble,"Size:XL,Large,Medium,Small","Rs
849",424,50% off,Lingerie&Nightwear-Women
17852,Enamor,Wired fixed strap non padded womens everyday bra - lavender,"Size:34-C,34-D,34-Z,36-C,36-D,36-Z,38-C,38-D,38-Z,40-C,40-D,40-Z",Nan,1399,No Discount,Lingerie&Nightwear-Women
17853,Enamor,Stretch cotton cycling shorts - white,"Size:XL,Large,Medium,Small",Nan,299,No Discount,Lingerie&Nightwear-Women
17854,Enamor,Non-wired racerback strap non padded womens every day bra - champagne,"Size:34-B,34-C,34-D,34-Z,36-B,36-C,36-D,36-Z,38-B,38-C,38-D,38-Z,40-B,40-C,40-D,40-Z,42-B,42-C,42-D,42-Z",Nan,1149,No Discount,Lingerie&Nightwear-Women
17855,Sweet dreams,Checked rayon round neck womens night dress - black,"Size:Large,Medium,Small,X-Large,XX-Large","Rs
1799",1259,30% off,Lingerie&Nightwear-Women
17856,Insense,Printed cotton round neck womens top & shorts set - off white,"Size:Large,Medium,Small,X-Large,X-Small","Rs
799",399,50% off,Lingerie&Nightwear-Women
17857,Enamor,Nylon high rise womens regular panties - feather grey,"Size:XL,Large,Medium,XX-Large","Rs
519",363,30% off,Lingerie&Nightwear-Women
17858,Enamor,Womens solid non padded non wired t-shirt bra - charcoal,"Size:32-B,32-D,36-D","Rs
749",374,50% off,Lingerie&Nightwear-Women
17859,Jockey,Womens non wired padded bra - natural,"Size:32-B,32-C,34-B,34-C,36-B,36-C",Nan,699,No Discount,Lingerie&Nightwear-Women
17860,Jockey,Cotton womens knit essentials panty - mixed neutrals,"Size:Large,Medium,Small,X-Large,XX-Large",Nan,399,No Discount,Lingerie&Nightwear-Women
17861,Insense,Half sleeves night wear womens t-shirt - black,"Size:Small,X-Small","Rs
399",199,50% off,Lingerie&Nightwear-Women
17862,Triumph,Non-wired fixed strap non padded womens every day bra - brown,"Size:34-C,34-D,34-E,36-C,36-D,36-E,36-F,38-C,38-D,38-E,38-F,38-G,40-D,40-E,40-F,40-G,42-D,42-E,42-G",Nan,1699,No Discount,Lingerie&Nightwear-Women
17863,Amante,Non-wired fixed strap non padded womens t-shirt bra - purple,"Size:Large,Medium,Small,X-Large",Nan,1595,No Discount,Lingerie&Nightwear-Women
17864,Clovia,Womens printed maternity long night dress in light green cotton - green,"Size:Large,Medium,Small,X-Large,XX-Large","Rs
2499",749,70% off,Lingerie&Nightwear-Women
17865,Enamor,Wired racerback strap lightly padded womens t-shirt bra - crimson,"Size:32-B,32-C,32-D,34-B,34-C,34-D,36-B,36-C,36-D,38-B,38-C",Nan,1799,No Discount,Lingerie&Nightwear-Women
17866,Triumph,Polyamide beauty-full high waist panty womens briefs - purple mix,"Size:Small,X-Large","Rs
499",249,50% off,Lingerie&Nightwear-Women
17867,Enamor,Non-wired racerback strap non padded womens every day bra - buff,"Size:34-B,34-C,34-D,34-Z,36-B,36-C,36-D,36-Z,38-B,38-C,38-D,38-Z,40-B,40-C,40-D,40-Z,42-B,42-C,42-D,42-Z","Rs
1199",599,50% off,Lingerie&Nightwear-Women
17868,Triumph,Womens new lace bandeau tanga - deep blue,"Size:Large,Medium,Small,X-Large","Rs
599",299,50% off,Lingerie&Nightwear-Women
17869,Insense,Printed cotton regular fit womens night dress - lavender,"Size:Large,Medium,Small,X-Large,X-Small","Rs
899",449,50% off,Lingerie&Nightwear-Women
17870,Mystere paris,Cotton regular fit womens night wear pyjamas - blue,"Size:Large,Medium,X-Large","Rs
799",479,40% off,Lingerie&Nightwear-Women
17871,Enamor,Full support lace bra - high coverage non-padded wired - maroon,"Size:34-B,34-C,34-D,36-B,36-C,36-D,38-B,38-C,38-D","Rs
1349",944,30% off,Lingerie&Nightwear-Women
17872,Jockey,Women cotton bikini brief(pack of 2) - mixed neutrals,"Size:Large,Medium,Small,X-Large,XX-Large",Nan,388,No Discount,Lingerie&Nightwear-Women
17873,Enamor,Plunge pushup bra - padded wired - denim black,"Size:34-C,36-C","Rs
1399",699,50% off,Lingerie&Nightwear-Women
17874,Insense,Printed cotton round neck womens night dress - navy,"Size:Large,Medium,Small,X-Large,X-Small","Rs
799",399,50% off,Lingerie&Nightwear-Women
17875,Erotissch,Polyester blend womens bodysuit - black grey,"Size:Large,Medium,Small,X-Large","Rs
1449",652,55% off,Lingerie&Nightwear-Women
17876,Insense,Regular fit mid thigh rayon womens night wear shorts - powder blue,"Size:28,30,32,34,36","Rs
499",249,50% off,Lingerie&Nightwear-Women
17877,Enamor,Non-wired racerback strap non padded womens every day bra - eclipse,"Size:34-B,34-C,34-D,34-Z,36-B,36-C,36-D,36-Z,38-B,38-C,38-D,38-Z,40-B,40-C,40-D,40-Z,42-B,42-C,42-D,42-Z",Nan,1149,No Discount,Lingerie&Nightwear-Women
17878,Clovia,Womens cotton padded non-wired multiway t-shirt bra - black,"Size:36-B,38-B,38-C,40-B,40-C","Rs
614",245,60% off,Lingerie&Nightwear-Women
17879,Insense,Printed cotton round neck womens top & shorts set - pale yellow,"Size:Large,Medium,Small,X-Large,X-Small","Rs
899",449,50% off,Lingerie&Nightwear-Women
17880,Amante,Non-wired regular strap padded womens t-shirt bra - apple green,"Size:32-B,32-C,32-D,34-B,34-C,34-D,36-B,36-C,36-D,38-B,38-C,38-D",Nan,895,No Discount,Lingerie&Nightwear-Women
17881,Triumph,Non wired fixed straps heavily padded womens every day bra - natural,"Size:34-B,34-C,34-D,36-B,36-C,36-D,38-C","Rs
1899",949,50% off,Lingerie&Nightwear-Women
17882,Erotissch,Nylon low rise womens hipster briefs - oyster,"Size:Large,Medium,Small,X-Large","Rs
499",224,55% off,Lingerie&Nightwear-Women
17883,Erotissch,Polyester blend womens bodysuit - black,"Size:Large,Medium,Small,X-Large","Rs
1449",652,55% off,Lingerie&Nightwear-Women
17884,Erotissch,Nylon low rise womens hipster briefs - lavender,"Size:Large,Medium,Small,X-Large","Rs
499",224,55% off,Lingerie&Nightwear-Women
17885,Triumph,Non wired fixed strap non padded womens beginner bra - black,"Size:40-E,42-D","Rs
1199",599,50% off,Lingerie&Nightwear-Women
17886,Sweet dreams,Printed rayon round neck womens night dress - black,"Size:Large,Medium,Small,X-Large,XX-Large","Rs
1799",1259,30% off,Lingerie&Nightwear-Women
17887,Amante,Womens lace non padded non wired full coverage bra - chalk pink,"Size:34-C,34-D,34-DD,36-C,36-D,36-DD,38-C,38-D,38-DD,40-C,40-D,40-DD,42-C,42-D",Nan,1495,No Discount,Lingerie&Nightwear-Women
17888,Enamor,Cotton blend womens night wear shorts - blue black,"Size:XL,Large,Medium,Small,XX-Large","Rs
849",594,30% off,Lingerie&Nightwear-Women
17889,Enamor,Full support lace bra - high coverage non-padded wired - eggshell,"Size:34-B,34-C,34-D,36-B,36-C,38-B,38-C,38-D","Rs
1349",809,40% off,Lingerie&Nightwear-Women
17890,Sweet dreams,Printed cotton blend collar neck womens sleepwear set - black,"Size:Large,Medium,Small,X-Large,XX-Large","Rs
1899",1329,30% off,Lingerie&Nightwear-Women
17891,Wacoal,Non wired fixed straps non padded womens every day bra - natural,"Size:36-C,38-B,38-DD","Rs
995",398,60% off,Lingerie&Nightwear-Women
17892,Enamor,Cotton blend womens intimate wear panties - wild wash,"Size:XL,Large,Medium,Small,XX-Large","Rs
409",286,30% off,Lingerie&Nightwear-Women
17893,Sweet dreams,Printed rayon regular fit womens pyjamas - green,"Size:Large,Medium,Small,X-Large,XX-Large","Rs
1069",748,30% off,Lingerie&Nightwear-Women
17894,Enamor,Cotton blend womens night wear shorts - navy,"Size:XL,Large,Medium,Small,XX-Large","Rs
849",594,30% off,Lingerie&Nightwear-Women
17895,Triumph,Wired fixed straps non padded womens every day bra - pink,"Size:34-C,34-D,34-E,36-C,36-D,36-E,36-F,38-C,38-D,38-E,38-F,40-D,40-E","Rs
2699",1349,50% off,Lingerie&Nightwear-Women
17896,Enamor,Cami shaper bra - padded wirefree� - light blue,"Size:32-B,32-C,34-B,34-C,36-C,38-B","Rs
1299",649,50% off,Lingerie&Nightwear-Women
17897,Sweet dreams,Checked rayon round neck womens night dress - peach,"Size:Large,Medium,Small,X-Large,XX-Large","Rs
1799",1259,30% off,Lingerie&Nightwear-Women
17898,Infuse,Solid cotton round neck womens regular fit t-shirt - multi,"Size:Large,Medium,Small,X-Large,X-Small,XX-Large","Rs
699",419,40% off,Lingerie&Nightwear-Women
17899,Enamor,Cotton blend womens active wear t-shirt - ms brush,"Size:XL,Large,Medium,Small,X-Small,XX-Large","Rs
669",468,30% off,Lingerie&Nightwear-Women
17900,Soie,Womens round neck solid camisole - blue,"Size:Large,Medium,Small,X-Large,XX-Large",Nan,380,No Discount,Lingerie&Nightwear-Women
17901,Amante,Womens solid padded wired t-shirt bra - sand,"Size:32-B,32-C,32-D,34-B,34-C,34-D,36-B,36-C,36-D,38-B,38-C,38-D,40-C,40-D","Rs
895",626,30% off,Lingerie&Nightwear-Women
17902,Enamor,Stretch cotton camisole - white,"Size:XL,Large,Medium,Small",Nan,299,No Discount,Lingerie&Nightwear-Women
17903,Enamor,Wired strapless lightly padded womens every day bra - basic_blu_superstn,"Size:32-B,32-C,32-D,32-Z,34-B,34-C,34-D,34-Z,36-B,36-C,36-D,36-Z,38-B,38-C,38-D,38-Z,40-B,40-C,40-D,40-Z,42-C,42-D",Nan,1449,No Discount,Lingerie&Nightwear-Women
17904,Enamor,Cotton lycra womens hipster panties - basic_blu_superstn,"Size:XL,Large,Medium,Small,XX-Large",Nan,599,No Discount,Lingerie&Nightwear-Women
17905,Enamor,Cotton blend womens active wear t-shirt - original indigo,"Size:XL,Large,Medium,Small,XX-Large","Rs
699",489,30% off,Lingerie&Nightwear-Women
17906,Sweet dreams,Solid cotton regular fit womens shorts - black,"Size:Large,Medium,Small,X-Large,XX-Large,XXX-Large","Rs
599",539,10% off,Lingerie&Nightwear-Women
17907,Parfait,Solid nylon womens camisole - green,"Size:4X-Large,Large,Medium,X-Large,XX-Large,XXX-Large","Rs
3499",2799,20% off,Lingerie&Nightwear-Women
17908,Sweet dreams,Printed cotton blend round neck womens nighty - mango,Size:XX-Large,"Rs
969",678,30% off,Lingerie&Nightwear-Women
17909,Jockey,Women cotton hipster brief(pack of 2) - mixed darks,"Size:Large,Medium,Small,X-Large,XX-Large",Nan,388,No Discount,Lingerie&Nightwear-Women
17910,Enamor,Cotton blend womens night wear shorts - jet,"Size:XL,Large,Medium,Small,XX-Large","Rs
749",524,30% off,Lingerie&Nightwear-Women
17911,Enamor,Stretch cotton cycling shorts - buff,"Size:XL,Large,Medium,Small",Nan,299,No Discount,Lingerie&Nightwear-Women
17912,Jockey,Non-wired racerback straps lightly padded womens every day bra - print,"Size:Large,Medium,Small,X-Large",Nan,1199,No Discount,Lingerie&Nightwear-Women
17913,Enamor,Cotton nylon womens intimate wear shapewear - sand,"Size:XL,Large,Medium,XX-Large","Rs
1399",839,40% off,Lingerie&Nightwear-Women
17914,Insense,Printed cotton regular fit womens night dress - black,"Size:Large,Medium,Small,X-Large,X-Small","Rs
899",449,50% off,Lingerie&Nightwear-Women
17915,Triumph,Non wired strapless heavily padded womens sports bra - green,"Size:32-B,32-C,32-D,32-E,34-B,34-C,34-D,34-E,36-B,36-C,36-D,36-E,38-C,38-D,38-E","Rs
2599",1559,40% off,Lingerie&Nightwear-Women
17916,Triumph,Non wired fixed straps non padded womens sports bra - blue,"Size:32-B,32-C,32-D,32-E,34-B,34-C,34-D,34-E,36-B,36-C,36-D,38-C,38-D,38-E","Rs
2399",1439,40% off,Lingerie&Nightwear-Women
17917,Triumph,Wired fixed straps non padded womens every day bra - grey,"Size:34-C,34-D,34-E,36-C,36-D,36-E,36-F,38-C,38-D,38-E,38-F,40-D,40-E","Rs
2699",1349,50% off,Lingerie&Nightwear-Women
17918,Erotissch,Nylon low rise womens hipster briefs - maroon,"Size:Large,Medium,Small,X-Large","Rs
499",224,55% off,Lingerie&Nightwear-Women
17919,Triumph,Womens lace padded non wired full coverage bra - black,"Size:32-B,32-C,32-D,32-E,34-B,34-C,34-E,36-B,36-C,38-C","Rs
2199",1099,50% off,Lingerie&Nightwear-Women
17920,Triumph,Womens 77 wp lightly padded wired t-shirt bra - citrus green,"Size:32-D,36-D,38-D","Rs
1299",649,50% off,Lingerie&Nightwear-Women
17921,Amante,Womens printed bikini briefs pack of 3 - blue,Size:Small,Nan,495,No Discount,Lingerie&Nightwear-Women
17922,Erotissch,Nylon knit womens intimatewear regular briefs - candy,Size:Small,"Rs
499",249,50% off,Lingerie&Nightwear-Women
17923,Triumph,Womens embroidered non wired padded full coverage bra - white,"Size:34-C,34-D,34-E,36-C,36-D,36-E,38-C,38-D,38-E,40-D,40-E",Nan,801,No Discount,Lingerie&Nightwear-Women
17924,Enamor,Cotton blend womens night wear shorts - burgundy,"Size:XL,Large,Medium,Small,XX-Large","Rs
849",594,30% off,Lingerie&Nightwear-Women
17925,Enamor,Non-wired strapless non padded womens every day bra - white,"Size:XL,Large,Medium,Small","Rs
849",424,50% off,Lingerie&Nightwear-Women
17926,Sweet dreams,Solid blended regular fit womens pyjamas - black,"Size:Large,Medium,X-Large,XX-Large","Rs
699",629,10% off,Lingerie&Nightwear-Women
17927,Erotissch,Cotton womens sleepwear set - midnight_slub,"Size:Large,Medium,Small,X-Large,XX-Large","Rs
1600",720,55% off,Lingerie&Nightwear-Women
17928,Jockey,Womens non wired padded bra - cobalt,"Size:32-B,32-C,34-B,34-C,36-B,36-C,38-B",Nan,729,No Discount,Lingerie&Nightwear-Women
17929,Jockey,Womens non padded non wired full coverage bra - natural,"Size:32-B,32-C,34-B,34-C,36-B,36-C,38-B,38-C",Nan,469,No Discount,Lingerie&Nightwear-Women
17930,Insense,Printed cotton round neck womens night dress - peach,"Size:Large,Medium,Small,X-Large,X-Small","Rs
799",399,50% off,Lingerie&Nightwear-Women
17931,Clovia,Double layered comfy t-shirt bra - red,"Size:32-B,32-C,34-B,34-C,36-B,36-C,38-B,40-B","Rs
599",239,60% off,Lingerie&Nightwear-Women
17932,Enamor,Cotton blend womens intimate wear panties - brown mix,"Size:XL,Large,Medium,Small,XX-Large","Rs
409",286,30% off,Lingerie&Nightwear-Women
17933,Triumph,Womens nylon blend non padded minimiser bra - blue,"Size:34-C,36-C","Rs
1799",899,50% off,Lingerie&Nightwear-Women
17934,Kaftan company,Printed viscose scoop neck womens night dress - white,"Size:Large,Medium,Small,X-Large,XX-Large,XXX-Large",Nan,3299,No Discount,Lingerie&Nightwear-Women
17935,Amante,Blended night wear womens t-shirt bra - black,"Size:32-B,32-C,32-D,34-B,34-C,34-D,36-B,36-C,36-D,38-B,38-C,38-D,40-C,40-D","Rs
845",591,30% off,Lingerie&Nightwear-Women
17936,Triumph,Printed cotton round neck womens sleepwear set - blue,"Size:Large,Medium,Small,X-Large",Nan,2999,No Discount,Lingerie&Nightwear-Women
17937,Enamor,Non-wired racerback strap lightly padded womens t-shirt bra - eclipse,"Size:32-B,32-C,32-D,34-B,34-C,34-D,36-B,36-C,36-D,38-B,38-C","Rs
1049",524,50% off,Lingerie&Nightwear-Women
17938,Triumph,Non wired fixed straps non padded womens every day bra - ecru,"Size:34-C,34-D,34-E,34-F,36-C,36-D,36-E,36-F,36-G,38-C,38-D,38-E,38-F,38-G,40-C,40-D,40-E,40-F,40-G,42-E,42-F,42-G",Nan,1099,No Discount,Lingerie&Nightwear-Women
17939,Jockey,Womens padded non wired full coverage bra - white,"Size:32-B,32-C,34-B,34-C,34-D,36-B,36-C,36-D,38-B,38-C,38-D",Nan,499,No Discount,Lingerie&Nightwear-Women
17940,Erotissch,Cotton womens sleepwear set - phantom,"Size:Large,Medium,Small,X-Large,XX-Large","Rs
1600",720,55% off,Lingerie&Nightwear-Women
17941,Erotissch,Polyester blend womens bodysuit - denimex,"Size:Large,Medium,Small,X-Large","Rs
1449",652,55% off,Lingerie&Nightwear-Women
17942,Jockey,Non-wired multiway straps lightly padded womens every day bra - natural,"Size:30-B,32-B,32-C,34-B,34-C,36-B,36-C,38-B,38-C",Nan,1199,No Discount,Lingerie&Nightwear-Women
17943,Triumph,Non wired fixed straps non padded womens beginner bra - terracotta,"Size:36-C,36-D,40-D,40-F","Rs
1899",949,50% off,Lingerie&Nightwear-Women
17944,Van heusen,Cotton skinny fit womens night wear tank top - white,"Size:Large,Medium",Nan,289,No Discount,Lingerie&Nightwear-Women
17945,Infuse,Printed rayon full length womens loungewear pyjama - navy,"Size:30,32","Rs
799",319,60% off,Lingerie&Nightwear-Women
17946,Enamor,Non-wired strapless non padded womens sports bra - abraded stone,"Size:XL,Large,Medium,Small","Rs
1399",979,30% off,Lingerie&Nightwear-Women
17947,Wacoal,Womens solid padded wired t-shirt bra - pink,"Size:32-A,32-B,32-C,32-D,34-A,34-B,34-C,34-D,36-A,36-B,36-C",Nan,1895,No Discount,Lingerie&Nightwear-Women
17948,Parfait,Solid nylon womens camisole - pink,"Size:4X-Large,Large,Medium,X-Large,XX-Large,XXX-Large","Rs
3599",2879,20% off,Lingerie&Nightwear-Women
17949,Adidas,Printed polyester knit womens sports bra - grey,"Size:Large,Medium,Small,X-Large,X-Small","Rs
2799",1959,30% off,Lingerie&Nightwear-Women
17950,Enamor,Non-wired strapless non padded womens every day bra - pearl,"Size:XL,Large,Medium,Small","Rs
849",424,50% off,Lingerie&Nightwear-Women
17951,Jockey,Women cotton lounge pant - black,"Size:Large,Medium,Small,X-Large",Nan,689,No Discount,Lingerie&Nightwear-Women
17952,Erotissch,Nylon low rise womens hipster briefs - mushroom,"Size:Large,Medium,Small,X-Large","Rs
499",224,55% off,Lingerie&Nightwear-Women
17953,Jockey,Womens full briefs - navy,"Size:Large,Medium,Small,X-Large",Nan,279,No Discount,Lingerie&Nightwear-Women
17954,Enamor,Non wired racerback straps lightly padded womens bikini - shell,"Size:32-B,32-C,32-D,34-B,34-C,34-D,36-B,36-C,36-D,38-B,38-C","Rs
749",374,50% off,Lingerie&Nightwear-Women
17955,Clovia,Womens satin babydoll with lace - grey,"Size:Large,Medium,Small,X-Large","Rs
1299",389,70% off,Lingerie&Nightwear-Women
17956,Wacoal,Non wired fixed strap lightly padded womens every day bra - yellow,"Size:32-A,32-B,32-C,32-D,32-DD,34-B,34-C,34-D,34-DD,36-B,36-C,36-D,38-C","Rs
1495",1196,20% off,Lingerie&Nightwear-Women
17957,Sweet dreams,Printed cotton regular fit womens nightsuit - blue,"Size:Large,Medium,Small,X-Large,XX-Large","Rs
1649",1154,30% off,Lingerie&Nightwear-Women
17958,Sweet dreams,Printed rayon round neck womens night dress - navy,"Size:Large,X-Large,XX-Large","Rs
1899",1329,30% off,Lingerie&Nightwear-Women
17959,Amante,Womens non padded non wired lace bra - sand,"Size:34-B,34-C,34-D,36-B,36-C,36-D,38-B,38-C,38-D,40-C,40-D","Rs
945",567,40% off,Lingerie&Nightwear-Women
17960,Triumph,Non wired fixed straps non padded womens every day bra - orange,"Size:34-C,34-D,34-E,36-C,36-D,36-E,36-F,38-C,38-D,38-E,38-F,38-G,40-D,40-E,40-F,40-G,42-D,42-E,42-G","Rs
1699",1019,40% off,Lingerie&Nightwear-Women
17961,Enamor,Nylon low rise womens regular panties - print,"Size:XL,Large,Medium,Small",Nan,469,No Discount,Lingerie&Nightwear-Women
17962,Parfait,Wired fixed straps lightly padded womens t-shirt bra - blue,"Size:32-D,32-DD,32-E,32-F,32-FF,32-G,34-D,34-DD,34-E,34-F,34-FF,34-G,36-D,36-DD,36-E,36-F,36-FF,36-G,38-D,38-DD,38-E,38-F,38-FF,38-G,40-D,40-DD,40-E,40-F,40-FF,40-G,42-D,42-DD,42-E,42-F,42-FF,42-G,44-D,44-DD,44-E,44-F,44-FF,44-G","Rs
2499",2249,10% off,Lingerie&Nightwear-Women
17963,Van heusen,Wired halter strap lightly padded womens every day bra - grey melange,"Size:32-B,32-C,34-B,34-C,36-B,36-C,38-B,38-C",Nan,899,No Discount,Lingerie&Nightwear-Women
17964,Erotissch,Cotton womens sleepwear set - eggshell,"Size:Large,Medium,Small,X-Large,XX-Large","Rs
1600",720,55% off,Lingerie&Nightwear-Women
17965,Clovia,Womens cotton rich non-padded non-wired t-shirt bra with lace - white,"Size:32-B,32-C,32-D,34-B,34-C,34-D,36-B,36-C,36-D,38-B,38-C,38-D,40-B,40-C","Rs
599",359,40% off,Lingerie&Nightwear-Women
17966,Enamor,Non-wired racerback strap lightly padded womens t-shirt bra - desert,"Size:32-B,32-C,32-D,34-B,34-C,34-D,36-B,36-C,36-D,38-B,38-C","Rs
1049",524,50% off,Lingerie&Nightwear-Women
17967,Insense,Printed cotton round neck womens t-shirt - ecru,"Size:Large,Medium,Small,X-Large,X-Small","Rs
399",199,50% off,Lingerie&Nightwear-Women
17968,Enamor,Womens athleisure swing tank top - olive,"Size:XL,Large,Medium,Small","Rs
499",349,30% off,Lingerie&Nightwear-Women
17969,Soie,Super-soft cotton regular fit half sleeves womens night dress - green,"Size:Large,Medium,Small,X-Large,XX-Large","Rs
1040",780,25% off,Lingerie&Nightwear-Women
17970,Sweet dreams,Solid blended regular fit womens pyjamas - black,"Size:Large,Medium,Small,X-Large,XX-Large,XXX-Large","Rs
799",719,10% off,Lingerie&Nightwear-Women
17971,Madame,Printed cotton round neck womens night dress - pink,"Size:Large,Medium,Small,X-Large,XX-Large","Rs
1799",1079,40% off,Lingerie&Nightwear-Women
17972,Wacoal,Womens solid hipster briefs - natural,"Size:Large,Medium,Small,X-Large","Rs
1295",906,30% off,Lingerie&Nightwear-Women
17973,Erotissch,Regular fit nylon womens casual wear monokini - club,"Size:Large,Medium,Small,X-Large","Rs
2399",1559,35% off,Lingerie&Nightwear-Women
17974,Enamor,Womens relaxed fit swing tank - pale peach,"Size:Medium,Small,X-Small",Nan,599,No Discount,Lingerie&Nightwear-Women
17975,Enamor,Cotton activewear womens track pants - ether,"Size:XL,Large,Medium,Small",Nan,1599,No Discount,Lingerie&Nightwear-Women
17976,Enamor,Cotton blend womens active wear t-shirt - grey cast,"Size:XL,Large,Medium,Small,X-Small,XX-Large","Rs
669",468,30% off,Lingerie&Nightwear-Women
17977,Erotissch,Cotton womens sleepwear set - putty,"Size:Large,Medium,Small,X-Large,XX-Large","Rs
1600",720,55% off,Lingerie&Nightwear-Women
17978,Enamor,Strapless t-shirt bra - full support padded wired - buff,"Size:32-B,32-C,32-D,34-B,34-C,34-D,36-B,36-C,36-D,38-B,38-C,38-D",Nan,1399,No Discount,Lingerie&Nightwear-Women
17979,Amante,Womens solid padded non wired t-shirt bra - persian blue,"Size:32-B,32-C,32-D,34-B,34-C,34-D,36-B,36-C,36-D,38-C,38-D,40-C,40-D","Rs
1045",731,30% off,Lingerie&Nightwear-Women
17980,Sweet dreams,Printed cotton blend round neck womens night dress - rose,"Size:Large,Medium,Small,X-Large","Rs
1449",1014,30% off,Lingerie&Nightwear-Women
17981,Enamor,Non-wired fixed strap lightly padded womens t-shirt bra - nutmeg,"Size:XL,Large,Medium,Small","Rs
1499",749,50% off,Lingerie&Nightwear-Women
17982,Insense,Regular fit mid thigh cotton womens night wear shorts - natural,"Size:28,30,32,34,36","Rs
399",199,50% off,Lingerie&Nightwear-Women
17983,Insense,Embroidered cotton round neck womens regular fit top - navy,"Size:Large,Medium,Small,X-Large,X-Small","Rs
499",249,50% off,Lingerie&Nightwear-Women
17984,Miss chase,Printed cotton regular fit womens night suit - navy,"Size:Large,Medium,Small,X-Large","Rs
2299",1149,50% off,Lingerie&Nightwear-Women
17985,Jockey,Womens solid shorties - black,Size:X-Large,Nan,265,No Discount,Lingerie&Nightwear-Women
17986,Triumph,Womens padded non wired full coverage bra - red,"Size:32-B,32-C,32-D,34-B,34-C,34-D,36-B,36-C,36-D,38-C,38-D",Nan,1799,No Discount,Lingerie&Nightwear-Women
17987,Jockey,Cotton mid rise womens intimate wear panties - multi,"Size:Large,Medium,Small,X-Large,XX-Large",Nan,549,No Discount,Lingerie&Nightwear-Women
17988,Enamor,Non-wired racerback strap non padded womens every day bra - mastic thread dark stone,"Size:34-B,34-C,34-D,34-Z,36-B,36-C,36-D,36-Z,38-B,38-C,38-D,38-Z,40-B,40-C,40-D,40-Z,42-B,42-C,42-D,42-Z",Nan,1149,No Discount,Lingerie&Nightwear-Women
17989,Enamor,Non wired racerback straps non padded womens bikini - purple,"Size:32-B,32-C,32-D,32-Z,34-B,34-C,34-D,34-Z,36-B,36-C,36-D,36-Z,38-B,38-C,38-D,38-Z,40-B,40-C,40-D,42-B,42-C","Rs
649",324,50% off,Lingerie&Nightwear-Women
17990,Life,Women cotton regular sleepwear - multi,"Size:Large,Medium,Small,X-Small","Rs
1199",599,50% off,Lingerie&Nightwear-Women
17991,Triumph,Polyester womens intimate wear hipsters briefs - brown,"Size:Large,Medium,Small,X-Large,XX-Large","Rs
799",479,40% off,Lingerie&Nightwear-Women
17992,Jockey,Womens non wired non padded firm support bra - blush,"Size:34-D,34-DD,36-D,36-DD,38-C,38-D,38-DD,40-D,40-DD",Nan,599,No Discount,Lingerie&Nightwear-Women
17993,Jockey,Womens non wired padded bra - black,"Size:32-B,32-C,34-B,34-C,36-B,36-C",Nan,699,No Discount,Lingerie&Nightwear-Women
17994,Enamor,Womens solid and printed hipster briefs pack of 3 - multi,"Size:Large,Medium,Small",Nan,549,No Discount,Lingerie&Nightwear-Women
17995,Enamor,Non-wired strapless non padded womens every day bra - black,"Size:XL,Large,Medium,Small","Rs
849",424,50% off,Lingerie&Nightwear-Women
17996,Clovia,Womens saree shapewear with drawstring - pink,"Size:Large,Medium,XX-Large","Rs
1999",799,60% off,Lingerie&Nightwear-Women
17997,Jockey,Womens non wired non padded full coverage shaper bra - tea rose,"Size:32-B,32-C,34-B,34-C,34-D,36-B,36-C,36-D,38-B,38-C",Nan,529,No Discount,Lingerie&Nightwear-Women
17998,Jockey,Womens solid padded non wired sports bra - black,"Size:Large,Medium,Small,X-Large",Nan,679,No Discount,Lingerie&Nightwear-Women
17999,Enamor,Womens cotton stay new tank top - dusty pink,"Size:XL,Large,Medium,Small",Nan,180,No Discount,Lingerie&Nightwear-Women
18000,Insense,Printed cotton round neck womens t-shirt - yellow,"Size:Large,Medium,Small,X-Large,X-Small","Rs
499",249,50% off,Lingerie&Nightwear-Women
18001,Triumph,Cotton womens intimatewear panty - ribbon red,"Size:Large,Small","Rs
799",399,50% off,Lingerie&Nightwear-Women
18002,Enamor,Non-wired racerback strap lightly padded womens t-shirt bra - oatmeal,"Size:32-B,32-C,32-D,34-B,34-C,34-D,36-B,36-C,36-D,38-B,38-C","Rs
849",424,50% off,Lingerie&Nightwear-Women
18003,Enamor,Womens non padded non wired full coverage every day bra - white,"Size:32-B,32-C,32-D,34-C,34-D,38-B,38-C","Rs
390",195,50% off,Lingerie&Nightwear-Women
18004,Triumph,Wired fixed straps non padded womens every day bra - bordeaux,"Size:34-E,36-E,38-C,38-D,38-F","Rs
1799",899,50% off,Lingerie&Nightwear-Women
18005,Van heusen,Cotton slim fit womens athleisure t-shirt - shocking pink,"Size:Large,Medium,Small,X-Large,XX-Large",Nan,479,No Discount,Lingerie&Nightwear-Women
18006,Triumph,Womens solid hipster briefs - pack of 3 - burgundy,"Size:Large,Medium,Small,X-Large","Rs
799",599,25% off,Lingerie&Nightwear-Women
18007,Amante,Womens lightly padded wirefree seamless comfort t-shirt bra - dusty pink,"Size:32-B,32-C,32-D,34-B,34-C,34-D,36-B,36-C,36-D,38-C,38-D,40-C,40-D","Rs
895",626,30% off,Lingerie&Nightwear-Women
18008,Triumph,Non-wired fixed strap padded womens every day bra - grey,"Size:34-C,34-D,34-E,36-C,36-D,36-E,38-C,38-D,38-E,40-C,40-D,40-E",Nan,1399,No Discount,Lingerie&Nightwear-Women
18009,Insense,Half sleeves night wear womens t-shirt - pink,"Size:Medium,Small,X-Small","Rs
399",199,50% off,Lingerie&Nightwear-Women
18010,Enamor,Cotton activewear womens track pants - buff,"Size:XL,Large,Medium,Small",Nan,1499,No Discount,Lingerie&Nightwear-Women
18011,Enamor,Womens slub long shrug - grey,"Size:Large,Medium,Small","Rs
799",559,30% off,Lingerie&Nightwear-Women
18012,Erotissch,Cotton womens sleepwear set - old rose,"Size:Large,Medium,Small,X-Large,XX-Large","Rs
1600",720,55% off,Lingerie&Nightwear-Women
18013,Erotissch,Cotton womens sleepwear set - pink,"Size:Large,Medium,Small,X-Large,XX-Large","Rs
1600",720,55% off,Lingerie&Nightwear-Women
18014,Triumph,Non wired fixed straps heavily padded womens every day bra - blue,"Size:32-B,32-C,32-D,34-B,34-C,34-D,36-B,36-C,36-D,38-C","Rs
1599",959,40% off,Lingerie&Nightwear-Women
18015,Enamor,Waist cincher - buff,"Size:Large,Small,XX-Large",Nan,1799,No Discount,Lingerie&Nightwear-Women
18016,Enamor,Non-wired racerback strap non padded womens t-shirt bra - silver cloud,"Size:32-B,32-C,34-B,34-C,36-B,36-C,38-B,38-C",Nan,999,No Discount,Lingerie&Nightwear-Women
18017,Insense,Half sleeves night wear womens t-shirt - red,"Size:Large,Medium,Small,X-Small","Rs
399",199,50% off,Lingerie&Nightwear-Women
18018,Erotissch,Non-wired fixed strap non padded womens bralette bra - blood,"Size:Large,Medium,Small,X-Large,XX-Large","Rs
1199",539,55% off,Lingerie&Nightwear-Women
18019,Jockey,Women cotton racer back tank top - white,Size:Error Size,Nan,199,No Discount,Lingerie&Nightwear-Women
18020,Triumph,Non wired fixed straps lightly padded womens sports bra - grey,"Size:32-B,32-C,32-D,34-B","Rs
2699",1349,50% off,Lingerie&Nightwear-Women
18021,Triumph,Womens solid padded non wired t-shirt bra - navy,"Size:32-B,34-C,36-B","Rs
1899",949,50% off,Lingerie&Nightwear-Women
18022,Sweet dreams,Solid cotton regular fit womens top and capri set - rose,"Size:Large,Medium,Small,X-Large,XX-Large","Rs
1899",1329,30% off,Lingerie&Nightwear-Women
18023,Enamor,Push up t-shirt bra - padded wired - bottle green,"Size:32-B,32-C,34-B,36-B,36-C","Rs
1299",649,50% off,Lingerie&Nightwear-Women
18024,Sweet dreams,Printed cotton regular fit womens sleepwear set - blue,"Size:Large,Medium,Small,X-Large","Rs
1399",839,40% off,Lingerie&Nightwear-Women
18025,Sweet dreams,Printed cotton aop regular fit womens sleepwear set - navy,"Size:Large,Medium,Small,XX-Large","Rs
1699",1019,40% off,Lingerie&Nightwear-Women
18026,Parfait,Solid nylon womens camisole - peach,"Size:4X-Large,Large,Medium,X-Large,XX-Large,XXX-Large","Rs
3499",2799,20% off,Lingerie&Nightwear-Women
18027,Enamor,Womens non padded non wired printed full coverage bra - pale peach,"Size:32-B,32-C,32-D,36-B,38-B,40-B","Rs
659",329,50% off,Lingerie&Nightwear-Women
18028,Triumph,Wired fixed strap non padded womens minimiser bra - green,"Size:34-C,34-D,34-E,36-C,36-D,36-E,38-C,38-D,38-E,40-D,40-E",Nan,1799,No Discount,Lingerie&Nightwear-Women
18029,Enamor,Womens non padded non wired lace bra - red mix,"Size:32-C,34-B","Rs
699",349,50% off,Lingerie&Nightwear-Women
18030,Sweet dreams,Rayon full length night dress - black,Size:Large,"Rs
1699",1019,40% off,Lingerie&Nightwear-Women
18031,Life,Women cotton regular sleepwear - multi,"Size:Large,Medium,X-Small","Rs
1199",599,50% off,Lingerie&Nightwear-Women
18032,Stop,Womens printed ankle length casual wear flared nighty - blue,"Size:Large/X-Large,Small/Medium","Rs
999",499,50% off,Lingerie&Nightwear-Women
18033,Sweet dreams,Printed cotton blend regular fit womens sleepwear set - peach,"Size:Large,Medium,Small,XXX-Large","Rs
1499",899,40% off,Lingerie&Nightwear-Women
18034,Triumph,Non wired fixed straps heavily padded womens every day bra - pink,"Size:32-B,32-C,32-D,34-B,34-C,34-D,36-B,36-C,36-D,38-C","Rs
1599",959,40% off,Lingerie&Nightwear-Women
18035,Jockey,Cotton womens knit essentials panty - mixed darks,"Size:Large,Medium,Small,X-Large,XX-Large",Nan,399,No Discount,Lingerie&Nightwear-Women
18036,Triumph,Non wired strapless heavily padded womens t-shirt bra - grey,"Size:32-C,34-B,36-B,36-C,36-D","Rs
2999",1499,50% off,Lingerie&Nightwear-Women
18037,Amante,Womens solid padded non wired sports bra - feather grey,"Size:Large,Medium,Small,X-Large","Rs
995",696,30% off,Lingerie&Nightwear-Women
18038,Sweet dreams,Printed cotton relaxed fit womens shorts - pink,"Size:Large,Medium,Small,X-Large,XX-Large","Rs
859",601,30% off,Lingerie&Nightwear-Women
18039,Jockey,Non-wired multiway straps lightly padded womens every day bra - blood,"Size:32-B,32-C,34-B,34-C,36-B,36-C",Nan,1199,No Discount,Lingerie&Nightwear-Women
18040,Enamor,Cotton womens activewear t-shirt - capri blue,"Size:XL,Large,Medium,Small",Nan,799,No Discount,Lingerie&Nightwear-Women
18041,Soie,Womens round neck solid night dress - lemon,"Size:Large,Medium,Small,X-Large","Rs
1130",847,25% off,Lingerie&Nightwear-Women
18042,Triumph,Non wired fixed strap non padded womens maternity bra - ecru,"Size:34-B,34-C,34-D,34-E,36-B,36-C,36-D,36-E,38-B,38-C,38-D,38-E,40-C,40-D",Nan,1049,No Discount,Lingerie&Nightwear-Women
18043,Triumph,Wired fixed straps heavily padded womens every day bra - brown,"Size:32-B,32-C,32-D,34-B,34-C,34-D,36-B,36-C,36-D,38-C,38-D","Rs
1799",899,50% off,Lingerie&Nightwear-Women
18044,Enamor,Cotton lycra womens regular panties - multicount broken twill,"Size:XL,Large,Medium,Small,XX-Large",Nan,649,No Discount,Lingerie&Nightwear-Women
18045,Triumph,Non wired strapless heavily padded womens sports bra - grey,Size:32-E,"Rs
2699",1349,50% off,Lingerie&Nightwear-Women
18046,Triumph,Womens solid padded non wired push up bra - natural,"Size:32-D,34-D,36-D","Rs
1299",649,50% off,Lingerie&Nightwear-Women
18047,Triumph,Womens padded underwired balconette bra - black,"Size:34-E,36-E,38-E",Nan,1399,No Discount,Lingerie&Nightwear-Women
18048,Jockey,Womens wired padded low neckline front opening bra - navy,"Size:32-B,32-C,34-B,34-C,36-B,36-C,38-B",Nan,1299,No Discount,Lingerie&Nightwear-Women
18049,Triumph,Womens lace padded non wired full coverage bra - white,"Size:32-B,32-C,32-D,32-E,34-B,34-C,34-E,36-B,36-C,38-C","Rs
2199",1099,50% off,Lingerie&Nightwear-Women
18050,Van heusen,Wired halter strap lightly padded womens every day bra - black,"Size:30-B,32-B,32-C,34-B,34-C,34-D,36-B,36-C,36-D,38-B,38-C,38-D",Nan,1249,No Discount,Lingerie&Nightwear-Women
18051,Erotissch,Womens yellow briefs - banana,"Size:Large,Medium,Small,X-Large","Rs
690",310,55% off,Lingerie&Nightwear-Women
18052,Erotissch,Nylon low rise womens hipster briefs - grape,"Size:Large,Medium,Small,X-Large","Rs
499",224,55% off,Lingerie&Nightwear-Women
18053,Erotissch,Non-wired fixed strap non padded womens bralette bra - black,"Size:Large,Medium,Small,X-Large,XX-Large","Rs
1199",539,55% off,Lingerie&Nightwear-Women
18054,Jockey,Women cotton capri - black,"Size:Large,Medium,Small,X-Large",Nan,579,No Discount,Lingerie&Nightwear-Women
18055,Enamor,Non wired racerback straps lightly padded womens bikini - birch,"Size:32-B,32-C,32-D,34-B,34-C,34-D,36-B,36-C,36-D,38-B,38-C","Rs
749",374,50% off,Lingerie&Nightwear-Women
18056,Van heusen,Cotton womens intimatewear hipsters - multi,Size:Small,Nan,419,No Discount,Lingerie&Nightwear-Women
18057,Amante,Non-wired fixed strap non padded womens t-shirt bra - brown,"Size:Large,Medium,X-Large",Nan,1645,No Discount,Lingerie&Nightwear-Women
18058,Sweet dreams,Printed rayon regular fit womens pyjamas - pink,"Size:Large,Medium,Small,X-Large,XX-Large","Rs
1069",748,30% off,Lingerie&Nightwear-Women
18059,Jockey,Womens full briefs - black,"Size:Large,Medium,Small,X-Large",Nan,279,No Discount,Lingerie&Nightwear-Women
18060,Jockey,Non-wired fixed straps lightly padded womens every day bra - natural,"Size:Large,Medium,Small,X-Large",Nan,1199,No Discount,Lingerie&Nightwear-Women
18061,Triumph,Womens cotton comfort hw-set nightwear - light blue,"Size:Large,Medium","Rs
2999",1499,50% off,Lingerie&Nightwear-Women
18062,Enamor,Womens athleisure swing tank top - rose,"Size:XL,Large,Medium,Small","Rs
499",349,30% off,Lingerie&Nightwear-Women
18063,Enamor,Non wired racerback straps non padded womens bikini - black,"Size:32-B,32-C,32-D,32-Z,34-B,34-C,34-D,34-Z,36-B,36-C,36-D,36-Z,38-B,38-C,38-D,38-Z,40-B,40-C,40-D,42-B,42-C","Rs
649",324,50% off,Lingerie&Nightwear-Women
18064,Jockey,Non-wired multiway straps lightly padded womens every day bra - old rose,"Size:30-B,32-B,32-C,34-B,34-C,36-B,36-C,38-B,38-C",Nan,1199,No Discount,Lingerie&Nightwear-Women
18065,Triumph,Womens slub padded non wired full coverage bra - red,"Size:32-B,32-D,34-C,34-D",Nan,1399,No Discount,Lingerie&Nightwear-Women
18066,Soie,Womens round neck solid t-shirt - baby pink,"Size:X-Large,XX-Large","Rs
650",422,35% off,Lingerie&Nightwear-Women
18067,Enamor,T-shirt cotton bra - padded wirefree - light blue,"Size:32-B,32-C,32-D,34-B,34-C,34-D,36-B,36-C,36-D,38-C",Nan,799,No Discount,Lingerie&Nightwear-Women
18068,Kaftan company,Printed cotton round neck womens night dress - pink,"Size:Large,Medium,X-Large,XX-Large,XXX-Large",Nan,1699,No Discount,Lingerie&Nightwear-Women
18069,Sweet dreams,Printed cotton rich regular fit womens sleepwear set - pink,"Size:Large,Medium,X-Large","Rs
1499",899,40% off,Lingerie&Nightwear-Women
18070,Faballey,Full sleeves casual wear womens sleepwear set - blue,"Size:Large,Medium,Small,X-Small","Rs
2400",1200,50% off,Lingerie&Nightwear-Women
18071,Amante,Non-wired fixed strap non padded womens t-shirt bra - brown,"Size:Large,Medium,Small,X-Large",Nan,1595,No Discount,Lingerie&Nightwear-Women
18072,Triumph,Wired strapless heavily padded womens t-shirt bra - pink,"Size:34-C,34-D,34-E,34-F,36-C,36-D,36-E,36-F,38-C,38-D,38-E,38-F","Rs
2199",1319,40% off,Lingerie&Nightwear-Women
18073,Sweet dreams,Solid cotton regular fit womens top and capri set - pink,"Size:Large,Medium,Small,X-Large,XX-Large","Rs
1649",1154,30% off,Lingerie&Nightwear-Women
18074,Erotissch,Cotton womens sleepwear set - pale peach,"Size:Large,Medium,Small,X-Large,XX-Large","Rs
1600",720,55% off,Lingerie&Nightwear-Women
18075,Erotissch,Cotton womens sleepwear set - raspberry,"Size:Large,Medium,Small,X-Large,XX-Large","Rs
1600",720,55% off,Lingerie&Nightwear-Women
18076,Erotissch,Cotton womens sleepwear set - rain slub,"Size:Large,Medium,Small,X-Large,XX-Large","Rs
1600",720,55% off,Lingerie&Nightwear-Women
18077,Insense,Printed cotton regular neck womens t-shirt - peach,"Size:Large,Medium,Small,X-Large,X-Small","Rs
499",249,50% off,Lingerie&Nightwear-Women
18078,Soie,Womens full coverage m frame non-padded non-wired seamed bra - black,"Size:32-B,34-B,36-B,38-B,40-B","Rs
480",192,60% off,Lingerie&Nightwear-Women
18079,Nayomi,Womens solid lace padded non wired plunge bra - black,"Size:38-B,38-DD,40-C,40-D,40-DD,42-C,42-D,42-DD","Rs
1499",349,77% off,Lingerie&Nightwear-Women
18080,Triumph,Polyamide comfort touch 01 everyday invisible microfibre womens hipster briefs - red mix,Size:Large,"Rs
599",299,50% off,Lingerie&Nightwear-Women
18081,Enamor,Womens embroidered padded non wired plunge bra - powder blue,"Size:32-B,32-C,34-B,38-B","Rs
1699",849,50% off,Lingerie&Nightwear-Women
18082,Sweet dreams,Printed cotton round neck womens sleepwear set - navy,"Size:Large,Medium,Small,X-Large,XX-Large","Rs
1999",1399,30% off,Lingerie&Nightwear-Women
18083,Jockey,Womens padded non wired full coverage t-shirt bra - natural,"Size:32-B,32-C,34-B,34-C,36-B,36-C,38-B,38-C",Nan,799,No Discount,Lingerie&Nightwear-Women
18084,Sweet dreams,Printed cotton blend round neck womens top capri set - pink,"Size:Large,Medium,Small,X-Large","Rs
1599",1119,30% off,Lingerie&Nightwear-Women
18085,Triumph,Nylon regular womens bra - black,"Size:32-B,32-C,32-D,34-B,34-C,34-D,36-B,36-C,36-D","Rs
1999",999,50% off,Lingerie&Nightwear-Women
18086,Van heusen,Skinny fit ankle length womens track pants - black,"Size:Large,Medium,Small,X-Large",Nan,1299,No Discount,Lingerie&Nightwear-Women
18087,Triumph,Non wired fixed straps non padded womens every day bra - pink,"Size:42-E,44-D",Nan,1499,No Discount,Lingerie&Nightwear-Women
18088,Mystere paris,Cotton womens sleepsuit - red,"Size:Large,Medium,Small,X-Large","Rs
799",479,40% off,Lingerie&Nightwear-Women
18089,Janasya,Half sleeves regular fit cotton flex womens nightsuit set - white,"Size:Large,Medium,X-Large,X-Small,XX-Large","Rs
2489",995,60% off,Lingerie&Nightwear-Women
18090,Insense,Stripes cotton round neck womens regular fit top - navy,Size:Small,"Rs
499",249,50% off,Lingerie&Nightwear-Women
18091,Sweet dreams,Printed cotton blend round neck womens night dress - pink,"Size:Large,Medium","Rs
1049",629,40% off,Lingerie&Nightwear-Women
18092,Wacoal,Blended knit intimate wear womens panties - natural,"Size:Large,Medium,Small,X-Large","Rs
595",416,30% off,Lingerie&Nightwear-Women
18093,Enamor,Cotton activewear womens track pants - aviator,"Size:XL,Large,Small","Rs
899",629,30% off,Lingerie&Nightwear-Women
18094,Jockey,Womens non wired padded t-shirt bra - muted wine,"Size:32-B,32-C,34-B,34-C,36-B,36-C,38-B,38-C",Nan,899,No Discount,Lingerie&Nightwear-Women
18095,Enamor,Cotton stretch womens intimate wear panties - lapiz,"Size:XL,Large,Medium,Small",Nan,729,No Discount,Lingerie&Nightwear-Women
18096,Wacoal,Womens gococi padded wireless solid bra - grey,"Size:Large,Medium,Small","Rs
2195",1097,50% off,Lingerie&Nightwear-Women
18097,Wacoal,Wired fixed strap non padded womens every day bra - natural,"Size:32-C,32-D,32-DD,32-E,34-B,34-C,34-D,34-DD,34-E,36-B,36-C,36-D,36-DD,36-E,38-C,38-D,38-DD,38-E,40-C,40-D,40-DD","Rs
2995",1198,60% off,Lingerie&Nightwear-Women
18098,Jockey,Womens printed padded non wired sports bra - denim black stonewash,"Size:Large,Medium,Small,X-Large",Nan,929,No Discount,Lingerie&Nightwear-Women
18099,Triumph,Polyamide high waist tummy and thigh control maximum support womens shapewear - brown,"Size:Large,Medium,Small,X-Large",Nan,2599,No Discount,Lingerie&Nightwear-Women
18100,Triumph,Womens padded non wired full coverage bra - black,"Size:32-C,32-D,34-C,34-D,36-C,36-D","Rs
2299",1149,50% off,Lingerie&Nightwear-Women
18101,Jockey,Cotton low rise womens intimate wear panties - multi,"Size:Large,Medium,Small,X-Large,XX-Large",Nan,549,No Discount,Lingerie&Nightwear-Women
18102,Insense,Stripe cotton round neck womens t-shirt - lilac,"Size:Small,X-Small","Rs
399",199,50% off,Lingerie&Nightwear-Women
18103,Erotissch,Cotton womens sleepwear set - pearl,"Size:Large,Medium,Small,X-Large,XX-Large","Rs
1600",720,55% off,Lingerie&Nightwear-Women
18104,Jockey,Womens non padded non wired full coverage bra - black,"Size:32-B,32-C,34-B,34-C,36-B,36-C,38-B,38-C",Nan,469,No Discount,Lingerie&Nightwear-Women
18105,Jockey,Non-wired fixed straps non padded womens every day bra - navy,"Size:32-B,32-C,34-B,34-C,34-D,36-B,36-C,36-D,38-B,38-C,38-D",Nan,699,No Discount,Lingerie&Nightwear-Women
18106,Enamor,Non-wired racerback strap lightly padded womens t-shirt bra - tan,"Size:XL,Large,Medium,Small",Nan,1199,No Discount,Lingerie&Nightwear-Women
18107,Van heusen,Wired halter strap lightly padded womens every day bra - red,"Size:32-B,32-C,34-B,34-C,36-B,36-C,38-B,38-C",Nan,899,No Discount,Lingerie&Nightwear-Women
18108,Soie,Womens round neck printed night dress - black,"Size:Large,Medium,Small,X-Large","Rs
1150",575,50% off,Lingerie&Nightwear-Women
18109,Amante,Womens solid non padded non wired full coverage bra - feather grey,"Size:Large,Medium,Small","Rs
1045",731,30% off,Lingerie&Nightwear-Women
18110,Clovia,Womens full coverage - red,"Size:32-B,32-C,34-B,34-C,36-B,36-C,38-B,38-C,40-B","Rs
599",359,40% off,Lingerie&Nightwear-Women
18111,Triumph,Womens 4d fit smart lightly padded non wired bra - light brown,"Size:Large,Medium,Small","Rs
3199",1599,50% off,Lingerie&Nightwear-Women
18112,Enamor,Womens athleisure swing tank top - baby pink,"Size:XL,Large,Medium,Small","Rs
499",349,30% off,Lingerie&Nightwear-Women
18113,Soie,Womens lace bikini briefs - light blue,Size:Small,Nan,350,No Discount,Lingerie&Nightwear-Women
18114,Jockey,Non-wired fixed straps non padded womens every day bra - mid blue,"Size:32-B,32-C,34-B,34-C,34-D,36-B,36-C,36-D,38-B,38-C,38-D",Nan,629,No Discount,Lingerie&Nightwear-Women
18115,Triumph,Polyester blend womens intimate wear panties - brown,"Size:Large,Medium,Small,X-Large",Nan,699,No Discount,Lingerie&Nightwear-Women
18116,Sweet dreams,Printed rayon relaxed fit womens pyjamas - blue,"Size:Large,Medium,Small,X-Large,XX-Large","Rs
1069",748,30% off,Lingerie&Nightwear-Women
18117,Erotissch,Cotton mid rise womens sleepwear set - paprika,"Size:Large,Medium,Small,X-Large","Rs
1299",584,55% off,Lingerie&Nightwear-Women
18118,Erotissch,Nylon knit womens intimatewear regular briefs - dusty lilac,"Size:Large,Medium,Small,X-Large","Rs
499",249,50% off,Lingerie&Nightwear-Women
18119,Erotissch,Polyester blend womens bodysuit - matt,"Size:Large,Medium,Small,X-Large","Rs
1449",652,55% off,Lingerie&Nightwear-Women
18120,Insense,Printed cotton round neck womens night dress - navy,"Size:Large,Medium,Small,X-Large,X-Small","Rs
899",449,50% off,Lingerie&Nightwear-Women
18121,Enamor,Womens scoop neck solid top - red mix,"Size:Medium,Small,X-Large","Rs
299",209,30% off,Lingerie&Nightwear-Women
18122,Jockey,Womens solid bikini - navy,"Size:Large,Medium,Small,X-Large",Nan,259,No Discount,Lingerie&Nightwear-Women
18123,Enamor,Non-wired strapless non padded womens every day bra - midnight_slub,"Size:XL,Large,Medium,Small","Rs
849",424,50% off,Lingerie&Nightwear-Women
18124,Soie,Womens full length soft cotton nighty with lace - blue,Size:Medium,"Rs
1640",1230,25% off,Lingerie&Nightwear-Women
18125,Enamor,Non wired racerback straps non padded womens bikini - spectra,"Size:32-B,32-C,32-D,34-B,34-C,34-D,36-B,36-C,36-D,38-B,38-C,38-D,40-B,40-C,40-D","Rs
699",349,50% off,Lingerie&Nightwear-Women
18126,Enamor,Nylon high rise womens regular panties - shocking pink,"Size:XL,Large,Medium,XX-Large","Rs
519",363,30% off,Lingerie&Nightwear-Women
18127,Enamor,Womens printed hipster briefs - tea rose,"Size:XL,Large,Medium","Rs
399",279,30% off,Lingerie&Nightwear-Women
18128,Clovia,Womens cotton rich t shirt bra with cross over moulded cups skin - brown,Size:32-C,"Rs
599",239,60% off,Lingerie&Nightwear-Women
18129,Enamor,Wired fixed straps non padded womens every day bra - eclipse,"Size:34-C,34-D,34-Z,36-C,36-D,36-Z,38-C,38-D,38-Z,40-D,40-Z",Nan,1499,No Discount,Lingerie&Nightwear-Women
18130,Triumph,Wired fixed straps heavily padded womens every day bra - graphite,"Size:32-B,32-C,32-D,34-B,34-C,34-D,36-B,36-C,36-D,38-C,38-D","Rs
1799",899,50% off,Lingerie&Nightwear-Women
18131,Sweet dreams,Printed cotton round neck womens top capri set - pink,"Size:Large,Medium,X-Large,XX-Large,XXX-Large","Rs
1299",909,30% off,Lingerie&Nightwear-Women
18132,Sweet dreams,Polka dots cotton blend round neck womens nighty - pink,Size:XX-Large,"Rs
1299",909,30% off,Lingerie&Nightwear-Women
18133,Soie,Womens round neck solid top and shorts set - natural,"Size:Large,Medium,Small","Rs
1040",520,50% off,Lingerie&Nightwear-Women
18134,Triumph,Non wired fixed straps heavily padded womens every day bra - pink,"Size:32-B,32-C,32-D,34-B,34-C,34-D,36-D","Rs
1999",1199,40% off,Lingerie&Nightwear-Women
18135,Clovia,Womens cotton rich non-padded non-wired t-shirt bra - red,"Size:32-B,32-C,34-B,34-C,36-B,36-C","Rs
599",239,60% off,Lingerie&Nightwear-Women
18136,Erotissch,Nylon low rise womens thongs - mixed brights,Size:Large,"Rs
1099",494,55% off,Lingerie&Nightwear-Women
18137,Clovia,Womens non-padded full cup bra - blue,"Size:32-B,34-C","Rs
599",359,40% off,Lingerie&Nightwear-Women
18138,Enamor,Full support cotton bra - x-frame high coverage non-padded wirefree - dusty peach,"Size:34-D,38-C",Nan,799,No Discount,Lingerie&Nightwear-Women
18139,Insense,Printed cotton round neck womens night dress - pink,"Size:Large,Medium,Small,X-Large,X-Small","Rs
899",449,50% off,Lingerie&Nightwear-Women
18140,Wacoal,Womens solid padded wired t-shirt bra - natural,"Size:32-A,32-B,32-C,32-D,32-DD,34-A,34-B,34-C,34-D,34-DD,36-A,36-B,36-C,36-D,36-DD,38-A,38-B,38-C,38-D,38-DD",Nan,1195,No Discount,Lingerie&Nightwear-Women
18141,Triumph,Polyester blend womens intimate wear panties - blue,"Size:Large,Medium,Small,X-Large",Nan,699,No Discount,Lingerie&Nightwear-Women
18142,Enamor,Cotton womens t-shirt - default color 1,"Size:XL,Large,Medium,Small,XX-Large",Nan,549,No Discount,Lingerie&Nightwear-Women
18143,Sweet dreams,Printed rayon relaxed fit womens pyjamas - pink,"Size:Large,Medium,Small,X-Large,XX-Large","Rs
1069",748,30% off,Lingerie&Nightwear-Women
18144,Kaftan company,Printed v-neck cotton womens night dress - yellow,"Size:Large,Medium,Small,X-Large",Nan,1999,No Discount,Lingerie&Nightwear-Women
18145,Jockey,Women cotton bikini brief(assorted pack of 3) - mixed neutrals,"Size:Large,Medium,Small,X-Large,XX-Large",Nan,549,No Discount,Lingerie&Nightwear-Women
18146,Sweet dreams,Printed cotton collar neck womens night dress - tomato,Size:XX-Large,"Rs
1999",1399,30% off,Lingerie&Nightwear-Women
18147,Enamor,Non wired racerback straps non padded womens bikini - deep blue,"Size:32-B,32-C,32-D,32-Z,34-B,34-C,34-D,34-Z,36-B,36-C,36-D,36-Z,38-B,38-C,38-D,38-Z,40-B,40-C,40-D,42-B,42-C","Rs
649",324,50% off,Lingerie&Nightwear-Women
18148,Van heusen,Non wired multiway straps heavily padded womens every day bra - black,"Size:30-B,32-B,34-D,36-C,36-D,38-B,38-C,38-D",Nan,949,No Discount,Lingerie&Nightwear-Women
18149,Amante,Womens solid medium coverage bra - sand,"Size:32-B,32-C,34-B,36-C,36-D,38-C","Rs
1045",940,10% off,Lingerie&Nightwear-Women
18150,Enamor,Womens solid padded non wired plunge bra - baby pink,"Size:32-B,32-C","Rs
1299",649,50% off,Lingerie&Nightwear-Women
18151,Clovia,Womens u-back bra - purple,"Size:32-B,32-C,34-B,34-C,36-B,36-C,38-B,38-C,40-B","Rs
599",359,40% off,Lingerie&Nightwear-Women
18152,Triumph,Non wired fixed strap non padded womens beginner bra - burgundy,"Size:34-C,34-D,34-E,36-C,36-D,36-E,36-F,38-C,38-D,38-E,38-F,40-C,40-D,40-E,40-F,40-G,42-D,42-E,42-F,42-G",Nan,1499,No Discount,Lingerie&Nightwear-Women
18153,Wacoal,Womens solid non padded non wired full coverage bra - natural,"Size:36-B,38-C","Rs
995",398,60% off,Lingerie&Nightwear-Women
18154,Sweet dreams,Graphic cotton blend round neck womens t-shirt - black,"Size:Large,Medium,Small,X-Large,XX-Large,XXX-Large","Rs
499",449,10% off,Lingerie&Nightwear-Women
18155,Triumph,Fixed straps womens every day bra - black,"Size:Large,Medium,Small,X-Large","Rs
599",359,40% off,Lingerie&Nightwear-Women
18156,Enamor,Cotton lycra womens hipster panties - mixed darks,"Size:XL,Small",Nan,499,No Discount,Lingerie&Nightwear-Women
18157,Enamor,Non-wired strapless non padded womens every day bra - grape,"Size:XL,Large,Medium,Small","Rs
849",424,50% off,Lingerie&Nightwear-Women
18158,Enamor,Cotton blend womens intimate wear panties - silver cloud,"Size:XL,Large,Medium,Small,XX-Large","Rs
409",286,30% off,Lingerie&Nightwear-Women
18159,Enamor,Womens padded non wired lace bra - charcoal,"Size:32-B,32-C,34-B,34-C,38-B","Rs
541",216,60% off,Lingerie&Nightwear-Women
18160,Sweet dreams,Solid cotton blend relaxed fit womens shorts - charcoal,"Size:Large,Medium,Small,X-Large,XX-Large","Rs
859",601,30% off,Lingerie&Nightwear-Women
18161,Erotissch,Non wired fixed straps heavily padded womens sports bra - blasted navy,"Size:Large,Medium,Small,X-Large","Rs
899",449,50% off,Lingerie&Nightwear-Women
18162,Enamor,Structured cotton blend regular fit womens track pants - maize,"Size:XL,Large,Medium,Small",Nan,949,No Discount,Lingerie&Nightwear-Women
18163,Mystere paris,Regular fit full length cotton womens pyjama - orange,"Size:Large,Medium,Small,X-Large","Rs
999",599,40% off,Lingerie&Nightwear-Women
18164,Triumph,Printed viscose collared neck womens night dress - black,"Size:36,38,40,42","Rs
3499",2624,25% off,Lingerie&Nightwear-Women
18165,Enamor,Womens padded wired plunge bra - shocking pink,"Size:32-B,32-C,32-D,34-B,34-C,34-D,36-B,36-C,36-D,38-B,38-C","Rs
1599",1119,30% off,Lingerie&Nightwear-Women
18166,Enamor,Cotton lycra womens hipster panties - print,"Size:XL,Small",Nan,499,No Discount,Lingerie&Nightwear-Women
18167,Wacoal,Blended knit womens intimatewear regular briefs - orchid,"Size:Large,Medium,X-Large","Rs
895",626,30% off,Lingerie&Nightwear-Women
18168,Triumph,Non wired fixed straps heavily padded womens every day bra - brown,"Size:34-B,34-C,34-D,36-B,36-C,36-D,38-C","Rs
1899",949,50% off,Lingerie&Nightwear-Women
18169,Triumph,Polyester blend womens intimate wear seamless brief - black,Size:1,"Rs
499",299,40% off,Lingerie&Nightwear-Women
18170,Amante,Cotton blend intimatewear womens boy shorts panty - sand,"Size:Large,Medium,Small,X-Large",Nan,325,No Discount,Lingerie&Nightwear-Women
18171,Enamor,Non-wired fixed strap non padded womens minimiser bra - feather grey,"Size:34-C,34-D,34-Z,36-B,36-C,36-D,36-Z,38-B,38-C,38-D,38-Z",Nan,1549,No Discount,Lingerie&Nightwear-Women
18172,Jockey,Womens non wired padded bra - cream,"Size:32-B,32-C,34-B,34-C,36-B,36-C,38-B",Nan,729,No Discount,Lingerie&Nightwear-Women
18173,Triumph,Non wired strapless heavily padded womens t-shirt bra - pink,"Size:34-C,34-D,34-E,34-F,36-C,36-D,36-E,36-F,38-C,38-D,38-E,38-F","Rs
2099",1259,40% off,Lingerie&Nightwear-Women
18174,Erotissch,Printed rayon collar neck womens regular fit night suit - blasted navy,"Size:Large,Medium,Small,X-Large","Rs
2999",1349,55% off,Lingerie&Nightwear-Women
18175,Jockey,Womens printed boy shorts - multi,"Size:Large,Medium,Small,X-Large",Nan,249,No Discount,Lingerie&Nightwear-Women
18176,Enamor,Non-wired racerback strap non padded womens every day bra - feather grey,"Size:34-B,34-C,34-D,34-Z,36-B,36-C,36-D,36-Z,38-B,38-C,38-D,38-Z,40-B,40-C,40-D,40-Z,42-B,42-C,42-D,42-Z",Nan,1149,No Discount,Lingerie&Nightwear-Women
18177,Triumph,Womens essential w non padded wired minimizer bra - peacock,Size:34-C,"Rs
2199",1099,50% off,Lingerie&Nightwear-Women
18178,Sweet dreams,Regular fit regular length polyester blend womens active wear capri - wine,"Size:Large,Medium,XX-Large","Rs
899",629,30% off,Lingerie&Nightwear-Women
18179,Enamor,High coverage nursing bra - side support non-padded wirefree - orchid,"Size:34-B,34-C,34-D,34-DD,36-C,36-DD,38-C",Nan,799,No Discount,Lingerie&Nightwear-Women
18180,Sweet dreams,Solid cotton blend regular fit womens sleepwear set - bubblegum,"Size:Large,Medium,Small,X-Large","Rs
1299",779,40% off,Lingerie&Nightwear-Women
18181,Sweet dreams,Printed cotton blend regular fit womens sleepwear set - pink,"Size:Large,Medium","Rs
1599",959,40% off,Lingerie&Nightwear-Women
18182,Jockey,Non-wired fixed straps non padded womens every day bra - natural,"Size:32-B,32-C,34-B,34-C,34-D,36-B,36-C,36-D,38-B,38-C,38-D",Nan,629,No Discount,Lingerie&Nightwear-Women
18183,Wacoal,Wired fixed straps lightly padded womens every day bra - ivory,"Size:32-B,32-C,32-D,34-B,34-C,34-D,34-DD,36-B,36-C,36-D,36-DD,38-C,38-D","Rs
2195",1536,30% off,Lingerie&Nightwear-Women
18184,Enamor,Womens printed leggings - dusty peach,"Size:XL,Medium,Small","Rs
1499",1049,30% off,Lingerie&Nightwear-Women
18185,Triumph,Non-wired fixed straps lightly padded womens every day bra - orange,"Size:34-B,34-C,34-D,36-B,36-C,36-D,38-C,38-D,40-D",Nan,1099,No Discount,Lingerie&Nightwear-Women
18186,Sweet dreams,Printed cotton collar neck womens night dress - tomato,"Size:Large,Medium,X-Large,XX-Large","Rs
1899",1329,30% off,Lingerie&Nightwear-Women
18187,Triumph,Womens nylon blend padded every day bra - coral rose,"Size:34-C,34-E,34-F,36-C,36-D,36-E,36-F,38-C,38-D,38-E,38-F,40-D,40-E","Rs
1999",999,50% off,Lingerie&Nightwear-Women
18188,Triumph,Cotton stretty cotton 80 medium coverage midi womens briefs - pack of 3 - black,Size:XX-Large,"Rs
799",599,25% off,Lingerie&Nightwear-Women
18189,Enamor,Non-wired racerback strap lightly padded womens t-shirt bra - grape,"Size:32-B,32-C,32-D,34-B,34-C,34-D,36-B,36-C,36-D,38-B,38-C","Rs
1049",524,50% off,Lingerie&Nightwear-Women
18190,Erotissch,Cotton womens sleepwear set - raw,"Size:Large,Medium,Small,X-Large,XX-Large","Rs
1600",720,55% off,Lingerie&Nightwear-Women
18191,Erotissch,Cotton mid rise womens sleepwear set - blast,"Size:Large,Medium,Small,X-Large","Rs
1299",584,55% off,Lingerie&Nightwear-Women
18192,Enamor,Womens lightly padded non wired medium coverage t-shirt bra - black,"Size:32-C,32-D,34-B,34-D,36-B,36-D,38-B,38-C","Rs
442",221,50% off,Lingerie&Nightwear-Women
18193,Soie,Womens round neck solid night dress - multi,"Size:Large,Medium,Small,X-Large","Rs
1130",847,25% off,Lingerie&Nightwear-Women
18194,Insense,Printed cotton regular fit womens night wear t-shirt - powder blue,"Size:Large,Medium,Small,X-Large,X-Small,XX-Large","Rs
499",249,50% off,Lingerie&Nightwear-Women
18195,Soie,Womens round neck solid top and shorts set - acid green,"Size:Large,Medium,Small","Rs
1040",520,50% off,Lingerie&Nightwear-Women
18196,Soie,Womens round neck solid top and shorts set - coffee,"Size:Large,Medium,Small","Rs
1040",520,50% off,Lingerie&Nightwear-Women
18197,Faballey,Full sleeves casual wear womens loungewear - natural,Size:Small,"Rs
1950",975,50% off,Lingerie&Nightwear-Women
18198,Amante,Non-wired regular strap non-padded womens everyday bra - black,"Size:32-B,32-C,32-D,34-B,34-C,34-D,36-B,36-C,36-D,38-C,38-D,40-C,40-D",Nan,595,No Discount,Lingerie&Nightwear-Women
18199,Van heusen,Cotton stretch slim fit womens activewear tank top - light mauve,"Size:Large,Medium,Small,X-Large",Nan,749,No Discount,Lingerie&Nightwear-Women
18200,Erotissch,Cotton mid rise womens sleepwear set - bone white,"Size:Large,Medium,Small,X-Large","Rs
1299",584,55% off,Lingerie&Nightwear-Women
18201,Triumph,Nylon regular womens bra - navy,"Size:32-B,32-C,32-D,34-B,34-C,34-D,36-B,36-C,36-D,38-C,38-D","Rs
2099",1049,50% off,Lingerie&Nightwear-Women
18202,Triumph,Non wired fixed straps heavily padded womens every day bra - black,"Size:32-B,32-C,32-D,34-B,34-C,34-D,36-D","Rs
1999",1199,40% off,Lingerie&Nightwear-Women
18203,Enamor,Cotton womens active wear t-shirt - royal,"Size:XL,Large,Medium,Small,XX-Large",Nan,799,No Discount,Lingerie&Nightwear-Women
18204,Sweet dreams,Printed cotton round neck womens top capri set - peach,"Size:Large,Medium,X-Large,XX-Large,XXX-Large","Rs
1299",909,30% off,Lingerie&Nightwear-Women
18205,Yuris,Paisley cotton regular fit womens night suit - multi,"Size:Large,Medium,Small,X-Large,XX-Large","Rs
2199",989,55% off,Lingerie&Nightwear-Women
18206,Wacoal,Wired fixed strap non padded womens every day bra - black,"Size:32-B,32-C,32-D,32-DD,34-B,34-C,34-D,34-DD,36-B,36-C,36-D,36-DD,38-B,38-C,38-D,38-DD",Nan,2699,No Discount,Lingerie&Nightwear-Women
18207,Sweet dreams,Striped rayon round neck womens night dress - peach,"Size:Large,X-Large,XX-Large","Rs
2099",1469,30% off,Lingerie&Nightwear-Women
18208,Amante,Solid cotton womens camisole - black,"Size:Large,Medium,Small,X-Large",Nan,375,No Discount,Lingerie&Nightwear-Women
18209,Jockey,Womens padded non wired full coverage bra - black,"Size:32-B,32-C,34-B,34-C,34-D,36-B,36-C,36-D,38-B,38-C,38-D",Nan,499,No Discount,Lingerie&Nightwear-Women
18210,Mystere paris,Regular fit full length cotton womens night wear shorts - green,"Size:Large,Medium,Small,X-Large","Rs
799",479,40% off,Lingerie&Nightwear-Women
18211,Triumph,Womens solid lace trimming bikini briefs pack of 2 - multi,"Size:Medium,Small","Rs
849",424,50% off,Lingerie&Nightwear-Women
18212,Triumph,Non wired multiway strap non padded womens beginner bra - white,Size:Large,"Rs
899",449,50% off,Lingerie&Nightwear-Women
18213,Sweet dreams,Solid blended regular fit womens pyjamas - charcoal,"Size:Large,Medium,Small,X-Large,XX-Large,XXX-Large","Rs
699",629,10% off,Lingerie&Nightwear-Women
18214,Erotissch,Polyester blend womens bodysuit - club,"Size:Large,Medium,Small,X-Large","Rs
1449",652,55% off,Lingerie&Nightwear-Women
18215,Erotissch,Nylon low rise womens hipster briefs - black_satin,"Size:Large,Medium,Small,X-Large","Rs
499",224,55% off,Lingerie&Nightwear-Women
18216,Insense,Printed cotton mid thigh womens night wear shorts - peach,"Size:28,30,32,34,36","Rs
499",249,50% off,Lingerie&Nightwear-Women
18217,Jockey,Non-wired fixed straps lightly padded womens every day bra - black,"Size:30-B,32-B,32-C,32-D,34-B,34-C,34-D,36-B,36-C,36-D,38-B,38-C,40-B",Nan,799,No Discount,Lingerie&Nightwear-Women
18218,Enamor,Wired multiway strap padded womens everyday bra - honey,"Size:32-B,32-C,32-D,34-B,34-C,34-D,36-B,36-C,36-D,38-B,38-C",Nan,1399,No Discount,Lingerie&Nightwear-Women
18219,Clovia,Womens cotton rich non-padded non-wired bra with lace - natural,"Size:32-B,32-C","Rs
342",205,40% off,Lingerie&Nightwear-Women
18220,Enamor,Cotton womens activewear t-shirt - canal,"Size:XL,Large,Medium,Small",Nan,749,No Discount,Lingerie&Nightwear-Women
18221,Amante,Womens solid bikini briefs - denim black,"Size:Large,Medium,Small,X-Large","Rs
545",299,45% off,Lingerie&Nightwear-Women
18222,Enamor,Womens lace padded wired balconette bra - sky blue,"Size:32-C,34-C,34-D,36-B,36-C,38-B","Rs
1199",599,50% off,Lingerie&Nightwear-Women
18223,Jockey,Non-wired fixed straps lightly padded womens every day bra - cranberry,"Size:30-B,32-B,32-C,34-B,34-C,36-B,36-C,38-B",Nan,799,No Discount,Lingerie&Nightwear-Women
18224,Mystere paris,Regular fit short length cotton womens shorts - peach,"Size:Large,X-Large","Rs
599",359,40% off,Lingerie&Nightwear-Women
18225,Enamor,Nylon womens thighs shapewear - buff,"Size:XL,Large,Medium,XX-Large","Rs
1299",779,40% off,Lingerie&Nightwear-Women
18226,Sweet dreams,Printed cotton regular fit womens pyjama set - smoke,"Size:Large,Medium,Small,X-Large,XX-Large,XXX-Large","Rs
1899",1329,30% off,Lingerie&Nightwear-Women
18227,Triumph,Womens solid padded non wired push up bra - black,"Size:32-D,34-D,36-D","Rs
1299",649,50% off,Lingerie&Nightwear-Women
18228,Enamor,Strapless t-shirt bra - full support padded wired - black,"Size:32-B,32-C,32-D,34-B,34-C,34-D,36-B,36-C,36-D,38-B,38-C,38-D",Nan,1399,No Discount,Lingerie&Nightwear-Women
18229,Infuse,Printed cotton womens casual wear top & pyjama set - navy,"Size:Large,Medium,Small,X-Large,X-Small,XX-Large","Rs
1999",999,50% off,Lingerie&Nightwear-Women
18230,Soie,Cotton short length womens regular fit night dress - multi,"Size:Large,Medium,Small,X-Large","Rs
1230",922,25% off,Lingerie&Nightwear-Women
18231,Enamor,Non wired racerback straps lightly padded womens bikini - deep navy,"Size:32-B,32-C,32-D,34-B,34-C,34-D,36-B,36-C,36-D,38-B,38-C","Rs
749",374,50% off,Lingerie&Nightwear-Women
18232,Enamor,Non wired racerback straps non padded womens every day bra - granite,"Size:32-B,32-C,32-D,34-B,34-C,34-D,36-B,36-C,36-D,38-B,38-C,38-D,40-C,40-D",Nan,699,No Discount,Lingerie&Nightwear-Women
18233,Jockey,Women blended camisole - black,"Size:Large,Medium,Small",Nan,429,No Discount,Lingerie&Nightwear-Women
18234,Jockey,Non-wired fixed straps lightly padded womens every day bra - peach,"Size:30-B,32-B,32-C,34-B,34-C,36-B,36-C,38-B",Nan,799,No Discount,Lingerie&Nightwear-Women
18235,Clovia,Womens satin nightwear set - gold,"Size:Large,Medium,Small,X-Large","Rs
2499",1499,40% off,Lingerie&Nightwear-Women
18236,Jockey,Non-wired fixed straps non padded womens every day bra - aubergine,"Size:32-B,32-C,34-B,34-C,34-D,36-B,36-C,36-D,38-B,38-C,38-D",Nan,629,No Discount,Lingerie&Nightwear-Women
18237,Parfait,Non wired fixed straps non padded womens bralette - black,"Size:32-D,32-DD,32-E,34-D,34-DD,34-E,36-D,36-DD,36-E,38-D,38-DD,38-E","Rs
1999",1799,10% off,Lingerie&Nightwear-Women
18238,Mystere paris,Cotton regular fit womens night wear pyjamas - green,"Size:Large,Medium,Small,X-Large,XX-Large","Rs
799",479,40% off,Lingerie&Nightwear-Women
18239,Adidas,Printed polyester fitted womens sports bra - grey,"Size:Large,Medium,Small,X-Large,X-Small","Rs
2499",1749,30% off,Lingerie&Nightwear-Women
18240,Enamor,Non-wired fixed strap non padded womens minimiser bra - buff,"Size:34-C,34-D,34-Z,36-B,36-C,36-D,36-Z,38-B,38-C,38-D,38-Z",Nan,1549,No Discount,Lingerie&Nightwear-Women
18241,Enamor,Cotton blend womens intimate wear bikini panties - 106_multi,"Size:XL,Large,Medium,Small,XX-Large",Nan,529,No Discount,Lingerie&Nightwear-Women
18242,Insense,Printed cotton round neck womens t-shirt - peach,"Size:Large,Medium,Small,X-Large,X-Small","Rs
499",249,50% off,Lingerie&Nightwear-Women
18243,Enamor,Cotton blend womens active wear t-shirt - teal,"Size:XL,Large,Medium,Small,XX-Large","Rs
699",489,30% off,Lingerie&Nightwear-Women
18244,Indya,Floral viscose regular fit jaal shorts set - maroon,"Size:Large,Medium,Small,X-Large,X-Small,XX-Large",Nan,2100,No Discount,Lingerie&Nightwear-Women
18245,Enamor,Cotton blend womens night wear shorts - ice,"Size:XL,Large,Medium,Small,XX-Large","Rs
749",524,30% off,Lingerie&Nightwear-Women
18246,Enamor,Womens dolman short sleeve lounge graphic tee - denim black,"Size:XL,Large,Medium,Small",Nan,749,No Discount,Lingerie&Nightwear-Women
18247,Erotissch,Cotton womens sleepwear set - eclipse,"Size:Large,Medium,Small,X-Large,XX-Large","Rs
1600",720,55% off,Lingerie&Nightwear-Women
18248,Erotissch,Cotton mid rise womens sleepwear set - black,"Size:Large,Medium,Small,X-Large","Rs
1299",584,55% off,Lingerie&Nightwear-Women
18249,Erotissch,Cotton womens sleepwear set - pista green,"Size:Large,Medium,Small,X-Large,XX-Large","Rs
1600",720,55% off,Lingerie&Nightwear-Women
18250,Jockey,Women blended bikini brief - black,"Size:Large,Medium,Small",Nan,239,No Discount,Lingerie&Nightwear-Women
18251,Van heusen,Non-wired fixed strap non padded womens minimiser bra - natural,"Size:34-D,36-C,36-D,38-B,40-B,42-B",Nan,1199,No Discount,Lingerie&Nightwear-Women
18252,Clovia,Womens non-padded bra - green,"Size:34-C,36-B,36-C","Rs
342",205,40% off,Lingerie&Nightwear-Women
18253,Amante,Womens solid bikini briefs - grey,"Size:Large,Medium,Small,X-Large","Rs
545",299,45% off,Lingerie&Nightwear-Women
18254,Triumph,Womens self printed non padded wired t-shirt bra - white,"Size:34-C,34-D,34-E,36-C,36-D,36-E,38-C,38-D,38-E,40-D",Nan,1599,No Discount,Lingerie&Nightwear-Women
18255,Van heusen,Wired halter strap lightly padded womens every day bra - brown,"Size:30-B,32-B,32-C,34-B,34-C,34-D,36-B,36-C,36-D,38-B,38-C,38-D",Nan,1249,No Discount,Lingerie&Nightwear-Women
18256,Jockey,Womens non wired non padded full coverage shaper bra - mid blue,"Size:32-B,32-C,34-B,34-C,36-B,36-C,38-B,38-C",Nan,629,No Discount,Lingerie&Nightwear-Women
18257,Enamor,Full support bra - high coverage non-padded wirefree - wine,"Size:34-B,34-C,34-D,36-B,36-C,36-D,38-B,38-C,38-D",Nan,1049,No Discount,Lingerie&Nightwear-Women
18258,Jockey,Womens non wired padded bra - cranberry,"Size:32-B,32-C,34-B,34-C,36-B,36-C,38-B",Nan,729,No Discount,Lingerie&Nightwear-Women
18259,Amante,Womens solid padded non wired t-shirt bra - black,"Size:32-B,32-C,34-B,34-C,34-D,36-B,36-C,36-D,38-B,38-C",Nan,1045,No Discount,Lingerie&Nightwear-Women
18260,Clovia,Womens full coverage bra - red,"Size:32-B,32-C,34-B,34-C,36-B,36-C,38-B,40-B","Rs
599",359,40% off,Lingerie&Nightwear-Women
18261,Triumph,Wired fixed strap heavily padded womens t-shirt bra - grey,"Size:32-B,32-C,32-D,34-B,34-C,34-D,34-E,34-F,36-B,36-C,36-D,36-E,36-F,38-C,38-D,38-E",Nan,2299,No Discount,Lingerie&Nightwear-Women
18262,Triumph,Non wired fixed strap lightly padded womens sports bra - silver grey,"Size:8,10,12,14","Rs
1599",799,50% off,Lingerie&Nightwear-Women
18263,Enamor,Non-wired strapless non padded womens every day bra - black_stretch,"Size:Medium,Small,X-Small,XX-Small",Nan,699,No Discount,Lingerie&Nightwear-Women
18264,Mystere paris,Cotton regular fit womens night wear pyjamas - navy,"Size:Large,Medium,Small,X-Large","Rs
999",599,40% off,Lingerie&Nightwear-Women
18265,Enamor,Cotton blend womens active wear t-shirt - leaf green,"Size:XL,Large,Medium,Small,X-Small,XX-Large","Rs
669",468,30% off,Lingerie&Nightwear-Women
18266,Enamor,Womens non padded non wired medium coverage every day bra - off white,"Size:32-B,32-C,32-D,38-B","Rs
390",195,50% off,Lingerie&Nightwear-Women
18267,Soie,Womens low waist lace bikini briefs - set of 2 - multi,"Size:Large,Medium","Rs
490",245,50% off,Lingerie&Nightwear-Women
18268,Enamor,Cotton blend womens active wear t-shirt - mandarin,"Size:XL,Large,Medium,Small,X-Small,XX-Large","Rs
669",468,30% off,Lingerie&Nightwear-Women
18269,Amante,Printed cotton low rise womens hipster panty - blackout,"Size:Large,Medium,Small,XX-Large",Nan,595,No Discount,Lingerie&Nightwear-Women
18270,Amante,Solid cotton high rise womens regular panty - black rinse,"Size:Large,Medium,Small,XX-Large",Nan,695,No Discount,Lingerie&Nightwear-Women
18271,Enamor,Womens athleisure swing tank top - ice blue,"Size:XL,Large,Medium,Small","Rs
499",349,30% off,Lingerie&Nightwear-Women
18272,Sweet dreams,Printed cotton regular fit womens sleepwear set - teal,"Size:Large,Medium,Small,X-Large","Rs
1399",839,40% off,Lingerie&Nightwear-Women
18273,Erotissch,Nylon low rise womens hipster briefs - pale pink,"Size:Large,Medium,Small,X-Large","Rs
499",224,55% off,Lingerie&Nightwear-Women
18274,Jockey,Women cotton hipster brief(pack of 2) - mixed neutrals,"Size:Large,Medium,Small,X-Large,XX-Large",Nan,388,No Discount,Lingerie&Nightwear-Women
18275,Jockey,Womens non wired non padded moulded cup firm support bra - heather,"Size:32-B,32-C,34-B,34-C,34-D,36-B,36-C,36-D,38-B,38-C,38-D",Nan,649,No Discount,Lingerie&Nightwear-Women
18276,Enamor,Wired racerback strap lightly padded womens push up bra - black,"Size:32-B,32-C,32-D,34-B,34-C,34-D,36-B,36-C,38-B,38-C",Nan,1799,No Discount,Lingerie&Nightwear-Women
18277,Clovia,Womens satin halter neck babydoll - blue,"Size:Large,Medium,Small,X-Large","Rs
1299",519,60% off,Lingerie&Nightwear-Women
18278,Enamor,Womens spaghetti neck lace chemise - charcoal,Size:X-Large,"Rs
1599",959,40% off,Lingerie&Nightwear-Women
18279,Enamor,Lace babydoll - denim black,"Size:Large,Small","Rs
1899",1139,40% off,Lingerie&Nightwear-Women
18280,Sweet dreams,Printed cotton round neck womens calf length nighty - herb,"Size:Large,Medium,Small,X-Large","Rs
1269",888,30% off,Lingerie&Nightwear-Women
18281,Enamor,Graphic cotton lycra relaxed fit womens t-shirt - cane,"Size:XL,Large,Medium","Rs
899",629,30% off,Lingerie&Nightwear-Women
18282,Triumph,Wired fixed strap non padded womens minimiser bra - black,"Size:34-C,34-D,34-E,34-F,36-C,36-D,36-E,36-F,38-C,38-D,38-E,38-F,40-D,40-E,40-F",Nan,1799,No Discount,Lingerie&Nightwear-Women
18283,Enamor,Cotton stretch womens intimate wear panties - charcoal,"Size:XL,Large,Medium,Small",Nan,729,No Discount,Lingerie&Nightwear-Women
18284,Van heusen,Wired multiway straps lightly padded womens every day bra - blue,"Size:32-B,32-C,32-D,32-DD,34-B,34-C,34-D,34-DD,36-B,36-C,36-D,36-DD,38-B,38-C,38-D",Nan,1499,No Discount,Lingerie&Nightwear-Women
18285,Triumph,Womens solid non wired padded push up bra - natural,"Size:34-B,34-C,34-D,36-B,36-C,36-D,38-C,38-D",Nan,1299,No Discount,Lingerie&Nightwear-Women
18286,Enamor,Womens non padded non wired lace bra - red,"Size:32-C,34-B,34-C,34-D,36-B,36-C,36-D","Rs
1199",599,50% off,Lingerie&Nightwear-Women
18287,Triumph,Wired fixed strap padded womens every day bra - black,"Size:34-C,34-D,34-E,34-F,36-C,36-D,36-E,36-F,38-C,38-D,38-E,38-F",Nan,1999,No Discount,Lingerie&Nightwear-Women
18288,Jockey,Womens low rise solid bikini briefs - assorted pack of 3 - multi,Size:XX-Large,Nan,519,No Discount,Lingerie&Nightwear-Women
18289,Jockey,Women blended camisole - natural,"Size:Large,Medium,Small",Nan,429,No Discount,Lingerie&Nightwear-Women
18290,Jockey,Womens v neck camisole - black,"Size:Medium,Small,X-Large",Nan,399,No Discount,Lingerie&Nightwear-Women
18291,Jockey,Womens non wired non padded full coverage shaper bra - aubergine,"Size:32-B,32-C,34-B,34-C,36-B,36-C,38-B,38-C",Nan,629,No Discount,Lingerie&Nightwear-Women
18292,Enamor,Non wired racerback straps non padded womens bikini - pearl,"Size:34-B,34-C,34-D,34-Z,36-B,36-C,36-D,36-Z,38-B,38-C,38-D,38-Z,40-B,40-C,40-D,40-Z,42-B,42-C,42-D,42-Z","Rs
869",434,50% off,Lingerie&Nightwear-Women
18293,Erotissch,Polyester blend womens bodysuit - super stone dustered,"Size:Large,Medium,Small,X-Large","Rs
1449",652,55% off,Lingerie&Nightwear-Women
18294,Amante,Non-wired fixed strap non padded womens t-shirt bra - air force,"Size:Large,Medium,Small,X-Large",Nan,1595,No Discount,Lingerie&Nightwear-Women
18295,Van heusen,Non wired fixed straps non padded womens every day bra - black,"Size:30-B,30-C,32-C,34-B,34-C,36-C",Nan,429,No Discount,Lingerie&Nightwear-Women
18296,Enamor,Non wired racerback straps lightly padded womens bikini - basic blue darkstone,"Size:32-B,32-C,32-D,34-B,34-C,34-D,36-B,36-C,36-D,38-B,38-C","Rs
749",374,50% off,Lingerie&Nightwear-Women
18297,Erotissch,Nylon low rise womens hipster briefs - cherry,"Size:Large,Medium,Small,X-Large","Rs
499",224,55% off,Lingerie&Nightwear-Women
18298,Insense,Printed cotton round neck womens top & shorts set - lilac,"Size:Large,Medium,Small,X-Large,X-Small","Rs
899",449,50% off,Lingerie&Nightwear-Women
18299,Jockey,Womens solid bikini - muted wine,"Size:Large,Medium,Small,X-Large",Nan,259,No Discount,Lingerie&Nightwear-Women
18300,Van heusen,Non-wired fixed strap non padded womens everyday bra - multi,"Size:30-B,32-B,32-C,34-B,34-C,34-D,36-B,36-C,36-D,38-B,38-C",Nan,619,No Discount,Lingerie&Nightwear-Women
18301,Amante,Womens solid t-shirt bra - blue,"Size:36-B,36-C","Rs
995",497,50% off,Lingerie&Nightwear-Women
18302,Jockey,Womens solid t-shirt bra - black,"Size:32-B,32-C,34-B,34-C,36-B,36-C,38-B",Nan,689,No Discount,Lingerie&Nightwear-Women
18303,Amante,Womens solid non padded non wired full coverage bra - white,Size:32-D,Nan,695,No Discount,Lingerie&Nightwear-Women
18304,Enamor,Cotton blend round neck womens active wear t-shirt - bubblegum,"Size:Large,XX-Large",Nan,669,No Discount,Lingerie&Nightwear-Women
18305,Sweet dreams,Printed rayon round neck womens night dress - peach,"Size:Large,X-Large,XX-Large","Rs
1899",1329,30% off,Lingerie&Nightwear-Women
18306,Enamor,Wired fixed strap non padded womens minimiser bra - honey,"Size:34-C,34-D,34-Z,36-D,36-Z,38-C,38-D,38-Z,40-D,40-Z",Nan,1649,No Discount,Lingerie&Nightwear-Women
18307,Juniper,Embroidered cotton dobby round neck womens kaftan - yellow,"Size:Medium,Small","Rs
2699",944,65% off,Lingerie&Nightwear-Women
18308,Triumph,Womens nylon blend midi briefs - blue,"Size:Small,X-Large","Rs
599",299,50% off,Lingerie&Nightwear-Women
18309,Reebok,Solid polyester slim fit womens sports bra - black,"Size:Large,Medium,Small,X-Large,X-Small","Rs
2799",1399,50% off,Lingerie&Nightwear-Women
18310,Jockey,Non-wired fixed straps lightly padded womens every day bra - heather,"Size:30-B,32-B,32-C,34-B,34-C,36-B,36-C,38-B",Nan,799,No Discount,Lingerie&Nightwear-Women
18311,Reebok,Solid polyester slim fit womens sports bra - gold,"Size:Large,Medium,Small,X-Large,X-Small","Rs
1799",899,50% off,Lingerie&Nightwear-Women
18312,Triumph,Non wired multiway strap lightly padded womens beginner bra - natural,"Size:30-A,30-B,32-A,32-B,34-A,34-B",Nan,899,No Discount,Lingerie&Nightwear-Women
18313,Enamor,Non-wired fixed strap non padded womens minimiser bra - brown mix,"Size:34-C,34-D,34-Z,36-B,36-C,36-D,36-Z,38-B,38-C,38-D,38-Z",Nan,1549,No Discount,Lingerie&Nightwear-Women
18314,Parfait,Solid nylon womens camisole - red,"Size:4X-Large,Large,Medium,X-Large,XX-Large,XXX-Large","Rs
3499",2799,20% off,Lingerie&Nightwear-Women
18315,Amante,Womens solid padded wired t-shirt bra - natural,"Size:32-B,32-C,32-D,34-B,34-D,34-DD,36-B,36-C,36-D,36-DD,38-C,38-D,40-C,40-D","Rs
995",597,40% off,Lingerie&Nightwear-Women
18316,Erotissch,Polyester blend womens sleepwear set - bistro,"Size:Large,Medium,Small,X-Large","Rs
1299",584,55% off,Lingerie&Nightwear-Women
18317,Triumph,Womens self printed non padded wired t-shirt bra - black,"Size:34-C,34-D,34-E,36-C,36-D,36-E,38-C,38-D,38-E,40-D",Nan,1599,No Discount,Lingerie&Nightwear-Women
18318,Van heusen,Wired halter strap lightly padded womens every day bra - white,"Size:32-B,32-C,34-B,34-C,34-D,36-B,36-C,36-D,38-B,38-C,38-D",Nan,1049,No Discount,Lingerie&Nightwear-Women
18319,Triumph,Womens solid padded non wired full coverage bra - ice blue,"Size:32-B,32-C,32-D,32-E,34-B,36-B","Rs
2399",1199,50% off,Lingerie&Nightwear-Women
18320,Enamor,T-shirt bra - padded wired double transparent strap - buff,Size:32-C,"Rs
1199",599,50% off,Lingerie&Nightwear-Women
18321,Wacoal,Womens b-smooth seamless no show solid brief-panty - black,"Size:Large,Medium,Small,X-Large",Nan,999,No Discount,Lingerie&Nightwear-Women
18322,Triumph,Womens solid non wired padded push up bra - blue,"Size:34-B,34-C,34-D,36-B,36-C,36-D,38-C,38-D",Nan,1299,No Discount,Lingerie&Nightwear-Women
18323,Reebok,Solid polyester slim fit womens sports bra - black,"Size:Large,Medium,Small,X-Large,X-Small","Rs
1799",899,50% off,Lingerie&Nightwear-Women
18324,Sweet dreams,Printed rayon v neck womens sleepwear set - navy,"Size:Large,Medium,Small,X-Large","Rs
2699",1889,30% off,Lingerie&Nightwear-Women
18325,Kaftan company,Printed cotton round neck womens night dress - pink,"Size:Large,Medium,Small,X-Large,XX-Large,XXX-Large",Nan,1999,No Discount,Lingerie&Nightwear-Women
18326,Enamor,Non-wired racerback strap non padded womens every day bra - grape,"Size:34-B,34-C,34-D,34-F,34-Z,36-B,36-D,36-F,36-Z,38-D,38-F,38-Z,40-B,40-C,40-D,40-F",Nan,849,No Discount,Lingerie&Nightwear-Women
18327,Enamor,Graphic cotton lycra relaxed fit womens t-shirt - glacier,"Size:XL,Large,Medium","Rs
799",559,30% off,Lingerie&Nightwear-Women
18328,Triumph,Non wired multiway strap non padded womens beginner bra - natural,"Size:Medium,Small,X-Small",Nan,899,No Discount,Lingerie&Nightwear-Women
18329,Jockey,Non-wired multiway straps lightly padded womens every day bra - black,"Size:32-B,32-C,34-B,34-C,36-B,36-C",Nan,1199,No Discount,Lingerie&Nightwear-Women
18330,Faballey,Full sleeves casual wear womens sleepwear set - natural,"Size:Large,Medium,Small,X-Large,X-Small","Rs
2400",1200,50% off,Lingerie&Nightwear-Women
18331,Van heusen,Non wired halter strap non padded womens every day bra - maroon,"Size:36-C,36-D,36-DD,38-D,38-DD,40-B,40-C,40-D,40-DD,42-B,42-C,42-D,42-DD,44-B,44-C,44-D,44-DD","Rs
1249",1199,4% off,Lingerie&Nightwear-Women
18332,Soie,Cotton short length womens regular fit night dress - multi,"Size:Large,Medium,Small,X-Large,XX-Large","Rs
1230",922,25% off,Lingerie&Nightwear-Women
18333,Insense,Half sleeves night wear womens t-shirt - olive,"Size:Small,X-Small","Rs
399",199,50% off,Lingerie&Nightwear-Women
18334,Allen solly,Cotton regular fit womens activewear t-shirt - pink,"Size:Large,Medium,Small,X-Large",Nan,799,No Discount,Lingerie&Nightwear-Women
18335,Amante,Non-wired fixed strap non padded womens t-shirt bra - midnight,"Size:Large,Medium,Small,X-Large",Nan,1595,No Discount,Lingerie&Nightwear-Women
18336,Triumph,Non wired fixed strap lightly padded womens sports bra - blue,"Size:8,10,12,14","Rs
1599",799,50% off,Lingerie&Nightwear-Women
18337,Kaftan company,Embroidered v-neck cotton womens night dress - blue,"Size:Large,Medium,Small,X-Large,XX-Large,XXX-Large",Nan,2499,No Discount,Lingerie&Nightwear-Women
18338,Erotissch,Self design blended knit womens intimate wear panties - cranberry,"Size:Large,Medium,Small,X-Large","Rs
499",274,45% off,Lingerie&Nightwear-Women
18339,Enamor,Non-wired racerback strap lightly padded womens t-shirt bra - silver grey,"Size:32-B,32-C,32-D,34-B,34-C,34-D,36-B,36-C,36-D,38-B,38-C","Rs
1049",524,50% off,Lingerie&Nightwear-Women
18340,Triumph,Non wired fixed straps heavily padded womens every day bra - black,"Size:32-B,32-C,32-D,32-E,34-B,34-C,34-D,36-B","Rs
2699",1349,50% off,Lingerie&Nightwear-Women
18341,Triumph,Non wired fixed straps non padded womens beginner bra - brown,"Size:36-C,36-D,40-D,40-F","Rs
1899",949,50% off,Lingerie&Nightwear-Women
18342,Amante,Womens lightly padded wirefree seamless comfort t-shirt bra - natural,"Size:32-B,32-C,32-D,34-B,34-C,34-D,36-B,36-C,36-D,38-C,38-D,40-C,40-D",Nan,895,No Discount,Lingerie&Nightwear-Women
18343,Enamor,Womens lace bikini briefs - red,"Size:XL,Large,Medium","Rs
599",419,30% off,Lingerie&Nightwear-Women
18344,Insense,Half sleeves night wear womens t-shirt - navy,"Size:Small,X-Small","Rs
399",199,50% off,Lingerie&Nightwear-Women
18345,Van heusen,Non wired multiway straps heavily padded womens every day bra - pink,"Size:30-B,32-B,32-C,34-B,34-C,36-B,36-C",Nan,699,No Discount,Lingerie&Nightwear-Women
18346,Faballey,Sleeveless casual wear womens loungewear - black,"Size:Large,Medium,Small,X-Large","Rs
2200",1100,50% off,Lingerie&Nightwear-Women
18347,Enamor,Womens printed hipster briefs - citrus green,"Size:XL,Large,Medium,Small",Nan,499,No Discount,Lingerie&Nightwear-Women
18348,Triumph,Triaction control lite bounce control wired padded sports bra - grey,"Size:32-B,32-C,32-D,34-B,34-C,34-D,36-B,36-C,36-D,38-C,38-D","Rs
2499",1249,50% off,Lingerie&Nightwear-Women
18349,Wacoal,Nylon mid rise womens regular briefs - rose,"Size:Large,Medium,Small,X-Large",Nan,999,No Discount,Lingerie&Nightwear-Women
18350,Sweet dreams,Printed cotton round neck womens night dress - rose,"Size:Large,Medium,Small,X-Large","Rs
1549",1084,30% off,Lingerie&Nightwear-Women
18351,Sweet dreams,Solid satin v neck womens nighty gown set - red,"Size:Large,Medium,Small,X-Large","Rs
2599",2339,10% off,Lingerie&Nightwear-Women
18352,Triumph,Polyester blend high rise womens regular briefs - grey,"Size:Large,Medium,Small,X-Large",Nan,599,No Discount,Lingerie&Nightwear-Women
18353,Triumph,Polyamide layered blossom seamless modern womens hipster briefs - natural,"Size:Large,Medium,Small,X-Large","Rs
599",299,50% off,Lingerie&Nightwear-Women
18354,Mystere paris,Rayon regular fit womens night wear pyjamas - black,"Size:Large,Medium,Small,X-Large","Rs
799",479,40% off,Lingerie&Nightwear-Women
18355,Kaftan company,Printed collared neck polyester womens regular fit night dress - grey,"Size:Large,Medium,Small,X-Large,XX-Large,XXX-Large",Nan,2299,No Discount,Lingerie&Nightwear-Women
18356,Soie,Womens low waist lace bikini briefs - set of 2 - mixed brights,"Size:Large,Medium","Rs
490",245,50% off,Lingerie&Nightwear-Women
18357,Mystere paris,Cotton womens regular fit sleepsuit - pink,"Size:Large,Medium,Small,X-Large,XX-Large","Rs
999",599,40% off,Lingerie&Nightwear-Women
18358,Triumph,Non wired multiway strap lightly padded womens beginner bra - black,"Size:32-C,34-C,36-C","Rs
899",449,50% off,Lingerie&Nightwear-Women
18359,Amante,Womens solid bikini briefs pack of 3 - off white,"Size:Large,Small,X-Large",Nan,545,No Discount,Lingerie&Nightwear-Women
18360,Amante,Womens solid bikini briefs - pack of 3 - sand,"Size:Small,X-Large",Nan,545,No Discount,Lingerie&Nightwear-Women
18361,Enamor,Non-wired strapless non padded womens sports bra - twill mud,"Size:XL,Large,Medium,Small","Rs
1399",979,30% off,Lingerie&Nightwear-Women
18362,Enamor,Womens floral print bikini briefs - red,"Size:Large,Medium,XX-Large","Rs
749",524,30% off,Lingerie&Nightwear-Women
18363,Sweet dreams,Printed cotton blend round neck womens night dress - black,"Size:Large,Medium,Small,X-Large","Rs
1449",1014,30% off,Lingerie&Nightwear-Women
18364,Erotissch,Nylon low rise womens hipster briefs - burgundy,"Size:Large,Medium,Small,X-Large","Rs
499",224,55% off,Lingerie&Nightwear-Women
18365,Erotissch,Floral rayon v-neck womens regular fit kaftan - old rose,"Size:Small,X-Large","Rs
1600",800,50% off,Lingerie&Nightwear-Women
18366,Clovia,Womens cotton non-padded non-wired full cup bra - grey,Size:32-B,"Rs
599",239,60% off,Lingerie&Nightwear-Women
18367,Clovia,Womens full coverage bra - white,"Size:32-B,34-B,36-B,38-B","Rs
699",279,60% off,Lingerie&Nightwear-Women
18368,Triumph,Womens palm t-shirt bra - light blue,"Size:32-D,38-D","Rs
1799",899,50% off,Lingerie&Nightwear-Women
18369,Triumph,Womens solid padded wired t-shirt bra - coffee,"Size:34-B,36-E,38-E,38-F","Rs
1899",949,50% off,Lingerie&Nightwear-Women
18370,Erotissch,Cotton womens sleepwear set - placid,"Size:Large,Medium,Small,X-Large,XX-Large","Rs
1600",720,55% off,Lingerie&Nightwear-Women
18371,Triumph,Printed viscose collared neck womens night dress - black,"Size:36,38,40,42","Rs
2099",1259,40% off,Lingerie&Nightwear-Women
18372,Soie,Non wired fixed straps non padded womens every day bra - pink,"Size:Large,Small,X-Large,XX-Large","Rs
540",513,5% off,Lingerie&Nightwear-Women
18373,Sweet dreams,Printed cotton blend regular fit womens sleepwear set - green,"Size:Large,Medium,X-Large,XX-Large","Rs
1399",839,40% off,Lingerie&Nightwear-Women
18374,Enamor,Womens athleisure swing tank top - charcoal,"Size:XL,Large,Medium,Small","Rs
499",349,30% off,Lingerie&Nightwear-Women
18375,Amante,Non-wired regular strap non-padded womens everyday bra - black,"Size:32-B,32-C,32-D,34-B,34-C,34-D,34-DD,36-B,36-C,36-D,36-DD,38-C,38-D,38-DD,40-C,40-D",Nan,795,No Discount,Lingerie&Nightwear-Women
18376,Triumph,Non-wired fixed strap padded womens every day bra - red,"Size:34-C,34-D,34-E,36-C,36-D,36-E,38-C,38-D,38-E,40-C,40-D,40-E",Nan,1399,No Discount,Lingerie&Nightwear-Women
18377,Enamor,Womens lace babydoll with hipster briefs - red mix,"Size:XL,Large,Medium,Small",Nan,1999,No Discount,Lingerie&Nightwear-Women
18378,Insense,Half sleeves regular fit cotton womens night dress - charcoal,"Size:Small,X-Small","Rs
799",399,50% off,Lingerie&Nightwear-Women
18379,Van heusen,Non-wired fixed strap non padded womens everyday bra - black,"Size:30-B,32-B,32-C,34-B,34-C,34-D,36-B,36-C,36-D,38-B,38-C",Nan,619,No Discount,Lingerie&Nightwear-Women
18380,Triumph,Wired fixed straps heavily padded womens every day bra - navy,"Size:36-E,36-F,38-E,38-F","Rs
1899",949,50% off,Lingerie&Nightwear-Women
18381,Van heusen,Cotton regular fit womens night wear camisole - sand,"Size:Small,X-Large,XX-Large",Nan,299,No Discount,Lingerie&Nightwear-Women
18382,Reebok,Solid polyester slim fit womens sports bra - pink,"Size:Large,Medium,Small,X-Large,X-Small","Rs
2299",1149,50% off,Lingerie&Nightwear-Women
18383,Erotissch,Solid satin womens mid thigh night dress - black,"Size:Large,Medium,Small,X-Large","Rs
1999",899,55% off,Lingerie&Nightwear-Women
18384,Soie,Womens solid padded non wired t-shirt bra - grey,"Size:36-D,38-B,38-C,38-D,40-B,40-C","Rs
925",555,40% off,Lingerie&Nightwear-Women
18385,Parfait,Wired regular straps padded womens every day bra - 106_multi,"Size:36-F,36-FF,36-G,36-H,38-F,38-FF,38-G,38-H,40-F,40-FF,40-G,40-H,42-E,42-F,42-FF,42-G,44-E,FREE SIZE 17","Rs
2299",2069,10% off,Lingerie&Nightwear-Women
18386,Enamor,Womens printed non wired non padded sports bra - ice blue,"Size:34-B,34-C,40-C,40-D","Rs
1150",575,50% off,Lingerie&Nightwear-Women
18387,Nayomi,Womens solid lace non padded non wired full coverage bra - baby pink,"Size:34-C,36-C,36-D","Rs
1249",349,72% off,Lingerie&Nightwear-Women
18388,Soie,Womens solid lace trimming high waist hipster briefs - crimson,"Size:Large,Medium,X-Large","Rs
410",389,5% off,Lingerie&Nightwear-Women
18389,Triumph,Polyester blend intimate wear womens camisole - black,Size:1,Nan,999,No Discount,Lingerie&Nightwear-Women
18390,Soie,Non wired fixed straps non padded womens every day bra - white,"Size:32-B,32-C,32-D,32-DD,34-B,34-C,34-D,34-DD,36-B,36-C,36-D,36-DD,38-B,38-C,38-D,38-DD,40-B,40-C,40-D,42-B,42-C,42-D,44-C,44-D",Nan,875,No Discount,Lingerie&Nightwear-Women
18391,Sweet dreams,Printed cotton blend round neck womens top capri set - herb,"Size:Large,Medium,Small,X-Large,XX-Large,XXX-Large","Rs
1499",1049,30% off,Lingerie&Nightwear-Women
18392,Crimsoune club,Printed cotton regular fit womens night suit - purple,"Size:Large,Medium,Small,X-Large","Rs
2299",1609,30% off,Lingerie&Nightwear-Women
18393,Insense,Printed cotton round neck womens top & shorts set - baby pink,"Size:Large,Medium,Small,X-Large,X-Small","Rs
899",449,50% off,Lingerie&Nightwear-Women
18394,Enamor,Womens strappy neck solid lace trimming babydoll - lime green,"Size:XL,Large,Medium,Small","Rs
1599",959,40% off,Lingerie&Nightwear-Women
18395,Parfait,Solid nylon wired non padded womens babydoll - baby pink,"Size:32-D,32-DD,32-E,32-F,32-FF,32-G,34-D,34-DD,34-E,34-F,34-FF,34-G,36-D,36-DD,36-E,36-F,36-FF,36-G,38-D,38-DD,38-E,38-F,38-FF,38-G,40-D,40-DD,40-E,40-F,40-FF,40-G,42-D,42-DD,42-E,42-F,42-FF,42-G,44-D,44-DD,44-E,44-F,44-FF,44-G","Rs
3499",2799,20% off,Lingerie&Nightwear-Women
18396,Amante,Womens solid padded wired t-shirt bra - dave grey,"Size:32-B,32-C,32-D,34-B,34-C,34-D,36-B,36-C,36-D,38-C,38-D,40-C,40-D",Nan,1195,No Discount,Lingerie&Nightwear-Women
18397,Enamor,Solid viscose relaxed fit womens pyjamas - urban 33 midnight,"Size:XL,Large,Medium,Small,XX-Large","Rs
1099",769,30% off,Lingerie&Nightwear-Women
18398,Van heusen,Non wired halter strap non padded womens every day bra - white,"Size:32-B,32-C,34-B,34-C,34-D,36-B,36-C,36-D,38-B,38-C,38-D,40-C,40-D",Nan,659,No Discount,Lingerie&Nightwear-Women
18399,Triumph,Wired fixed strap padded womens t-shirt bra - red,"Size:32-B,32-D,34-B,34-C,34-D,34-E,36-C,36-D,36-E,38-C,38-D,38-E",Nan,1999,No Discount,Lingerie&Nightwear-Women
18400,Adidas,Printed polyester knit womens sports bra - blue,"Size:Large,Medium,Small,X-Large,X-Small","Rs
2299",1609,30% off,Lingerie&Nightwear-Women
18401,Van heusen,Tight fit knee length polyester stretch womens activewear capri - ocean,"Size:Large,Medium,Small,X-Large",Nan,899,No Discount,Lingerie&Nightwear-Women
18402,Enamor,Cotton lycra womens hipster panties - mint,"Size:XL,Large,Medium,Small",Nan,599,No Discount,Lingerie&Nightwear-Women
18403,Triumph,Non wired multiway strap non padded womens beginner bra - black,Size:Large,"Rs
899",449,50% off,Lingerie&Nightwear-Women
18404,Groversons paris beauty,Womens plus size cotton lycra full coverage everyday bra - black,"Size:32-B,32-C,32-D,34-B,34-C,34-D,36-B,36-C,36-D",Nan,669,No Discount,Lingerie&Nightwear-Women
18405,Wacoal,Womens gococi narrow strap solid bra - cream,"Size:Large,Medium,Small","Rs
2295",1606,30% off,Lingerie&Nightwear-Women
18406,Soie,Cotton regular fit womens sleep shirt - blue,"Size:Large,Medium,Small,X-Large,XX-Large","Rs
640",480,25% off,Lingerie&Nightwear-Women
18407,Kaftan company,Printed round neck viscose womens regular fit night dress - white,"Size:Large,Medium,Small,X-Large,XX-Large,XXX-Large",Nan,1999,No Discount,Lingerie&Nightwear-Women
18408,Insense,Printed cotton round neck womens top & pyjama set - ecru,"Size:Large,Medium,Small,X-Large,XX-Large","Rs
999",499,50% off,Lingerie&Nightwear-Women
18409,Enamor,Womens solid padded non wired full coverage bra - charcoal,"Size:Medium,Small","Rs
599",299,50% off,Lingerie&Nightwear-Women
18410,Soie,Non-wired fixed strap lightly padded womens every day bra - bark,"Size:32-B,32-C,32-D,34-B,34-C,34-D,36-B,36-C,36-D,38-B,38-C,38-D,40-B,40-C,40-D",Nan,1040,No Discount,Lingerie&Nightwear-Women
18411,Ziyaa,Colour blocked georgette round neck womens kaftan - pink,"Size:Large,Medium,Small,X-Large,XX-Large,XXX-Large","Rs
3533",1413,60% off,Lingerie&Nightwear-Women
18412,Enamor,Womens printed hipster briefs - cornflower,"Size:XL,Large,Medium,Small",Nan,499,No Discount,Lingerie&Nightwear-Women
18413,Van heusen,Cotton stretch slim fit womens activewear tank top - navy,"Size:Large,Medium,Small,X-Large",Nan,899,No Discount,Lingerie&Nightwear-Women
18414,Jockey,Womens non wired padded t-shirt bra - purple,"Size:32-B,32-C,34-B,34-C,36-B,36-C,38-B,38-C",Nan,899,No Discount,Lingerie&Nightwear-Women
18415,Erotissch,Nylon knit womens intimatewear regular briefs - neutral,"Size:Large,Medium,Small,X-Large","Rs
499",249,50% off,Lingerie&Nightwear-Women
18416,Erotissch,Cotton mid rise womens sleepwear set - bistro,"Size:Large,Medium,Small,X-Large","Rs
1299",584,55% off,Lingerie&Nightwear-Women
18417,Mystere paris,Striped cotton womens regular fit sleep shirt - pink,"Size:Large,Medium,Small,X-Large","Rs
1299",779,40% off,Lingerie&Nightwear-Women
18418,Erotissch,Non wired fixed straps heavily padded womens sports bra - bistro,"Size:Large,Medium,Small,X-Large","Rs
899",449,50% off,Lingerie&Nightwear-Women
18419,Erotissch,Printed rayon regular womens sleepwear set - bottle green,"Size:Large,Medium,Small,X-Large","Rs
2999",1949,35% off,Lingerie&Nightwear-Women
18420,Erotissch,Nylon low rise womens thongs - mixed brights,"Size:Large,Small","Rs
1099",494,55% off,Lingerie&Nightwear-Women
18421,Enamor,Womens round neck solid tank top - navy,"Size:XL,Large,Medium,Small",Nan,299,No Discount,Lingerie&Nightwear-Women
18422,Enamor,Womens lightly padded non wired medium coverage t-shirt bra - white,"Size:32-C,32-D,34-B,34-D,36-B,36-D,38-B,38-C","Rs
442",221,50% off,Lingerie&Nightwear-Women
18423,Triumph,Womens nylon blend padded t-shirt bra - midnight blue,"Size:32-D,34-B,34-D,36-C,38-C","Rs
1299",649,50% off,Lingerie&Nightwear-Women
18424,Soie,Womens v neck solid night dress - gold,Size:Small,Nan,980,No Discount,Lingerie&Nightwear-Women
18425,Soie,Womens round neck solid camisole - black,"Size:Large,Medium,Small,X-Large,XX-Large",Nan,380,No Discount,Lingerie&Nightwear-Women
18426,Triumph,Non-wired fixed strap heavily padded womens every day bra - brown,"Size:34-C,34-D,34-E,34-F,36-C,36-D,36-E,36-F,38-C,38-D,38-E,38-F,40-D,40-E",Nan,2399,No Discount,Lingerie&Nightwear-Women
18427,Mystere paris,Rayon regular fit womens night wear pyjamas - pink,"Size:Large,Medium,Small,X-Large,XX-Large","Rs
899",539,40% off,Lingerie&Nightwear-Women
18428,Amante,Womens lightly padded wirefree seamless comfort t-shirt bra - white,"Size:32-B,32-C,32-D,34-B,34-C,34-D,36-B,36-C,36-D,38-C,38-D,40-C,40-D","Rs
895",626,30% off,Lingerie&Nightwear-Women
18429,Enamor,Non wired strapless lightly padded womens every day bra - denimex,"Size:XL,Large,Medium,Small",Nan,1249,No Discount,Lingerie&Nightwear-Women
18430,Amante,Womens floral print padded non wired t-shirt bra - pink,"Size:32-B,32-C,32-D,34-B,34-C,34-D,36-B,36-C,36-D,38-C,38-D,40-C,40-D",Nan,1045,No Discount,Lingerie&Nightwear-Women
18431,Triumph,Wired fixed strap padded womens every day bra - brown,"Size:34-C,34-D,34-E,34-F,36-C,36-D,36-E,36-F,38-C,38-D,38-E,38-F",Nan,1999,No Discount,Lingerie&Nightwear-Women
18432,Van heusen,Non wired multiway straps heavily padded womens every day bra - black,"Size:30-B,32-B,32-C,34-B,34-C,34-D,36-B,36-C,36-D,38-B,38-C,38-D",Nan,749,No Discount,Lingerie&Nightwear-Women
18433,Enamor,Nylon womens thighs shapewear - charcoal,"Size:XL,Large,Medium,XX-Large","Rs
1299",779,40% off,Lingerie&Nightwear-Women
18434,Amante,Womens solid padded wired t-shirt bra - black,"Size:32-B,32-C,32-D,34-B,34-C,34-D,36-B,36-C,36-D,38-B,38-C,38-D,40-C,40-D","Rs
895",626,30% off,Lingerie&Nightwear-Women
18435,Enamor,Womens printed leggings - light vintage,"Size:XL,Medium,Small","Rs
1499",1049,30% off,Lingerie&Nightwear-Women
18436,Soie,Womens notched collar graphic print top and pyjamas set - sky blue,"Size:Large,Medium,XX-Large","Rs
1800",900,50% off,Lingerie&Nightwear-Women
18437,Enamor,Non-wired racerback strap non padded womens every day bra - buff,"Size:34-B,34-C,34-D,34-Z,36-B,36-C,36-D,36-Z,38-B,38-C,38-D,38-Z,40-B,40-C,40-D,40-Z,42-B,42-C,42-D,42-Z",Nan,1149,No Discount,Lingerie&Nightwear-Women
18438,Sweet dreams,Solid cotton regular fit womens shorts - charcoal,"Size:Large,Medium,Small,X-Large,XX-Large,XXX-Large","Rs
599",539,10% off,Lingerie&Nightwear-Women
18439,Enamor,Non wired racerback straps non padded womens bikini - sky blue,"Size:34-B,34-C,34-D,34-Z,36-B,36-C,36-D,36-Z,38-B,38-C,38-D,38-Z,40-B,40-C,40-D,40-Z,42-B,42-C,42-D,42-Z","Rs
869",434,50% off,Lingerie&Nightwear-Women
18440,Enamor,Wired racerback strap lightly padded womens push up bra - plum,"Size:32-B,32-C,32-D,34-B,34-C,34-D,36-B,36-C,38-B,38-C",Nan,1799,No Discount,Lingerie&Nightwear-Women
18441,Wacoal,Womens solid padded wired t-shirt bra - natural,"Size:32-A,32-B,32-C,32-D,32-DD,34-A,34-B,34-C,34-D,34-DD,36-A,36-B,36-C,36-D,36-DD,38-A,38-B,38-C,38-D,38-DD",Nan,1295,No Discount,Lingerie&Nightwear-Women
18442,Triumph,Polyamide shape sensation 33 waist-band maximum support womens shapewear - black,"Size:Large,Medium,X-Large",Nan,1999,No Discount,Lingerie&Nightwear-Women
18443,Amante,Blended night wear womens t-shirt bra - white,"Size:32-B,32-C,32-D,34-B,34-C,34-D,36-B,36-C,36-D,38-B,38-C,38-D,40-C,40-D","Rs
845",591,30% off,Lingerie&Nightwear-Women
18444,Amante,Solid modal womens camisole - black,"Size:Large,Medium,Small,X-Large",Nan,445,No Discount,Lingerie&Nightwear-Women
18445,Enamor,Cotton blend womens night wear shorts - navy,"Size:XL,Large,Medium,Small,XX-Large","Rs
749",524,30% off,Lingerie&Nightwear-Women
18446,Jockey,Women blended camisole - white,"Size:Large,Medium,Small",Nan,429,No Discount,Lingerie&Nightwear-Women
18447,Van heusen,Wired halter strap lightly padded womens every day bra - white,"Size:30-B,32-B,32-C,34-B,34-C,34-D,36-B,36-C,36-D,38-B,38-C,38-D",Nan,1249,No Discount,Lingerie&Nightwear-Women
18448,Enamor,Womens slub non wired sports bra - indigo,"Size:32-B,32-C,32-D,34-B,34-C,34-D,36-B,36-C,38-B","Rs
1599",959,40% off,Lingerie&Nightwear-Women
18449,Clovia,Womens non-padded full cup bra - red,"Size:32-B,32-C,34-B,34-C,36-B,36-C,38-B,38-C,40-B","Rs
599",359,40% off,Lingerie&Nightwear-Women
18450,Sweet dreams,Solid cotton round neck womens top capri set - rose,"Size:Small,XX-Large","Rs
1599",1119,30% off,Lingerie&Nightwear-Women
18451,Faballey,Sleeveless casual wear womens sleepwear set - pink,"Size:Small,X-Large","Rs
1950",975,50% off,Lingerie&Nightwear-Women
18452,Soie,Womens round neck solid camisole - natural,"Size:Large,Medium,Small,X-Large,XX-Large",Nan,380,No Discount,Lingerie&Nightwear-Women
18453,Enamor,Womens non padded non wired full coverage every day bra - ice blue,"Size:32-C,34-B","Rs
549",274,50% off,Lingerie&Nightwear-Women
18454,Clovia,Womens cotton non wired non padded full cup t shirt bra blue - blue,"Size:32-C,34-B,36-B","Rs
599",239,60% off,Lingerie&Nightwear-Women
18455,Enamor,Non wired racerback straps non padded womens bra - denimex,"Size:34-C,34-D,34-Z,36-C,36-D,36-Z,38-C,38-D,40-C","Rs
1049",734,30% off,Lingerie&Nightwear-Women
18456,Kaftan company,Printed viscose round neck womens night dress - red,"Size:Large,Medium,Small,X-Large,XX-Large,XXX-Large",Nan,2899,No Discount,Lingerie&Nightwear-Women
18457,Reebok,Printed polyester slim fit womens sports bra - coral,"Size:Large,Medium,Small,X-Large,X-Small","Rs
1799",899,50% off,Lingerie&Nightwear-Women
18458,Triumph,Non-wired fixed strap padded womens every day bra - purple,"Size:1,3,2-3Y",Nan,3199,No Discount,Lingerie&Nightwear-Women
18459,Amante,Womens solid non padded non wired sports bra - ice blue,"Size:Large,X-Large","Rs
1145",572,50% off,Lingerie&Nightwear-Women
18460,Faballey,Half sleeves casual wear womens loungewear - blue,"Size:Large,Medium,Small,X-Large,X-Small","Rs
1950",975,50% off,Lingerie&Nightwear-Women
18461,Erotissch,Cotton womens sleepwear set - salmon,"Size:Large,Medium,Small,X-Large,XX-Large","Rs
1600",720,55% off,Lingerie&Nightwear-Women
18462,Enamor,Wired racerback straps lightly padded womens bra - black,"Size:32-C,36-B","Rs
1299",649,50% off,Lingerie&Nightwear-Women
18463,Wacoal,Womens b-smooth seamless no show solid brief-panty - coffee,"Size:Large,Medium,Small,X-Large",Nan,999,No Discount,Lingerie&Nightwear-Women
18464,Triumph,Womens solid padded wired t-shirt bra - rose,"Size:34-B,36-E,38-E,38-F","Rs
1899",949,50% off,Lingerie&Nightwear-Women
18465,Enamor,Cotton relaxed fit womens shorts - pink,"Size:XL,Large,Medium,Small,XX-Large",Nan,749,No Discount,Lingerie&Nightwear-Women
18466,Van heusen,Non wired multiway straps heavily padded womens every day bra - blue,"Size:30-B,32-B,32-C,34-B,34-C,34-D,36-B,36-C,36-D,38-B,38-C,38-D",Nan,749,No Discount,Lingerie&Nightwear-Women
18467,Parfait,Solid nylon womens camisole - yellow,"Size:4X-Large,Large,Medium,X-Large,XX-Large,XXX-Large","Rs
3599",2879,20% off,Lingerie&Nightwear-Women
18468,Kaftan company,Printed round neck cotton womens regular fit night dress - green,"Size:Large,Medium,Small,X-Large,XX-Large,XXX-Large",Nan,2499,No Discount,Lingerie&Nightwear-Women
18469,Wacoal,Non wired fixed straps non padded womens every day bra - sand,"Size:32,34,36,38",Nan,2399,No Discount,Lingerie&Nightwear-Women
18470,Triumph,Solid viscose round neck womens night dress - pink mix,"Size:Medium,Small",Nan,2499,No Discount,Lingerie&Nightwear-Women
18471,Enamor,Womens lace bikini briefs - peacock,"Size:XL,Large,Medium","Rs
599",419,30% off,Lingerie&Nightwear-Women
18472,Parfait,Wired multiway straps lightly padded womens sports bra - maroon,"Size:32-D,32-DD,32-E,32-F,32-FF,32-G,32-H,34-D,34-DD,34-E,34-F,34-FF,34-G,34-GG,34-H,36-D,36-DD,36-E,36-F,36-FF,36-G,36-GG,36-H,38-D,38-DD,38-E,38-F,38-FF,38-G,38-GG,38-H,40-D,40-DD,40-E,40-F,40-FF,40-G,40-GG,40-H,42-D,42-DD,42-E,42-F,42-FF,42-G,44-D,44-DD,44-E,44-F,44-FF,44-G,FREE SIZE 08,FREE SIZE 09","Rs
2999",2699,10% off,Lingerie&Nightwear-Women
18473,Parfait,Woven polyester womens maternity full coverage bra - natural,"Size:32-D,32-DD,32-E,32-F,32-FF,32-G,32-H,34-D,34-DD,34-E,34-F,34-FF,34-G,34-GG,34-H,36-D,36-DD,36-E,36-F,36-FF,36-GG,36-H,38-D,38-DD,38-E,38-F,38-FF,38-G,38-GG,38-H,40-D,40-DD,40-E,40-F,40-FF,40-G,40-GG,40-H,42-D,42-DD,42-E,42-F,42-FF,42-G,44-D,44-DD,44-E,44-F,44-FF,44-G,FREE SIZE 12,FREE SIZE 17,FREE SIZE 20,FREE SIZE 23","Rs
2499",2249,10% off,Lingerie&Nightwear-Women
18474,Erotissch,Cotton womens sleepwear set - shocking pink,"Size:Large,Medium,Small,X-Large,XX-Large","Rs
1600",720,55% off,Lingerie&Nightwear-Women
18475,Erotissch,Satin womens sleepwear set - old rose,"Size:Large,Medium,Small,X-Large","Rs
1899",1234,35% off,Lingerie&Nightwear-Women
18476,Jockey,Women cotton non stretch mid rise slim fit sweat pant - grey melange,"Size:Large,Medium,Small,X-Large",Nan,699,No Discount,Lingerie&Nightwear-Women
18477,Triumph,Non wired fixed straps heavily padded womens every day bra - orange,"Size:32-B,32-C,32-D,34-B,34-C,34-D,36-B,36-C,36-D,38-C,38-D","Rs
1999",1199,40% off,Lingerie&Nightwear-Women
18478,Clovia,Womens padded non-wired polka print t-shirt bra - pink,Size:32-D,"Rs
1199",359,70% off,Lingerie&Nightwear-Women
18479,Erotissch,Womens golden solid bralette top - gold,"Size:Large,Small,X-Large","Rs
1790",805,55% off,Lingerie&Nightwear-Women
18480,Enamor,Womens non padded non wired full coverage bra - charcoal,"Size:32-C,32-D,34-C,36-B,36-C,38-C","Rs
999",499,50% off,Lingerie&Nightwear-Women
18481,Triumph,Womens solid hipster briefs - pack of 3 - natural,"Size:Large,Medium,Small,X-Large","Rs
799",599,25% off,Lingerie&Nightwear-Women
18482,Soie,Womens solid lace non padded non wired full coverage bra - black,"Size:36-B,38-B,38-C,38-D,40-C","Rs
490",367,25% off,Lingerie&Nightwear-Women
18483,Clovia,Lace non-padded wirefree bra - black,"Size:32-B,32-C,34-B,34-C,36-B,36-C,38-B,40-B","Rs
599",359,40% off,Lingerie&Nightwear-Women
18484,Enamor,Cotton blend womens active wear t-shirt - blue denim,"Size:XL,Large,Medium,Small,X-Small,XX-Large","Rs
669",468,30% off,Lingerie&Nightwear-Women
18485,Enamor,Womens 2 pocket solid joggers - denim black enzyme,Size:Large,"Rs
1049",734,30% off,Lingerie&Nightwear-Women
18486,Enamor,Womens solid hipster briefs - grape,"Size:XL,Small",Nan,399,No Discount,Lingerie&Nightwear-Women
18487,Soie,Non wired fixed straps non padded womens every day bra - multi,"Size:34-C,36-B,38-B","Rs
1520",1064,30% off,Lingerie&Nightwear-Women
18488,Mystere paris,Regular fit short length rayon womens shorts - red,"Size:Large,X-Large,XX-Large","Rs
599",359,40% off,Lingerie&Nightwear-Women
18489,Reebok,Solid polyester slim fit womens sports bra - black,"Size:Large,Medium,Small,X-Large,X-Small","Rs
3299",1649,50% off,Lingerie&Nightwear-Women
18490,Amante,Womens solid padded wired t-shirt bra - coral,"Size:32-B,32-C,32-D,34-B,34-C,34-D,36-B,36-C,36-D,38-B,38-C,38-D,40-C,40-D","Rs
895",626,30% off,Lingerie&Nightwear-Women
18491,Triumph,Polyester blend womens intimate wear panties - navy,"Size:Large,Medium,Small,X-Large",Nan,999,No Discount,Lingerie&Nightwear-Women
18492,Enamor,Cotton womens activewear t-shirt - sugar,"Size:XL,Large,Medium,Small",Nan,799,No Discount,Lingerie&Nightwear-Women
18493,Amante,Wired regular strap padded womens t-shirt bra - black,"Size:32-B,32-C,32-D,34-B,34-C,34-D,36-B,36-C,36-D,38-C,38-D,40-C,40-D",Nan,1045,No Discount,Lingerie&Nightwear-Women
18494,Triumph,Non wired multiway strap non padded womens beginner bra - off white,Size:Large,"Rs
899",449,50% off,Lingerie&Nightwear-Women
18495,Sweet dreams,Printed satin v neck womens top bermuda set - navy,"Size:Large,Medium,Small,X-Large","Rs
1599",1439,10% off,Lingerie&Nightwear-Women
18496,Van heusen,Non-wired fixed strap padded womens everyday bra - black,"Size:30-B,32-B,32-C,34-B,34-C,34-D,36-B,36-C,36-D,38-B,38-C,38-D",Nan,879,No Discount,Lingerie&Nightwear-Women
18497,Erotissch,Polyester blend womens bodysuit - mixed pastels,"Size:Large,Medium,Small,X-Large","Rs
1449",652,55% off,Lingerie&Nightwear-Women
18498,Wacoal,Blended knit womens intimatewear regular briefs - lavender,"Size:Large,Medium,Small","Rs
895",626,30% off,Lingerie&Nightwear-Women
18499,Sweet dreams,Printed cotton aop regular fit womens sleepwear set - grey,"Size:Large,Medium,Small,X-Large","Rs
1999",1199,40% off,Lingerie&Nightwear-Women
18500,Sweet dreams,Solid cotton round neck womens sleepwear set - rose,"Size:Large,Medium,Small,X-Large,XX-Large","Rs
1449",1014,30% off,Lingerie&Nightwear-Women
18501,Parfait,Solid nylon womens camisole - blue,"Size:4X-Large,Large,Medium,X-Large,XX-Large,XXX-Large","Rs
1399",1119,20% off,Lingerie&Nightwear-Women
18502,Erotissch,Cotton womens sleepwear set - retro,"Size:Large,Medium,Small,X-Large,XX-Large","Rs
1600",720,55% off,Lingerie&Nightwear-Women
18503,Mystere paris,Cotton knee length womens regular fit night dress - green,"Size:Large,Medium,Small","Rs
799",479,40% off,Lingerie&Nightwear-Women
18504,Mystere paris,Polka dot knit cotton womens maternity dress - maroon,"Size:Large,Medium,X-Large,XX-Large","Rs
1299",779,40% off,Lingerie&Nightwear-Women
18505,Jockey,Womens v neck solid t-shirt - light blue,"Size:Large,Medium,Small,X-Large",Nan,599,No Discount,Lingerie&Nightwear-Women
18506,Insense,Printed cotton round neck womens t-shirt - grey melange,"Size:Large,Medium,Small,X-Large,X-Small","Rs
499",249,50% off,Lingerie&Nightwear-Women
18507,Triumph,Cotton womens panties - darkslate,"Size:Small,X-Large","Rs
699",349,50% off,Lingerie&Nightwear-Women
18508,Erotissch,Colour block crepe v-neck womens regular fit kaftan set - club,Size:X-Small,"Rs
2999",2099,30% off,Lingerie&Nightwear-Women
18509,Soie,Womens round neck solid camisole - cream,"Size:Large,Medium,Small,X-Large,XX-Large",Nan,380,No Discount,Lingerie&Nightwear-Women
18510,Miss chase,Solid cotton round neck womens t-shirt - black,"Size:Large,X-Large,X-Small",Nan,1099,No Discount,Lingerie&Nightwear-Women
18511,Enamor,Non wired racerback straps non padded womens bikini - black,"Size:34-B,34-C,34-D,34-Z,36-B,36-C,36-D,36-Z,38-B,38-C,38-D,38-Z,40-B,40-C,40-D,40-Z,42-C,42-D,42-Z",Nan,849,No Discount,Lingerie&Nightwear-Women
18512,Sweet dreams,Solid blended regular fit womens pyjamas - black,"Size:Large,Medium,X-Large,XX-Large,XXX-Large","Rs
969",678,30% off,Lingerie&Nightwear-Women
18513,Van heusen,Cotton stretch womens intimatewear bikini - multi,"Size:Large,Medium,Small,X-Large,XX-Large",Nan,379,No Discount,Lingerie&Nightwear-Women
18514,Jockey,Womens wired padded low neckline front opening bra - muted wine,"Size:32-B,32-C,34-B,34-C,36-B,36-C,38-B",Nan,1299,No Discount,Lingerie&Nightwear-Women
18515,Van heusen,Non wired halter strap non padded womens every day bra - blue,"Size:32-B,32-C,34-B,34-C,34-D,36-B,36-C,36-D,38-B,38-C,38-D,40-C,40-D",Nan,659,No Discount,Lingerie&Nightwear-Women
18516,Triumph,Non wired fixed straps heavily padded womens every day bra - paprika,"Size:32-B,32-C,32-D,32-E,34-B,34-C,34-D,36-B","Rs
2699",1349,50% off,Lingerie&Nightwear-Women
18517,Soie,Cotton short length womens regular fit night dress - black,"Size:Large,Medium,Small,X-Large,XX-Large","Rs
640",480,25% off,Lingerie&Nightwear-Women
18518,Van heusen,Cotton womens intimatewear bikini - multi,"Size:Medium,X-Large",Nan,489,No Discount,Lingerie&Nightwear-Women
18519,Enamor,Cotton blend womens night wear shorts - blue black,"Size:XL,Large,Medium,Small,XX-Large","Rs
749",524,30% off,Lingerie&Nightwear-Women
18520,Sweet dreams,Solid blended regular fit womens pyjamas - grey,"Size:Large,Medium,Small,X-Large,XX-Large,XXX-Large","Rs
899",809,10% off,Lingerie&Nightwear-Women
18521,Enamor,Womens non padded non wired full coverage every day bra - purple,"Size:32-DD,34-DD,36-DD,38-DD,40-B,40-C,40-D,42-B,42-C","Rs
599",299,50% off,Lingerie&Nightwear-Women
18522,Van heusen,Wired halter strap lightly padded womens every day bra - natural,"Size:32-B,32-C,34-B,34-C,34-D,36-B,36-C,36-D,38-B,38-C,38-D",Nan,1049,No Discount,Lingerie&Nightwear-Women
18523,Mystere paris,Cotton regular fit womens night wear pyjamas - white,"Size:Large,Medium,Small,X-Large,XX-Large","Rs
799",479,40% off,Lingerie&Nightwear-Women
18524,Enamor,Cotton blend activewear womens track pants - denimex,"Size:XL,Large,Medium,Small",Nan,849,No Discount,Lingerie&Nightwear-Women
18525,Kaftan company,Printed viscose square neck womens night dress - multi,"Size:Large,Medium,Small,X-Large,XX-Large,XXX-Large",Nan,3299,No Discount,Lingerie&Nightwear-Women
18526,Sweet dreams,Solid cotton round neck womens night dress - black,"Size:Large,Medium,Small,X-Large","Rs
1069",748,30% off,Lingerie&Nightwear-Women
18527,Triumph,Non wired multiway strap lightly padded womens beginner bra - black,"Size:30-A,30-B,32-A,32-B,34-A,34-B",Nan,899,No Discount,Lingerie&Nightwear-Women
18528,Soie,Cotton short length womens regular fit night dress - blue,"Size:Large,Medium,Small,X-Large,XX-Large","Rs
640",480,25% off,Lingerie&Nightwear-Women
18529,Enamor,Womens non padded wired racerback strap everyday bra - ice blue,"Size:34-Z,36-Z","Rs
1369",684,50% off,Lingerie&Nightwear-Women
18530,Soie,Womens v neck solid top and pant set - mastic white,"Size:Large,Medium,Small","Rs
1530",765,50% off,Lingerie&Nightwear-Women
18531,Wacoal,Non wired fixed straps non padded womens every day bra - natural,"Size:34-B,34-C,34-D,34-DD,36-D,36-DD,38-D,40-B,40-C,40-D,40-DD,42-B,42-C,42-D,44-D","Rs
995",398,60% off,Lingerie&Nightwear-Women
18532,Van heusen,Non-wired fixed strap womens push up bra - grey melange,"Size:32-B,32-C,34-B,36-B",Nan,999,No Discount,Lingerie&Nightwear-Women
18533,Triumph,Womens comfort touch wp lightly padded wired bra - black,"Size:32-B,32-D,36-B,36-C,36-D,38-C,38-E","Rs
1699",849,50% off,Lingerie&Nightwear-Women
18534,Erotissch,Nylon low rise womens hipster briefs - placid,"Size:Large,Medium,Small,X-Large","Rs
499",224,55% off,Lingerie&Nightwear-Women
18535,Erotissch,Nylon low rise womens hipster briefs - pale peach,"Size:Large,Medium,Small,X-Large","Rs
499",224,55% off,Lingerie&Nightwear-Women
18536,Clovia,Satin nightslip - maroon,"Size:Large,Medium,Small,X-Large","Rs
1299",519,60% off,Lingerie&Nightwear-Women
18537,Clovia,Womens polyester gym-sports capri tights with drawstring - pink,"Size:Medium,Small","Rs
1299",519,60% off,Lingerie&Nightwear-Women
18538,Enamor,Tummy slimmer - buff,Size:Medium,"Rs
1299",779,40% off,Lingerie&Nightwear-Women
18539,Sweet dreams,Solid cotton regular fit womens shorts - blue,"Size:Large,Medium,Small,X-Large,XX-Large,XXX-Large","Rs
599",539,10% off,Lingerie&Nightwear-Women
18540,Sweet dreams,Printed cotton blend round neck womens t-shirt - charcoal,"Size:Large,Medium,Small,X-Large,XX-Large,XXX-Large","Rs
499",449,10% off,Lingerie&Nightwear-Women
18541,Soie,Womens slub non wired non padded medium coverage bra - navy,Size:38-B,"Rs
490",220,55% off,Lingerie&Nightwear-Women
18542,Sweet dreams,Solid cotton round neck womens night dress - navy,"Size:Large,Medium,Small,X-Large","Rs
1069",748,30% off,Lingerie&Nightwear-Women
18543,Jockey,Cotton elastane womens nightwear tank - tomato,Size:Error Size,Nan,329,No Discount,Lingerie&Nightwear-Women
18544,Soie,Non-wired fixed strap lightly padded womens every day bra - green,"Size:32-B,32-C,32-D,34-B,34-C,34-D,36-B,36-C,36-D,38-B,38-C,38-D,40-B,40-C,40-D",Nan,1040,No Discount,Lingerie&Nightwear-Women
18545,Sweet dreams,Printed cotton blend regular fit womens sleepwear set - ecru,"Size:Large,Medium,Small,X-Large,XX-Large","Rs
1899",1139,40% off,Lingerie&Nightwear-Women
18546,Enamor,Cotton activewear womens track pants - khaki,"Size:XL,Large,Medium,Small",Nan,1699,No Discount,Lingerie&Nightwear-Women
18547,Triumph,Wired fixed strap heavily padded womens t-shirt bra - black,"Size:32-B,32-C,32-D,34-B,34-C,34-D,34-E,34-F,36-B,36-C,36-D,36-E,36-F,38-C,38-D,38-E",Nan,2299,No Discount,Lingerie&Nightwear-Women
18548,Soie,Womens v neck lace top and pants set - red mix,"Size:Large,Medium,X-Large,XX-Large","Rs
1900",1425,25% off,Lingerie&Nightwear-Women
18549,Soie,Nylon womens intimatewear bikini - blue,"Size:Large,Medium,Small,X-Large,XX-Large","Rs
410",328,20% off,Lingerie&Nightwear-Women
18550,Jockey,Womens non wired non padded firm support bra - natural,"Size:34-D,36-D,36-DD,38-C,38-D,38-DD,40-DD",Nan,599,No Discount,Lingerie&Nightwear-Women
18551,Amante,Non-wired fixed strap non padded womens t-shirt bra - black,"Size:Large,Medium,X-Large",Nan,1645,No Discount,Lingerie&Nightwear-Women
18552,Van heusen,Wired halter strap lightly padded womens every day bra - black mix,"Size:30-B,32-B,32-C,34-B,34-C,34-D,36-B,36-C,36-D,38-B,38-C,38-D",Nan,1249,No Discount,Lingerie&Nightwear-Women
18553,Triumph,Wired fixed strap padded womens every day bra - grey,"Size:34-B,34-C,34-D,34-E,34-F,36-B,36-C,36-D,36-E,36-F,38-C,38-D,38-E,38-F,40-D,40-E",Nan,1999,No Discount,Lingerie&Nightwear-Women
18554,Enamor,Non wired halter strap lightly padded womens every day bra - honey,"Size:32-C,32-D,34-B,34-C,36-B,36-C,38-B,38-C",Nan,1049,No Discount,Lingerie&Nightwear-Women
18555,Mystere paris,Striped cotton womens regular fit sleep shirt - green,"Size:Large,Medium,Small,X-Large,XX-Large","Rs
1299",779,40% off,Lingerie&Nightwear-Women
18556,Amante,Womens solid padded underwired t-shirt bra - white,"Size:32-B,32-C,32-D,34-C,36-B,36-C,36-D,38-C,38-D,40-C,40-D",Nan,1045,No Discount,Lingerie&Nightwear-Women
18557,Triumph,Nylon regular womens bra - navy,"Size:32-B,32-C,32-D,34-B,34-C,34-D,36-B,36-C,36-D","Rs
1999",999,50% off,Lingerie&Nightwear-Women
18558,Erotissch,Satin womens sleepwear set - oyster,"Size:Large,Medium,Small,X-Large","Rs
1899",1234,35% off,Lingerie&Nightwear-Women
18559,Soie,Cotton short length womens regular fit night dress - yellow mix,"Size:Large,Medium,Small,X-Large,XX-Large","Rs
640",480,25% off,Lingerie&Nightwear-Women
18560,Jockey,Non-wired fixed straps lightly padded womens every day bra - black,"Size:Large,Medium,Small,X-Large",Nan,1199,No Discount,Lingerie&Nightwear-Women
18561,Parfait,Non wired fixed straps lightly padded womens bralette - pink,"Size:32-D,32-DD,32-E,32-F,32-FF,32-G,34-D,34-DD,34-E,34-F,34-FF,34-G,36-D,36-DD,36-E,36-F,36-FF,36-G,38-D,38-DD,38-E,38-F,38-FF,38-G,40-D,40-DD,40-E,40-F,40-FF,40-G,42-D,42-DD,42-E,42-F,44-D,44-DD,44-E,44-F","Rs
2199",1979,10% off,Lingerie&Nightwear-Women
18562,Triumph,Non wired strapless heavily padded womens every day bra - black,"Size:32-C,34-B,34-C,34-D,36-C,36-D,38-C","Rs
2499",1499,40% off,Lingerie&Nightwear-Women
18563,Erotissch,Satin mid rise womens shorts - oyster,"Size:Large,Medium,Small,X-Large","Rs
1299",649,50% off,Lingerie&Nightwear-Women
18564,Soie,Printed viscose blend womens sleep shirt - print,"Size:Large,Medium,Small,X-Large,XX-Large",Nan,1140,No Discount,Lingerie&Nightwear-Women
18565,Erotissch,Non wired fixed straps non padded womens bralette - double black,"Size:Large,Small,X-Large","Rs
1199",539,55% off,Lingerie&Nightwear-Women
18566,Jockey,Non-wired fixed straps lightly padded womens every day bra - peach,"Size:30-B,32-B,32-C,32-D,34-B,34-C,34-D,36-B,36-C,36-D,38-B,38-C,40-B",Nan,799,No Discount,Lingerie&Nightwear-Women
18567,Triumph,Womens nylon blend hipsters - bordeaux,"Size:Large,X-Large","Rs
599",299,50% off,Lingerie&Nightwear-Women
18568,Soie,Womens self printed padded wired full coverage bra - natural,"Size:32-C,34-D,36-D","Rs
1040",780,25% off,Lingerie&Nightwear-Women
18569,Enamor,Full support t-shirt bra - padded wirefree detachable strap - light blue,"Size:32-B,32-C,32-D,34-B,34-C,34-D,36-B,36-C,36-D,38-C",Nan,999,No Discount,Lingerie&Nightwear-Women
18570,Soie,Womens v neck solid top and pant set - black,"Size:Large,Medium,Small","Rs
1530",765,50% off,Lingerie&Nightwear-Women
18571,Van heusen,Wired halter strap lightly padded womens every day bra - black,"Size:32-B,32-C,34-B,34-C,34-D,36-B,36-C,36-D,38-B,38-C,38-D",Nan,1049,No Discount,Lingerie&Nightwear-Women
18572,Crimsoune club,Printed cotton regular fit womens night suit - navy,"Size:Large,Medium,Small,X-Large","Rs
2299",1149,50% off,Lingerie&Nightwear-Women
18573,Triumph,Printed cotton round neck womens sleepwear set - blue,"Size:36,38,40,42","Rs
2999",2249,25% off,Lingerie&Nightwear-Women
18574,Kaftan company,Printed round neck viscose womens regular fit night dress - purple,"Size:Large,Medium,Small,X-Large,XX-Large",Nan,1699,No Discount,Lingerie&Nightwear-Women
18575,Sweet dreams,Printed cotton blend round neck womens sleepwear set - peach,"Size:Large,Medium,X-Large,XX-Large","Rs
1499",899,40% off,Lingerie&Nightwear-Women
18576,Enamor,Womens lace wired padded balconette bra - red,Size:32-C,"Rs
1299",649,50% off,Lingerie&Nightwear-Women
18577,Van heusen,Non-wired fixed strap womens everyday bra - pink,"Size:32-B,32-C,34-B,34-C,36-B,36-C",Nan,799,No Discount,Lingerie&Nightwear-Women
18578,Enamor,Cotton blend womens active wear t-shirt - vintage blue,"Size:XL,Large,Medium,Small,X-Small,XX-Large","Rs
669",468,30% off,Lingerie&Nightwear-Women
18579,Wacoal,Womens solid hipster briefs - pink,"Size:Medium,Small",Nan,495,No Discount,Lingerie&Nightwear-Women
18580,Enamor,Womens lace padded underwired push up bra - lime green,"Size:32-B,36-D","Rs
1799",899,50% off,Lingerie&Nightwear-Women
18581,Parfait,Wired regular straps padded womens every day bra - multi,"Size:36-F,36-FF,36-G,36-H,38-F,38-FF,38-G,38-H,40-F,40-FF,40-G,40-H,42-E,42-F,42-FF,42-G,44-E,FREE SIZE 17","Rs
2299",2069,10% off,Lingerie&Nightwear-Women
18582,Triumph,Wired fixed straps lightly padded womens every day bra - brown,"Size:32-B,32-C,32-D,34-B,34-C,34-D,36-B,36-C,36-D,38-C",Nan,1899,No Discount,Lingerie&Nightwear-Women
18583,Insense,Printed cotton round neck womens t-shirt - dark pink,"Size:Large,Medium,Small,X-Large,X-Small","Rs
499",249,50% off,Lingerie&Nightwear-Women
18584,Triumph,Wired strapless heavily padded womens t-shirt bra - black,"Size:34-C,34-D,34-E,34-F,36-C,36-D,36-E,36-F,38-C,38-D,38-E,38-F","Rs
2199",1319,40% off,Lingerie&Nightwear-Women
18585,Van heusen,Non wired multiway straps heavily padded womens every day bra - denim indigo light,"Size:30-B,32-B,32-C,34-B,34-C,36-B,36-C",Nan,699,No Discount,Lingerie&Nightwear-Women
18586,Enamor,Cotton womens night wear tank top - oyster,"Size:XL,Large,Medium,Small",Nan,499,No Discount,Lingerie&Nightwear-Women
18587,Sweet dreams,Printed cotton round neck womens sleepwear set - peach,"Size:Large,Medium,Small,X-Large,XX-Large","Rs
1899",1329,30% off,Lingerie&Nightwear-Women
18588,Triumph,Womens nylon blend padded t-shirt bra - bordeaux,"Size:32-D,34-B,34-C,36-B","Rs
1799",899,50% off,Lingerie&Nightwear-Women
18589,Sweet dreams,Printed rayon relaxed fit womens shorts - charcoal,"Size:Large,Medium,Small,X-Large,XX-Large","Rs
969",678,30% off,Lingerie&Nightwear-Women
18590,Triumph,Printed cotton round neck womens night dress - pink,"Size:36,38,40,42","Rs
1499",899,40% off,Lingerie&Nightwear-Women
18591,Jockey,Cotton elastane womens nightwear capri - muted wine,Size:Error Size,Nan,929,No Discount,Lingerie&Nightwear-Women
18592,Enamor,Full support bra - high coverage non-padded wired - chalk pink,"Size:34-B,34-C,34-D,36-B,36-C,36-D,38-B,38-C,38-D,40-B,40-C,40-D","Rs
1249",624,50% off,Lingerie&Nightwear-Women
18593,Enamor,Womens lace boy shorts - mystique vintage,"Size:Large,Medium,Small","Rs
270",189,30% off,Lingerie&Nightwear-Women
18594,Enamor,Womens printed leggings - black mix,"Size:XL,Medium,Small","Rs
1499",1049,30% off,Lingerie&Nightwear-Women
18595,Enamor,Non-wired racerback strap non padded womens t-shirt bra - grape,"Size:32-B,32-C,32-D,34-B,34-C,34-D,36-B,36-C,38-B",Nan,729,No Discount,Lingerie&Nightwear-Women
18596,Wacoal,Blended knit intimate wear womens panties - red,"Size:Large,Medium,Small,X-Large","Rs
595",416,30% off,Lingerie&Nightwear-Women
18597,Soie,Womens full coverage m frame non-padded non-wired seamed bra - natural,"Size:32-B,34-B,36-B,38-B,40-B","Rs
480",192,60% off,Lingerie&Nightwear-Women
18598,Triumph,Printed viscose collar neck womens night dress - blue,"Size:Large,Medium,Small,X-Large",Nan,2099,No Discount,Lingerie&Nightwear-Women
18599,Erotissch,White solid semi-sheer nightdress - dove,"Size:Large,Medium,Small","Rs
3190",1435,55% off,Lingerie&Nightwear-Women
18600,Erotissch,Nylon knit womens intimatewear regular briefs - eclipse,"Size:Large,Medium,Small,X-Large","Rs
499",249,50% off,Lingerie&Nightwear-Women
18601,Erotissch,Crepe regular fit womens medium length night suit - chalk pink,"Size:Large,Medium,Small,X-Large,X-Small,XX-Large","Rs
1899",1234,35% off,Lingerie&Nightwear-Women
18602,Soie,Rayon regular fit womens night wear pyajamas - mustard,"Size:Large,Medium,Small,X-Large,X-Small,XX-Large","Rs
740",666,10% off,Lingerie&Nightwear-Women
18603,Jockey,Non-wired multiway straps lightly padded womens every day bra - black,"Size:32-B,32-C,34-B,34-C,36-B,36-C,38-B",Nan,1049,No Discount,Lingerie&Nightwear-Women
18604,Clovia,Womens lace low waist bikini panty - red,"Size:Medium,XX-Large","Rs
599",239,60% off,Lingerie&Nightwear-Women
18605,Clovia,Womens cotton rich non-padded non-wired bra - white,"Size:32-B,32-C,34-B,34-C,36-C","Rs
599",239,60% off,Lingerie&Nightwear-Women
18606,Triumph,Polyester blend womens intimate wear seamless brief - black,"Size:Small,X-Large","Rs
999",599,40% off,Lingerie&Nightwear-Women
18607,Van heusen,Non wired fixed straps non padded womens every day bra - sand,"Size:32-B,32-C,34-C,34-D,36-B,36-C,36-D,38-B,38-C,38-D,40-B",Nan,589,No Discount,Lingerie&Nightwear-Women
18608,Insense,Printed cotton regular neck womens t-shirt - grey melange,"Size:Large,Medium,Small,X-Large,X-Small,XX-Large","Rs
599",299,50% off,Lingerie&Nightwear-Women
18609,Soie,Non-wired fixed strap non padded womens every day bra - natural,"Size:4X-Large,5X-Large,Large,X-Large,XX-Large,XXX-Large","Rs
1040",988,5% off,Lingerie&Nightwear-Women
18610,Jockey,Women cotton v-neck t-shirt - black,Size:Error Size,Nan,399,No Discount,Lingerie&Nightwear-Women
18611,Enamor,Cotton blend womens night wear shorts - charcoal,"Size:XL,Large,Medium,Small,XX-Large","Rs
749",524,30% off,Lingerie&Nightwear-Women
18612,Van heusen,Cotton slim fit womens athleisure t-shirt - grey melange,"Size:Large,Medium,Small,X-Large,XX-Large",Nan,479,No Discount,Lingerie&Nightwear-Women
18613,Sweet dreams,Solid blended regular fit womens pyjamas - charcoal,"Size:Large,Medium,Small,X-Large,XX-Large,XXX-Large","Rs
899",809,10% off,Lingerie&Nightwear-Women
18614,Erotissch,Cotton mid rise womens sleepwear set - pale peach,"Size:Large,Medium,Small,X-Large","Rs
1299",584,55% off,Lingerie&Nightwear-Women
18615,Van heusen,Non-wired fixed strap womens everyday bra - natural,"Size:34-D,34-DD,36-B,36-C,36-D,36-DD,38-C,38-D,38-DD,40-C,40-D",Nan,1199,No Discount,Lingerie&Nightwear-Women
18616,Soie,Womens round neck solid top and pants set - teal,"Size:Large,Medium","Rs
2140",1070,50% off,Lingerie&Nightwear-Women
18617,Samshek,Printed polyester boat neck womens bodysuit - multi,"Size:4X-Large,5X-Large,Large,Medium,Small,X-Large,X-Small,XX-Large,XX-Small,XXX-Large",Nan,1590,No Discount,Lingerie&Nightwear-Women
18618,Triumph,Wired multiway strap lightly padded womens every day bra - black,"Size:32-B,32-C,34-B,34-C,34-D,36-B,36-C,36-D,38-C","Rs
1699",849,50% off,Lingerie&Nightwear-Women
18619,Amante,Womens solid bikini briefs - dave grey,"Size:Large,Medium,Small",Nan,495,No Discount,Lingerie&Nightwear-Women
18620,Triumph,Wired fixed strap heavily padded womens every day bra - blue,"Size:34-C,34-D,34-E,34-F,36-C,36-D,36-E,36-F,38-C,38-D,38-E,38-F,40-D,40-E,40-F",Nan,2399,No Discount,Lingerie&Nightwear-Women
18621,Enamor,Cotton blend womens night wear shorts - steam,"Size:XL,Large,Medium,Small,XX-Large","Rs
749",524,30% off,Lingerie&Nightwear-Women
18622,Soie,Womens solid wired padded push up bra - black,"Size:30-B,30-C,32-D,36-C,38-C,40-B","Rs
990",742,25% off,Lingerie&Nightwear-Women
18623,Amante,Non-wired regular strap padded womens t-shirt bra - muted wine,"Size:32-B,32-C,32-D,34-B,34-C,34-D,34-DD,36-B,36-C,36-D,36-DD,38-C,38-D,38-DD",Nan,1145,No Discount,Lingerie&Nightwear-Women
18624,Soie,Womens round neck slub lace top and shorts set - steel,Size:Small,"Rs
1150",575,50% off,Lingerie&Nightwear-Women
18625,Sloggi,Non wired fixed strap heavily padded womens every day bra - brown,"Size:Large,Medium,Small,X-Large,X-Small",Nan,1799,No Discount,Lingerie&Nightwear-Women
18626,Wacoal,Non-wired fixed strap non padded womens every day bra - natural,"Size:32-B,32-C,32-D,32-DD,34-A,34-B,34-C,34-D,34-DD,36-B,36-C,36-D,38-C",Nan,2999,No Discount,Lingerie&Nightwear-Women
18627,Triumph,Non wired fixed straps heavily padded womens every day bra - yellow,"Size:32-B,32-C,32-D,32-E,34-B,34-C,34-D,34-E,36-B,36-C,36-D,36-E,38-C,38-D,38-E","Rs
2199",1319,40% off,Lingerie&Nightwear-Women
18628,Erotissch,Floral georgette v-neck womens regular fit kaftan - mulberry,"Size:Large,Medium,Small,X-Large,XX-Large","Rs
1600",800,50% off,Lingerie&Nightwear-Women
18629,Jockey,Womens 2 pocket printed pyjamas - purple mix,"Size:Large,Medium,Small,X-Large",Nan,999,No Discount,Lingerie&Nightwear-Women
18630,Erotissch,Womens blue & grey printed night suit - blue,"Size:Large,Medium,Small,X-Large","Rs
2199",879,60% off,Lingerie&Nightwear-Women
18631,Amante,Womens printed padded non wired push up bra - coral,"Size:32-C,36-B,36-C,36-D","Rs
1045",731,30% off,Lingerie&Nightwear-Women
18632,Van heusen,Tight fit knee length cotton womens night wear capri - dark blue,Size:Small,Nan,689,No Discount,Lingerie&Nightwear-Women
18633,Jockey,Non-wired fixed straps lightly padded womens every day bra - natural,"Size:30-B,32-B,32-C,32-D,34-B,34-C,34-D,36-B,36-C,36-D,38-B,38-C,40-B",Nan,799,No Discount,Lingerie&Nightwear-Women
18634,Enamor,Cotton womens activewear t-shirt - carmine,"Size:XL,Large,Medium,Small",Nan,799,No Discount,Lingerie&Nightwear-Women
18635,Jockey,Wired multiway straps lightly padded womens every day bra - blood,"Size:32-B,32-C,34-B,34-C,36-B,36-C",Nan,1299,No Discount,Lingerie&Nightwear-Women
18636,Erotissch,Cotton mid rise womens sleepwear set - blush,"Size:Large,Medium,Small,X-Large","Rs
1299",584,55% off,Lingerie&Nightwear-Women
18637,Adidas,Solid polyester regular fit womens sports bra - purple,"Size:Large,Medium,Small,X-Large,X-Small","Rs
2699",1889,30% off,Lingerie&Nightwear-Women
18638,Amante,Womens printed hipster briefs - black,"Size:Small,X-Large","Rs
495",247,50% off,Lingerie&Nightwear-Women
18639,Triumph,Non wired fixed strap non padded womens beginner bra - white,"Size:34-C,34-D,34-E,36-C,36-D,36-E,38-C,38-D,38-E,40-C,40-D,40-E,42-D,42-E,44-D,44-E",Nan,1499,No Discount,Lingerie&Nightwear-Women
18640,Erotissch,Cotton mid rise womens sleepwear set - bleach,"Size:Large,Medium,Small,X-Large","Rs
1299",584,55% off,Lingerie&Nightwear-Women
18641,Amante,Womens printed bikini briefs - pack of 3 - mixed neutrals,Size:Small,Nan,495,No Discount,Lingerie&Nightwear-Women
18642,Triumph,Printed cotton round neck womens sleepwear set - pink,"Size:Large,Medium,Small,X-Large",Nan,2999,No Discount,Lingerie&Nightwear-Women
18643,Amante,Womens lace bikini briefs - ecru,"Size:Large,Medium,Small,X-Large","Rs
545",381,30% off,Lingerie&Nightwear-Women
18644,Sweet dreams,Printed satin v neck womens top bermuda set - grey,"Size:Large,Medium,Small,X-Large","Rs
1599",1439,10% off,Lingerie&Nightwear-Women
18645,Soie,Womens padded non wired solid t-shirt bra - navy,"Size:32-B,34-B,34-D,38-D",Nan,690,No Discount,Lingerie&Nightwear-Women
18646,Triumph,Womens new lace bandeau tanga - natural,"Size:Large,Medium,Small,X-Large","Rs
599",299,50% off,Lingerie&Nightwear-Women
18647,Parfait,Solid nylon wired non padded womens babydoll - white,"Size:32-D,32-DD,32-E,32-F,32-FF,32-G,34-D,34-DD,34-E,34-F,34-FF,34-G,36-D,36-DD,36-E,36-F,36-FF,36-G,38-D,38-DD,38-E,38-F,38-FF,38-G,40-D,40-DD,40-E,40-F,40-FF,40-G,42-D,42-DD,42-E,42-F,42-FF,42-G,44-D,44-DD,44-E,44-F,44-FF,44-G","Rs
3499",2799,20% off,Lingerie&Nightwear-Women
18648,Sweet dreams,Solid blended regular fit womens pyjamas - grey melange,"Size:Large,Medium,Small,X-Large,XX-Large,XXX-Large","Rs
699",629,10% off,Lingerie&Nightwear-Women
18649,Triumph,Polyamide stretty 124 tanga independent everyday lace womens briefs - pack of 2 - white,"Size:Medium,X-Large","Rs
849",424,50% off,Lingerie&Nightwear-Women
18650,Enamor,Cotton womens night wear tank top - original indigo,"Size:XL,Large,Medium,Small",Nan,499,No Discount,Lingerie&Nightwear-Women
18651,Amante,Printed cotton low rise womens boy shorts - blasted green,"Size:Large,Medium,Small,XX-Large",Nan,545,No Discount,Lingerie&Nightwear-Women
18652,Mystere paris,Printed cotton regular fit womens shorts - maroon,"Size:Large,Medium,Small,X-Large,XX-Large","Rs
599",359,40% off,Lingerie&Nightwear-Women
18653,Enamor,Non-wired racerback strap non padded womens t-shirt bra - black,"Size:32-B,32-C,32-D,34-B,34-C,34-D,36-B,36-C,38-B",Nan,729,No Discount,Lingerie&Nightwear-Women
18654,Enamor,Cotton relaxed fit womens shorts - black,"Size:XL,Large,Medium,Small,XX-Large",Nan,749,No Discount,Lingerie&Nightwear-Women
18655,Parfait,Solid nylon womens camisole - yellow,"Size:4X-Large,Large,Medium,X-Large,XX-Large,XXX-Large","Rs
1399",1119,20% off,Lingerie&Nightwear-Women
18656,Kaftan company,Printed viscose v neck womens night dress - black,"Size:Large,Medium,Small,X-Large,XX-Large,XXX-Large",Nan,3299,No Discount,Lingerie&Nightwear-Women
18657,Kaftan company,Printed viscose square neck womens night dress - white,"Size:Large,Medium,Small,X-Large,XX-Large,XXX-Large",Nan,2899,No Discount,Lingerie&Nightwear-Women
18658,Sloggi,Non wired fixed strap heavily padded womens every day bra - black,"Size:Large,Medium,Small,X-Large,X-Small",Nan,1799,No Discount,Lingerie&Nightwear-Women
18659,Kaftan company,Printed v-neck viscose womens regular fit night dress - blue,"Size:Large,Medium,Small,X-Large,XX-Large,XXX-Large",Nan,1699,No Discount,Lingerie&Nightwear-Women
18660,Jockey,Womens round neck t-shirt - purple,Size:Error Size,Nan,1399,No Discount,Lingerie&Nightwear-Women
18661,Parfait,Wired fixed straps lightly padded womens every day bra - maroon,"Size:32-D,32-DD,32-E,32-F,32-FF,32-G,34-D,34-DD,34-E,34-F,34-FF,34-G,36-D,36-DD,36-E,36-F,36-FF,36-G,38-D,38-DD,38-E,38-F,38-FF,38-G,40-DD,40-E,40-F,40-FF,40-G,42-DD,42-E,42-F,42-FF,42-G,44-D,44-DD,44-E,44-F,44-FF,44-G","Rs
2299",2069,10% off,Lingerie&Nightwear-Women
18662,Erotissch,Polyester blend womens bodysuit - super dark stone,"Size:Large,Medium,Small,X-Large","Rs
1449",652,55% off,Lingerie&Nightwear-Women
18663,Erotissch,Solid satin womens mid thigh night dress - burnt orange,"Size:Large,Medium,Small,X-Large","Rs
1999",899,55% off,Lingerie&Nightwear-Women
18664,Erotissch,Cotton mid rise womens sleepwear set - cokeley mustard,"Size:Large,Medium,Small,X-Large","Rs
1299",584,55% off,Lingerie&Nightwear-Women
18665,Clovia,Womens non-padded non-wired bra - yellow,"Size:32-B,32-C","Rs
342",205,40% off,Lingerie&Nightwear-Women
18666,Clovia,Womens cotton rich non-padded non-wired bra - maroon,"Size:32-B,32-C,32-D,34-B,34-C,36-B,40-C","Rs
599",359,40% off,Lingerie&Nightwear-Women
18667,Clovia,Cotton rich non padded wirefree t-shirt bra - natural,"Size:32-C,34-B,34-C","Rs
599",359,40% off,Lingerie&Nightwear-Women
18668,Soie,Womens round neck solid top and shorts set - wine,"Size:Medium,Small","Rs
1150",575,50% off,Lingerie&Nightwear-Women
18669,Soie,Womens round neck solid top and shorts set - chalk pink,"Size:Medium,Small","Rs
1150",575,50% off,Lingerie&Nightwear-Women
18670,Amante,Womens solid padded non wired sports bra - black,"Size:Large,Medium,Small,X-Large","Rs
995",696,30% off,Lingerie&Nightwear-Women
18671,Amante,Womens lace non padded non wired full coverage bra - black,"Size:34-C,34-D,34-DD,36-C,36-D,36-DD,38-C,38-D,38-DD,40-C,40-D,40-DD,42-C,42-D",Nan,1495,No Discount,Lingerie&Nightwear-Women
18672,Clovia,Womens non-padded bra - yellow,"Size:32-B,32-C,34-B,34-C,36-B,36-C,38-B,38-C,40-B","Rs
599",359,40% off,Lingerie&Nightwear-Women
18673,Enamor,Cotton blend womens active wear t-shirt - jacobin,"Size:XL,Large,Medium,Small,X-Small,XX-Large","Rs
669",468,30% off,Lingerie&Nightwear-Women
18674,Clovia,Womens non padded non wired full cup bra in red - red,"Size:32-B,32-C,34-B,34-C","Rs
599",239,60% off,Lingerie&Nightwear-Women
18675,Enamor,Womens athleisure swing tank top - ice blue,Size:Medium,"Rs
599",419,30% off,Lingerie&Nightwear-Women
18676,Soie,Non wired fixed straps non padded womens every day bra - multi,"Size:32-C,32-D,38-B,40-B,40-C,40-D,40-DD","Rs
1300",910,30% off,Lingerie&Nightwear-Women
18677,Enamor,Cotton blend womens active wear t-shirt - broken blue,"Size:XL,Large,Medium,Small,X-Small,XX-Large","Rs
669",468,30% off,Lingerie&Nightwear-Women
18678,Van heusen,Non wired multiway straps heavily padded womens every day bra - sand,"Size:30-B,32-B,32-C,34-B,34-C,36-B,36-C",Nan,699,No Discount,Lingerie&Nightwear-Women
18679,Enamor,Full support cotton bra - high coverage lightly padded wirefree - mastic white,"Size:32-D,36-D","Rs
799",399,50% off,Lingerie&Nightwear-Women
18680,Sweet dreams,Solid blended regular fit womens pyjamas - charcoal,"Size:Large,Medium,Small,X-Large,XX-Large,XXX-Large","Rs
799",719,10% off,Lingerie&Nightwear-Women
18681,Enamor,Cotton womens night wear tank top - orion,"Size:XL,Large,Medium,Small",Nan,499,No Discount,Lingerie&Nightwear-Women
18682,Groversons paris beauty,Womens full coverage padded womens full coverage everyday bra - coral,"Size:30-B,32-B,34-B,36-B,38-B",Nan,529,No Discount,Lingerie&Nightwear-Women
18683,Van heusen,Polyester regular fit womens active wear t-shirt - black,"Size:Large,Medium,Small,X-Large",Nan,959,No Discount,Lingerie&Nightwear-Women
18684,Sweet dreams,Solid blended slim fit womens shorts - black,"Size:Large,Medium,Small,X-Large,XX-Large","Rs
1269",888,30% off,Lingerie&Nightwear-Women
18685,Amante,Womens solid bikini briefs - black,"Size:Large,Medium,Small,X-Large","Rs
495",346,30% off,Lingerie&Nightwear-Women
18686,Soie,Womens printed hipster briefs - pink mix,"Size:Large,Medium,Small","Rs
410",205,50% off,Lingerie&Nightwear-Women
18687,Enamor,Womens lace underwired padded t-shirt bra - mystique vintage,"Size:34-D,38-B","Rs
1799",899,50% off,Lingerie&Nightwear-Women
18688,Enamor,Cotton activewear womens track pants - sage,"Size:XL,Large,Medium,Small",Nan,1599,No Discount,Lingerie&Nightwear-Women
18689,Enamor,Wired racerback straps lightly padded womens bra - silver cloud,"Size:32-B,32-C,32-D,34-B,34-C,34-D,36-B,36-C,36-D","Rs
1299",909,30% off,Lingerie&Nightwear-Women
18690,Amante,Womens solid non padded non wired full coverage bra - raspberry,Size:32-D,Nan,695,No Discount,Lingerie&Nightwear-Women
18691,Enamor,Womens athleisure swing tank top - pink,"Size:XL,Large,Medium,Small","Rs
499",349,30% off,Lingerie&Nightwear-Women
18692,Van heusen,Polyester regular fit womens active wear t-shirt - light mauve,"Size:Large,Medium,Small,X-Large",Nan,919,No Discount,Lingerie&Nightwear-Women
18693,Triumph,Stripes viscose womens night dress - pink,"Size:Large,Medium,Small,X-Large",Nan,1999,No Discount,Lingerie&Nightwear-Women
18694,Amante,Womens printed medium coverage bra - red,"Size:32-C,36-B,36-C,36-D,38-B,38-C","Rs
1045",627,40% off,Lingerie&Nightwear-Women
18695,Kaftan company,Printed v-neck viscose womens night dress - white,"Size:Large,Medium,Small,X-Large,XX-Large,XXX-Large",Nan,1999,No Discount,Lingerie&Nightwear-Women
18696,Enamor,Structured cotton blend womens intimate wear hipster briefs - mixed brights,"Size:XL,Large,Medium,Small",Nan,569,No Discount,Lingerie&Nightwear-Women
18697,Van heusen,Non-wired fixed strap non padded womens everyday bra - lilac,"Size:Large,Medium,Small,X-Large",Nan,679,No Discount,Lingerie&Nightwear-Women
18698,Erotissch,Knit nylon womens thongs - berry,"Size:Large,Medium,Small,X-Large","Rs
659",296,55% off,Lingerie&Nightwear-Women
18699,Enamor,Cotton blend womens intimate wear hipster panties - 106_multi,"Size:XL,Large,Medium,Small,XX-Large",Nan,529,No Discount,Lingerie&Nightwear-Women
18700,Enamor,Non-wired racerback strap non padded womens t-shirt bra - grey melange,"Size:32-B,32-C,32-D,34-B,34-C,34-D,36-B,36-C,38-B",Nan,729,No Discount,Lingerie&Nightwear-Women
18701,Erotissch,Cotton mid rise womens sleepwear set - prune,"Size:Large,Medium,Small,X-Large","Rs
1299",584,55% off,Lingerie&Nightwear-Women
18702,Erotissch,Cotton mid rise womens sleepwear set - blasted blue,"Size:Large,Medium,Small,X-Large","Rs
1299",584,55% off,Lingerie&Nightwear-Women
18703,Jockey,Non-wired multiway straps lightly padded womens every day bra - natural,"Size:32-B,32-C,34-B,34-C,36-B,36-C",Nan,1199,No Discount,Lingerie&Nightwear-Women
18704,Enamor,Cotton womens activewear t-shirt - candy,"Size:XL,Large,Medium,Small",Nan,749,No Discount,Lingerie&Nightwear-Women
18705,Clovia,Womens cotton rich pyjamas - pink,"Size:Large,Medium,Small,X-Large","Rs
999",599,40% off,Lingerie&Nightwear-Women
18706,Enamor,Womens printed and solid bikini briefs - pack of 3 - mixed brights,"Size:XL,Large,Medium,Small",Nan,559,No Discount,Lingerie&Nightwear-Women
18707,Clovia,Womens cotton padded non-wired plunge multiway t-shirt bra - black,"Size:30-C,32-C,32-D,34-C,34-D,36-C,38-B,38-C,40-B","Rs
1199",479,60% off,Lingerie&Nightwear-Women
18708,Enamor,Womens padded wired t-shirt bra - feather grey,"Size:34-B,36-C","Rs
999",499,50% off,Lingerie&Nightwear-Women
18709,Jockey,Womens padded non wired full coverage t-shirt bra - black,"Size:32-B,32-C,34-B,34-C,36-B,36-C,38-B,38-C",Nan,799,No Discount,Lingerie&Nightwear-Women
18710,Wacoal,Womens solid non padded non wired t-shirt bra - black,"Size:32-A,32-B,32-C,32-D,32-DD,34-A,34-B,34-C,34-D,34-DD,36-A,36-B,36-C,36-D",Nan,1495,No Discount,Lingerie&Nightwear-Women
18711,Wacoal,Wired fixed straps lightly padded womens every day bra - lavender,"Size:32-B,32-C,32-D,34-B,34-C,34-D,34-DD,36-B,36-C,36-D,36-DD,38-C,38-D","Rs
2195",1536,30% off,Lingerie&Nightwear-Women
18712,Triumph,Cotton blend intimatewear womens bikini briefs - old rose,Size:Large,Nan,595,No Discount,Lingerie&Nightwear-Women
18713,Soie,Womens round neck solid top and shorts set - red mix,"Size:Medium,Small","Rs
1150",575,50% off,Lingerie&Nightwear-Women
18714,Kaftan company,Printed viscose boat neck womens night dress - white,"Size:Large,Medium,Small,X-Large,XX-Large,XXX-Large",Nan,3299,No Discount,Lingerie&Nightwear-Women
18715,Triumph,Non-wired fixed strap padded womens every day bra - grey,"Size:32-C,32-D,34-B,34-C,34-D,36-B,36-C,36-D",Nan,2499,No Discount,Lingerie&Nightwear-Women
18716,Enamor,Cotton blend womens active wear t-shirt - jet,"Size:XL,Large,Medium,Small,XX-Large",Nan,1299,No Discount,Lingerie&Nightwear-Women
18717,Triumph,Womens non padded wired lace push up bra - natural,"Size:34-C,34-D,34-E,34-F,36-C,36-D,36-E,36-F,38-C,38-D,38-E,38-F,40-D,40-E",Nan,1799,No Discount,Lingerie&Nightwear-Women
18718,Amante,Womens solid padded wired t-shirt bra - natural,"Size:32-D,40-C,40-D","Rs
1045",627,40% off,Lingerie&Nightwear-Women
18719,Soie,Womens self printed padded wired full coverage bra - off white,"Size:32-C,34-D,36-D","Rs
1040",780,25% off,Lingerie&Nightwear-Women
18720,Soie,Womens round neck printed night dress - mixed brights,"Size:Large,Medium,Small,X-Large,XX-Large","Rs
1640",820,50% off,Lingerie&Nightwear-Women
18721,Faballey,Short sleeves casual wear womens sleepwear set - pink,"Size:Large,Medium,Small,X-Large,X-Small","Rs
1950",975,50% off,Lingerie&Nightwear-Women
18722,Soie,Womens round neck solid top and pyjamas set - dusty pink,"Size:Medium,Small","Rs
1150",575,50% off,Lingerie&Nightwear-Women
18723,Soie,Womens round neck printed night dress - multi,"Size:Large,Medium,Small,X-Large,XX-Large","Rs
1640",820,50% off,Lingerie&Nightwear-Women
18724,Amante,Womens dot pattern padded non wired t-shirt bra - black,"Size:34-B,34-C,34-D,36-B,36-D","Rs
1045",731,30% off,Lingerie&Nightwear-Women
18725,Triumph,Cotton intimatewear womens panties - natural,"Size:Large,Medium,Small,X-Large",Nan,599,No Discount,Lingerie&Nightwear-Women
18726,Jockey,Non-wired racerback straps lightly padded womens every day bra - black,"Size:Large,Medium,Small,X-Large",Nan,1199,No Discount,Lingerie&Nightwear-Women
18727,Jockey,Womens printed hipster briefs - assorted pack of 2 - mixed neutrals,"Size:Large,Medium,Small,X-Large,XX-Large",Nan,418,No Discount,Lingerie&Nightwear-Women
18728,Van heusen,Non wired multiway straps heavily padded womens every day bra - black mix,"Size:30-B,32-B,34-D,36-C,36-D,38-B,38-C,38-D",Nan,949,No Discount,Lingerie&Nightwear-Women
18729,Triumph,Polyester blend womens intimate wear hipster brief - black,"Size:Large,Medium,Small,X-Large","Rs
699",419,40% off,Lingerie&Nightwear-Women
18730,Sweet dreams,Stripes rayon regular fit womens night dress - black,Size:Small,"Rs
1799",1079,40% off,Lingerie&Nightwear-Women
18731,Jockey,Womens non wired padded sports bra - black mix,Size:Error Size,Nan,1499,No Discount,Lingerie&Nightwear-Women
18732,Wacoal,Womens solid padded non wired full coverage bra - natural,Size:36-D,Nan,1895,No Discount,Lingerie&Nightwear-Women
18733,Van heusen,Cotton stretch regular fit womens night wear camisole - pink,Size:Small,Nan,349,No Discount,Lingerie&Nightwear-Women
18734,Enamor,Womens dolman short sleeve lounge graphic tee - spruce,"Size:XL,Large,Medium,Small",Nan,749,No Discount,Lingerie&Nightwear-Women
18735,Enamor,Full support lace bra - high coverage non-padded wirefree - pale peach,"Size:34-B,34-C,34-D,36-B,36-C,36-D,38-B,38-C",Nan,949,No Discount,Lingerie&Nightwear-Women
18736,Van heusen,Cotton stretch slim fit womens activewear tank top - rosewood,"Size:Large,Medium,Small,X-Large",Nan,749,No Discount,Lingerie&Nightwear-Women
18737,Jockey,Womens padded non wired colour block power back active sports bra - black mix,"Size:Large,Medium,Small,X-Large",Nan,749,No Discount,Lingerie&Nightwear-Women
18738,Jockey,Womens non wired non padded moulded cup firm support bra - cobalt,"Size:32-B,32-C,34-B,34-C,34-D,36-B,36-C,36-D,38-B,38-C,38-D",Nan,649,No Discount,Lingerie&Nightwear-Women
18739,Amante,Womens solid non wired padded t-shirt bra - black,Size:32-D,"Rs
1045",940,10% off,Lingerie&Nightwear-Women
18740,Enamor,Cotton womens active wear t-shirt - midnight blue,"Size:XL,Large,Medium,Small,XX-Large",Nan,799,No Discount,Lingerie&Nightwear-Women
18741,Enamor,Solid cotton relaxed fit womens shorts - black,"Size:XL,Large,Medium,Small,XX-Large",Nan,649,No Discount,Lingerie&Nightwear-Women
18742,Triumph,Printed cotton round neck womens night dress - natural,"Size:36,38,40,42","Rs
1499",899,40% off,Lingerie&Nightwear-Women
18743,Soie,Womens round neck slub lace top and shorts set - orange,Size:Small,"Rs
1150",575,50% off,Lingerie&Nightwear-Women
18744,Kaftan company,Printed v-neck viscose womens regular fit night dress - white,"Size:Large,Medium,Small,X-Large,XX-Large,XXX-Large",Nan,1699,No Discount,Lingerie&Nightwear-Women
18745,Enamor,Cotton womens active wear t-shirt - salmon,"Size:XL,Large,Medium,Small,XX-Large",Nan,899,No Discount,Lingerie&Nightwear-Women
18746,Enamor,Non-wired strapless non padded womens sports bra - denimex,"Size:Large,Medium,Small","Rs
1349",944,30% off,Lingerie&Nightwear-Women
18747,Parfait,Non wired fixed straps lightly padded womens bralette - 106_multi,"Size:32-D,32-DD,32-E,32-F,32-FF,32-G,34-D,34-DD,34-E,34-F,34-FF,34-G,36-D,36-DD,36-E,36-F,36-FF,36-G,38-D,38-DD,38-E,38-F,38-FF,38-G,40-D,40-DD,40-E,40-F,40-FF,40-G,42-D,42-DD,42-E,42-F,44-D,44-DD,44-E,44-F","Rs
2199",1979,10% off,Lingerie&Nightwear-Women
18748,Amante,Womens solid minimiser bra - natural,"Size:34-DD,36-DD,38-DD",Nan,1295,No Discount,Lingerie&Nightwear-Women
18749,Parfait,Non-wired regular straps non padded womens sports bra - blue,"Size:30,30-D,30-DD,32-D,32-DD,32-E,32-F,32-FF,32-G,34-D,34-DD,34-E,34-F,34-FF,34-G,36-D,36-DD,36-E,36-F,36-FF,36-G,38-D,38-DD,38-E,38-F,38-FF,38-G,40-D,40-DD,40-E,40-F,40-FF,40-G,FREE SIZE 02,FREE SIZE 03,FRSZ","Rs
2499",2249,10% off,Lingerie&Nightwear-Women
18750,Mystere paris,Cotton regular fit womens night wear pyjamas - grey,"Size:Large,Medium,Small,X-Large,XX-Large","Rs
799",479,40% off,Lingerie&Nightwear-Women
18751,Mystere paris,Cotton regular fit womens night wear pyjamas - blue,"Size:Large,Medium,Small,X-Large,XX-Large","Rs
899",539,40% off,Lingerie&Nightwear-Women
18752,Soie,Womens round neck printed night dress - apricot,"Size:Large,Medium,Small,X-Large","Rs
1040",780,25% off,Lingerie&Nightwear-Women
18753,Amante,Womens solid padded wired t-shirt bra - natural,"Size:32-B,32-C,34-B,34-C,34-D,36-B,36-C,36-D,38-B,38-C","Rs
1045",627,40% off,Lingerie&Nightwear-Women
18754,Jockey,Modal womens night wear pyjama - peach,Size:Large,Nan,999,No Discount,Lingerie&Nightwear-Women
18755,Enamor,Hi-waist thigh slimmer - black,"Size:Large,Medium,X-Large",Nan,1299,No Discount,Lingerie&Nightwear-Women
18756,Enamor,Womens solid non wired non padded beginners bra pack of 2 - charcoal,Size:34-D,"Rs
998",499,50% off,Lingerie&Nightwear-Women
18757,Amante,Womens printed bra - pink,"Size:32-C,34-D,36-B,36-C,36-D,38-B,38-C","Rs
1045",627,40% off,Lingerie&Nightwear-Women
18758,Kaftan company,Womens mehndi dot batik hand block kaftan - olive,"Size:Medium,Small",Nan,2699,No Discount,Lingerie&Nightwear-Women
18759,Triumph,Womens palm t-shirt bra hipster - grey,Size:X-Large,"Rs
599",299,50% off,Lingerie&Nightwear-Women
18760,Enamor,Womens printed and solid hipster briefs - pack of 3 - mixed brights,"Size:Medium,Small",Nan,559,No Discount,Lingerie&Nightwear-Women
18761,Clovia,Womens cotton rich non-padded non-wired bra with mesh neck - grey,"Size:32-B,32-C,34-B,34-C,36-B","Rs
599",239,60% off,Lingerie&Nightwear-Women
18762,Wacoal,Womens solid non padded non wired t-shirt bra - natural,"Size:32-B,32-C,32-D,34-A,34-B,34-C,34-D,36-A,36-B,36-C,36-D",Nan,2299,No Discount,Lingerie&Nightwear-Women
18763,Enamor,Womens high waisted active contour leggings with adjustable waist - denim black,"Size:Large,Medium,Small,XX-Large",Nan,1399,No Discount,Lingerie&Nightwear-Women
18764,Nayomi,Wired removable strap push up womens every day bra - green,"Size:34-B,34-C,36-B,36-C,36-D,38-B,38-C,38-D",Nan,1599,No Discount,Lingerie&Nightwear-Women
18765,Adidas,Stripes polyester womens sports bra - burgundy,"Size:Large,Medium,Small,X-Large","Rs
3599",2519,30% off,Lingerie&Nightwear-Women
18766,Clovia,Womens non padded wirefree denim inspired t shirt bra blue - blue,"Size:32-B,32-C,32-D,34-B,34-C,36-B,38-B","Rs
699",419,40% off,Lingerie&Nightwear-Women
18767,Crimsoune club,Checked cotton regular fit womens night suit - pink,"Size:Large,Medium,Small,X-Large","Rs
1799",1259,30% off,Lingerie&Nightwear-Women
18768,Adidas,Printed polyester knit womens sports bra - pink,"Size:Large,Medium,Small,X-Large","Rs
1799",1259,30% off,Lingerie&Nightwear-Women
18769,Enamor,Cotton activewear womens track pants - acid green,"Size:XL,Large,Medium,Small",Nan,1599,No Discount,Lingerie&Nightwear-Women
18770,Wacoal,Womens gococi padded wireless solid bra - natural,"Size:Large,Medium,Small","Rs
2195",1097,50% off,Lingerie&Nightwear-Women
18771,Amante,Wired regular strap padded womens t-shirt bra - blue midstone,"Size:32-B,32-C,32-D,34-B,34-C,34-D,36-B,36-C,36-D,38-C,38-D",Nan,1595,No Discount,Lingerie&Nightwear-Women
18772,Enamor,Wired racerback strap lightly padded womens push up bra - lapiz,"Size:32-B,32-C,32-D,34-B,34-C,34-D,36-B,36-C,38-B,38-C",Nan,1799,No Discount,Lingerie&Nightwear-Women
18773,Sweet dreams,Printed cotton round neck womens sleepwear set - green,"Size:Large,Medium,Small,X-Large,XX-Large","Rs
1649",1154,30% off,Lingerie&Nightwear-Women
18774,Sweet dreams,Solid blended regular fit womens pyjamas - grey,"Size:Large,Medium,Small,X-Large,XX-Large,XXX-Large","Rs
799",719,10% off,Lingerie&Nightwear-Women
18775,Van heusen,Non wired multiway straps heavily padded womens every day bra - white,"Size:30-B,32-B,32-C,34-B,34-C,34-D,36-B,36-C,36-D,38-B,38-C,38-D",Nan,749,No Discount,Lingerie&Nightwear-Women
18776,Mystere paris,Activewear/nightwear womens shorts - blue,"Size:Large,X-Large,XX-Large","Rs
599",359,40% off,Lingerie&Nightwear-Women
18777,Triumph,Wired multiway strap lightly padded womens every day bra - ecru,"Size:32-B,32-C,32-D,34-B,34-C,34-D,36-B,36-C,36-D,38-C,38-D","Rs
1899",949,50% off,Lingerie&Nightwear-Women
18778,Triumph,Wired fixed strap heavily padded womens t-shirt bra - black,"Size:32-B,32-C,32-D,34-B,34-C,34-D,36-B,36-C,36-D,38-C",Nan,2199,No Discount,Lingerie&Nightwear-Women
18779,Van heusen,Skinny fit knee length cotton stretch womens night wear capri - black,Size:Small,Nan,689,No Discount,Lingerie&Nightwear-Women
18780,Enamor,T-shirt bra - padded wirefree detachable strap - powder blue,"Size:32-B,32-C,32-D,34-C,34-D,36-B,36-C,38-B,38-C","Rs
1049",734,30% off,Lingerie&Nightwear-Women
18781,Parfait,Wired regular straps padded womens every day bra - pink,"Size:30,30-D,30-DD,32-D,32-DD,32-E,32-F,32-FF,34-D,34-DD,34-E,34-FF,36-D,36-E,36-FF,36-G,38-D,38-DD,38-E,38-F,38-FF,38-G,40-D,40-DD,40-E,40-F,40-FF,40-G,42-D,42-DD,42-E,42-F,42-FF,42-G,44-DD,44-E,44-F,44-FF,44-G,FREE SIZE 02,FREE SIZE 03,FRSZ","Rs
2299",2069,10% off,Lingerie&Nightwear-Women
18782,Puma,Printed polyester regular fit womens sports bra - black,"Size:Large,Medium,Small,X-Large,X-Small","Rs
2499",1749,30% off,Lingerie&Nightwear-Women
18783,Insense,Printed cotton regular neck womens t-shirt - pale yellow,"Size:Large,Medium,Small,X-Large,X-Small,XX-Large","Rs
499",249,50% off,Lingerie&Nightwear-Women
18784,Enamor,Cotton blend knit womens intimate wear panties - mixed brights,"Size:XL,Large,Medium,Small",Nan,569,No Discount,Lingerie&Nightwear-Women
18785,Faballey,Half sleeves casual wear womens loungewear - natural,"Size:Large,Medium,Small,X-Large","Rs
1900",950,50% off,Lingerie&Nightwear-Women
18786,Enamor,Cotton blend knit womens intimate wear panties - print,"Size:XL,Large,Medium,Small",Nan,499,No Discount,Lingerie&Nightwear-Women
18787,Erotissch,Polyester blend womens bodysuit - empire,"Size:Large,Medium,Small,X-Large","Rs
1449",652,55% off,Lingerie&Nightwear-Women
18788,Amante,Non wired removable straps non padded womens every day bra - natural,"Size:32-B,32-C,32-D,34-B,34-C,36-B,36-C,36-D,38-B,38-C,38-D,40-C,40-D","Rs
695",417,40% off,Lingerie&Nightwear-Women
18789,Jockey,Womens full briefs - muted wine,"Size:Large,Medium,Small,X-Large",Nan,279,No Discount,Lingerie&Nightwear-Women
18790,Van heusen,Tight fit knee length polyester stretch womens activewear capri - purple,"Size:Large,Medium,Small,X-Large",Nan,899,No Discount,Lingerie&Nightwear-Women
18791,Erotissch,Solid satin v-neck womens regular fit kaftan - blasted navy,"Size:Large,Medium,Small,X-Large,X-Small,XX-Large","Rs
1999",1299,35% off,Lingerie&Nightwear-Women
18792,Erotissch,Cotton mid rise womens sleepwear set - black rinse,"Size:Large,Medium,Small,X-Large","Rs
1299",584,55% off,Lingerie&Nightwear-Women
18793,Sloggi,Polyester blend womens intimate wear panties - yellow,"Size:Large,Medium,Small,X-Large,X-Small",Nan,999,No Discount,Lingerie&Nightwear-Women
18794,Sloggi,Polyester blend womens intimate wear panties - black,"Size:Large,Medium,Small,X-Large,X-Small",Nan,999,No Discount,Lingerie&Nightwear-Women
18795,Wacoal,Womens solid non padded non wired full coverage bra - orange,"Size:34-B,34-C,34-D,34-DD,36-B,36-C,36-D,36-DD,38-B,38-C,38-D,38-DD,40-B,40-C,40-D,40-DD,42-B,42-C,42-D,42-DD","Rs
995",398,60% off,Lingerie&Nightwear-Women
18796,Triumph,Wired fixed strap padded womens minimiser bra - pink,"Size:38-D,38-F,40-D",Nan,1499,No Discount,Lingerie&Nightwear-Women
18797,Triumph,Wired fixed strap non padded womens every day bra - brown,"Size:36-C,38-D,38-F,40-E","Rs
1899",949,50% off,Lingerie&Nightwear-Women
18798,Enamor,Cotton blend round neck womens active wear t-shirt - jaffa,"Size:Large,XX-Large",Nan,669,No Discount,Lingerie&Nightwear-Women
18799,Amante,Womens lace non padded non wired beginners bra - rose,"Size:Large,Medium","Rs
1395",697,50% off,Lingerie&Nightwear-Women
18800,Soie,Womens round neck printed night dress - mixed darks,"Size:Large,Medium,Small,X-Large,XX-Large","Rs
1640",820,50% off,Lingerie&Nightwear-Women
18801,Amante,Womens solid minimiser bra - black,Size:34-DD,Nan,1295,No Discount,Lingerie&Nightwear-Women
18802,Soie,Womens 2 pocket solid capris - baby pink,"Size:Medium,Small","Rs
870",522,40% off,Lingerie&Nightwear-Women
18803,Enamor,Low waist panty - multi,"Size:XL,Large,Small",Nan,449,No Discount,Lingerie&Nightwear-Women
18804,Sloggi,Polyester blend womens intimate wear panties - yellow,"Size:Large,Medium,Small,X-Small",Nan,999,No Discount,Lingerie&Nightwear-Women
18805,Sweet dreams,Printed rayon round neck womens 3 pcs set - peach,"Size:Small,X-Large","Rs
2399",1679,30% off,Lingerie&Nightwear-Women
18806,Soie,Womens v neck solid top and pant set - butter,"Size:Large,Medium,Small","Rs
1530",765,50% off,Lingerie&Nightwear-Women
18807,Soie,Womens solid non wired padded push up bra - natural,"Size:30-B,32-C,32-D,34-B,38-B,40-B","Rs
925",693,25% off,Lingerie&Nightwear-Women
18808,Triumph,Polyester blend womens hipster - natural,"Size:Large,XX-Large","Rs
599",449,25% off,Lingerie&Nightwear-Women
18809,Soie,Womens round neck printed night dress - black,"Size:Large,Medium,Small,X-Large","Rs
1040",780,25% off,Lingerie&Nightwear-Women
18810,Sloggi,Polyester blend womens intimate wear panties - orange,"Size:Large,Medium,Small,X-Large,X-Small",Nan,999,No Discount,Lingerie&Nightwear-Women
18811,Sloggi,Polyester blend womens intimate wear shapewear - black,"Size:Medium,Small",Nan,2999,No Discount,Lingerie&Nightwear-Women
18812,Enamor,Non-wired fixed strap padded womens maternity bra - orchid,"Size:34-B,34-C,34-D,34-Z,36-B,36-C,38-B,38-D",Nan,949,No Discount,Lingerie&Nightwear-Women
18813,Kaftan company,Womens ornated borders maxi length kaftan - green,"Size:Large,Medium,Small,X-Large,XX-Large,XXX-Large",Nan,2999,No Discount,Lingerie&Nightwear-Women
18814,Enamor,Wired racerback straps lightly padded womens every day bra - black,"Size:32-B,32-C,32-D,34-B,34-C,34-D,36-B,36-C,36-D,38-B,38-C",Nan,1599,No Discount,Lingerie&Nightwear-Women
18815,Amante,Printed cotton mid rise womens hipster panty - allum,Size:Small,Nan,545,No Discount,Lingerie&Nightwear-Women
18816,Enamor,Cotton blend womens active wear t-shirt - jaffa,"Size:XL,Large,Medium,Small",Nan,899,No Discount,Lingerie&Nightwear-Women
18817,Mystere paris,Striped cotton regular fit womens pyjamas - purple,"Size:Large,Medium,Small,X-Large,XX-Large","Rs
799",479,40% off,Lingerie&Nightwear-Women
18818,Adidas,Printed polyester knit womens sports bra - black,"Size:Large,Medium,Small,X-Small","Rs
3599",2519,30% off,Lingerie&Nightwear-Women
18819,Soie,Soft cotton regular fit womens sleep t-shirt - green,"Size:Large,Medium,Small,X-Large,XX-Large","Rs
590",442,25% off,Lingerie&Nightwear-Women
18820,Sweet dreams,Printed cotton blend round neck womens t-shirt - black,"Size:Large,Medium,Small,X-Large,XX-Large,XXX-Large","Rs
499",449,10% off,Lingerie&Nightwear-Women
18821,Soie,Womens full coverage non padded wired bra - fuchsia,"Size:32-B,34-B,34-C,38-B","Rs
820",533,35% off,Lingerie&Nightwear-Women
18822,Soie,Non wired fixed straps non padded womens every day bra - tan,"Size:32-B,32-C,32-D,32-DD,34-B,34-C,34-D,34-DD,36-B,36-C,36-D,36-DD,38-B,38-C,38-D,38-DD,40-B,40-C,40-D,42-B,42-C,42-D,44-C,44-D",Nan,875,No Discount,Lingerie&Nightwear-Women
18823,Mystere paris,Regular fit full length cotton womens pyjama - green,"Size:Large,Medium,Small,X-Large","Rs
999",599,40% off,Lingerie&Nightwear-Women
18824,Triumph,Polyamide shape 04 high waist comfortable womens shapewear - black,"Size:Large,Medium,Small,X-Large",Nan,2099,No Discount,Lingerie&Nightwear-Women
18825,Enamor,Non wired racerback straps non padded womens bikini - pale peach,"Size:34-B,34-C,34-D,34-Z,36-B,36-C,36-D,36-Z,38-B,38-C,38-D,38-Z,40-B,40-C,40-D,40-Z,42-C,42-D,42-Z",Nan,849,No Discount,Lingerie&Nightwear-Women
18826,Van heusen,Non wired halter strap non padded womens every day bra - sand,"Size:32-B,32-C,34-B,34-C,34-D,36-B,36-C,36-D,38-B,38-C,38-D,40-C,40-D",Nan,659,No Discount,Lingerie&Nightwear-Women
18827,Van heusen,Non-wired fixed strap non padded womens everyday bra - black,"Size:32-B,32-C,34-B,34-C,34-D,36-B,36-C,36-D,38-B,38-C,38-D,40-C,40-D",Nan,539,No Discount,Lingerie&Nightwear-Women
18828,Amante,Womens basic bra - natural,Size:40-D,Nan,845,No Discount,Lingerie&Nightwear-Women
18829,Sweet dreams,Printed rayon v neck womens sleepwear set - peach,"Size:Large,Medium,Small,X-Large","Rs
2699",1889,30% off,Lingerie&Nightwear-Women
18830,Wacoal,Blended knit intimate wear womens panties - grey tone,"Size:Large,Medium",Nan,995,No Discount,Lingerie&Nightwear-Women
18831,Erotissch,Cotton mid rise womens sleepwear set - green,"Size:Large,Medium,Small,X-Large","Rs
1299",584,55% off,Lingerie&Nightwear-Women
18832,Triumph,Polyamide beauty-full high waist panty womens briefs - coffee,"Size:Small,X-Large","Rs
499",249,50% off,Lingerie&Nightwear-Women
18833,Amante,Womens solid padded non wired t-shirt bra - mid blue,"Size:32-C,32-D,36-B,36-C,36-D,38-C,38-D","Rs
1495",897,40% off,Lingerie&Nightwear-Women
18834,Soie,Womens solid wired padded push up bra - natural,"Size:30-B,30-C,32-D,36-C,38-C,40-B","Rs
990",742,25% off,Lingerie&Nightwear-Women
18835,Amante,Abstract cotton low rise womens hipster panty - blue mix light,"Size:Large,Medium,Small,XX-Large",Nan,945,No Discount,Lingerie&Nightwear-Women
18836,Amante,Womens solid medium coverage bra - black,"Size:38-B,40-C,40-D","Rs
745",372,50% off,Lingerie&Nightwear-Women
18837,Triumph,Wired fixed strap padded womens t-shirt bra - orange,"Size:32-B,32-C,32-D,34-B,34-C,34-D,36-B,36-C,36-D,38-C",Nan,1899,No Discount,Lingerie&Nightwear-Women
18838,Amante,Womens solid non padded non wired full coverage bra - natural,Size:32-D,Nan,695,No Discount,Lingerie&Nightwear-Women
18839,Kaftan company,Printed cotton round neck womens night dress - pink,"Size:Large,Small,X-Large,XX-Large,XXX-Large",Nan,1999,No Discount,Lingerie&Nightwear-Women
18840,Enamor,Solid cotton relaxed fit womens shorts - print,"Size:XL,Large,Medium,Small,XX-Large",Nan,649,No Discount,Lingerie&Nightwear-Women
18841,Parfait,Solid nylon womens camisole - peach,"Size:32-D,32-DD,32-E,32-F,32-FF,34-DD,34-E,34-F,36-D,36-DD,36-E,36-F,36-FF,38-DD,38-E,38-F,38-FF,40-DD,40-E,40-F","Rs
2999",2399,20% off,Lingerie&Nightwear-Women
18842,Sloggi,Non wired fixed strap lightly padded womens every day bra - black,"Size:Large,Medium,Small,X-Small",Nan,2099,No Discount,Lingerie&Nightwear-Women
18843,Jockey,Womens nightwear tank - red,Size:Error Size,Nan,599,No Discount,Lingerie&Nightwear-Women
18844,Parfait,Solid nylon womens camisole - green,"Size:4X-Large,Large,Medium,X-Large,XX-Large,XXX-Large","Rs
1399",1119,20% off,Lingerie&Nightwear-Women
18845,Triumph,Non wired fixed straps non padded womens sports bra - black,"Size:32-C,32-D,34-B,36-B","Rs
2399",1199,50% off,Lingerie&Nightwear-Women
18846,Erotissch,Graphic crepe v-neck womens regular fit kaftan set - bistro,"Size:Large,Medium,Small,X-Large,X-Small","Rs
2999",2099,30% off,Lingerie&Nightwear-Women
18847,Erotissch,Satin womens sleepwear set - light mauve,"Size:Large,Medium,Small,X-Large","Rs
1899",1234,35% off,Lingerie&Nightwear-Women
18848,Erotissch,White solid nightdress - dove,"Size:Large,Medium,Small,X-Large","Rs
1599",799,50% off,Lingerie&Nightwear-Women
18849,Jockey,Womens spaghetti neck solid camisole - black,Size:X-Large,Nan,439,No Discount,Lingerie&Nightwear-Women
18850,Erotissch,Cotton mid rise womens sleepwear set - misty lilac,"Size:Large,Medium,Small,X-Large","Rs
1299",584,55% off,Lingerie&Nightwear-Women
18851,Triumph,Non-wired fixed straps lightly padded womens every day bra - pink,"Size:34-B,34-C,34-D,36-B,36-C,36-D,38-C,38-D,40-D",Nan,1099,No Discount,Lingerie&Nightwear-Women
18852,Clovia,Womens cotton text print top - yellow,"Size:Large,Medium,Small,X-Large","Rs
571",228,60% off,Lingerie&Nightwear-Women
18853,Clovia,Womens full coverage bra - natural,"Size:32-B,32-C,34-C","Rs
599",239,60% off,Lingerie&Nightwear-Women
18854,Triumph,Non wired fixed straps lightly padded womens beginner bra - purple mix,Size:34-C,"Rs
1499",749,50% off,Lingerie&Nightwear-Women
18855,Enamor,Cotton activewear womens track pants - graphite,"Size:XL,Large,Small","Rs
899",629,30% off,Lingerie&Nightwear-Women
18856,Indya,Stripes viscose regular fit womens pyjama set - yellow,Size:Small,Nan,2500,No Discount,Lingerie&Nightwear-Women
18857,Kaftan company,Printed viscose v neck womens night dress - yellow,Size:Medium,Nan,3299,No Discount,Lingerie&Nightwear-Women
18858,Triumph,Polyamide shape sensation 33 waist-band maximum support womens shapewear - natural,Size:Small,Nan,1999,No Discount,Lingerie&Nightwear-Women
18859,Amante,Womens solid padded wired t-shirt bra - black,"Size:32-D,40-C,40-D","Rs
1045",627,40% off,Lingerie&Nightwear-Women
18860,Erotissch,Cotton mid rise womens sleepwear set - cross hatch yellow,"Size:Large,Medium,Small,X-Large","Rs
1299",584,55% off,Lingerie&Nightwear-Women
18861,Wacoal,Wired fixed straps lightly padded womens every day bra - natural,"Size:34-D,36-B",Nan,3299,No Discount,Lingerie&Nightwear-Women
18862,Wacoal,Wired fixed strap padded womens every day bra - pink,"Size:32-B,32-C,32-D,34-B,34-C,34-D,34-DD,36-B,36-C,38-B,38-C","Rs
1695",1356,20% off,Lingerie&Nightwear-Women
18863,Enamor,Non wired racerback straps lightly padded womens every day bra - red mix,"Size:32-B,32-C,32-D,34-B,34-C,34-D,36-B,36-C,36-D,38-B,38-C,38-D",Nan,749,No Discount,Lingerie&Nightwear-Women
18864,Mystere paris,Cotton knee length womens regular fit night dress - yellow,"Size:Large,Medium,Small,X-Large","Rs
799",479,40% off,Lingerie&Nightwear-Women
18865,Triumph,Non-wired fixed strap padded womens every day bra - purple,"Size:32-B,32-C,32-D,32-E,34-B,34-C,34-D,34-E,36-B,36-C,36-D,36-E,38-C,38-D,38-E",Nan,2399,No Discount,Lingerie&Nightwear-Women
18866,Amante,Womens basic bra - black,"Size:32-D,34-D,34-DD,36-D,36-DD,38-D,38-DD,40-D","Rs
1295",906,30% off,Lingerie&Nightwear-Women
18867,Van heusen,Non-wired fixed strap non padded womens everyday bra - deep navy,"Size:32-B,32-C,34-B,34-C,34-D,36-B,36-C,36-D,38-B,38-C,38-D,40-C,40-D",Nan,539,No Discount,Lingerie&Nightwear-Women
18868,Van heusen,Non-wired fixed strap non padded womens everyday bra - ginger snap,"Size:32-B,32-C,34-B,34-C,34-D,36-B,36-C,36-D,38-B,38-C,38-D,40-C,40-D",Nan,539,No Discount,Lingerie&Nightwear-Women
18869,Sloggi,Non wired fixed strap heavily padded womens every day bra - black,"Size:Large,Medium,Small,X-Small",Nan,2999,No Discount,Lingerie&Nightwear-Women
18870,Ziyaa,Floral polyester v neck womens kaftan - purple,"Size:Large,Medium,X-Large,XX-Large,XXX-Large","Rs
3758",1503,60% off,Lingerie&Nightwear-Women
18871,Mystere paris,Cotton womens sleepsuit - peach,"Size:Large,Medium,Small,X-Large,XX-Large","Rs
1599",959,40% off,Lingerie&Nightwear-Women
18872,Enamor,Medium impact sports bra - non-padded wirefree metal free pop-on bra - turquoise,"Size:Large,Medium","Rs
899",449,50% off,Lingerie&Nightwear-Women
18873,Parfait,Solid nylon womens camisole - black,"Size:4X-Large,Large,Medium,X-Large,XX-Large,XXX-Large","Rs
1399",1119,20% off,Lingerie&Nightwear-Women
18874,Soie,Womens lace hipster briefs - mixed neutrals,"Size:Large,Small","Rs
410",205,50% off,Lingerie&Nightwear-Women
18875,Enamor,Wired fixed straps non padded womens every day bra - honey,"Size:34-C,34-D,34-Z,36-C,36-D,36-Z,38-C,38-D,38-Z,40-D,40-Z",Nan,1499,No Discount,Lingerie&Nightwear-Women
18876,Jockey,Womens printed leggings - black,Size:Error Size,Nan,1129,No Discount,Lingerie&Nightwear-Women
18877,Sweet dreams,Printed cotton round neck womens night dress - pink,"Size:Large,Medium,Small,X-Large","Rs
1449",1014,30% off,Lingerie&Nightwear-Women
18878,Enamor,Full support lace bra - high coverage non-padded wirefree - black,"Size:34-C,34-D,36-B,36-C,36-D,38-B,38-C,38-D",Nan,1349,No Discount,Lingerie&Nightwear-Women
18879,Enamor,Solid cotton relaxed fit womens top - pink,"Size:XL,Large,Medium,Small,XX-Large",Nan,1299,No Discount,Lingerie&Nightwear-Women
18880,Enamor,Solid polyester stretch crop fit womens top - thistle,"Size:Large,Medium,Small","Rs
1349",944,30% off,Lingerie&Nightwear-Women
18881,Van heusen,Non wired halter strap non padded womens every day bra - off white,"Size:36-C,36-D,36-DD,38-D,38-DD,40-B,40-C,40-D,40-DD,42-B,42-C,42-D,42-DD,44-B,44-C,44-D,44-DD","Rs
1249",1199,4% off,Lingerie&Nightwear-Women
18882,Enamor,Cotton activewear womens track pants - denimex,"Size:XL,Large,Medium,Small",Nan,1699,No Discount,Lingerie&Nightwear-Women
18883,Erotissch,Satin mid rise womens shorts - old rose,"Size:Large,Medium,Small,X-Large","Rs
1299",649,50% off,Lingerie&Nightwear-Women
18884,Mystere paris,Polka dots cotton regular fit womens pyjamas - green,"Size:Large,Medium,Small,X-Large,XX-Large","Rs
999",599,40% off,Lingerie&Nightwear-Women
18885,Erotissch,Cotton mid rise womens sleepwear set - corn,"Size:Large,Medium,Small,X-Large","Rs
1299",584,55% off,Lingerie&Nightwear-Women
18886,Sweet dreams,Solid blended regular fit womens pyjamas - blue,"Size:Large,Medium,Small,X-Large,XX-Large,XXX-Large","Rs
699",629,10% off,Lingerie&Nightwear-Women
18887,Groversons paris beauty,Womens plus size cotton lycra full coverage everyday bra - pink,"Size:32-B,32-C,32-D,34-B,34-C,34-D,36-B,36-C,36-D",Nan,669,No Discount,Lingerie&Nightwear-Women
18888,Amante,Womens basic bra - natural,"Size:32-D,34-D,34-DD,36-D,36-DD,38-D,38-DD,40-D","Rs
1295",906,30% off,Lingerie&Nightwear-Women
18889,Wacoal,Wired fixed straps lightly padded womens every day bra - sand,"Size:34-D,34-DD,34-G,36-D,36-DD,36-G,38-D,38-E,38-G","Rs
3495",1747,50% off,Lingerie&Nightwear-Women
18890,Enamor,Cotton blend womens active wear t-shirt - jade,"Size:XL,Large,Medium,Small,XX-Large","Rs
699",489,30% off,Lingerie&Nightwear-Women
18891,Van heusen,Non-wired fixed strap non padded womens everyday bra - blue,"Size:30-B,32-B,32-C,34-B,34-C,34-D,36-B,36-C,36-D,38-B,38-C",Nan,619,No Discount,Lingerie&Nightwear-Women
18892,Van heusen,Non wired racerback straps lightly padded womens every day bra - black,"Size:Large,Medium,Small,X-Large",Nan,729,No Discount,Lingerie&Nightwear-Women
18893,Erotissch,Solid satin cowl neck womens regular fit nightie - pearl,Size:Small,"Rs
1699",849,50% off,Lingerie&Nightwear-Women
18894,Triumph,Non wired multiway strap non padded womens beginner bra - black mix,"Size:Medium,Small,X-Small",Nan,899,No Discount,Lingerie&Nightwear-Women
18895,Soie,Non-wired fixed strap lightly padded womens every day bra - mist,"Size:32-B,32-C,32-D,34-B,34-C,34-D,36-B,36-C,36-D,38-B,38-C,38-D,40-B,40-C,40-D",Nan,1040,No Discount,Lingerie&Nightwear-Women
18896,Triumph,Wired fixed strap heavily padded womens t-shirt bra - grey,"Size:32-B,32-C,32-D,34-B,34-C,34-D,36-B,36-C,36-D,38-C",Nan,2199,No Discount,Lingerie&Nightwear-Women
18897,Wacoal,Womens b-smooth seamless no show solid brief-panty - natural,"Size:Large,Medium,Small,X-Large",Nan,999,No Discount,Lingerie&Nightwear-Women
18898,Soie,Womens round neck printed night dress - blue,"Size:Large,Medium,Small,X-Large","Rs
1040",780,25% off,Lingerie&Nightwear-Women
18899,Enamor,Cotton blend round neck womens active wear t-shirt - feather grey,"Size:XL,Large,Medium,Small",Nan,799,No Discount,Lingerie&Nightwear-Women
18900,Enamor,Low waist co-ordinate lace panty - light blue,Size:XL,"Rs
499",349,30% off,Lingerie&Nightwear-Women
18901,Reebok,Solid polyester slim fit womens sports bra - black,"Size:Large,Medium,Small,X-Large,X-Small","Rs
2499",1249,50% off,Lingerie&Nightwear-Women
18902,Van heusen,Cotton blend slim fit womens athleisure t-shirt - deep blue,"Size:Large,Medium,Small",Nan,529,No Discount,Lingerie&Nightwear-Women
18903,Enamor,Cotton activewear womens track pants - navy,"Size:XL,Large,Medium,Small",Nan,1699,No Discount,Lingerie&Nightwear-Women
18904,Reebok,Solid polyester slim fit womens sports bra - maroon,"Size:Large,Medium,Small,X-Large,X-Small","Rs
3299",1649,50% off,Lingerie&Nightwear-Women
18905,Jockey,Womens non wired padded bra - heather,"Size:32-B,32-C,34-B,34-C,36-B,36-C,38-B",Nan,729,No Discount,Lingerie&Nightwear-Women
18906,Enamor,Cotton blend regular fit womens active wear shorts - jet,"Size:XL,Large,Medium,Small",Nan,759,No Discount,Lingerie&Nightwear-Women
18907,Erotissch,Printed rayon collar neck womens regular fit night suit - club,"Size:Large,Medium,Small,X-Large","Rs
2999",1349,55% off,Lingerie&Nightwear-Women
18908,Soie,Non wired fixed straps non padded womens every day bra - earth,"Size:32-B,32-C,32-D,32-DD,34-B,34-C,34-D,34-DD,36-B,36-C,36-D,36-DD,38-B,38-C,38-D,38-DD,40-B,40-C,40-D,42-B,42-C,42-D,44-C,44-D",Nan,875,No Discount,Lingerie&Nightwear-Women
18909,Wacoal,Womens solid padded non wired balconette bra - black,"Size:32-A,32-B,32-C,32-D,32-DD,34-A,34-B,34-C,34-D,34-DD,36-A,36-B,36-C,36-D",Nan,2095,No Discount,Lingerie&Nightwear-Women
18910,Jockey,Womens 2 pocket printed pyjamas - pale peach,"Size:Large,Medium,Small,X-Large",Nan,999,No Discount,Lingerie&Nightwear-Women
18911,Clovia,Womens non padded non wired printed full coverage bra - pink,Size:32-C,"Rs
499",249,50% off,Lingerie&Nightwear-Women
18912,Erotissch,Womens purple self-design thongs - purple,"Size:Large,Medium,Small,X-Large","Rs
659",296,55% off,Lingerie&Nightwear-Women
18913,Triumph,Non wired medium support lightly padded womens sports bra - citrus green,"Size:34-D,38-C","Rs
1799",899,50% off,Lingerie&Nightwear-Women
18914,Amante,Womens solid lace padded non wired bralette - turquoise,"Size:Large,Small","Rs
1195",597,50% off,Lingerie&Nightwear-Women
18915,Clovia,Womens cotton rich non-padded non-wired t-shirt bra - pink,"Size:34-C,36-D","Rs
342",205,40% off,Lingerie&Nightwear-Women
18916,Clovia,Womens cotton non-padded non-wired full cup bra - grey,"Size:32-B,32-C,34-C","Rs
599",239,60% off,Lingerie&Nightwear-Women
18917,Clovia,Womens padded non-wired floral print t-shirt bra - white,"Size:32-C,32-D","Rs
614",245,60% off,Lingerie&Nightwear-Women
18918,Clovia,Womens cotton rich non-padded non-wired full cup bra - natural,"Size:32-B,32-C,34-B,34-C","Rs
599",239,60% off,Lingerie&Nightwear-Women
18919,Enamor,Non-wired racerback strap non padded womens every day bra - white,"Size:34-B,34-C,34-D,34-F,34-Z,36-B,36-D,36-F,36-Z,38-D,38-F,38-Z,40-B,40-C,40-D,40-F",Nan,849,No Discount,Lingerie&Nightwear-Women
18920,Van heusen,Cotton womens high coverage camisole - white,Size:X-Large,Nan,319,No Discount,Lingerie&Nightwear-Women
18921,Triumph,Wired fixed straps lightly padded womens sports bra - black,"Size:32-C,32-D,34-B,34-C,34-D,36-B,36-C,36-D,38-C","Rs
2499",1249,50% off,Lingerie&Nightwear-Women
18922,Wacoal,Wired fixed straps lightly padded womens every day bra - black,"Size:32-D,32-DD,32-E,32-G,34-D,34-DD,34-E,34-G,36-D,36-DD,38-D,38-DD,38-E,38-G,40-D,40-H,44-D",Nan,3699,No Discount,Lingerie&Nightwear-Women
18923,Amante,Non-wired regular strap non-padded womens everyday bra - black,"Size:32-B,32-C,32-D,34-DD,36-DD,38-DD,40-C,40-D",Nan,695,No Discount,Lingerie&Nightwear-Women
18924,Triumph,Womens lace padded non wired full coverage bra - black,"Size:36-B,36-C","Rs
1999",999,50% off,Lingerie&Nightwear-Women
18925,Mystere paris,Striped cotton regular fit womens shorts - maroon,Size:X-Large,"Rs
499",299,40% off,Lingerie&Nightwear-Women
18926,Van heusen,Cotton stretch slim fit womens activewear tank top - blush,"Size:Large,Medium,Small,X-Large",Nan,899,No Discount,Lingerie&Nightwear-Women
18927,Van heusen,Tight fit knee length polyester stretch womens activewear capri - charcoal,"Size:Large,Medium,Small,X-Large",Nan,899,No Discount,Lingerie&Nightwear-Women
18928,Van heusen,Cotton mid rise womens hipster panties - deep blue,"Size:Large,Medium,Small,X-Large,XX-Large",Nan,579,No Discount,Lingerie&Nightwear-Women
18929,Enamor,Nylon high rise womens regular panties - lavender,"Size:XL,Large,Medium,Small",Nan,749,No Discount,Lingerie&Nightwear-Women
18930,Sweet dreams,Solid blended regular fit womens pyjamas - black,"Size:Large,Medium,Small,X-Large,XX-Large,XXX-Large","Rs
899",809,10% off,Lingerie&Nightwear-Women
18931,Wacoal,Womens solid non padded non wired t-shirt bra - natural,"Size:32-A,32-B,32-C,32-D,32-DD,34-A,34-B,34-C,34-D,34-DD,36-A,36-B,36-C,36-D",Nan,1495,No Discount,Lingerie&Nightwear-Women
18932,Wacoal,Womens solid hipster briefs - grey,"Size:Large,Medium,Small,X-Large","Rs
1295",906,30% off,Lingerie&Nightwear-Women
18933,Triumph,Non-wired fixed strap lightly padded womens every day bra - black,"Size:Large,Medium,Small,X-Large",Nan,2199,No Discount,Lingerie&Nightwear-Women
18934,Enamor,Cotton womens night wear tank top - otter,"Size:XL,Large,Medium,Small",Nan,499,No Discount,Lingerie&Nightwear-Women
18935,Van heusen,Non wired fixed straps non padded womens every day bra - antique blue,"Size:30-B,30-C,32-B,32-C,34-B,34-C",Nan,429,No Discount,Lingerie&Nightwear-Women
18936,Wacoal,Non-wired fixed strap padded womens every day bra - ltgrey,"Size:Large,Medium,Small",Nan,2295,No Discount,Lingerie&Nightwear-Women
18937,Triumph,Wired fixed straps lightly padded womens beginner bra - coffee,"Size:34-C,34-E,36-C,36-D,36-E,36-F,38-C,38-D,38-E,38-F","Rs
1499",749,50% off,Lingerie&Nightwear-Women
18938,Wacoal,Nylon womens bikini panties - black,"Size:Large,Medium,Small,X-Large",Nan,1499,No Discount,Lingerie&Nightwear-Women
18939,Amante,Womens lace padded non wired t-shirt bra - sand,"Size:32-D,36-B,36-C","Rs
1695",1017,40% off,Lingerie&Nightwear-Women
18940,Enamor,Womens solid babydoll with hipster briefs - charcoal,"Size:Large,Medium,Small",Nan,1999,No Discount,Lingerie&Nightwear-Women
18941,Soie,Cotton regular fit womens night dress - blue,"Size:Large,Medium,Small,X-Large,XX-Large","Rs
1040",780,25% off,Lingerie&Nightwear-Women
18942,Wacoal,Non-wired fixed strap padded womens every day bra - natural,"Size:Large,Medium,Small",Nan,2295,No Discount,Lingerie&Nightwear-Women
18943,Puma,Solid polyester regular fit womens sports bra - black,"Size:Large,Medium,Small,X-Large,X-Small","Rs
2499",1749,30% off,Lingerie&Nightwear-Women
18944,Jockey,Cotton elastane womens t-shirt - blue melange,Size:Error Size,Nan,499,No Discount,Lingerie&Nightwear-Women
18945,Enamor,Non wired racerback straps non padded womens bra - eclipse,"Size:32-B,32-C,34-C,36-B,36-C",Nan,899,No Discount,Lingerie&Nightwear-Women
18946,Parfait,Wired fixed straps non padded womens every day bra - maroon,"Size:32-D,32-DD,32-E,32-F,32-G,40-FF,42-F,42-FF,42-G","Rs
2399",2159,10% off,Lingerie&Nightwear-Women
18947,Groversons paris beauty,Womens full coverage padded womens full coverage everyday bra - black,"Size:34-B,36-B,38-B",Nan,615,No Discount,Lingerie&Nightwear-Women
18948,Sweet dreams,Graphic cotton blend round neck womens t-shirt - charcoal,"Size:Large,Medium,Small,X-Large,XX-Large,XXX-Large","Rs
499",449,10% off,Lingerie&Nightwear-Women
18949,Triumph,Printed cotton round neck womens sleepwear set - grey,"Size:36,38,40,42","Rs
2999",2249,25% off,Lingerie&Nightwear-Women
18950,Enamor,Waist cincher - black,"Size:XL,Large,Medium,Small,XX-Large",Nan,1799,No Discount,Lingerie&Nightwear-Women
18951,Enamor,Cotton blend round neck womens active wear t-shirt - bronze sand blast,"Size:XL,Large,Medium,Small",Nan,799,No Discount,Lingerie&Nightwear-Women
18952,Soie,Printed viscose blend womens pyjama - mixed brights,"Size:Large,Medium,Small,X-Large,X-Small,XX-Large","Rs
1480",1258,15% off,Lingerie&Nightwear-Women
18953,Mystere paris,Striped rayon collared neck womens night suit - pink,"Size:Large,Medium,Small","Rs
1599",959,40% off,Lingerie&Nightwear-Women
18954,Sloggi,Polyester blend regular fit womens active wear t-shirt - red,"Size:Large,Medium,Small,X-Small",Nan,2999,No Discount,Lingerie&Nightwear-Women
18955,Triumph,Wired fixed straps lightly padded womens every day bra - maroon,"Size:32-B,32-C,32-D,34-B,34-C,34-D,36-B,36-C,36-D,38-C",Nan,1899,No Discount,Lingerie&Nightwear-Women
18956,Sweet dreams,Cotton half sleeves regular fit womens sleep set - blue,"Size:Large,Medium,Small,X-Large,XX-Large","Rs
1749",1049,40% off,Lingerie&Nightwear-Women
18957,Mystere paris,Polka dots cotton regular fit womens pyjamas - blue,"Size:Large,Medium,Small,X-Large,XX-Large","Rs
999",599,40% off,Lingerie&Nightwear-Women
18958,Enamor,Structured cotton blend womens intimate wear hipster briefs - print,"Size:XL,Large,Medium,Small",Nan,499,No Discount,Lingerie&Nightwear-Women
18959,Adidas,Printed polyester fitted womens sports bra - white,"Size:Large,Medium,Small,X-Large,X-Small","Rs
2299",1609,30% off,Lingerie&Nightwear-Women
18960,Wacoal,Womens solid non padded non wired t-shirt bra - cream,"Size:32-A,32-B,32-C,32-D,32-DD,34-A,34-B,34-C,34-D,34-DD,36-A,36-B,36-C,36-D",Nan,1495,No Discount,Lingerie&Nightwear-Women
18961,Triumph,Polyamide beauty-full 157 optimum comfort womens hipster briefs - van dyke brown,Size:Large,"Rs
599",299,50% off,Lingerie&Nightwear-Women
18962,Parfait,Wired strapless lightly padded womens every day bra - red,"Size:32-D,32-DD,32-E,32-F,32-FF,32-G,34-D,34-DD,34-E,34-F,34-FF,34-G,36-D,36-DD,36-E,36-F,36-FF,36-G,38-D,38-DD,38-E,38-F,38-FF,38-G,40-D,40-DD,40-E,40-F,40-FF,40-G","Rs
2499",2249,10% off,Lingerie&Nightwear-Women
18963,Parfait,Wired fixed straps non padded womens every day bra - black,"Size:32-D,32-DD,32-E,32-F,32-FF,32-G,32-H,34-D,34-DD,34-E,34-F,34-FF,34-G,34-GG,34-H,36-D,36-DD,36-E,36-F,36-FF,36-G,36-GG,36-H,38-D,38-DD,38-E,38-F,38-FF,38-G,38-GG,38-H,40-D,40-DD,40-E,40-F,40-FF,40-G,40-GG,40-H,42-D,42-DD,42-E,42-F,42-FF,42-G,44-D,44-DD,44-E,44-F,44-FF,44-G,FREE SIZE 10,FREE SIZE 11,FREE SIZE 13","Rs
2299",2069,10% off,Lingerie&Nightwear-Women
18964,Amante,Womens solid non padded non wired full coverage bra - white,"Size:34-B,34-C,34-D,36-B,36-C,36-D,38-B,38-C,38-D","Rs
695",556,20% off,Lingerie&Nightwear-Women
18965,Parfait,Womens aline t-shirt bra - black,"Size:30-D,30-DD,32-D,32-E,36-D,36-E,36-F,36-FF,36-G,38-D,38-DD,38-E,38-F,38-FF,38-G,40-DD,40-E,40-F,40-FF,40-G,42-E,42-F,42-FF,42-G,44-E,44-F,44-FF,44-G","Rs
2499",2249,10% off,Lingerie&Nightwear-Women
18966,Parfait,Solid nylon womens camisole - green,"Size:4X-Large,Large,Medium,X-Large,XX-Large,XXX-Large","Rs
2399",1919,20% off,Lingerie&Nightwear-Women
18967,Parfait,Wired fixed straps lightly padded womens t-shirt bra - black,"Size:32-D,32-DD,32-F,32-FF,32-G,34-D,34-DD,34-E,34-F,34-FF,34-G,36-D,36-DD,36-E,36-F,36-FF,36-G,38-D,38-DD,38-E,38-F,38-FF,38-G,40-DD,40-E,40-F,40-FF,40-G,42-D,42-DD,42-E,42-F,42-FF,42-G,44-D,44-DD,44-E,44-F,44-FF,44-G","Rs
2199",1979,10% off,Lingerie&Nightwear-Women
18968,Erotissch,Non wired fixed straps heavily padded womens sports bra - bistro,"Size:Large,Medium,Small,X-Large","Rs
1199",779,35% off,Lingerie&Nightwear-Women
18969,Soie,Womens v neck printed top and shorts set - mid blue,"Size:Large,Medium,Small","Rs
1530",918,40% off,Lingerie&Nightwear-Women
18970,Jockey,Women cotton bikini brief(assorted pack of 3) - mixed darks,"Size:Large,Medium,Small,X-Large,XX-Large",Nan,549,No Discount,Lingerie&Nightwear-Women
18971,Erotissch,Solid satin v-neck womens regular fit kaftan - cokeley mustard,"Size:Large,Medium,Small,X-Large,X-Small,XX-Large","Rs
1999",1299,35% off,Lingerie&Nightwear-Women
18972,Erotissch,Black & pink satin finish printed sleep shirt - multi,"Size:Large,Medium,Small,X-Large","Rs
3990",1596,60% off,Lingerie&Nightwear-Women
18973,Erotissch,Womens black lace bikini briefs - black_satin,"Size:Large,Medium,Small,X-Large","Rs
690",310,55% off,Lingerie&Nightwear-Women
18974,Van heusen,Non wired fixed straps non padded womens every day bra - red,"Size:32-B,32-C,34-C,34-D,36-B,36-C,36-D,38-B,38-C,38-D,40-B",Nan,589,No Discount,Lingerie&Nightwear-Women
18975,Clovia,Womens non padded non wired plunge bra - blue,"Size:32-C,34-C,36-B,36-C,40-B","Rs
599",359,40% off,Lingerie&Nightwear-Women
18976,Clovia,Womens non-padded non-wired bra - yellow,"Size:32-B,32-C,32-D,34-B,34-C","Rs
599",299,50% off,Lingerie&Nightwear-Women
18977,Clovia,Womens full coverage bra - orange,"Size:32-B,32-C,34-B,34-C","Rs
599",359,40% off,Lingerie&Nightwear-Women
18978,Clovia,Womens non padded non wired full coverage bra - pink,"Size:32-B,32-C,32-D,34-B,34-C,34-D,36-B,36-C,38-B,38-C,40-B,40-C","Rs
599",359,40% off,Lingerie&Nightwear-Women
18979,Soie,Womens floral print bikini briefs - blue mix dark,"Size:Large,X-Large",Nan,380,No Discount,Lingerie&Nightwear-Women
18980,Amante,Womens solid padded non wired t-shirt bra - black,"Size:32-B,32-C,32-D,34-B,34-C,34-D,36-B,36-C,36-D,38-C,38-D,40-C,40-D","Rs
1045",731,30% off,Lingerie&Nightwear-Women
18981,Soie,Womens full/extreme coverage padded wired bra - grey,"Size:32-C,38-C","Rs
990",891,10% off,Lingerie&Nightwear-Women
18982,Soie,Womens round neck solid top and pyjamas set - yellow,"Size:Medium,Small","Rs
1150",575,50% off,Lingerie&Nightwear-Women
18983,Soie,Womens padded wired lace bra - maroon,"Size:32-B,32-C,32-D,34-C,34-D,36-C",Nan,1150,No Discount,Lingerie&Nightwear-Women
18984,Clovia,Womens full coverage bra - black,"Size:32-B,34-B,36-B,38-B","Rs
699",419,40% off,Lingerie&Nightwear-Women
18985,Jockey,Womens v neck t-shirt - wine,Size:Error Size,Nan,649,No Discount,Lingerie&Nightwear-Women
18986,Enamor,Non-wired strapless non padded womens sports bra - salmon,"Size:Large,Medium,Small","Rs
1349",944,30% off,Lingerie&Nightwear-Women
18987,Amante,Womens non padded non wired full coverage bra - white,"Size:32-B,32-C,34-B,36-B,36-C,36-D,38-B","Rs
645",451,30% off,Lingerie&Nightwear-Women
18988,Sweet dreams,Printed rayon regular fit womens night dress - black,"Size:Medium,Small","Rs
1699",1019,40% off,Lingerie&Nightwear-Women
18989,Triumph,Cotton womens panties - navy,"Size:Small,X-Large","Rs
549",274,50% off,Lingerie&Nightwear-Women
18990,Amante,Womens solid bikini briefs - natural,"Size:Small,X-Large","Rs
545",381,30% off,Lingerie&Nightwear-Women
18991,Triumph,Non wired fixed straps heavily padded womens every day bra - brown,Size:32-C,"Rs
1799",899,50% off,Lingerie&Nightwear-Women
18992,Sweet dreams,Solid cotton round neck womens top capri set - green,"Size:Small,XX-Large","Rs
1599",1119,30% off,Lingerie&Nightwear-Women
18993,Sloggi,Polyester blend womens intimate wear panties - blue,"Size:Large,Medium,Small,X-Large,X-Small",Nan,999,No Discount,Lingerie&Nightwear-Women
18994,Enamor,Cotton womens active wear t-shirt - old rose,"Size:XL,Large,Medium,Small,XX-Large",Nan,799,No Discount,Lingerie&Nightwear-Women
18995,Wacoal,Wired fixed strap padded womens every day bra - pink,"Size:32-B,32-C,32-D,34-B,34-C,34-D,36-B,36-C,36-D,38-C",Nan,2499,No Discount,Lingerie&Nightwear-Women
18996,Van heusen,Cotton regular fit womens night wear camisole - white,"Size:Small,X-Large,XX-Large",Nan,299,No Discount,Lingerie&Nightwear-Women
18997,Groversons paris beauty,Womens full coverage padded womens full coverage everyday bra - red,"Size:30-B,32-B,34-B,36-B,38-B",Nan,529,No Discount,Lingerie&Nightwear-Women
18998,Kaftan company,Womens maroon digital printed loungewear kaftan with slip - maroon,"Size:Large,Medium,Small,X-Large,XX-Large",Nan,2699,No Discount,Lingerie&Nightwear-Women
18999,Triumph,Polyester blend womens intimate wear hipster brief - pink,"Size:Large,Medium,Small,X-Large","Rs
699",419,40% off,Lingerie&Nightwear-Women
19000,Enamor,Non wired racerback straps non padded womens bra - wild wash,"Size:32-B,32-C,32-D,34-C,34-D,36-B,36-C,38-B,38-C,38-D",Nan,699,No Discount,Lingerie&Nightwear-Women
19001,Sweet dreams,Printed cotton round neck womens top capri set - pink,"Size:Large,Medium,Small,X-Large,XX-Large","Rs
1129",790,30% off,Lingerie&Nightwear-Women
19002,Wacoal,Non-wired fixed strap padded womens every day bra - cream,"Size:32-A,32-B,32-C,32-D,34-A,34-B,34-C,34-D,36-B,36-C,36-D,38-C","Rs
1695",1356,20% off,Lingerie&Nightwear-Women
19003,Kaftan company,Viscose rayon 3/4th sleeves knee length night dress - orange,Size:XX-Large,Nan,1699,No Discount,Lingerie&Nightwear-Women
19004,Triumph,Printed viscose collar neck womens intimate wear t-shirt - blue,"Size:Large,Medium,Small,X-Large",Nan,1799,No Discount,Lingerie&Nightwear-Women
19005,Soie,Cotton short length womens regular fit night dress - green,"Size:Large,Medium,Small,X-Large,XX-Large","Rs
640",480,25% off,Lingerie&Nightwear-Women
19006,Kaftan company,Printed viscose v neck womens night dress - purple,"Size:Large,Small,X-Large,XX-Large,XXX-Large",Nan,2899,No Discount,Lingerie&Nightwear-Women
19007,Wacoal,Womens gococi narrow strap solid bra - grey,"Size:Large,Medium,Small","Rs
2295",1606,30% off,Lingerie&Nightwear-Women
19008,Triumph,Womens padded underwired balconette bra - white,"Size:34-E,36-E,38-E",Nan,1399,No Discount,Lingerie&Nightwear-Women
19009,Sweet dreams,Printed cotton blend round neck womens t-shirt - grey,"Size:Large,Medium,Small,X-Large,XX-Large,XXX-Large","Rs
499",449,10% off,Lingerie&Nightwear-Women
19010,Enamor,Womens s/s twist detail boat neck tee with mindful graphic print - denim black,"Size:XL,Large,Medium,Small,X-Small,XX-Large","Rs
499",349,30% off,Lingerie&Nightwear-Women
19011,Parfait,Wired fixed straps lightly padded womens bralette - pink,"Size:32-D,32-DD,32-E,32-F,32-FF,32-G,32-H,34-D,34-DD,34-E,34-F,34-FF,34-G,34-GG,34-H,36-D,36-DD,36-E,36-F,36-FF,36-G,36-GG,36-H,38-D,38-DD,38-E,38-F,38-FF,38-G,38-GG,38-H,40-D,40-DD,40-E,40-F,40-FF,40-G,40-GG,40-H,42-D,42-DD,42-E,42-F,42-FF,42-G,44-D,44-DD,44-E,44-F,44-FF,44-G,FREE SIZE 14,FREE SIZE 15,FREE SIZE 18,FREE SIZE 19,FREE SIZE 21,FREE SIZE 22,FREE SIZE 24,FREE SIZE 25,FREE SIZE 27,FREE SIZE 28","Rs
2399",2159,10% off,Lingerie&Nightwear-Women
19012,Enamor,Stretch cotton camis - buff,"Size:XL,Large,Medium,Small",Nan,449,No Discount,Lingerie&Nightwear-Women
19013,Triumph,Printed viscose collar neck womens intimate wear t-shirt - pink,"Size:Large,Medium,Small,X-Large",Nan,1799,No Discount,Lingerie&Nightwear-Women
19014,Wacoal,Non wired fixed strap lightly padded womens every day bra - black,"Size:Large,Medium",Nan,1895,No Discount,Lingerie&Nightwear-Women
19015,Wacoal,Non-wired fixed strap non padded womens every day bra - green,"Size:32-A,32-B,32-C,32-D,32-DD,34-B,34-C,34-D,34-DD,36-B,36-C,36-D,38-C",Nan,1899,No Discount,Lingerie&Nightwear-Women
19016,Amante,Womens solid padded wired t-shirt bra - black,"Size:32-B,32-C,34-B,34-C,34-D,36-B,36-C,36-D,38-B,38-C","Rs
1045",627,40% off,Lingerie&Nightwear-Women
19017,Sweet dreams,Printed cotton blend round neck womens nighty - butter,Size:XX-Large,"Rs
1069",748,30% off,Lingerie&Nightwear-Women
19018,Amante,Non wired fixed straps lightly padded womens t-shirt bra - grey melange,"Size:32-B,32-C,32-D,34-B,34-C,34-D,36-B,36-C,36-D,38-B,38-C,38-D,40-C,40-D",Nan,845,No Discount,Lingerie&Nightwear-Women
19019,Triumph,Wired fixed straps lightly padded womens sports bra - black,Size:32-B,"Rs
2499",1249,50% off,Lingerie&Nightwear-Women
19020,Sweet dreams,Printed cotton round neck womens night dress - rose,"Size:Large,Medium,Small,X-Large","Rs
1329",930,30% off,Lingerie&Nightwear-Women
19021,Wacoal,Non-wired fixed strap padded womens every day bra - blue,"Size:32-A,32-B,32-C,32-D,34-A,34-B,34-C,34-D,36-B,36-C,36-D,38-C","Rs
1695",1356,20% off,Lingerie&Nightwear-Women
19022,Crimsoune club,Striped cotton regular fit womens night suit - blue,"Size:Large,Medium,Small,X-Large","Rs
2499",1249,50% off,Lingerie&Nightwear-Women
19023,Jockey,Women cotton bikini brief(pack of 2) - mixed darks,"Size:Large,Medium,Small,X-Large,XX-Large",Nan,388,No Discount,Lingerie&Nightwear-Women
19024,Van heusen,Cotton mid rise womens hipster panties - wine,"Size:Large,Medium,Small,X-Large,XX-Large",Nan,579,No Discount,Lingerie&Nightwear-Women
19025,Sloggi,Non wired fixed strap lightly padded womens every day bra - blue,"Size:Large,Medium,Small,X-Small",Nan,2099,No Discount,Lingerie&Nightwear-Women
19026,Sweet dreams,Graphic cotton blend round neck womens t-shirt - grey,"Size:Large,Medium,Small,X-Large,XX-Large,XXX-Large","Rs
499",449,10% off,Lingerie&Nightwear-Women
19027,Kaftan company,Printed v-neck satin womens night dress - black,"Size:Large,Medium,Small,X-Large,XX-Large,XXX-Large",Nan,2199,No Discount,Lingerie&Nightwear-Women
19028,Triumph,Non-wired fixed straps heavily padded womens every day bra - blue,"Size:32-B,32-C,32-D,34-B,34-C,34-D,36-B,36-C,36-D,38-C",Nan,1899,No Discount,Lingerie&Nightwear-Women
19029,Mystere paris,Polka dots cotton round neck womens night suit - peach,"Size:Large,Medium,Small,X-Large,XX-Large","Rs
1199",719,40% off,Lingerie&Nightwear-Women
19030,Amante,Womens solid padded non wired t-shirt bra - pink,"Size:32-C,32-D,36-B,36-C,36-D,38-C,38-D","Rs
1495",897,40% off,Lingerie&Nightwear-Women
19031,Triumph,Polyester blend womens intimate wear panties - black,"Size:Large,Medium,Small",Nan,699,No Discount,Lingerie&Nightwear-Women
19032,Jockey,Womens slub non wired padded t-shirt bra - dave grey,Size:30-B,Nan,749,No Discount,Lingerie&Nightwear-Women
19033,Enamor,Cotton blend round neck womens active wear t-shirt - vintage,"Size:XL,Large,Medium,Small",Nan,799,No Discount,Lingerie&Nightwear-Women
19034,Insense,Printed cotton regular fit womens night wear t-shirt - white,"Size:Large,Medium,Small,X-Large,X-Small,XX-Large","Rs
499",249,50% off,Lingerie&Nightwear-Women
19035,Erotissch,Regular fit nylon womens casual wear monokini - club,"Size:Medium,Small","Rs
2399",1559,35% off,Lingerie&Nightwear-Women
19036,Mystere paris,Striped rayon collared neck womens night suit - red,"Size:Large,Medium,Small,X-Large,XX-Large","Rs
1599",959,40% off,Lingerie&Nightwear-Women
19037,Erotissch,Geometric crepe v-neck womens regular fit kaftan set - club,"Size:Large,Medium,Small,X-Large,X-Small","Rs
2999",2099,30% off,Lingerie&Nightwear-Women
19038,Erotissch,Satin mid rise womens shorts - light mauve,"Size:Large,Medium,Small,X-Large","Rs
1299",649,50% off,Lingerie&Nightwear-Women
19039,Erotissch,Nylon knit womens intimatewear regular briefs - floss,"Size:Large,Medium,Small,X-Large","Rs
499",249,50% off,Lingerie&Nightwear-Women
19040,Mystere paris,Cotton regular fit womens night wear pyjamas - natural,"Size:Large,Medium,Small,X-Large","Rs
799",479,40% off,Lingerie&Nightwear-Women
19041,Clovia,Womens non-padded non-wired t-shirt bra - pink,"Size:32-B,32-C,32-D,34-C,36-B,36-C,38-B,38-C,40-B,40-C","Rs
599",359,40% off,Lingerie&Nightwear-Women
19042,Clovia,Womens non padded non wired solid t-shirt bra - white,"Size:32-B,32-C","Rs
699",419,40% off,Lingerie&Nightwear-Women
19043,Clovia,Cotton rich t shirt bra with cross-over moulded cups - black,"Size:32-C,34-C,36-B,38-B","Rs
599",359,40% off,Lingerie&Nightwear-Women
19044,Enamor,Womens non padded non wired full coverage bra - buff,"Size:32-C,32-D,34-C,36-B,36-C,38-C","Rs
999",499,50% off,Lingerie&Nightwear-Women
19045,Clovia,Womens cotton mid waist hipster panty with inner elastic - pink,"Size:Large,Medium,Small","Rs
499",299,40% off,Lingerie&Nightwear-Women
19046,Kaftan company,Printed boat neck viscose womens night dress - green,"Size:Large,Medium",Nan,1699,No Discount,Lingerie&Nightwear-Women
19047,Enamor,Womens solid non padded non wired full coverage bra - pack of 2 - charcoal,"Size:XL,X-Small",Nan,675,No Discount,Lingerie&Nightwear-Women
19048,Wacoal,Blended knit womens intimatewear regular briefs - pink,Size:Small,"Rs
795",397,50% off,Lingerie&Nightwear-Women
19049,Clovia,Womens non padded wirefree denim look t shirt bra black - black,Size:32-C,"Rs
599",239,60% off,Lingerie&Nightwear-Women
19050,Triumph,Womens solid padded wired t-shirt bra - white,Size:32-C,"Rs
1799",899,50% off,Lingerie&Nightwear-Women
19051,Triumph,Non wired fixed straps lightly padded womens sports bra - dark pink,"Size:32-B,32-E","Rs
2599",1299,50% off,Lingerie&Nightwear-Women
19052,Kaftan company,Womens fire the night pintuck nightdress - red,"Size:Large,Medium,X-Large",Nan,1699,No Discount,Lingerie&Nightwear-Women
19053,Amante,Womens solid padded wired t-shirt bra - turquoise,"Size:32-B,32-C,32-D,34-B,34-D,34-DD,36-B,36-C,36-D,36-DD,38-C,38-D,40-C,40-D","Rs
995",597,40% off,Lingerie&Nightwear-Women
19054,Triumph,Womens lace padded non wired full coverage bra - mauve,"Size:36-B,36-C","Rs
1999",999,50% off,Lingerie&Nightwear-Women
19055,Enamor,Womens striped leggings - red mix,"Size:Large,Medium","Rs
899",629,30% off,Lingerie&Nightwear-Women
19056,Clovia,Womens cotton rich non-padded non-wired t-shirt bra with lace - black,"Size:32-B,32-C,32-D,34-B,34-C,36-B,36-C,38-C","Rs
599",359,40% off,Lingerie&Nightwear-Women
19057,Clovia,Womens non-padded non-wired polka print bra - grey,"Size:32-C,34-B,34-C","Rs
599",299,50% off,Lingerie&Nightwear-Women
19058,Groversons paris beauty,Womens plus size cotton lycra full coverage everyday bra - pink,"Size:32-B,32-C,32-D,34-B,34-C,34-D,36-B,36-C,36-D",Nan,499,No Discount,Lingerie&Nightwear-Women
19059,Insense,Printed rayon regular fit womens lounge wear shorts - lilac,"Size:28,30,32,34,36","Rs
499",249,50% off,Lingerie&Nightwear-Women
19060,Amante,Womens solid boy leg briefs - royal blue,"Size:Large,Small,X-Large","Rs
545",299,45% off,Lingerie&Nightwear-Women
19061,Sloggi,Non wired fixed strap lightly padded womens every day bra - pink,"Size:Large,Medium,Small,X-Small",Nan,2099,No Discount,Lingerie&Nightwear-Women
19062,Wacoal,Wired fixed straps lightly padded womens every day bra - black,"Size:32-G,34-C,36-C,36-E,36-G,38-C,40-C,40-DD,40-E,40-G,42-E,42-G,44-D,44-DD,44-E",Nan,3699,No Discount,Lingerie&Nightwear-Women
19063,Enamor,Cotton blend round neck womens active wear t-shirt - sea blue,"Size:XL,Large,Medium,Small",Nan,799,No Discount,Lingerie&Nightwear-Women
19064,Kaftan company,Printed v-neck polyester womens regular fit night dress - multi,"Size:XX-Large,XXX-Large",Nan,1499,No Discount,Lingerie&Nightwear-Women
19065,Aarke,Printed polyester blend v neck womens kaftan - rust,"Size:Large,Medium,Small",Nan,3600,No Discount,Lingerie&Nightwear-Women
19066,Triumph,Non-wired fixed strap lightly padded womens every day bra - red,"Size:Large,Medium,Small,X-Large",Nan,2199,No Discount,Lingerie&Nightwear-Women
19067,Amante,Women cotton padded wired bra - natural,"Size:38-B,38-C","Rs
745",521,30% off,Lingerie&Nightwear-Women
19068,Van heusen,Cotton mid rise womens regular panties - multi,"Size:Large,Medium,Small",Nan,309,No Discount,Lingerie&Nightwear-Women
19069,Triumph,Non wired fixed straps non padded womens every day bra - white,Size:44-G,Nan,1699,No Discount,Lingerie&Nightwear-Women
19070,Triumph,Wired fixed strap padded womens every day bra - black,"Size:32-B,32-C,34-B,34-C,34-D,36-B,36-C,36-D,38-C",Nan,2099,No Discount,Lingerie&Nightwear-Women
19071,Mystere paris,Polka dots cotton regular fit womens pyjamas - peach,"Size:Large,Medium,Small,X-Large,XX-Large","Rs
999",599,40% off,Lingerie&Nightwear-Women
19072,Enamor,Full support t-shirt bra - padded wirefree detachable strap - old rose,"Size:34-B,34-C","Rs
1049",734,30% off,Lingerie&Nightwear-Women
19073,Soie,Womens lace bikini briefs set - multi,"Size:Large,Small,X-Large,XX-Large","Rs
380",304,20% off,Lingerie&Nightwear-Women
19074,Wacoal,Womens solid padded wired t-shirt bra - black,"Size:32-A,32-B,32-C,32-D,34-A,34-B,34-C,34-D,36-A,36-B,36-C",Nan,1895,No Discount,Lingerie&Nightwear-Women
19075,Soie,Womens solid lace non padded non wired full coverage bra - white,"Size:36-B,38-B,38-C,38-D,40-C","Rs
490",367,25% off,Lingerie&Nightwear-Women
19076,Triumph,Solid viscose v-neck womens sleepwear set - pink,"Size:38,40,42",Nan,3499,No Discount,Lingerie&Nightwear-Women
19077,Louis philippe,Wired regular strap padded womens everyday bra - black,"Size:32-B,32-C,34-B,34-C,36-B,36-C",Nan,1795,No Discount,Lingerie&Nightwear-Women
19078,Parfait,Solid nylon womens camisole - pink,"Size:4X-Large,Large,Medium,X-Large,XX-Large,XXX-Large","Rs
1399",1119,20% off,Lingerie&Nightwear-Women
19079,Sweet dreams,Printed rayon round neck womens night dress - green,"Size:Large,X-Large,XX-Large","Rs
1899",1329,30% off,Lingerie&Nightwear-Women
19080,Erotissch,Cotton mid rise womens sleepwear set - grape,"Size:Large,Medium,Small,X-Large","Rs
1299",584,55% off,Lingerie&Nightwear-Women
19081,Triumph,Wired fixed strap non padded womens every day bra - terracotta,"Size:36-C,38-D,38-F,40-E","Rs
1899",949,50% off,Lingerie&Nightwear-Women
19082,Erotissch,Printed rayon regular womens sleepwear set - blood,"Size:Large,Medium,Small,X-Large,XX-Large","Rs
2649",1721,35% off,Lingerie&Nightwear-Women
19083,Enamor,Womens solid padded non wired full coverage bra - grey melange,"Size:32-B,32-C,32-D,32-Z,34-B,36-B,36-C,36-D,38-B,38-C",Nan,1699,No Discount,Lingerie&Nightwear-Women
19084,Reebok,Solid polyester slim fit womens sports bra - pink,"Size:Large,Medium,Small,X-Large,X-Small","Rs
2799",1399,50% off,Lingerie&Nightwear-Women
19085,Soie,Womens non padded non wired solid t-shirt bra - coffee,"Size:32-B,34-B,38-B,38-C,40-B,40-C","Rs
540",459,15% off,Lingerie&Nightwear-Women
19086,Faballey,Half sleeves casual wear womens loungewear - yellow,"Size:Large,Medium,Small,X-Large,X-Small","Rs
1950",975,50% off,Lingerie&Nightwear-Women
19087,Wacoal,Blended knit intimate wear womens panties - peach,"Size:Large,Medium",Nan,995,No Discount,Lingerie&Nightwear-Women
19088,Enamor,Full support lace bra - high coverage non-padded wired - eggshell,"Size:34-Z,36-Z,38-Z,40-C,40-D,40-Z,42-B,42-C,42-D,42-Z","Rs
1449",869,40% off,Lingerie&Nightwear-Women
19089,Amante,Womens solid non wired padded t-shirt bra - off white,Size:32-D,"Rs
1045",940,10% off,Lingerie&Nightwear-Women
19090,Parfait,Solid nylon womens camisole - black,"Size:32-D,32-DD,32-E,32-F,34-D,34-DD,36-E,38-DD,38-F,40-E,40-F","Rs
3299",2639,20% off,Lingerie&Nightwear-Women
19091,Soie,Cotton short length womens regular fit night dress - yellow,"Size:Large,Medium,Small,X-Large,XX-Large","Rs
640",480,25% off,Lingerie&Nightwear-Women
19092,Wacoal,Blended knit womens intimatewear regular briefs - ivory,"Size:Large,Medium,Small","Rs
895",626,30% off,Lingerie&Nightwear-Women
19093,Amante,Womens printed padded underwired push up bra - multi,"Size:36-B,36-C","Rs
1495",747,50% off,Lingerie&Nightwear-Women
19094,Wacoal,Non-wired fixed strap padded womens every day bra - grey,"Size:Large,Medium,Small",Nan,2295,No Discount,Lingerie&Nightwear-Women
19095,Soie,Womens solid non padded non wired sports bra - black,"Size:Medium,X-Large","Rs
600",300,50% off,Lingerie&Nightwear-Women
19096,Sloggi,Polyester blend womens intimate wear panties - grey,"Size:Large,Medium,Small,X-Large,X-Small",Nan,999,No Discount,Lingerie&Nightwear-Women
19097,Enamor,Solid cotton relaxed fit womens shorts - pink,"Size:XL,Large,Medium,Small,XX-Large",Nan,649,No Discount,Lingerie&Nightwear-Women
19098,Enamor,Womens hi-waist slimmer - buff,"Size:Large,Medium,X-Large,XX-Large",Nan,1199,No Discount,Lingerie&Nightwear-Women
19099,Amante,Womens solid padded wired t-shirt bra - red,"Size:32-B,32-C,34-B,34-C,34-D,36-B,36-C,36-D,38-B,38-C","Rs
1045",627,40% off,Lingerie&Nightwear-Women
19100,Sweet dreams,Printed cotton regular fit womens nightsuit - rose,"Size:Large,Medium,Small,X-Large,XX-Large","Rs
1799",1259,30% off,Lingerie&Nightwear-Women
19101,Van heusen,Cotton womens intimatewear bikini - multi,Size:Small,Nan,419,No Discount,Lingerie&Nightwear-Women
19102,Wacoal,Non-wired fixed strap padded womens every day bra - pink,"Size:32-B,32-C,32-D,34-B,34-C,34-D,36-B,36-C,36-D,38-C",Nan,1999,No Discount,Lingerie&Nightwear-Women
19103,Wacoal,Non wired fixed straps non padded womens every day bra - black,"Size:32,34,36,38",Nan,2399,No Discount,Lingerie&Nightwear-Women
19104,Triumph,Non wired fixed straps heavily padded womens every day bra - black,"Size:32-B,32-C,34-B,34-C,34-D,34-E,36-B,36-C,36-D,36-E,38-C,38-D","Rs
1799",1079,40% off,Lingerie&Nightwear-Women
19105,Parfait,Solid nylon womens camisole - blue,"Size:32-D,32-DD,32-E,32-F,34-D,34-DD,36-E,38-DD,38-F,40-E,40-F","Rs
3299",2639,20% off,Lingerie&Nightwear-Women
19106,Jockey,Womens round neck slub t-shirt - red,Size:Error Size,Nan,439,No Discount,Lingerie&Nightwear-Women
19107,Wacoal,Womens solid hipster briefs - natural,"Size:Medium,Small",Nan,495,No Discount,Lingerie&Nightwear-Women
19108,Wacoal,Womens gococi narrow strap solid bra - natural,"Size:Large,Medium,Small","Rs
2295",1606,30% off,Lingerie&Nightwear-Women
19109,Enamor,Womens striped bikini briefs - pale peach,"Size:XL,XX-Large","Rs
299",209,30% off,Lingerie&Nightwear-Women
19110,Kaftan company,Printed round neck cotton womens regular fit night dress - pink,"Size:Large,Medium,Small,X-Large,XX-Large",Nan,1699,No Discount,Lingerie&Nightwear-Women
19111,Soie,Womens round neck solid top and pants set - coffee,"Size:Large,Medium","Rs
2140",1070,50% off,Lingerie&Nightwear-Women
19112,Van heusen,Polyester regular fit womens active wear top - rosewood,"Size:Large,Medium,Small,X-Large",Nan,799,No Discount,Lingerie&Nightwear-Women
19113,Sweet dreams,Printed cotton blend regular fit womens pyjama set - pink,"Size:Large,Medium,Small,X-Large,XX-Large,XXX-Large","Rs
1899",1329,30% off,Lingerie&Nightwear-Women
19114,Wacoal,Blended knit womens bikini panty - natural,"Size:Large,Medium,Small","Rs
895",716,20% off,Lingerie&Nightwear-Women
19115,Soie,Womens solid top and printed capris set - multi,"Size:Large,Medium,Small,X-Large,XX-Large","Rs
1640",820,50% off,Lingerie&Nightwear-Women
19116,Triumph,Printed cotton blend round neck womens night dress - pink,"Size:Large,Medium,Small,X-Large",Nan,2099,No Discount,Lingerie&Nightwear-Women
19117,Enamor,Structured cotton blend regular fit womens track pants - jade,"Size:XL,Large,Medium,Small",Nan,949,No Discount,Lingerie&Nightwear-Women
19118,Crimsoune club,Printed cotton regular fit womens night suit - navy,"Size:Large,Medium,Small,X-Large","Rs
2299",1609,30% off,Lingerie&Nightwear-Women
19119,Enamor,Cotton blend round neck womens active wear t-shirt - persian blue,"Size:XL,Large,Medium,Small",Nan,799,No Discount,Lingerie&Nightwear-Women
19120,Parfait,Solid nylon womens camisole - blue,"Size:32-D,32-DD,32-E,32-F,32-FF,34-D,34-DD,34-E,34-F,34-FF,36-D,36-E,36-F,36-FF,38-D,38-DD,38-E,38-F,38-FF,40-D,40-DD,40-E,40-F","Rs
2999",2399,20% off,Lingerie&Nightwear-Women
19121,Crimsoune club,Printed cotton regular fit womens night suit - blue,"Size:Large,Medium,Small,X-Large","Rs
2299",1609,30% off,Lingerie&Nightwear-Women
19122,Triumph,Stripes viscose womens night dress - blue,"Size:Large,Medium,Small,X-Large",Nan,1999,No Discount,Lingerie&Nightwear-Women
19123,Enamor,Wired fixed strap non padded womens minimiser bra - eclipse,"Size:34-C,34-D,34-Z,36-D,36-Z,38-C,38-D,38-Z,40-D,40-Z",Nan,1649,No Discount,Lingerie&Nightwear-Women
19124,Amante,Womens solid padded wired t-shirt bra - chalk pink,Size:36-C,"Rs
1595",797,50% off,Lingerie&Nightwear-Women
19125,Van heusen,Non-wired fixed strap womens everyday bra - black,"Size:34-B,34-C,36-D,38-B,40-D",Nan,749,No Discount,Lingerie&Nightwear-Women
19126,Parfait,Non wired fixed straps non padded womens bralette - lavender,"Size:32-D,32-DD,32-E,34-D,34-DD,34-E,36-D,36-DD,36-E,38-D,38-DD,38-E","Rs
2199",1979,10% off,Lingerie&Nightwear-Women
19127,Parfait,Wired regular straps padded womens every day bra - blue,"Size:30,30-D,30-DD,32-D,32-DD,32-E,32-F,32-FF,34-D,34-DD,34-E,34-FF,36-D,36-E,36-FF,36-G,38-D,38-DD,38-E,38-F,38-FF,38-G,40-D,40-DD,40-E,40-F,40-FF,40-G,42-D,42-DD,42-E,42-F,42-FF,42-G,44-DD,44-E,44-F,44-FF,44-G,FREE SIZE 02,FREE SIZE 03,FRSZ","Rs
2299",2069,10% off,Lingerie&Nightwear-Women
19128,Parfait,Wired fixed straps non padded womens every day bra - pink,"Size:32-D,32-DD,32-E,32-F,32-FF,32-G,34-E,34-F,34-FF,34-G,36-F,36-FF,36-G,38-F,38-FF,38-G,40-D,40-DD,40-E,40-F,40-FF,40-G,42-D,42-DD,42-E,42-F,42-FF,42-G,44-D,44-DD,44-E,44-F,44-FF,44-G","Rs
2299",2069,10% off,Lingerie&Nightwear-Women
19129,Erotissch,Womens nude-coloured & red colour-blocked briefs - butter,"Size:Large,Medium,Small,X-Large","Rs
890",400,55% off,Lingerie&Nightwear-Women
19130,Erotissch,Maroon lace non-wired non padded sheer bralette - purple,"Size:Large,X-Large","Rs
1790",805,55% off,Lingerie&Nightwear-Women
19131,Erotissch,Nylon low rise womens thongs - mixed brights,"Size:Large,Medium,Small,X-Large","Rs
1099",494,55% off,Lingerie&Nightwear-Women
19132,Erotissch,Non-wired fixed strap non padded womens bralette bra - dusty lilac,"Size:Large,Medium,Small,X-Large,XX-Large","Rs
1199",539,55% off,Lingerie&Nightwear-Women
19133,Erotissch,Cotton womens sleepwear set - porcelain,"Size:Large,Medium,Small,X-Large,XX-Large","Rs
1999",899,55% off,Lingerie&Nightwear-Women
19134,Amante,Womens solid bikini briefs - white,"Size:Large,Medium,Small,X-Large","Rs
495",346,30% off,Lingerie&Nightwear-Women
19135,Miss chase,Printed cotton collared neck womens shorts & top set - blue,"Size:X-Large,X-Small,XX-Large",Nan,2299,No Discount,Lingerie&Nightwear-Women
19136,Clovia,Womens non padded non wired full coverage bra - black,"Size:32-B,32-C","Rs
599",239,60% off,Lingerie&Nightwear-Women
19137,Triumph,Wired fixed strap padded womens t-shirt bra - brown,"Size:34-C,36-C",Nan,2299,No Discount,Lingerie&Nightwear-Women
19138,Sloggi,Non wired fixed strap heavily padded womens every day bra - blue,"Size:Large,Medium,Small,X-Large,X-Small",Nan,1799,No Discount,Lingerie&Nightwear-Women
19139,Sweet dreams,Printed cotton v neck womens sleepwear set - navy,"Size:Large,X-Large","Rs
1649",1154,30% off,Lingerie&Nightwear-Women
19140,Enamor,Non wired strapless lightly padded womens every day bra - sand,"Size:XL,Large,Medium,Small",Nan,1249,No Discount,Lingerie&Nightwear-Women
19141,Soie,Non wired fixed straps non padded womens every day bra - 106_multi,"Size:36-B,38-B","Rs
1520",1064,30% off,Lingerie&Nightwear-Women
19142,Erotissch,Nylon low rise womens thongs - mixed brights,"Size:Large,Medium","Rs
1599",719,55% off,Lingerie&Nightwear-Women
19143,Wacoal,Blended knit intimate wear womens panties - grey,"Size:Large,Medium",Nan,995,No Discount,Lingerie&Nightwear-Women
19144,Enamor,Non-wired strapless non padded womens sports bra - scarlet,"Size:Large,Medium,Small","Rs
1349",944,30% off,Lingerie&Nightwear-Women
19145,Amante,Solid cotton high rise womens regular panty - acid wash,Size:Small,Nan,595,No Discount,Lingerie&Nightwear-Women
19146,Van heusen,Non wired halter strap non padded womens every day bra - deep navy,"Size:34-C,36-B,40-C",Nan,499,No Discount,Lingerie&Nightwear-Women
19147,Kaftan company,Cotton half sleeves maxi night dress - blue,"Size:Medium,Small,XX-Large",Nan,2499,No Discount,Lingerie&Nightwear-Women
19148,Amante,Non wired fixed straps non padded womens every day bra - natural,Size:34-D,"Rs
645",387,40% off,Lingerie&Nightwear-Women
19149,Erotissch,Non-wired fixed strap non padded womens bralette bra - old rose,"Size:Large,Medium,Small,X-Large,XX-Large","Rs
1199",539,55% off,Lingerie&Nightwear-Women
19150,Wacoal,Non wired fixed strap lightly padded womens every day bra - brown mix,"Size:Large,Medium",Nan,1895,No Discount,Lingerie&Nightwear-Women
19151,Enamor,Cotton blend womens night wear shorts - yellow,"Size:XL,Large,Medium,Small,XX-Large","Rs
849",594,30% off,Lingerie&Nightwear-Women
19152,Triumph,Wired fixed strap heavily padded womens bra - black,"Size:Medium,Small","Rs
3199",1599,50% off,Lingerie&Nightwear-Women
19153,Ultimo,Womens solid thigh and tummy tucker shapewear - black mix,Size:Medium,Nan,2495,No Discount,Lingerie&Nightwear-Women
19154,Triumph,Non wired fixed straps heavily padded womens every day bra - pink,"Size:Large,Medium,Small,X-Large","Rs
2099",1049,50% off,Lingerie&Nightwear-Women
19155,Van heusen,Regular fit regular length modal womens night wear pyjama - aged indigo,"Size:Large,Medium,Small",Nan,899,No Discount,Lingerie&Nightwear-Women
19156,Wacoal,Wired fixed straps lightly padded womens every day bra - mixed neutrals,"Size:32-G,34-C,36-C,36-E,36-G,38-C,40-C,40-DD,40-E,40-G,42-E,42-G,44-D,44-DD,44-E",Nan,3699,No Discount,Lingerie&Nightwear-Women
19157,Enamor,Cotton womens hipster panties - black,"Size:XL,Large,Medium,Small",Nan,499,No Discount,Lingerie&Nightwear-Women
19158,Jockey,Womens 2 pocket printed pyjamas - blue mix light,"Size:Large,Medium,Small,X-Large",Nan,999,No Discount,Lingerie&Nightwear-Women
19159,Soie,Womens solid lace non padded non wired full coverage bra - natural,"Size:36-B,38-B,38-C,38-D,40-C","Rs
490",367,25% off,Lingerie&Nightwear-Women
19160,Enamor,Cotton relaxed fit womens shorts - cream,"Size:XL,Large,Medium,Small,XX-Large",Nan,749,No Discount,Lingerie&Nightwear-Women
19161,Erotissch,Womens red & black satin finish printed nightsuit - multi,"Size:Large,Medium,Small,X-Large","Rs
4490",1796,60% off,Lingerie&Nightwear-Women
19162,Sweet dreams,Printed cotton round neck womens top capri set - butter,"Size:Large,X-Large,XX-Large","Rs
1399",979,30% off,Lingerie&Nightwear-Women
19163,Enamor,Non wired racerback straps lightly padded womens every day bra - wild wash,"Size:32-B,32-C,32-D,34-B,34-C,34-D,36-B,36-C,36-D,38-B,38-C",Nan,1049,No Discount,Lingerie&Nightwear-Women
19164,Enamor,Womens strappy neck solid lace baby doll - plum,Size:Large,Nan,1999,No Discount,Lingerie&Nightwear-Women
19165,Mystere paris,Cotton womens regular fit sleepsuit - navy,"Size:Large,Medium,Small,X-Large","Rs
999",599,40% off,Lingerie&Nightwear-Women
19166,Enamor,Cotton blend womens active wear t-shirt - navy marl,"Size:XL,Large,Medium,Small,X-Small,XX-Large","Rs
669",468,30% off,Lingerie&Nightwear-Women
19167,Triumph,Non wired strapless non padded womens minimiser bra - black,"Size:34-C,34-D,34-E,34-F,36-C,36-D,36-E,36-F,38-C,38-D,38-E,38-F,40-C,40-D",Nan,2499,No Discount,Lingerie&Nightwear-Women
19168,Enamor,Cotton womens activewear t-shirt - camel,"Size:XL,Large,Medium,Small",Nan,749,No Discount,Lingerie&Nightwear-Women
19169,Soie,Printed cotton blend womens sleep shirt - matt,"Size:Large,Medium,Small,X-Large,XX-Large","Rs
1040",780,25% off,Lingerie&Nightwear-Women
19170,Triumph,Solid viscose v-neck womens night dress - grey,"Size:38,40,42",Nan,2699,No Discount,Lingerie&Nightwear-Women
19171,Wacoal,Womens solid padded non wired full coverage bra - natural,Size:38-C,Nan,2499,No Discount,Lingerie&Nightwear-Women
19172,Erotissch,Womens pink night suit - rose,"Size:Large,Medium,X-Large","Rs
2990",1196,60% off,Lingerie&Nightwear-Women
19173,Sloggi,Non wired fixed strap heavily padded womens every day bra - yellow,"Size:Large,Medium,Small,X-Small",Nan,2499,No Discount,Lingerie&Nightwear-Women
19174,Triumph,Printed cotton collared neck womens night dress - red,"Size:36,38,40,42","Rs
2099",1259,40% off,Lingerie&Nightwear-Women
19175,Enamor,Non wired racerback straps non padded womens bikini - grey melange,"Size:32-B,32-C,32-D,34-B,34-C,34-D,36-B,36-C,38-B",Nan,649,No Discount,Lingerie&Nightwear-Women
19176,Wacoal,Non wired fixed strap lightly padded womens every day bra - brown,"Size:Large,Medium",Nan,1895,No Discount,Lingerie&Nightwear-Women
19177,Enamor,Cotton blend round neck womens active wear t-shirt - scrapped grey,"Size:XL,Large,Medium,Small",Nan,799,No Discount,Lingerie&Nightwear-Women
19178,Enamor,Stretch cotton camis - white,"Size:XL,Large,Medium,Small",Nan,449,No Discount,Lingerie&Nightwear-Women
19179,Enamor,Solid cotton relaxed fit womens shorts - rouge,"Size:XL,Large,Medium,Small,XX-Large",Nan,849,No Discount,Lingerie&Nightwear-Women
19180,Triumph,Non wired fixed straps heavily padded womens every day bra - black,"Size:Large,Medium,Small,X-Large","Rs
2099",1049,50% off,Lingerie&Nightwear-Women
19181,Enamor,Cotton womens active wear t-shirt - petal,"Size:XL,Large,Medium,Small,XX-Large",Nan,799,No Discount,Lingerie&Nightwear-Women
19182,Enamor,Womens round neck printed top - graphite,Size:Medium,"Rs
499",349,30% off,Lingerie&Nightwear-Women
19183,Jockey,Women cotton hipster brief(assorted pack of 3) - mixed darks,"Size:Large,Medium,Small,X-Large,XX-Large",Nan,549,No Discount,Lingerie&Nightwear-Women
19184,Enamor,Non-wired removable strap padded womens everyday bra - natural,"Size:32-B,32-C,32-D,34-B,34-C,34-D,36-B,36-C,36-D,38-B,38-C",Nan,1299,No Discount,Lingerie&Nightwear-Women
19185,Enamor,Non-wired removable strap padded womens everyday bra - multi,"Size:32-B,32-C,32-D,34-B,34-C,34-D,36-B,36-C,36-D,38-B,38-C",Nan,1299,No Discount,Lingerie&Nightwear-Women
19186,Enamor,Cotton activewear womens track pants - denimex,"Size:XL,Large,Medium,Small",Nan,1599,No Discount,Lingerie&Nightwear-Women
19187,Jockey,Womens round neck t-shirt - black mix,Size:Error Size,Nan,1399,No Discount,Lingerie&Nightwear-Women
19188,Triumph,Cotton womens panties - black,"Size:Large,Small,X-Large","Rs
699",349,50% off,Lingerie&Nightwear-Women
19189,Triumph,Wired fixed strap padded womens every day bra - rust,"Size:32-B,32-C,34-B,34-C,34-D,36-B,36-C,36-D,38-C",Nan,2099,No Discount,Lingerie&Nightwear-Women
19190,Triumph,Wired strapless heavily padded womens every day bra - orange,"Size:34-B,34-C,34-D,36-B,36-C,36-D,38-D","Rs
2599",1559,40% off,Lingerie&Nightwear-Women
19191,Triumph,Polyester blend high rise womens intimate wear panties - blue,"Size:Large,Medium,Small,X-Large",Nan,599,No Discount,Lingerie&Nightwear-Women
19192,Enamor,Non wired racerback straps non padded womens bra - tan,"Size:34-B,34-C,34-D,34-F,34-Z,36-B,36-C,36-D,36-F,36-Z,38-B,38-C,38-D,38-F,38-Z,40-C,40-D,40-F,40-Z",Nan,999,No Discount,Lingerie&Nightwear-Women
19193,Jockey,Womens solid thermal pants - black,"Size:Large,Medium,Small",Nan,949,No Discount,Lingerie&Nightwear-Women
19194,Enamor,Non wired racerback straps non padded womens bra - cherry,"Size:32-B,32-C,34-C,36-B,36-C,38-B,38-C",Nan,899,No Discount,Lingerie&Nightwear-Women
19195,Sweet dreams,Printed rayon regular fit womens shorts - sky blue,"Size:Large,Medium,Small,X-Large","Rs
759",531,30% off,Lingerie&Nightwear-Women
19196,Triumph,Non wired multiway strap non padded womens beginner bra - vanilla,"Size:Medium,Small,X-Small",Nan,899,No Discount,Lingerie&Nightwear-Women
19197,Parfait,Non-wired regular straps non padded womens sports bra - pink,"Size:30,30-D,30-DD,32-D,32-DD,32-E,32-F,32-FF,32-G,34-D,34-DD,34-E,34-F,34-FF,34-G,36-D,36-DD,36-E,36-F,36-FF,36-G,38-D,38-DD,38-E,38-F,38-FF,38-G,40-D,40-DD,40-E,40-F,40-FF,40-G,FREE SIZE 02,FREE SIZE 03,FRSZ","Rs
2499",2249,10% off,Lingerie&Nightwear-Women
19198,Parfait,Solid nylon womens camisole - multi,"Size:4X-Large,Large,Medium,X-Large,XX-Large,XXX-Large","Rs
1199",959,20% off,Lingerie&Nightwear-Women
19199,Parfait,Solid nylon womens camisole - peach,"Size:4X-Large,Large,Medium,X-Large,XX-Large,XXX-Large","Rs
1399",1119,20% off,Lingerie&Nightwear-Women
19200,Amante,Womens solid non padded non wired full coverage bra - natural,"Size:34-B,34-C,34-D,36-B,36-C,36-D,38-B,38-C,38-D","Rs
695",556,20% off,Lingerie&Nightwear-Women
19201,Mystere paris,Cotton regular fit womens activewear shorts - natural,"Size:Large,Medium,Small,X-Large,XX-Large","Rs
499",299,40% off,Lingerie&Nightwear-Women
19202,Erotissch,Non-wired fixed strap non padded womens bralette bra - petrol,"Size:Large,Medium,Small,X-Large,XX-Large","Rs
1199",539,55% off,Lingerie&Nightwear-Women
19203,Erotissch,Floral rayon v-neck womens regular fit kaftan set - blasted navy,"Size:Medium,Small","Rs
2500",1625,35% off,Lingerie&Nightwear-Women
19204,Enamor,Wired multiway strap padded womens everyday bra - indiaink,"Size:32-B,32-C,32-D,34-B,34-C,34-D,36-B,36-C,36-D,38-B,38-C",Nan,1399,No Discount,Lingerie&Nightwear-Women
19205,Amante,Womens solid underwired padded push up bra - cream,"Size:32-B,32-C,32-D,34-B,34-C,34-D,36-B,36-C,36-D,38-B,38-C,38-D","Rs
1245",871,30% off,Lingerie&Nightwear-Women
19206,Parfait,Womens enora minimizer bra - wheat,"Size:30-D,30-DD,32-D,32-DD","Rs
2499",2249,10% off,Lingerie&Nightwear-Women
19207,Amante,Womens solid hipster briefs pack of 3 - off white,Size:Small,Nan,695,No Discount,Lingerie&Nightwear-Women
19208,Enamor,Cotton blend womens active wear t-shirt - bronze sand blast,"Size:XL,Large,Medium,Small",Nan,899,No Discount,Lingerie&Nightwear-Women
19209,Groversons paris beauty,Womens plus size cotton lycra full coverage everyday bra - navy,"Size:36-C,36-D,38-B,38-C,38-D",Nan,575,No Discount,Lingerie&Nightwear-Women
19210,Enamor,Cotton womens shop in culotte - super stone dustered,"Size:Medium,Small",Nan,999,No Discount,Lingerie&Nightwear-Women
19211,Enamor,Womens printed hipster briefs - bottle green,"Size:XL,Large,Medium,Small",Nan,499,No Discount,Lingerie&Nightwear-Women
19212,Enamor,Womens non padded non wired full coverage every day bra - natural,"Size:32-DD,34-DD,36-DD,38-DD,40-B,40-C,40-D,42-B,42-C","Rs
599",299,50% off,Lingerie&Nightwear-Women
19213,Sweet dreams,Printed cotton blend round neck womens top capri set - black,Size:Large,"Rs
1599",1119,30% off,Lingerie&Nightwear-Women
19214,Enamor,Non-wired strapless non padded womens sports bra - carbon,"Size:XL,Large,Medium,Small","Rs
1399",979,30% off,Lingerie&Nightwear-Women
19215,Enamor,Non wired racerback straps non padded womens bikini - navy,"Size:34-B,34-C,34-D,34-Z,36-B,36-C,36-D,36-Z,38-B,38-C,38-D,38-Z,40-B,40-C,40-D,40-Z,42-B,42-C,42-D,42-Z","Rs
869",434,50% off,Lingerie&Nightwear-Women
19216,Mystere paris,Cactus print cotton regular fit womens sleep set - green,"Size:Large,Medium","Rs
1299",779,40% off,Lingerie&Nightwear-Women
19217,Erotissch,Non wired fixed straps non padded womens bralette - berry,"Size:Large,X-Large","Rs
1199",539,55% off,Lingerie&Nightwear-Women
19218,Sweet dreams,Printed combed cotton regular fit womens capri - purple,Size:X-Large,"Rs
449",404,10% off,Lingerie&Nightwear-Women
19219,Erotissch,Non wired fixed straps non padded womens bralette bra - baby pink,"Size:Large,Medium,Small","Rs
1199",539,55% off,Lingerie&Nightwear-Women
19220,Clovia,Womens non wired solid full coverage bra - purple,"Size:32-B,32-C,34-B,34-C","Rs
599",239,60% off,Lingerie&Nightwear-Women
19221,Clovia,Womens cotton non-padded non-wired printed bra - green,"Size:32-B,32-C,32-D,34-B","Rs
599",239,60% off,Lingerie&Nightwear-Women
19222,Clovia,Womens padded non wired full coverage demi cup bra - orange,"Size:32-C,34-C","Rs
599",239,60% off,Lingerie&Nightwear-Women
19223,Enamor,Low waist panty - multi,"Size:XL,Large,Medium,Small",Nan,699,No Discount,Lingerie&Nightwear-Women
19224,Amante,Womens solid medium coverage bra - strawberry pink,"Size:34-C,34-D,36-C,36-D,36-DD,38-C,38-D,38-DD,40-C,40-D",Nan,1245,No Discount,Lingerie&Nightwear-Women
19225,Triumph,Womens padded non wired full coverage bra - grey,"Size:32-B,32-C,32-D,34-B,34-C,34-D,36-B,36-C,36-D,38-C,38-D",Nan,1799,No Discount,Lingerie&Nightwear-Women
19226,Van heusen,Wired halter strap lightly padded womens every day bra - red,"Size:30-B,32-B,32-C,34-B,34-C,34-D,36-B,36-C,36-D,38-B,38-C,38-D",Nan,1249,No Discount,Lingerie&Nightwear-Women
19227,Triumph,Womens solid non wired padded t-shirt bra - natural,"Size:32-D,34-D,36-D",Nan,1899,No Discount,Lingerie&Nightwear-Women
19228,Van heusen,Wired halter strap lightly padded womens every day bra - off white,"Size:30-B,32-B,32-C,34-B,34-C,34-D,36-B,36-C,36-D,38-B,38-C,38-D",Nan,1249,No Discount,Lingerie&Nightwear-Women
19229,Jockey,Womens non wired padded bra - grey melange,"Size:32-B,32-C,34-B,34-C,36-B,36-C",Nan,699,No Discount,Lingerie&Nightwear-Women
19230,Amante,Womens solid padded non wired t-shirt bra - off white,"Size:32-B,32-C,34-B,34-C,34-D,36-B,36-C,36-D,38-B,38-C",Nan,1045,No Discount,Lingerie&Nightwear-Women
19231,Clovia,Womens full coverage - green,"Size:32-B,32-C,34-B,34-C,36-B,36-C","Rs
599",359,40% off,Lingerie&Nightwear-Women
19232,Samshek,Solid polyester square neck womens bodysuit - black,"Size:4X-Large,5X-Large,Large,Medium,Small,X-Large,X-Small,XX-Large,XX-Small,XXX-Large",Nan,1590,No Discount,Lingerie&Nightwear-Women
19233,Triumph,Printed cotton round neck womens sleepwear set - natural,"Size:36,38,40,42","Rs
2999",2249,25% off,Lingerie&Nightwear-Women
19234,Van heusen,Non-wired fixed strap padded womens everyday bra - pink,"Size:30-B,32-B,32-C,34-B,34-C,34-D,36-B,36-C,36-D,38-B,38-C,38-D",Nan,879,No Discount,Lingerie&Nightwear-Women
19235,Faballey,3/4th sleeves casual wear womens loungewear - blue,Size:Small,"Rs
1900",950,50% off,Lingerie&Nightwear-Women
19236,Triumph,Polyester womens intimatewear panty - brown,"Size:Large,Medium,Small,X-Large","Rs
599",299,50% off,Lingerie&Nightwear-Women
19237,Soie,Super-soft cotton regular fit half sleeves womens night dress - green mix,"Size:Large,Medium,Small,X-Large,XX-Large","Rs
1040",780,25% off,Lingerie&Nightwear-Women
19238,Triumph,Non-wired fixed strap padded womens t-shirt bra - black,"Size:32-B,32-C,32-D,34-B,34-C,34-D,36-B,36-C,36-D",Nan,1799,No Discount,Lingerie&Nightwear-Women
19239,Soie,Womens full/extreme coverage padded wired bra - white,"Size:32-C,38-C","Rs
990",891,10% off,Lingerie&Nightwear-Women
19240,Amante,Womens basic bra - raspberry,"Size:34-D,36-D,38-D",Nan,695,No Discount,Lingerie&Nightwear-Women
19241,Triumph,Wired fixed strap padded womens t-shirt bra - red,"Size:32-B,32-C,32-D,34-B,34-C,34-D,36-B,36-C,36-D,38-C",Nan,1899,No Discount,Lingerie&Nightwear-Women
19242,Adidas,Non wired halter strap non padded womens every day bra - old rose,"Size:36-C,36-D,38-B,40-D,40-DD,42-D,42-DD",Nan,1199,No Discount,Lingerie&Nightwear-Women
19243,Sweet dreams,Printed cotton regular fit womens shorts - pink,"Size:Large,Medium,Small,X-Large","Rs
709",496,30% off,Lingerie&Nightwear-Women
19244,Amante,Womens printed sports bra - black,"Size:Large,Medium,Small,X-Large","Rs
1695",1356,20% off,Lingerie&Nightwear-Women
19245,Amante,Womens lace padded wired t-shirt bra - rose,"Size:32-C,32-D,34-D,36-B,36-D","Rs
1795",897,50% off,Lingerie&Nightwear-Women
19246,Groversons paris beauty,Womens plus size cotton lycra full coverage everyday bra - natural,"Size:32-B,32-C,32-D,34-B,34-C,34-D,36-B,36-C,36-D",Nan,690,No Discount,Lingerie&Nightwear-Women
19247,Erotissch,Cotton mid rise womens sleepwear set - mustard,"Size:Large,Medium,Small,X-Large","Rs
1299",584,55% off,Lingerie&Nightwear-Women
19248,Triumph,Wired fixed straps heavily padded womens every day bra - deep blue,"Size:36-C,36-D","Rs
1899",949,50% off,Lingerie&Nightwear-Women
19249,Triumph,Polyester blend womens intimate wear seamless brief - orange,"Size:Small,X-Large","Rs
999",599,40% off,Lingerie&Nightwear-Women
19250,Parfait,Wired regular straps padded womens every day bra - black,"Size:30,30-D,30-DD,32-D,32-DD,32-E,32-F,32-FF,34-D,34-DD,34-E,34-FF,36-D,36-E,36-FF,36-G,38-D,38-DD,38-E,38-F,38-FF,38-G,40-D,40-DD,40-E,40-F,40-FF,40-G,42-D,42-DD,42-E,42-F,42-FF,42-G,44-DD,44-E,44-F,44-FF,44-G,FREE SIZE 02,FREE SIZE 03,FRSZ","Rs
2299",2069,10% off,Lingerie&Nightwear-Women
19251,Soie,Womens semi-medium coverage padded non-wired satin panelled t-shirt bra - brown mix,"Size:32-B,32-C,34-B,34-C,34-D,36-B,36-C,40-C",Nan,690,No Discount,Lingerie&Nightwear-Women
19252,Groversons paris beauty,Womens plus size cotton lycra full coverage everyday bra - white,"Size:32-B,32-C,32-D,34-B,34-C,34-D,36-B,36-C,36-D",Nan,499,No Discount,Lingerie&Nightwear-Women
19253,Triumph,Printed viscose cowl neck womens night dress - pink,"Size:36,38,40,42",Nan,2999,No Discount,Lingerie&Nightwear-Women
19254,Triumph,Viscose regular fit womens sleepwear set - cool blue,"Size:Large,Medium","Rs
2999",1499,50% off,Lingerie&Nightwear-Women
19255,Triumph,Polyester blend womens intimate wear panties - grey,"Size:Large,Medium,Small",Nan,699,No Discount,Lingerie&Nightwear-Women
19256,Triumph,Polyamide shape sensation 33 waist-band maximum support womens shapewear - brown,"Size:Large,Medium,X-Large",Nan,1999,No Discount,Lingerie&Nightwear-Women
19257,Triumph,Womens 77 p lightly padded non wired t-shirt bra - light blue,Size:32-D,"Rs
1299",649,50% off,Lingerie&Nightwear-Women
19258,Wacoal,Wired fixed straps lightly padded womens every day bra - natural,"Size:32-D,32-DD,32-E,32-G,34-D,34-DD,34-E,34-G,36-D,36-DD,38-D,38-DD,38-E,38-G,40-D,40-H,44-D",Nan,3699,No Discount,Lingerie&Nightwear-Women
19259,Wacoal,Blended knit womens bikini panty - olive,"Size:Large,Medium,Small","Rs
895",716,20% off,Lingerie&Nightwear-Women
19260,Wacoal,Womens solid hipster briefs - dusty pink,"Size:Medium,Small",Nan,495,No Discount,Lingerie&Nightwear-Women
19261,Van heusen,Non-wired fixed strap non padded womens everyday bra - black,Size:34-B,Nan,619,No Discount,Lingerie&Nightwear-Women
19262,Soie,Cotton short length womens regular fit night dress - black mix,"Size:Large,Medium,Small,X-Large,XX-Large","Rs
640",480,25% off,Lingerie&Nightwear-Women
19263,Sloggi,Polyester blend womens intimate wear panties - black,"Size:Large,Medium,Small",Nan,999,No Discount,Lingerie&Nightwear-Women
19264,Kaftan company,Printed v-neck viscose womens regular fit night dress - blue,"Size:Large,Medium,Small,X-Large,XX-Large,XXX-Large",Nan,2299,No Discount,Lingerie&Nightwear-Women
19265,Enamor,Full support lace bra - high coverage non-padded wirefree - pale peach,"Size:34-Z,36-Z,38-Z,40-Z",Nan,1049,No Discount,Lingerie&Nightwear-Women
19266,Enamor,Non wired racerback straps lightly padded womens bikini - raspberry,"Size:32-B,32-C,32-D,34-B,34-C,34-D,36-B,36-C,36-D,38-B,38-C","Rs
749",374,50% off,Lingerie&Nightwear-Women
19267,Amante,Womens printed brief - navy,Size:Small,"Rs
445",311,30% off,Lingerie&Nightwear-Women
19268,Wacoal,Womens solid padded wired t-shirt bra - natural,"Size:32-A,32-B,32-C,32-D,34-A,34-B,34-C,34-D,36-A,36-B,36-C",Nan,1895,No Discount,Lingerie&Nightwear-Women
19269,Parfait,Non wired fixed straps lightly padded womens bralette - pink,"Size:32-D,32-DD,32-E,32-F,34-D,34-DD,34-E,34-F,36-D,36-DD,36-E,36-F,38-D,38-DD,38-E,38-F,40-D,40-DD,40-E,40-F","Rs
2299",2069,10% off,Lingerie&Nightwear-Women
19270,Amante,Non wired fixed straps non padded womens every day bra - black,"Size:34-B,34-C,36-B,36-C,38-B","Rs
895",537,40% off,Lingerie&Nightwear-Women
19271,Soie,Cotton short length womens regular fit night dress - mid blue,"Size:Large,Medium,Small,X-Large,XX-Large","Rs
1040",780,25% off,Lingerie&Nightwear-Women
19272,Sweet dreams,Printed cotton rich regular fit womens sleepwear set - bubblegum,Size:Large,"Rs
1799",1079,40% off,Lingerie&Nightwear-Women
19273,Sweet dreams,Printed cotton rich regular fit womens sleepwear set - blue,Size:X-Large,"Rs
1899",1139,40% off,Lingerie&Nightwear-Women
19274,Triumph,Polyamide shape sensation 33 waist-band maximum support womens shapewear - black,Size:Small,Nan,1999,No Discount,Lingerie&Nightwear-Women
19275,Van heusen,Wired halter strap lightly padded womens every day bra - plum,"Size:32-B,32-C,34-B,34-C,36-B,36-C,38-B,38-C",Nan,899,No Discount,Lingerie&Nightwear-Women
19276,Sweet dreams,Printed satin round neck womens nighty gown set - blue,"Size:Large,Medium,Small,X-Large","Rs
2899",2609,10% off,Lingerie&Nightwear-Women
19277,Soie,Womens padded t-shirt bra - multi,Size:38-B,"Rs
650",325,50% off,Lingerie&Nightwear-Women
19278,Triumph,Solid viscose round neck womens night dress - pale pink,"Size:Medium,Small",Nan,2499,No Discount,Lingerie&Nightwear-Women
19279,Triumph,Solid viscose round neck womens night dress - pink,"Size:Medium,Small",Nan,2499,No Discount,Lingerie&Nightwear-Women
19280,Triumph,Wired fixed strap padded womens every day bra - pink,"Size:34-B,34-C,34-D,34-E,34-F,36-B,36-C,36-D,36-E,36-F,38-C,38-D,38-E,38-F,40-D,40-E",Nan,1999,No Discount,Lingerie&Nightwear-Women
19281,Triumph,Solid viscose cowl neck womens night dress - grey,"Size:36-B,36-C,38-B,38-C,38-D,40-B,40-C,40-D,42-C",Nan,2499,No Discount,Lingerie&Nightwear-Women
19282,Enamor,Solid cotton relaxed fit womens top - black,"Size:XL,Large,Medium,Small,XX-Large",Nan,1299,No Discount,Lingerie&Nightwear-Women
19283,Triumph,Polyester blend high rise womens hipster briefs - red,"Size:Large,Medium,Small,X-Large",Nan,699,No Discount,Lingerie&Nightwear-Women
19284,Enamor,Cotton blend womens active wear t-shirt - navy marl,"Size:XL,Large,Medium,Small,XX-Large",Nan,1299,No Discount,Lingerie&Nightwear-Women
19285,Soie,Non wired fixed straps non padded womens every day bra - black,"Size:Large,Small,X-Large,XX-Large","Rs
540",513,5% off,Lingerie&Nightwear-Women
19286,Amante,Womens solid hipster briefs pack of 2 - black,Size:X-Large,Nan,545,No Discount,Lingerie&Nightwear-Women
19287,Soie,Cotton regular fit short length womens camisole - multi,"Size:Large,Medium,Small,X-Large","Rs
750",712,5% off,Lingerie&Nightwear-Women
19288,Enamor,Cotton womens activewear/nightwear basic shorts - bracken,"Size:XL,Large,Medium,Small",Nan,499,No Discount,Lingerie&Nightwear-Women
19289,Erotissch,Satin mid rise womens shorts - multi,"Size:Large,Medium,Small,X-Large","Rs
2499",1624,35% off,Lingerie&Nightwear-Women
19290,Soie,Womens v neck printed long top - dave grey,"Size:Large,Medium,Small,X-Large","Rs
1150",862,25% off,Lingerie&Nightwear-Women
19291,Enamor,Wired racerback straps lightly padded womens every day bra - crimson,"Size:32-B,32-C,32-D,34-B,34-C,34-D,36-B,36-C,36-D,38-B,38-C",Nan,1599,No Discount,Lingerie&Nightwear-Women
19292,Sweet dreams,Printed cotton regular fit womens shorts - olive,"Size:Large,Medium,Small,X-Large","Rs
709",496,30% off,Lingerie&Nightwear-Women
19293,Sweet dreams,Printed cotton round neck womens sleepwear set - green,"Size:Large,Medium,Small","Rs
1329",930,30% off,Lingerie&Nightwear-Women
19294,Amante,Womens printed sports bra - blue,"Size:Large,Medium,Small,X-Large","Rs
1695",1356,20% off,Lingerie&Nightwear-Women
19295,Enamor,Womens non padded non wired full coverage bra - sand,"Size:34-C,36-C,36-D,38-B,38-C,40-B,40-C",Nan,1249,No Discount,Lingerie&Nightwear-Women
19296,Jockey,Womens solid bikini briefs - black,Size:X-Large,Nan,245,No Discount,Lingerie&Nightwear-Women
19297,Enamor,Non-wired fixed strap padded womens maternity bra - capri blue,"Size:34-B,34-C,34-D,34-Z,36-B,36-C,38-B,38-D",Nan,949,No Discount,Lingerie&Nightwear-Women
19298,Sweet dreams,Solid cotton round neck womens sleepwear set - pink,"Size:Large,Medium,Small,X-Large,XX-Large","Rs
1799",1259,30% off,Lingerie&Nightwear-Women
19299,Triumph,Non wired strapless non padded womens minimiser bra - pink,"Size:34-C,34-D,34-E,34-F,36-C,36-D,36-E,36-F,38-C,38-D,38-E,38-F,40-C,40-D",Nan,2499,No Discount,Lingerie&Nightwear-Women
19300,Enamor,Non wired racerback straps non padded womens bra - plum,"Size:34-B,34-C,34-D,34-F,34-Z,36-B,36-C,36-D,36-F,36-Z,38-B,38-C,38-D,38-F,38-Z,40-C,40-D,40-F,40-Z",Nan,999,No Discount,Lingerie&Nightwear-Women
19301,Enamor,Cotton activewear womens track pants - ivory,"Size:XL,Large,Medium,Small",Nan,1599,No Discount,Lingerie&Nightwear-Women
19302,Jockey,Wired multiway straps lightly padded womens every day bra - black,"Size:32-B,32-C,34-B,34-C,36-B,36-C",Nan,1299,No Discount,Lingerie&Nightwear-Women
19303,Sweet dreams,Printed cotton collar neck womens sleepwear set - coral,"Size:Large,Small,XXX-Large","Rs
1699",1019,40% off,Lingerie&Nightwear-Women
19304,Jockey,Tactel nylon womens activewear track pants - black,Size:Error Size,Nan,1799,No Discount,Lingerie&Nightwear-Women
19305,Van heusen,Non wired multiway straps non padded womens every day bra - natural,"Size:30-B,32-B,32-C,34-B,34-C,34-D,36-B,36-C,36-D,38-C",Nan,499,No Discount,Lingerie&Nightwear-Women
19306,Enamor,Graphic cotton crew neck womens t-shirt - buff,Size:Small,"Rs
529",370,30% off,Lingerie&Nightwear-Women
19307,Triumph,Viscose slim fit womens sleepwear set - lavender,"Size:Large,Medium","Rs
2999",1499,50% off,Lingerie&Nightwear-Women
19308,Erotissch,Polyester blend womens bodysuit - silver grey,"Size:Large,Medium,Small,X-Large","Rs
1449",652,55% off,Lingerie&Nightwear-Women
19309,Mystere paris,Rayon regular fit womens night wear pyjamas - pink,"Size:Large,Medium,Small,X-Large","Rs
999",599,40% off,Lingerie&Nightwear-Women
19310,Erotissch,Purple & red solid nightdress - purple,"Size:Large,Medium,Small,X-Large","Rs
3190",1276,60% off,Lingerie&Nightwear-Women
19311,Erotissch,Satin mid rise womens shorts - multicount broken twill,"Size:Large,Medium,Small,X-Large","Rs
2499",1624,35% off,Lingerie&Nightwear-Women
19312,Erotissch,Womens black & beige solid lace bodysuit - black_satin,"Size:Medium,Small","Rs
1649",906,45% off,Lingerie&Nightwear-Women
19313,Van heusen,Wired halter strap lightly padded womens every day bra - grey melange,"Size:30-B,30-C,32-B,32-C,34-B,34-C,36-B",Nan,899,No Discount,Lingerie&Nightwear-Women
19314,Clovia,Womens cotton mid waist printed hipster panty with sheer panels - red,Size:Small,"Rs
499",199,60% off,Lingerie&Nightwear-Women
19315,Erotissch,Womens multicoloured printed cover-up dress - multi,"Size:Large,Medium,Small","Rs
3290",1480,55% off,Lingerie&Nightwear-Women
19316,Wacoal,Non wired fixed strap lightly padded womens bra - wine,"Size:34-A,34-D,36-D","Rs
2295",1147,50% off,Lingerie&Nightwear-Women
19317,Wacoal,Non-wired fixed strap padded womens every day bra - pink,"Size:32-A,32-B,32-C,32-D,34-A,34-B,34-C,34-D,36-B,36-C,36-D,38-C","Rs
1695",1356,20% off,Lingerie&Nightwear-Women
19318,Soie,Womens solid padded full coverage bra - blush,"Size:34-D,36-C,36-D,38-B,38-C,38-D,40-C","Rs
990",792,20% off,Lingerie&Nightwear-Women
19319,Mystere paris,Activewear/nightwear womens shorts - green,Size:X-Large,"Rs
599",359,40% off,Lingerie&Nightwear-Women
19320,Amante,Womens solid medium coverage bra - red,"Size:32-D,38-B,38-C,38-D,40-C,40-D","Rs
1295",518,60% off,Lingerie&Nightwear-Women
19321,Erotissch,Green self striped non-wired non padded everyday bra - bottle green,Size:X-Large,"Rs
1390",625,55% off,Lingerie&Nightwear-Women
19322,Van heusen,Non wired halter strap heavily padded womens every day bra - black,"Size:30-B,32-B,32-C,34-B,34-D,36-B,38-B,38-C",Nan,799,No Discount,Lingerie&Nightwear-Women
19323,Kaftan company,Cotton half sleeves maxi night dress - blue,Size:Small,Nan,2199,No Discount,Lingerie&Nightwear-Women
19324,Enamor,Graphic cotton lycra relaxed fit womens t-shirt - camel,"Size:XL,Large,Medium","Rs
899",629,30% off,Lingerie&Nightwear-Women
19325,Mystere paris,Night wear womens night dress - blue,"Size:Medium,Small","Rs
799",479,40% off,Lingerie&Nightwear-Women
19326,Enamor,Womens padded non wired full coverage bra - black,"Size:Large,Small",Nan,999,No Discount,Lingerie&Nightwear-Women
19327,Enamor,Cotton womens t-shirt - dark stonewash,"Size:XL,Large,Medium,Small,XX-Large",Nan,549,No Discount,Lingerie&Nightwear-Women
19328,Erotissch,Nylon low rise womens thongs - mixed brights,Size:Medium,"Rs
1599",719,55% off,Lingerie&Nightwear-Women
19329,Amante,Womens solid bikini briefs - natural,"Size:Large,Medium,Small,X-Large","Rs
495",346,30% off,Lingerie&Nightwear-Women
19330,Kaftan company,Printed viscose square neck womens night dress - yellow,"Size:Large,Medium,Small,X-Large,XX-Large,XXX-Large",Nan,3299,No Discount,Lingerie&Nightwear-Women
19331,Faballey,Full sleeves casual wear womens loungewear - white,"Size:Medium,Small,X-Small","Rs
2400",1200,50% off,Lingerie&Nightwear-Women
19332,Wacoal,Non-wired fixed strap non padded womens every day bra - black,"Size:32,34,36,38",Nan,2699,No Discount,Lingerie&Nightwear-Women
19333,Van heusen,Non-wired fixed strap non padded womens everyday bra - natural,"Size:30-B,32-B,32-C,34-B,34-C,34-D,36-B,36-C,36-D,38-B,38-C,38-D",Nan,1099,No Discount,Lingerie&Nightwear-Women
19334,Kaftan company,Womens paisley trail loungewear kaftan - orange,"Size:Large,Medium,X-Large,XX-Large,XXX-Large",Nan,2999,No Discount,Lingerie&Nightwear-Women
19335,Triumph,Polyester blend high rise womens regular briefs - black,"Size:Large,Medium,Small,X-Large",Nan,699,No Discount,Lingerie&Nightwear-Women
19336,Enamor,Non wired racerback straps non padded womens bikini - oatmeal,"Size:32-B,32-C,32-D,34-B,34-C,34-D,36-B,36-C,38-B",Nan,649,No Discount,Lingerie&Nightwear-Women
19337,Amante,Women solid hipster brief pack of 3 - red,Size:Small,Nan,595,No Discount,Lingerie&Nightwear-Women
19338,Sweet dreams,Printed cotton round neck womens top capri set - grey,"Size:Large,Medium,Small,X-Large,XX-Large","Rs
1129",790,30% off,Lingerie&Nightwear-Women
19339,Wacoal,Wired fixed strap non padded womens every day bra - natural,"Size:32-C,32-D,32-DD,34-C,34-D,34-DD,34-E,36-C,36-D,36-DD,38-C,38-D,38-DD",Nan,3699,No Discount,Lingerie&Nightwear-Women
19340,Jockey,Womens padded underwired solid t-shirt bra - black,"Size:32-B,32-C,34-B,34-C,36-B,36-C,38-B",Nan,729,No Discount,Lingerie&Nightwear-Women
19341,Sweet dreams,Printed cotton regular fit womens nightsuit - peach,"Size:Large,Medium,Small,X-Large,XX-Large","Rs
1649",1154,30% off,Lingerie&Nightwear-Women
19342,Triumph,Printed cotton blend round neck womens night dress - green,"Size:Large,Medium,Small,X-Large",Nan,2099,No Discount,Lingerie&Nightwear-Women
19343,Triumph,Womens solid padded wired t-shirt bra - black,Size:34-D,"Rs
1699",849,50% off,Lingerie&Nightwear-Women
19344,Kaftan company,Satin half sleeves midi night dress - yellow,"Size:Large,Medium,Small,X-Large,XX-Large,XXX-Large",Nan,2999,No Discount,Lingerie&Nightwear-Women
19345,Jockey,Womens v neck solid t-shirt - navy,"Size:Large,Medium,Small,X-Large",Nan,599,No Discount,Lingerie&Nightwear-Women
19346,Triumph,Womens solid padded wired t-shirt bra - red,Size:36-B,"Rs
1999",999,50% off,Lingerie&Nightwear-Women
19347,Parfait,Solid nylon womens camisole - green,"Size:4X-Large,Large,Medium,X-Large,XX-Large,XXX-Large","Rs
1199",959,20% off,Lingerie&Nightwear-Women
19348,Mystere paris,Polka dots cotton round neck womens night suit - yellow,"Size:Large,Medium,Small,X-Large,XX-Large","Rs
1199",719,40% off,Lingerie&Nightwear-Women
19349,Groversons paris beauty,Womens full coverage padded womens full coverage everyday bra - natural,"Size:34-B,36-B,38-B",Nan,615,No Discount,Lingerie&Nightwear-Women
19350,Erotissch,Printed rayon collar neck womens regular fit night suit - new grey,"Size:Large,Medium,Small,X-Large","Rs
2999",1349,55% off,Lingerie&Nightwear-Women
19351,Triumph,Non wired fixed straps non padded womens every day bra - white,"Size:42-E,42-F",Nan,1599,No Discount,Lingerie&Nightwear-Women
19352,Sweet dreams,Printed cotton regular fit womens nightsuit - green,"Size:Large,Medium,Small,X-Large,XX-Large","Rs
1799",1259,30% off,Lingerie&Nightwear-Women
19353,Enamor,Hi-waist slimmer - black,"Size:XL,Large,Medium,XX-Large",Nan,1649,No Discount,Lingerie&Nightwear-Women
19354,Kaftan company,Polyester 3/4th sleeves maxi night dress - pink,"Size:Large,Medium,X-Large,XX-Large",Nan,2299,No Discount,Lingerie&Nightwear-Women
19355,Soie,Cotton short length womens regular fit night dress - yellow,"Size:Large,Medium,Small,X-Large,XX-Large","Rs
1040",780,25% off,Lingerie&Nightwear-Women
19356,Soie,Cotton regular fit womens sleep shirt - black,"Size:Large,Medium,Small,X-Large","Rs
1040",780,25% off,Lingerie&Nightwear-Women
19357,Insense,Solid rayon regular fit womens lounge wear pyjama - blush,"Size:28,30,32,34,36,38","Rs
799",399,50% off,Lingerie&Nightwear-Women
19358,Triumph,Non-wired fixed strap heavily padded womens every day bra - blue,"Size:34-C,34-D,34-E,34-F,36-C,36-D,36-E,36-F,38-C,38-D,38-E,38-F,40-D,40-E",Nan,2399,No Discount,Lingerie&Nightwear-Women
19359,Soie,Womens spaghetti neck solid top and pyjamas set - teal,"Size:Large,Medium,Small","Rs
1900",950,50% off,Lingerie&Nightwear-Women
19360,Enamor,Womens s/s twist detail boat neck tee with mindful graphic print - sky blue,"Size:XL,Large,Medium,Small,X-Small,XX-Large","Rs
499",349,30% off,Lingerie&Nightwear-Women
19361,Amante,Womens basic bra - white,"Size:34-D,36-D,38-D",Nan,695,No Discount,Lingerie&Nightwear-Women
19362,Van heusen,Jogger fit ankle length polyester stretch womens track pants - maroon,"Size:Large,Medium,Small",Nan,1049,No Discount,Lingerie&Nightwear-Women
19363,Soie,Rayon regular fit womens night wear pyajamas - multi,"Size:Large,Medium,Small,X-Large,X-Small,XX-Large","Rs
740",666,10% off,Lingerie&Nightwear-Women
19364,Erotissch,Non-wired fixed strap non padded womens bralette bra - persian blue,"Size:Large,Medium,Small,X-Large,XX-Large","Rs
1199",539,55% off,Lingerie&Nightwear-Women
19365,Enamor,Non wired halter strap lightly padded womens every day bra - indiaink,"Size:32-C,32-D,34-B,34-C,36-B,36-C,38-B,38-C",Nan,1049,No Discount,Lingerie&Nightwear-Women
19366,Jockey,Womens v neck solid t-shirt - dusty peach,"Size:Large,Medium,Small,X-Large",Nan,599,No Discount,Lingerie&Nightwear-Women
19367,Van heusen,Non-wired fixed strap non padded womens everyday bra - coral,"Size:Large,Medium,Small,X-Large",Nan,679,No Discount,Lingerie&Nightwear-Women
19368,Jockey,Womens padded non wired solid t-shirt bra - black,Size:30-B,Nan,689,No Discount,Lingerie&Nightwear-Women
19369,Enamor,Non wired strapless lightly padded womens every day bra - scarlet,"Size:XL,Large,Medium,Small",Nan,1249,No Discount,Lingerie&Nightwear-Women
19370,Triumph,Womens solid padded wired t-shirt bra - black,"Size:32-B,32-C,34-B,34-C,36-B,36-C",Nan,1899,No Discount,Lingerie&Nightwear-Women
19371,Enamor,Womens v- neck printed chemise - sky blue,"Size:XL,Large,Medium,Small","Rs
1599",959,40% off,Lingerie&Nightwear-Women
19372,Enamor,Full support lace bra - high coverage non-padded wired - maroon,"Size:34-Z,36-Z,38-Z,40-B,40-C,40-D,42-B,42-C,42-D,42-Z","Rs
1449",1014,30% off,Lingerie&Nightwear-Women
19373,Triumph,Wired fixed strap padded womens every day bra - rust,"Size:34-B,34-C,34-D,34-E,34-F,36-B,36-C,36-D,36-E,36-F,38-C,38-D,38-E",Nan,1999,No Discount,Lingerie&Nightwear-Women
19374,Enamor,Cotton blend womens active wear t-shirt - brown,"Size:XL,Large,Medium,Small",Nan,999,No Discount,Lingerie&Nightwear-Women
19375,Soie,Womens solid padded wired t-shirt bra - blush,"Size:32-C,34-B,34-C,36-B,36-C",Nan,840,No Discount,Lingerie&Nightwear-Women
19376,Samshek,Solid polyester square neck womens bodysuit - red,"Size:4X-Large,5X-Large,Large,Medium,Small,X-Large,X-Small,XX-Large,XX-Small,XXX-Large",Nan,1590,No Discount,Lingerie&Nightwear-Women
19377,Amante,Womens solid padded non wired sports bra - denim stonewash regular,"Size:Large,Small,X-Large","Rs
1695",1017,40% off,Lingerie&Nightwear-Women
19378,Enamor,Womens solid hipster briefs - pale peach,"Size:XL,Medium",Nan,399,No Discount,Lingerie&Nightwear-Women
19379,Triumph,Polyester blend high rise womens regular briefs - maroon,"Size:Large,Medium,Small,X-Large",Nan,699,No Discount,Lingerie&Nightwear-Women
19380,Soie,Womens solid padded wired t-shirt bra - natural,"Size:32-C,34-B,34-C,36-B,36-C",Nan,840,No Discount,Lingerie&Nightwear-Women
19381,Soie,Womens solid padded wired t-shirt bra - muted wine,"Size:32-C,34-B,34-C,36-B,36-C",Nan,840,No Discount,Lingerie&Nightwear-Women
19382,Enamor,Cotton womens active wear t-shirt - green,"Size:XL,Large,Medium,Small,XX-Large",Nan,899,No Discount,Lingerie&Nightwear-Women
19383,Groversons paris beauty,Womens full coverage padded womens full coverage everyday bra - dusty blue,"Size:30-B,32-B,34-B",Nan,531,No Discount,Lingerie&Nightwear-Women
19384,Van heusen,Skinny fit knee length cotton stretch womens night wear capri - grey melange,Size:Small,Nan,689,No Discount,Lingerie&Nightwear-Women
19385,Soie,Cotton short length womens regular fit night dress - blue,"Size:Large,Medium,Small,X-Large,XX-Large","Rs
1040",780,25% off,Lingerie&Nightwear-Women
19386,Adidas,Solid polyester regular fit womens sports bra - pink,"Size:Large,Medium,Small,X-Large,X-Small","Rs
2499",1249,50% off,Lingerie&Nightwear-Women
19387,Enamor,Multi color medium cotton mid waist panty - harvest,"Size:XL,Large,Medium,Small",Nan,509,No Discount,Lingerie&Nightwear-Women
19388,Van heusen,Non-wired fixed strap womens everyday bra - grey melange,"Size:32-B,32-C,34-B,34-C,36-B,36-C",Nan,799,No Discount,Lingerie&Nightwear-Women
19389,Van heusen,Non-wired fixed strap non padded womens everyday bra - black,"Size:30-B,32-B,32-C,34-B,34-C,34-D,36-B,36-C,36-D,38-B,38-C,38-D",Nan,1099,No Discount,Lingerie&Nightwear-Women
19390,Parfait,Wired fixed straps lightly padded womens bralette - 106_multi,"Size:32-D,32-DD,32-E,32-F,32-FF,32-G,32-H,34-D,34-DD,34-E,34-F,34-FF,34-G,34-GG,34-H,36-D,36-DD,36-E,36-F,36-FF,36-G,36-GG,36-H,38-D,38-DD,38-E,38-F,38-FF,38-G,38-GG,38-H,40-D,40-DD,40-E,40-F,40-FF,40-G,40-GG,40-H,42-D,42-DD,42-E,42-F,42-FF,42-G,44-D,44-DD,44-E,44-F,44-FF,44-G,FREE SIZE 14,FREE SIZE 15,FREE SIZE 18,FREE SIZE 19,FREE SIZE 21,FREE SIZE 22,FREE SIZE 24,FREE SIZE 25,FREE SIZE 27,FREE SIZE 28","Rs
2399",2159,10% off,Lingerie&Nightwear-Women
19391,Parfait,Solid nylon womens camisole - cherry,"Size:4X-Large,Large,Medium,X-Large,XX-Large,XXX-Large","Rs
1399",1119,20% off,Lingerie&Nightwear-Women
19392,Jockey,Women cotton hipster brief(pack of 3) - mixed darks,"Size:Large,Medium,Small,X-Large,XX-Large",Nan,498,No Discount,Lingerie&Nightwear-Women
19393,Triumph,Womens solid hipster briefs - black,"Size:Large,Medium,X-Large",Nan,599,No Discount,Lingerie&Nightwear-Women
19394,Parfait,Solid nylon womens camisole - red,"Size:4X-Large,Large,Medium,X-Large,XX-Large,XXX-Large","Rs
1399",1119,20% off,Lingerie&Nightwear-Women
19395,Van heusen,Non-wired fixed strap padded womens everyday bra - coral,"Size:30-B,32-B,32-C,34-B,34-C,34-D,36-B,36-C,36-D,38-B,38-C,38-D",Nan,879,No Discount,Lingerie&Nightwear-Women
19396,Erotissch,Cotton mid rise womens sleepwear set - raven,"Size:Large,Medium,Small,X-Large","Rs
1299",584,55% off,Lingerie&Nightwear-Women
19397,Erotissch,Polyester blend womens bodysuit - sulphur,"Size:Large,Medium,Small,X-Large","Rs
1449",652,55% off,Lingerie&Nightwear-Women
19398,Erotissch,Solid polyester v-neck womens bodysuit - old rose,"Size:Large,Medium,Small,X-Large","Rs
2990",1345,55% off,Lingerie&Nightwear-Women
19399,Erotissch,Womens red animal printed bralette top - blood,"Size:Large,Small,X-Large,X-Small","Rs
1990",796,60% off,Lingerie&Nightwear-Women
19400,Van heusen,Wired halter strap lightly padded womens every day bra - blue mix light,"Size:32-C,34-B,34-C,36-B,36-C,38-B,38-C",Nan,1299,No Discount,Lingerie&Nightwear-Women
19401,Erotissch,Satin mid rise womens shorts - mullet,"Size:Large,Medium,Small,X-Large","Rs
2499",1624,35% off,Lingerie&Nightwear-Women
19402,Jockey,Womens slub thermal pants - off white,"Size:Large,Medium,Small,X-Large",Nan,539,No Discount,Lingerie&Nightwear-Women
19403,Triumph,Non wired fixed straps non padded womens every day bra - pink,Size:40-E,Nan,999,No Discount,Lingerie&Nightwear-Women
19404,Enamor,Cotton blend womens active wear t-shirt - light blue,"Size:XL,Large,Medium,Small,X-Small,XX-Large","Rs
669",468,30% off,Lingerie&Nightwear-Women
19405,Clovia,Womens cotton rich non-padded non-wired bra - white,"Size:32-C,32-D,34-B,34-C,34-D,36-B,36-C,36-D,38-B,38-C,40-B,40-C,42-B","Rs
599",359,40% off,Lingerie&Nightwear-Women
19406,Clovia,Womens cotton rich non-padded non-wired multiway t-shirt bra - red,"Size:32-B,32-C,32-D,34-B,34-C,36-B,36-C,36-D,38-B,38-C,40-B","Rs
599",359,40% off,Lingerie&Nightwear-Women
19407,Jockey,Womens non wired non padded moulded cup firm support bra - cream,"Size:32-B,32-C,34-B,34-C,34-D,36-B,36-C,36-D,38-B,38-C,38-D",Nan,649,No Discount,Lingerie&Nightwear-Women
19408,Enamor,Cotton blend womens active wear t-shirt - bronze,"Size:XL,Large,Medium,Small,XX-Large",Nan,1299,No Discount,Lingerie&Nightwear-Women
19409,Faballey,Half sleeves casual wear womens loungewear - green,Size:Small,"Rs
1900",950,50% off,Lingerie&Nightwear-Women
19410,Soie,Womens lace padded underwired push up bra - red,Size:34-B,"Rs
1150",575,50% off,Lingerie&Nightwear-Women
19411,Soie,Womens lace padded wired push up bra - black,"Size:34-B,38-B","Rs
870",435,50% off,Lingerie&Nightwear-Women
19412,Soie,Non wired fixed straps lightly padded womens t-shirt bra - multi,"Size:34-B,34-DD,36-C,36-DD,40-C","Rs
2080",1352,35% off,Lingerie&Nightwear-Women
19413,Groversons paris beauty,Womens full coverage padded womens full coverage everyday bra - black,"Size:30-B,32-B,34-B",Nan,543,No Discount,Lingerie&Nightwear-Women
19414,Soie,Womens floral print pyjamas - white,Size:XX-Large,"Rs
740",666,10% off,Lingerie&Nightwear-Women
19415,Faballey,Full sleeves casual wear womens loungewear - pink,Size:Small,"Rs
2400",1200,50% off,Lingerie&Nightwear-Women
19416,Jockey,Womens v neck t-shirt - sea green,Size:Error Size,Nan,649,No Discount,Lingerie&Nightwear-Women
19417,Soie,Womens solid padded underwired demi cup bra - grey,"Size:30-B,34-B,38-B","Rs
870",565,35% off,Lingerie&Nightwear-Women
19418,Clovia,Womens cotton non padded wirefree demi cup bra brown - brown,"Size:32-B,32-C,34-B","Rs
599",239,60% off,Lingerie&Nightwear-Women
19419,Groversons paris beauty,Womens full coverage padded womens full coverage everyday bra - blue,"Size:34-B,36-B,38-B",Nan,675,No Discount,Lingerie&Nightwear-Women
19420,Kaftan company,Satin half sleeves midi night dress - natural,Size:Large,Nan,2999,No Discount,Lingerie&Nightwear-Women
19421,Erotissch,Pink & navy blue printed maxi nightdress - multi,Size:Medium,"Rs
4490",1796,60% off,Lingerie&Nightwear-Women
19422,Erotissch,Womens green solid bikini briefs - bottle green,Size:Small,"Rs
790",355,55% off,Lingerie&Nightwear-Women
19423,Clovia,Womens padded underwired checkered print t-shirt bra - multi,"Size:32-C,32-D,40-B","Rs
1299",519,60% off,Lingerie&Nightwear-Women
19424,Clovia,Womens non-padded non- wired bra in light blue - cotton rich - blue,"Size:32-B,32-C,34-B,34-C","Rs
599",299,50% off,Lingerie&Nightwear-Women
19425,Mystere paris,Activewear/nightwear womens shorts - grey,Size:X-Large,"Rs
599",359,40% off,Lingerie&Nightwear-Women
19426,Wacoal,Womens solid hipster briefs - black,"Size:Large,Medium,Small,X-Large",Nan,895,No Discount,Lingerie&Nightwear-Women
19427,Enamor,Low waist panty - silver grey,"Size:XL,Large,Medium,Small",Nan,449,No Discount,Lingerie&Nightwear-Women
19428,Triumph,Non-wired fixed strap padded womens every day bra - black,"Size:32-B,32-C,32-D,34-B,34-C,34-D,36-B,36-C,36-D,38-C",Nan,2499,No Discount,Lingerie&Nightwear-Women
19429,Triumph,Womens high waist shapewear shorts - brown,"Size:Large,Medium,Small,X-Large,XX-Large",Nan,2599,No Discount,Lingerie&Nightwear-Women
19430,Soie,Womens v neck printed long top - natural,"Size:Large,Medium,Small,X-Large","Rs
1150",862,25% off,Lingerie&Nightwear-Women
19431,Reebok,Solid polyester slim fit womens sports bra - grey,"Size:Large,Medium,Small,X-Large,X-Small","Rs
2799",1399,50% off,Lingerie&Nightwear-Women
19432,Amante,Womens foliage and floral printed bikini briefs pack of 3 - mixed brights,Size:Small,Nan,595,No Discount,Lingerie&Nightwear-Women
19433,Triumph,Wired fixed strap padded womens t-shirt bra - orange,"Size:32-B,32-D,34-B,34-C,34-D,34-E,36-C,36-D,36-E,38-C,38-D,38-E",Nan,1999,No Discount,Lingerie&Nightwear-Women
19434,Mystere paris,Rayon regular fit womens night wear pyjamas - blue,"Size:Large,Medium,Small,X-Large,XX-Large","Rs
899",539,40% off,Lingerie&Nightwear-Women
19435,Sweet dreams,Printed satin regular fit womens night dress - cream,Size:Medium,"Rs
1899",1709,10% off,Lingerie&Nightwear-Women
19436,Sweet dreams,Printed cotton round neck womens night dress - peach,"Size:Large,Medium,Small,X-Large","Rs
1449",1014,30% off,Lingerie&Nightwear-Women
19437,Triumph,Non wired fixed straps non padded womens every day bra - bordeaux,Size:34-C,"Rs
1699",849,50% off,Lingerie&Nightwear-Women
19438,Enamor,Cotton blend womens active wear t-shirt - salmon,"Size:XL,Large,Medium,Small",Nan,899,No Discount,Lingerie&Nightwear-Women
19439,Myshka,Printed polyester v neck womens kaftan - multi,",Medium,Small,X-Large,XX-Large","Rs
3499",874,75% off,Lingerie&Nightwear-Women
19440,Enamor,Cotton blend activewear womens track pants - charcoal,"Size:XL,Large,Medium,Small",Nan,849,No Discount,Lingerie&Nightwear-Women
19441,Enamor,Womens printed leggings - mixed pastels,"Size:XL,Medium,Small","Rs
1499",1049,30% off,Lingerie&Nightwear-Women
19442,Soie,Womens solid non wired padded push up bra - black,"Size:30-B,32-C,32-D,34-B,38-B,40-B","Rs
925",693,25% off,Lingerie&Nightwear-Women
19443,Enamor,Cotton blend womens active wear t-shirt - teal,"Size:XL,Large,Medium,Small,X-Small,XX-Large","Rs
669",468,30% off,Lingerie&Nightwear-Women
19444,Soie,Printed cotton blend womens sleep shirt - mixed brights,"Size:Large,Medium,Small,X-Large,XX-Large","Rs
1040",780,25% off,Lingerie&Nightwear-Women
19445,Enamor,Womens round neck printed asymmetrical top - mystique vintage,Size:Small,"Rs
749",524,30% off,Lingerie&Nightwear-Women
19446,Groversons paris beauty,Womens plus size cotton lycra full coverage everyday bra - black,"Size:32-B,32-C,32-D,34-B,34-C,34-D,36-B,36-C,36-D",Nan,690,No Discount,Lingerie&Nightwear-Women
19447,Jockey,Polyester spandex womens activewear track pants - weft_blue,Size:Error Size,Nan,1129,No Discount,Lingerie&Nightwear-Women
19448,Kaftan company,Printed v-neck cotton womens night dress - yellow,"Size:Large,Medium,Small,X-Large,XX-Large",Nan,1999,No Discount,Lingerie&Nightwear-Women
19449,Sweet dreams,Printed cotton blend round neck womens top capri set - blue,Size:Small,"Rs
1499",1049,30% off,Lingerie&Nightwear-Women
19450,Jockey,Women cotton bikini brief(assorted pack of 2) - mixed neutrals,"Size:Large,Medium,Small,X-Large,XX-Large",Nan,418,No Discount,Lingerie&Nightwear-Women
19451,Allen solly,Cotton regular fit womens activewear t-shirt - green,"Size:Large,Medium,Small,X-Large",Nan,799,No Discount,Lingerie&Nightwear-Women
19452,Triumph,Polyester blend high rise womens regular briefs - blue,Size:Small,Nan,599,No Discount,Lingerie&Nightwear-Women
19453,Enamor,Womens non padded non wired full coverage every day bra - off white,"Size:32-DD,34-DD,36-DD,38-DD,40-B,40-C,40-D,42-B,42-C","Rs
599",299,50% off,Lingerie&Nightwear-Women
19454,Amante,Modal regular fit womens casual camisole - natural,Size:Small,Nan,395,No Discount,Lingerie&Nightwear-Women
19455,Triumph,Fixed straps womens every day bra - pink,"Size:Large,Medium,Small,X-Large","Rs
599",359,40% off,Lingerie&Nightwear-Women
19456,Enamor,Cotton womens tunic t-shirt - baby pink,Size:Medium,"Rs
599",419,30% off,Lingerie&Nightwear-Women
19457,Parfait,Wired regular straps padded womens every day bra - natural,"Size:30-D,30-DD,32-D,32-DD,34-D,34-F,34-FF,34-G,36-D,36-E,36-F,36-FF,36-G,38-D,38-DD,38-E,38-F,38-FF,38-G,40-D,40-DD,40-E,40-F,40-FF,40-G,42-DD,42-E,42-F,42-FF,42-G,44-DD,44-E,44-F,44-FF,FRSZ","Rs
2299",2069,10% off,Lingerie&Nightwear-Women
19458,Adidas,Stripes polyester fitted womens sports bra - purple,"Size:Large,Medium,Small,X-Large","Rs
3599",2519,30% off,Lingerie&Nightwear-Women
19459,Triumph,Cotton high rise womens hipster briefs - rust,"Size:Large,Medium,Small,X-Large",Nan,799,No Discount,Lingerie&Nightwear-Women
19460,Soie,Womens printed padded t-shirt bra - multi,Size:40-B,"Rs
760",494,35% off,Lingerie&Nightwear-Women
19461,Erotissch,Black & gold printed non-wired bra - black_satin,Size:Small,"Rs
1799",809,55% off,Lingerie&Nightwear-Women
19462,Sloggi,Polyester blend womens intimate wear panties - brown,"Size:Large,Medium,Small",Nan,999,No Discount,Lingerie&Nightwear-Women
19463,Kaftan company,Printed v-neck cotton womens regular fit night dress - blue,"Size:Large,Medium,Small,X-Large,XX-Large,XXX-Large",Nan,2499,No Discount,Lingerie&Nightwear-Women
19464,Soie,Womens v-neck embroidered night dress - aqua,"Size:Large,Medium,Small,X-Large","Rs
1800",1350,25% off,Lingerie&Nightwear-Women
19465,Amante,Womens solid padded non wired t-shirt bra - light blue,"Size:Large,X-Large","Rs
1295",647,50% off,Lingerie&Nightwear-Women
19466,Mystere paris,Polka dots cotton round neck womens night suit - green,"Size:Large,Medium,Small,X-Large,XX-Large","Rs
1199",719,40% off,Lingerie&Nightwear-Women
19467,Enamor,Cotton activewear womens track pants - dark streak,"Size:XL,Large,Medium,Small",Nan,1399,No Discount,Lingerie&Nightwear-Women
19468,Enamor,Non wired strapless non padded womens every day bra - salmon,"Size:XL,Large,Medium,Small",Nan,1249,No Discount,Lingerie&Nightwear-Women
19469,Sloggi,Non wired fixed strap heavily padded womens every day bra - black,"Size:Large,Medium,Small,X-Small",Nan,2699,No Discount,Lingerie&Nightwear-Women
19470,Amante,Non wired fixed straps non padded womens every day bra - natural,"Size:34-B,34-C,36-B,36-C,38-B","Rs
895",537,40% off,Lingerie&Nightwear-Women
19471,Jockey,Womens spaghetti neck solid camisole - natural,Size:XX-Large,Nan,349,No Discount,Lingerie&Nightwear-Women
19472,Enamor,Cotton womens t-shirt - cool ice,"Size:XL,Large,Medium,Small,XX-Large",Nan,549,No Discount,Lingerie&Nightwear-Women
19473,Enamor,Womens printed non wired non padded sports bra - black,"Size:34-B,34-C,40-C,40-D","Rs
1150",575,50% off,Lingerie&Nightwear-Women
19474,Parfait,Non wired fixed straps non padded womens bralette - black,"Size:32-D,32-DD,32-E,34-D,34-DD,34-E,36-D,36-DD,36-E,38-D,38-DD,38-E","Rs
2199",1979,10% off,Lingerie&Nightwear-Women
19475,Triumph,Non wired fixed strap non padded womens beginner bra - black,"Size:34-C,34-D,34-E,36-C,36-D,36-E,38-C,38-D,38-E,40-C,40-D",Nan,1499,No Discount,Lingerie&Nightwear-Women
19476,Enamor,Low waist co-ordinate lace panty - chalk pink,"Size:Large,Medium,Small,X-Large,XX-Large",Nan,499,No Discount,Lingerie&Nightwear-Women
19477,Groversons paris beauty,Womens full coverage padded womens full coverage everyday bra - elephant,"Size:30-B,32-B,34-B",Nan,543,No Discount,Lingerie&Nightwear-Women
19478,Sweet dreams,Printed cotton blend collar neck womens sleepwear set - green,"Size:Large,Medium,Small,X-Large,XX-Large","Rs
1799",1259,30% off,Lingerie&Nightwear-Women
19479,Amante,Womens solid bikini briefs - black,"Size:Large,Medium,Small","Rs
545",299,45% off,Lingerie&Nightwear-Women
19480,Reebok,Solid polyamide slim fit womens sports bra - black,"Size:Large,Medium,X-Large,X-Small","Rs
2999",1499,50% off,Lingerie&Nightwear-Women
19481,Van heusen,Polyester regular fit womens active wear t-shirt - shell,"Size:Large,Medium,Small,X-Large",Nan,959,No Discount,Lingerie&Nightwear-Women
19482,Kaftan company,Printed viscose boat neck womens night dress - white,"Size:Large,Small,X-Large,XX-Large,XXX-Large",Nan,3299,No Discount,Lingerie&Nightwear-Women
19483,Soie,Printed viscose blend womens sleepwear set - mullet,"Size:Large,Medium,Small,X-Large,XX-Large",Nan,1890,No Discount,Lingerie&Nightwear-Women
19484,Wacoal,Womens solid hipster briefs - black,"Size:Medium,Small,X-Large",Nan,895,No Discount,Lingerie&Nightwear-Women
19485,Triumph,Womens comfort touch p lightly padded non wired bra - black,"Size:34-D,36-C","Rs
1899",949,50% off,Lingerie&Nightwear-Women
19486,Soie,Rayon regular fit womens night wear pyajamas - peach,"Size:Large,Medium,Small,X-Large,X-Small,XX-Large","Rs
740",666,10% off,Lingerie&Nightwear-Women
19487,Wacoal,Wired fixed strap non padded womens every day bra - black,"Size:32-C,32-D,32-DD,34-C,34-D,34-DD,34-E,36-C,36-D,36-DD,38-C,38-D,38-DD",Nan,3699,No Discount,Lingerie&Nightwear-Women
19488,Soie,Womens round neck striped night dress - multi,Size:Medium,"Rs
1420",710,50% off,Lingerie&Nightwear-Women
19489,Sweet dreams,Printed cotton blend round neck womens nighty - peach,Size:XX-Large,"Rs
1069",748,30% off,Lingerie&Nightwear-Women
19490,Wacoal,Womens solid hipster briefs - pink,Size:Small,Nan,495,No Discount,Lingerie&Nightwear-Women
19491,Soie,Womens padded non wired solid full coverage bra - wine,"Size:32-C,34-C,34-D,36-B,36-C,36-D,38-B,38-C,38-D","Rs
540",513,5% off,Lingerie&Nightwear-Women
19492,Enamor,Non-wired strapless non padded womens every day bra - grey melange,"Size:Medium,Small,X-Small,XX-Small",Nan,699,No Discount,Lingerie&Nightwear-Women
19493,Van heusen,Polyester regular fit womens active wear top - light mauve,"Size:Large,Medium,Small,X-Large",Nan,799,No Discount,Lingerie&Nightwear-Women
19494,Enamor,Cotton blend round neck womens active wear t-shirt - broken blue,"Size:XL,Large,Medium,Small",Nan,579,No Discount,Lingerie&Nightwear-Women
19495,Jockey,Non-wired multiway straps lightly padded womens every day bra - old rose,"Size:32-B,32-C,34-B,34-C,36-B,36-C,38-B",Nan,1049,No Discount,Lingerie&Nightwear-Women
19496,Mystere paris,Womens winter heart striped pyjama set - multi,Size:XX-Large,"Rs
1599",959,40% off,Lingerie&Nightwear-Women
19497,Enamor,Full support lace bra - high coverage non-padded wired - feather grey,"Size:34-Z,36-Z,38-Z,40-C,40-D,40-Z,42-B,42-C,42-D,42-Z","Rs
1449",869,40% off,Lingerie&Nightwear-Women
19498,Erotissch,Polyester blend womens swim set - silver cloud,"Size:Large,Medium,Small,X-Large","Rs
1449",652,55% off,Lingerie&Nightwear-Women
19499,Kaftan company,Printed v-neck cotton womens night dress - yellow,"Size:Large,Medium,X-Large,XX-Large",Nan,2299,No Discount,Lingerie&Nightwear-Women
19500,Wacoal,Nylon mid rise womens regular briefs - peach,"Size:Large,Medium",Nan,895,No Discount,Lingerie&Nightwear-Women
19501,Kaftan company,Womens yellow and peach printed maxi length kaftan - yellow,"Size:Large,Medium,Small,X-Large,XX-Large,XXX-Large",Nan,2999,No Discount,Lingerie&Nightwear-Women
19502,Soie,Soft cotton regular fit womens sleep t-shirt - yellow,"Size:Large,Medium,Small,X-Large,XX-Large","Rs
590",442,25% off,Lingerie&Nightwear-Women
19503,Enamor,Cotton blend womens active wear t-shirt - vintage indigo,"Size:XL,Large,Medium,Small",Nan,999,No Discount,Lingerie&Nightwear-Women
19504,Triumph,Non-wired fixed strap non padded womens minimiser bra - purple,"Size:1,3,2-3Y",Nan,3199,No Discount,Lingerie&Nightwear-Women
19505,Amante,Womens solid bikini briefs - butter,"Size:Large,X-Large","Rs
545",272,50% off,Lingerie&Nightwear-Women
19506,Sweet dreams,Printed cotton blend round neck womens sleepwear set - navy,"Size:Large,Medium,Small,X-Large,XX-Large","Rs
1799",1259,30% off,Lingerie&Nightwear-Women
19507,Soie,Womens padded non wired solid full coverage bra - navy,"Size:32-C,34-C,34-D,36-B,36-C,36-D,38-B,38-C,38-D","Rs
540",513,5% off,Lingerie&Nightwear-Women
19508,Sweet dreams,Printed rayon regular fit womens shorts - pink,"Size:Large,Medium,Small,X-Large","Rs
759",531,30% off,Lingerie&Nightwear-Women
19509,Amante,Womens floral print padded wired t-shirt bra - aqua,Size:36-B,"Rs
1395",558,60% off,Lingerie&Nightwear-Women
19510,Enamor,Womens solid bikini briefs - red mix,"Size:XL,Large,Medium,Small",Nan,599,No Discount,Lingerie&Nightwear-Women
19511,Kaftan company,Embroidered v-neck cotton womens night dress - grey,"Size:Large,Medium,Small,X-Large,XX-Large,XXX-Large",Nan,2499,No Discount,Lingerie&Nightwear-Women
19512,Amante,Non wired removable straps non padded womens every day bra - feather grey,"Size:32-B,32-C,32-D,34-B,34-C,36-B,36-C,36-D,38-B,38-C,38-D,40-C,40-D","Rs
695",417,40% off,Lingerie&Nightwear-Women
19513,Wacoal,Womens solid hipster briefs - chalk pink,Size:Small,Nan,495,No Discount,Lingerie&Nightwear-Women
19514,Mystere paris,Polka dots cotton regular fit womens pyjamas - yellow,"Size:Small,X-Large,XX-Large","Rs
999",599,40% off,Lingerie&Nightwear-Women
19515,Wacoal,Wired fixed straps lightly padded womens every day bra - natural,"Size:34-B,34-C,34-D,34-DD,36-B,36-C,36-D,38-B,38-C",Nan,3299,No Discount,Lingerie&Nightwear-Women
19516,Faballey,Full sleeves casual wear womens sleepwear set - white,"Size:Medium,Small,X-Small","Rs
2950",1475,50% off,Lingerie&Nightwear-Women
19517,Erotissch,Polyester blend womens sleepwear set - silver cloud,"Size:Large,Medium,Small,X-Large","Rs
1299",584,55% off,Lingerie&Nightwear-Women
19518,Sweet dreams,Solid looper stretch regular fit womens capri - grey,Size:X-Large,"Rs
839",755,10% off,Lingerie&Nightwear-Women
19519,Soie,Wired fixed straps non padded womens t-shirt bra - pink mix,"Size:32-B,32-C,34-B,36-B,38-B,40-B","Rs
980",931,5% off,Lingerie&Nightwear-Women
19520,Parfait,Wired fixed straps non padded womens every day bra - maroon,"Size:32-D,32-DD,32-E,32-F,34-D,34-DD,34-E,34-F,36-D,36-DD,36-E,38-D,38-DD,38-E,38-F,40-D,40-DD,40-E,40-F","Rs
2299",2069,10% off,Lingerie&Nightwear-Women
19521,Jockey,Women cotton hipster brief(pack of 3) - mixed neutrals,"Size:Large,Medium,Small,X-Large,XX-Large",Nan,498,No Discount,Lingerie&Nightwear-Women
19522,Erotissch,Cotton mid rise womens sleepwear set - olive,"Size:Large,Medium,Small,X-Large","Rs
1299",584,55% off,Lingerie&Nightwear-Women
19523,Erotissch,Printed rayon regular womens sleepwear set - beach,"Size:Medium,Small,X-Large,XX-Large","Rs
2649",1721,35% off,Lingerie&Nightwear-Women
19524,Erotissch,Nylon low rise womens thongs - mixed brights,Size:Large,"Rs
1599",719,55% off,Lingerie&Nightwear-Women
19525,Van heusen,Non wired racerback straps lightly padded womens every day bra - wine,"Size:Large,Medium,Small,X-Large",Nan,729,No Discount,Lingerie&Nightwear-Women
19526,Adidas,Printed polyester regular fit womens sports bra - black,"Size:Small,X-Large,X-Small","Rs
2499",1749,30% off,Lingerie&Nightwear-Women
19527,Clovia,Womens cotton rich non-padded non-wired bra with lace - natural,"Size:32-B,32-C,34-B,34-C","Rs
599",239,60% off,Lingerie&Nightwear-Women
19528,Clovia,Womens cotton mid waist hipster panty with lace insert - blue,"Size:Large,Medium,Small,X-Large,XX-Large,XXX-Large","Rs
499",299,40% off,Lingerie&Nightwear-Women
19529,Clovia,Womens cotton rich non-padded non-wired bra - green,"Size:32-B,32-C","Rs
599",239,60% off,Lingerie&Nightwear-Women
19530,Clovia,Womens cotton rich non-padded non-wired striped bra - orange,"Size:32-B,32-C","Rs
599",239,60% off,Lingerie&Nightwear-Women
19531,Clovia,Womens non-padded non-wired bra - blue,"Size:32-B,32-C","Rs
599",239,60% off,Lingerie&Nightwear-Women
19532,Clovia,Womens cotton non-padded non-wired printed full cup bra - white,"Size:32-B,32-C,32-D,34-B,34-C","Rs
599",239,60% off,Lingerie&Nightwear-Women
19533,Soie,Womens v neck solid top and pants set - plum,"Size:Large,Medium,Small","Rs
2140",1070,50% off,Lingerie&Nightwear-Women
19534,Enamor,Womens printed hipster briefs - cherry,"Size:XL,Large,Medium,XX-Large",Nan,449,No Discount,Lingerie&Nightwear-Women
19535,Soie,Womens round neck solid top and pyjamas set - black,Size:X-Large,"Rs
2050",1537,25% off,Lingerie&Nightwear-Women
19536,Soie,Womens lace hipster briefs - chocolate,"Size:Large,Medium,Small","Rs
540",270,50% off,Lingerie&Nightwear-Women
19537,Van heusen,Wired halter strap lightly padded womens every day bra - silver grey,"Size:32-C,34-B,34-C,36-B,36-C,38-B,38-C",Nan,1299,No Discount,Lingerie&Nightwear-Women
19538,Enamor,Low waist cotton panty - harvest,"Size:XL,Large,Medium,Small",Nan,509,No Discount,Lingerie&Nightwear-Women
19539,Enamor,Low impact cotton sports bra - non-padded wirefree - white,"Size:Large,Medium,X-Small",Nan,675,No Discount,Lingerie&Nightwear-Women
19540,Soie,Womens round neck solid top and shorts set - wine,"Size:Large,Medium,Small","Rs
1040",520,50% off,Lingerie&Nightwear-Women
19541,Enamor,Full support lace bra - high coverage non-padded wirefree - black,"Size:34-Z,36-Z,38-Z",Nan,1449,No Discount,Lingerie&Nightwear-Women
19542,Enamor,Womens solid hipster briefs - baby pink,Size:Small,"Rs
399",279,30% off,Lingerie&Nightwear-Women
19543,Enamor,Full support cotton bra - x-frame high coverage non-padded wirefree - dusty peach,"Size:34-Z,36-Z,38-Z,40-C,40-D,40-Z,42-C",Nan,879,No Discount,Lingerie&Nightwear-Women
19544,Clovia,Womens full coverage - maroon,"Size:32-B,32-C,34-B,34-C,36-B,36-C,38-B,38-C,40-B","Rs
599",359,40% off,Lingerie&Nightwear-Women
19545,Van heusen,Cotton womens high coverage camisole - natural,Size:X-Large,Nan,319,No Discount,Lingerie&Nightwear-Women
19546,Parfait,Solid nylon womens camisole - green,"Size:32-D,32-DD,32-E,32-F,32-FF,34-DD,34-E,34-F,36-D,36-DD,36-E,36-F,36-FF,38-DD,38-E,38-F,38-FF,40-DD,40-E,40-F","Rs
2999",2399,20% off,Lingerie&Nightwear-Women
19547,Groversons paris beauty,Womens full coverage padded womens full coverage everyday bra - grey,"Size:30-B,32-B,34-B",Nan,543,No Discount,Lingerie&Nightwear-Women
19548,Triumph,Polyester shape and support lace tai womens briefs - terracotta,"Size:Medium,Small,X-Large","Rs
799",399,50% off,Lingerie&Nightwear-Women
19549,Parfait,Wired regular straps padded womens every day bra - natural,"Size:36-F,36-FF,36-G,36-H,38-F,38-FF,38-G,38-H,40-F,40-FF,40-G,40-H,42-E,42-F,42-FF,42-G,44-E,FREE SIZE 17","Rs
2299",2069,10% off,Lingerie&Nightwear-Women
19550,Van heusen,Cotton slim fit womens athleisure t-shirt - cherry,"Size:Medium,Small",Nan,499,No Discount,Lingerie&Nightwear-Women
19551,Van heusen,Non wired multiway straps non padded womens every day bra - blue,"Size:30-B,32-B,32-C,34-B,34-C,34-D,36-B,36-C,36-D,38-C",Nan,499,No Discount,Lingerie&Nightwear-Women
19552,Groversons paris beauty,Womens full coverage padded womens full coverage everyday bra - coral,"Size:34-B,36-B,38-B",Nan,630,No Discount,Lingerie&Nightwear-Women
19553,Erotissch,Yellow self striped non-wired non padded everyday bra - banana,"Size:Large,X-Large","Rs
1390",625,55% off,Lingerie&Nightwear-Women
19554,Triumph,Womens palm t-shirt bra - grey,"Size:32-D,38-D","Rs
1799",899,50% off,Lingerie&Nightwear-Women
19555,Amante,Womens solid medium coverage bra - blue mix dark,"Size:32-D,38-B,38-C,38-D,40-C,40-D","Rs
1295",518,60% off,Lingerie&Nightwear-Women
19556,Kaftan company,Printed viscose v neck womens night dress - black,"Size:Large,Medium,Small",Nan,2899,No Discount,Lingerie&Nightwear-Women
19557,Triumph,Wired fixed strap padded womens t-shirt bra - orange,"Size:34-C,36-C",Nan,2299,No Discount,Lingerie&Nightwear-Women
19558,Amante,Womens non padded non wired full coverage bra - natural,"Size:32-B,32-C,34-B,36-B,36-C,36-D,38-B","Rs
645",451,30% off,Lingerie&Nightwear-Women
19559,Sweet dreams,Printed cotton blend regular fit womens sleepwear set - rose,"Size:Medium,Small","Rs
1499",899,40% off,Lingerie&Nightwear-Women
19560,Mystere paris,Cactus print cotton regular fit womens sleep set - maroon,"Size:Medium,Small","Rs
1299",779,40% off,Lingerie&Nightwear-Women
19561,Clovia,Womens padded underwired level 1 push up balconette bra in light pink - lace - pink,Size:36-B,"Rs
1499",599,60% off,Lingerie&Nightwear-Women
19562,Clovia,Womens cotton rich non-padded non-wired bra - grey,"Size:32-B,32-C,34-B,34-C","Rs
599",239,60% off,Lingerie&Nightwear-Women
19563,Clovia,Womens cotton non-padded non-wired animal print bra - pink,"Size:32-B,32-C,32-D,34-C","Rs
599",239,60% off,Lingerie&Nightwear-Women
19564,Wacoal,Womens solid hipster briefs - black,"Size:Large,Medium,Small,X-Large",Nan,695,No Discount,Lingerie&Nightwear-Women
19565,Enamor,Cotton blend fleece womens hipster panties - plum,"Size:XL,Large,Medium,Small,XX-Large",Nan,449,No Discount,Lingerie&Nightwear-Women
19566,Sweet dreams,Printed cotton round neck womens top capri set - mango,"Size:Large,Medium,Small,X-Large,XX-Large,XXX-Large","Rs
1299",909,30% off,Lingerie&Nightwear-Women
19567,Enamor,Womens solid padded non wired full coverage bra - navy,"Size:32-B,32-D,38-B","Rs
459",229,50% off,Lingerie&Nightwear-Women
19568,Enamor,Womens solid non padded non wired t-shirt bra - grape,"Size:32-B,32-D,36-D","Rs
749",374,50% off,Lingerie&Nightwear-Women
19569,Triumph,Solid viscose v-neck womens sleepwear set - grey,"Size:38,40,42",Nan,3499,No Discount,Lingerie&Nightwear-Women
19570,Wacoal,Wired fixed straps lightly padded womens every day bra - sand,"Size:34-C,36-E,38-DD,40-D,40-DD,40-E,42-D","Rs
3495",1747,50% off,Lingerie&Nightwear-Women
19571,Soie,Womens printed pyjamas - indigo,"Size:Large,Medium","Rs
980",637,35% off,Lingerie&Nightwear-Women
19572,Enamor,Cotton blend round neck womens active wear t-shirt - denimex,"Size:XL,Large,Medium",Nan,599,No Discount,Lingerie&Nightwear-Women
19573,Enamor,Non wired strapless non padded womens every day bra - pistachio,"Size:XL,Large,Medium,Small",Nan,1249,No Discount,Lingerie&Nightwear-Women
19574,Crimsoune club,Printed cotton regular fit womens night suit - pink,"Size:Large,Medium,Small,X-Large","Rs
2299",1609,30% off,Lingerie&Nightwear-Women
19575,Erotissch,Printed rayon regular womens sleepwear set - cool ice,"Size:Large,Medium,Small,X-Large,XX-Large","Rs
2999",1949,35% off,Lingerie&Nightwear-Women
19576,Van heusen,Non wired multiway straps heavily padded womens every day bra - off white,"Size:30-B,32-B,34-D,36-C,36-D,38-B,38-C,38-D",Nan,949,No Discount,Lingerie&Nightwear-Women
19577,Wacoal,Non wired fixed strap lightly padded womens every day bra - natural,"Size:32-A,32-B,32-C,32-D,34-A,34-B,34-C,34-D,36-A,36-B,36-C","Rs
2295",1836,20% off,Lingerie&Nightwear-Women
19578,Enamor,Cotton blend round neck womens active wear t-shirt - bronze,"Size:XL,Large,Medium,Small",Nan,1249,No Discount,Lingerie&Nightwear-Women
19579,Sweet dreams,Solid blended slim fit womens shorts - navy,"Size:Large,Medium,Small,X-Large,XX-Large","Rs
1269",888,30% off,Lingerie&Nightwear-Women
19580,Wacoal,Wired fixed straps lightly padded womens every day bra - black,"Size:34-B,34-C,34-D,34-DD,36-B,36-C,36-D,38-B,38-C",Nan,3299,No Discount,Lingerie&Nightwear-Women
19581,Triumph,Polyester blend high rise womens regular briefs - brown,"Size:Large,Medium,Small,X-Large",Nan,699,No Discount,Lingerie&Nightwear-Women
19582,Triumph,Wired fixed strap padded womens every day bra - blue,"Size:32-B,32-C,32-D,34-B,34-C,34-D,36-B,36-C,36-D,38-C,38-D",Nan,1899,No Discount,Lingerie&Nightwear-Women
19583,Soie,Womens solid non padded non wired sports bra - grey,"Size:Medium,X-Large","Rs
600",300,50% off,Lingerie&Nightwear-Women
19584,Van heusen,Wired multiway straps lightly padded womens every day bra - maroon,"Size:32-B,32-C,32-D,32-DD,34-B,34-C,34-D,34-DD,36-B,36-C,36-D,36-DD,38-B,38-C,38-D",Nan,1499,No Discount,Lingerie&Nightwear-Women
19585,Kaftan company,Printed viscose v neck womens night dress - blue,"Size:Large,Medium,Small,X-Large,XX-Large,XXX-Large",Nan,3299,No Discount,Lingerie&Nightwear-Women
19586,Amante,Womens solid non padded non wired full coverage bra - black,"Size:34-B,34-C,34-D,36-B,36-C,36-D,38-B,38-C,38-D","Rs
695",556,20% off,Lingerie&Nightwear-Women
19587,Sweet dreams,Printed cotton blend round neck womens sleepwear set - pink,"Size:Large,Medium,Small,X-Large,XX-Large","Rs
1799",1259,30% off,Lingerie&Nightwear-Women
19588,Amante,Cotton blend intimatewear womens t-shirt bra - natural,Size:40-DD,Nan,1295,No Discount,Lingerie&Nightwear-Women
19589,Enamor,Womens athleisure slim jogs - denim black,"Size:Small,XX-Large",Nan,1049,No Discount,Lingerie&Nightwear-Women
19590,Kaftan company,Womens laced up geometry loungewear kaftan with slip - maroon,"Size:Large,Medium,Small,X-Large,XX-Large,XXX-Large",Nan,2899,No Discount,Lingerie&Nightwear-Women
19591,Wacoal,Womens solid hipster briefs - natural,"Size:Large,Medium,Small,X-Large",Nan,895,No Discount,Lingerie&Nightwear-Women
19592,Van heusen,Wired halter strap lightly padded womens every day bra - pink,"Size:30-B,30-C,32-B,32-C,34-B,34-C,36-B",Nan,1299,No Discount,Lingerie&Nightwear-Women
19593,Jockey,Cotton elastane womens t-shirt - blue melange,Size:Error Size,Nan,549,No Discount,Lingerie&Nightwear-Women
19594,Kaftan company,Printed viscose round neck womens night dress - black,"Size:Large,Medium,Small,X-Large,XX-Large,XXX-Large",Nan,3299,No Discount,Lingerie&Nightwear-Women
19595,Triumph,Wired fixed strap padded womens every day bra - black,"Size:34-B,34-C,34-D,34-E,34-F,36-B,36-C,36-D,36-E,36-F,38-C,38-D,38-E",Nan,1999,No Discount,Lingerie&Nightwear-Women
19596,Enamor,Womens solid padded wired t-shirt bra - white,Size:36-C,"Rs
699",349,50% off,Lingerie&Nightwear-Women
19597,Triumph,Womens 4d fit smart lightly padded non wired bra - black,"Size:Large,Medium,Small","Rs
3199",1599,50% off,Lingerie&Nightwear-Women
19598,Enamor,Non-wired fixed strap non padded womens minimiser bra - white,"Size:34-C,34-D,34-Z,36-B,36-C,36-D,36-Z,38-B,38-C,38-D,38-Z",Nan,1549,No Discount,Lingerie&Nightwear-Women
19599,Erotissch,Printed rayon regular womens sleepwear set - corel black,"Size:Large,Medium,Small,X-Large,XX-Large","Rs
2999",1949,35% off,Lingerie&Nightwear-Women
19600,Wacoal,Womens solid hipster briefs - natural,"Size:Large,Medium,Small,X-Large",Nan,695,No Discount,Lingerie&Nightwear-Women
19601,Soie,Cotton short length womens regular fit night dress - yellow mix,"Size:Large,Medium,Small,X-Large,XX-Large","Rs
1040",780,25% off,Lingerie&Nightwear-Women
19602,Soie,Womens solid padded wired t-shirt bra - brown,"Size:32-B,34-C,36-C,38-C","Rs
990",891,10% off,Lingerie&Nightwear-Women
19603,Amante,Non-wired regular strap padded womens t-shirt bra - almond,Size:38-B,Nan,895,No Discount,Lingerie&Nightwear-Women
19604,Van heusen,Polyester regular fit womens active wear t-shirt - dark slate,"Size:Large,Medium,Small,X-Large",Nan,919,No Discount,Lingerie&Nightwear-Women
19605,Wacoal,Wired fixed strap padded womens every day bra - brown,"Size:32-B,32-C,32-D,34-B,34-C,34-D,34-DD,36-B,36-C,36-D,36-DD,38-B,38-C","Rs
1695",1356,20% off,Lingerie&Nightwear-Women
19606,Triumph,Non wired fixed strap non padded womens maternity bra - white,"Size:34-B,34-C,34-D,34-E,36-B,36-C,36-D,36-E,38-B,38-C,38-D,38-E,40-C,40-D",Nan,1049,No Discount,Lingerie&Nightwear-Women
19607,Erotissch,Solid satin cowl neck womens regular fit nightie - pearl,"Size:Large,Medium,Small,X-Large","Rs
1699",849,50% off,Lingerie&Nightwear-Women
19608,Soie,Non-wired fixed strap non padded womens minimiser bra - natural,"Size:32-C,32-D,34-B,34-C,34-D,34-DD,34-F,36-B,36-C,36-D,36-DD,36-E,36-F,38-B,38-C,38-D,38-DD,38-E,38-F,40-B,40-C,40-DD,40-E,42-C,42-D,42-E",Nan,1040,No Discount,Lingerie&Nightwear-Women
19609,Enamor,Solid cotton relaxed fit womens shorts - blue,"Size:XL,Large,Medium,Small,XX-Large",Nan,849,No Discount,Lingerie&Nightwear-Women
19610,Wacoal,Non-wired fixed strap non padded womens every day bra - black,"Size:32-B,32-C,32-D,32-DD,34-A,34-B,34-C,34-D,34-DD,36-B,36-C,36-D,38-C",Nan,2999,No Discount,Lingerie&Nightwear-Women
19611,Enamor,Cotton blend round neck womens active wear t-shirt - jet,"Size:XL,Large,Medium,Small",Nan,1249,No Discount,Lingerie&Nightwear-Women
19612,Enamor,Non-wired removable strap padded womens everyday bra - grey,"Size:32-B,32-C,32-D,34-B,34-C,34-D,36-B,36-C,36-D,38-C",Nan,1149,No Discount,Lingerie&Nightwear-Women
19613,Wacoal,Womens solid hipster briefs - pink,Size:Large,Nan,495,No Discount,Lingerie&Nightwear-Women
19614,Wacoal,Womens solid bikini briefs - natural,Size:X-Large,Nan,395,No Discount,Lingerie&Nightwear-Women
19615,Triumph,Non wired multiway strap lightly padded womens beginner bra - off white,"Size:32-C,34-C,36-C",Nan,899,No Discount,Lingerie&Nightwear-Women
19616,Sweet dreams,Printed cotton regular fit womens top and pyjama set - salmon,"Size:Large,Medium,Small,X-Large,XX-Large","Rs
1899",1329,30% off,Lingerie&Nightwear-Women
19617,Enamor,Womens lace bikini briefs - mystique vintage,"Size:XL,Large,Medium","Rs
849",594,30% off,Lingerie&Nightwear-Women
19618,Triumph,Polyamide high waist tummy and thigh control maximum support womens shapewear - black,"Size:Large,Medium,Small,X-Large",Nan,2599,No Discount,Lingerie&Nightwear-Women
19619,Jockey,Womens printed leggings - wine,Size:Error Size,Nan,1129,No Discount,Lingerie&Nightwear-Women
19620,Jockey,Womens round neck slub t-shirt - pink,Size:Error Size,Nan,439,No Discount,Lingerie&Nightwear-Women
19621,Parfait,Wired strapless lightly padded womens every day bra - black,"Size:32-D,32-DD,32-E,32-F,32-FF,32-G,34-D,34-DD,34-E,34-F,34-FF,34-G,36-D,36-DD,36-E,36-F,36-FF,36-G,38-D,38-DD,38-E,38-F,38-FF,38-G,40-D,40-DD,40-E,40-F,40-FF,40-G","Rs
2499",2249,10% off,Lingerie&Nightwear-Women
19622,Parfait,Wired fixed straps lightly padded womens t-shirt bra - natural,"Size:32-D,32-DD,32-F,32-FF,32-G,34-D,34-DD,34-E,34-F,34-FF,34-G,36-D,36-DD,36-E,36-F,36-FF,36-G,38-D,38-DD,38-E,38-F,38-FF,38-G,40-DD,40-E,40-F,40-FF,40-G,42-D,42-DD,42-E,42-F,42-FF,42-G,44-D,44-DD,44-E,44-F,44-FF,44-G","Rs
2199",1979,10% off,Lingerie&Nightwear-Women
19623,Parfait,Wired fixed straps non padded womens every day bra - black,"Size:32-D,32-DD,32-E,32-F,34-D,34-DD,34-E,34-F,36-D,36-DD,36-E,38-D,38-DD,38-E,38-F,40-D,40-DD,40-E,40-F","Rs
2299",2069,10% off,Lingerie&Nightwear-Women
19624,Parfait,Non wired fixed straps lightly padded womens bralette - white,"Size:32-D,32-DD,32-E,32-F,34-D,34-DD,34-E,34-F,36-D,36-DD,36-E,36-F,38-D,38-DD,38-E,38-F,40-D,40-DD,40-E,40-F","Rs
2299",2069,10% off,Lingerie&Nightwear-Women
19625,Parfait,Wired fixed straps lightly padded womens every day bra - black,"Size:32-D,32-DD,32-E,32-F,32-FF,32-G,34-D,34-DD,34-E,34-F,34-FF,34-G,36-D,36-DD,36-E,36-F,36-FF,36-G,38-D,38-DD,38-E,38-F,38-FF,38-G,40-DD,40-E,40-F,40-FF,40-G,42-DD,42-E,42-F,42-FF,42-G,44-D,44-DD,44-E,44-F,44-FF,44-G","Rs
2299",2069,10% off,Lingerie&Nightwear-Women
19626,Parfait,Solid nylon womens camisole - multi,"Size:4X-Large,Large,Medium,X-Large,XX-Large,XXX-Large","Rs
2399",1919,20% off,Lingerie&Nightwear-Women
19627,Parfait,Wired fixed straps non padded womens every day bra - natural,"Size:32-D,32-DD,32-E,32-F,34-D,34-DD,34-E,34-F,36-E,36-F,38-D,38-DD,38-E,38-F,40-E,40-F","Rs
2099",1889,10% off,Lingerie&Nightwear-Women
19628,Triumph,Non wired strapless heavily padded womens every day bra - orange,"Size:32-C,34-B,34-C,34-D,36-C,36-D,38-C","Rs
2499",1499,40% off,Lingerie&Nightwear-Women
19629,Mystere paris,Printed cotton regular fit womens shorts - red,"Size:Large,Medium,Small,X-Large,XX-Large","Rs
599",359,40% off,Lingerie&Nightwear-Women
19630,Erotissch,Polyester blend womens bodysuit - mixed neutrals,"Size:Large,Medium,Small,X-Large","Rs
1449",652,55% off,Lingerie&Nightwear-Women
19631,Erotissch,Polyester blend womens bodysuit - flash,"Size:Large,Medium,Small,X-Large","Rs
1449",652,55% off,Lingerie&Nightwear-Women
19632,Mystere paris,Polka dot knit cotton womens maternity dress - black,"Size:Large,Medium,X-Large,XX-Large","Rs
1299",779,40% off,Lingerie&Nightwear-Women
19633,Erotissch,Polyester blend womens swim set - silver cloud,"Size:Large,Medium,Small,X-Large","Rs
2799",1819,35% off,Lingerie&Nightwear-Women
19634,Erotissch,Cotton mid rise womens sleepwear set - mauve,"Size:Large,Medium,Small,X-Large","Rs
1299",584,55% off,Lingerie&Nightwear-Women
19635,Miss chase,Printed cotton regular fit womens pyjama - black,"Size:Large,Medium,Small,X-Large,X-Small,XX-Large",Nan,1499,No Discount,Lingerie&Nightwear-Women
19636,Kaftan company,Printed round neck cotton womens regular fit night dress - white,"Size:Medium,Small",Nan,1699,No Discount,Lingerie&Nightwear-Women
19637,Faballey,Short sleeves casual wear womens sleepwear set - multi,Size:Small,"Rs
2200",1100,50% off,Lingerie&Nightwear-Women
19638,Amante,Womens solid padded non wired t-shirt bra - mulberry,"Size:32-D,36-B,36-D","Rs
1495",747,50% off,Lingerie&Nightwear-Women
19639,Amante,Womens solid seamless boy leg briefs - natural,"Size:Large,Small",Nan,595,No Discount,Lingerie&Nightwear-Women
19640,Triumph,Womens nylon blend non padded minimiser bra - bordeaux,Size:40-C,"Rs
1499",749,50% off,Lingerie&Nightwear-Women
19641,Amante,Womens lace bikini briefs - rose,Size:X-Large,"Rs
445",311,30% off,Lingerie&Nightwear-Women
19642,Amante,Solid modal womens camisole - black,"Size:Large,X-Large",Nan,445,No Discount,Lingerie&Nightwear-Women
19643,Van heusen,Cotton stretch regular fit womens night wear camisole - black,"Size:Small,X-Large",Nan,549,No Discount,Lingerie&Nightwear-Women
19644,Enamor,Cotton activewear womens track pants - grey cast,"Size:XL,Large,Small","Rs
899",629,30% off,Lingerie&Nightwear-Women
19645,Enamor,Womens non padded non wired full coverage every day bra - steel,"Size:32-B,36-B","Rs
699",349,50% off,Lingerie&Nightwear-Women
19646,Erotissch,Solid satin womens mid thigh night dress - candy,"Size:Large,Medium,Small,X-Large","Rs
1999",899,55% off,Lingerie&Nightwear-Women
19647,Amante,Cotton womens saree shapewear - black,"Size:Large,Medium",Nan,1295,No Discount,Lingerie&Nightwear-Women
19648,Enamor,Womens s/s twist detail boat neck tee with mindful graphic print - aubergine,"Size:XL,Large,Medium,Small,X-Small,XX-Large","Rs
499",349,30% off,Lingerie&Nightwear-Women
19649,Erotissch,Floral crepe v-neck womens regular fit kaftan set - blasted navy,"Size:Large,Small","Rs
2500",1625,35% off,Lingerie&Nightwear-Women
19650,Van heusen,Non wired multiway straps heavily padded womens every day bra - coral,"Size:30-B,32-B,32-C,34-B,34-C,34-D,36-B,36-C,36-D,38-B,38-C,38-D",Nan,749,No Discount,Lingerie&Nightwear-Women
19651,Amante,Blended intimatewear womens bikini briefs - mixed neutrals,"Size:Large,Small,X-Large",Nan,895,No Discount,Lingerie&Nightwear-Women
19652,Amante,Womens solid hipster briefs - pack of 3 - fawn,"Size:Small,X-Large",Nan,595,No Discount,Lingerie&Nightwear-Women
19653,Mystere paris,Night wear womens night dress - white,"Size:Medium,Small","Rs
1299",779,40% off,Lingerie&Nightwear-Women
19654,Kaftan company,Cotton half sleeves maxi night dress - red,"Size:Medium,Small,XX-Large",Nan,2499,No Discount,Lingerie&Nightwear-Women
19655,Clovia,Womens saree shapewear with drawstring - blue,Size:Small,"Rs
1999",799,60% off,Lingerie&Nightwear-Women
19656,Soie,Womens non wired non padded solid full coverage bra - coffee,"Size:32-B,32-C,34-B,38-B,38-C,38-D,40-B,40-C","Rs
590",501,15% off,Lingerie&Nightwear-Women
19657,Amante,Womens printed padded non wired t-shirt bra - black,"Size:32-D,38-D","Rs
1195",717,40% off,Lingerie&Nightwear-Women
19658,Soie,Womens solid padded wired t-shirt bra - moss green,"Size:32-B,34-C,36-C,38-C","Rs
990",891,10% off,Lingerie&Nightwear-Women
19659,Soie,Womens 2 pocket printed pyjamas - multi,"Size:Large,Medium,XX-Large","Rs
1130",678,40% off,Lingerie&Nightwear-Women
19660,Soie,Non wired fixed straps non padded womens beginner bra - multi,"Size:Large,Medium,XX-Large","Rs
880",792,10% off,Lingerie&Nightwear-Women
19661,Amante,Women solid hipster brief pack of 3 - cranberry,Size:Small,Nan,595,No Discount,Lingerie&Nightwear-Women
19662,Erotissch,Geometric crepe v-neck womens regular fit kaftan set - bistro,"Size:Large,Medium,Small,X-Large,X-Small","Rs
2999",2099,30% off,Lingerie&Nightwear-Women
19663,Erotissch,Cotton mid rise womens sleepwear set - gold,"Size:Large,Medium,Small,X-Large","Rs
1299",584,55% off,Lingerie&Nightwear-Women
19664,Amante,Womens solid padded non wired t-shirt bra - pink mix,"Size:32-B,32-C,32-D,34-B,34-C,34-D,36-B,36-C,36-D,38-C,38-D,40-C,40-D","Rs
1045",731,30% off,Lingerie&Nightwear-Women
19665,Soie,Cotton womens intimatewear panty - multi,"Size:Large,Medium,Small,X-Large,XX-Large","Rs
910",773,15% off,Lingerie&Nightwear-Women
19666,Mystere paris,Polka dots cotton regular fit womens pyjamas - green,"Size:Small,X-Large,XX-Large","Rs
999",599,40% off,Lingerie&Nightwear-Women
19667,Wacoal,Womens solid hipster briefs - pack of 3 - pink,"Size:Medium,Small",Nan,1495,No Discount,Lingerie&Nightwear-Women
19668,Enamor,Cotton blend activewear womens track pants - grey,"Size:XL,Large,Medium,Small",Nan,849,No Discount,Lingerie&Nightwear-Women
19669,Soie,Womens padded non wired sports bra - black,Size:40-C,"Rs
890",845,5% off,Lingerie&Nightwear-Women
19670,Amante,Modal regular fit womens casual camisole - natural,"Size:Small,X-Large",Nan,395,No Discount,Lingerie&Nightwear-Women
19671,Soie,Womens printed shorts - multi,"Size:Medium,Small","Rs
760",380,50% off,Lingerie&Nightwear-Women
19672,Erotissch,Black striped semi-sheer nightdress - black_satin,"Size:Large,Medium,Small,X-Large","Rs
3690",1476,60% off,Lingerie&Nightwear-Women
19673,Enamor,Womens solid non wired padded t-shirt bra - buff,"Size:XL,Large,Medium,Small",Nan,1399,No Discount,Lingerie&Nightwear-Women
19674,Soie,Cotton short length womens regular fit night dress - grey,"Size:Large,Medium,Small,X-Large,XX-Large","Rs
640",480,25% off,Lingerie&Nightwear-Women
19675,Sloggi,Polyester blend womens intimate wear panties - red,"Size:Large,Medium,Small,X-Small",Nan,999,No Discount,Lingerie&Nightwear-Women
19676,Sloggi,Cotton womens intimate wear panties - blue,Size:Medium,Nan,1299,No Discount,Lingerie&Nightwear-Women
19677,Triumph,Polyester blend high rise womens hipster briefs - orange,"Size:Large,Medium,Small,X-Large",Nan,699,No Discount,Lingerie&Nightwear-Women
19678,Kaftan company,Womens blue ombrey printed kneelength kaftan - blue,Size:Medium,Nan,2499,No Discount,Lingerie&Nightwear-Women
19679,Kaftan company,Printed v-neck viscose womens regular fit night dress - white,"Size:Large,Medium,Small,X-Large,XX-Large",Nan,1699,No Discount,Lingerie&Nightwear-Women
19680,Erotissch,Printed rayon regular womens sleepwear set - chalk pink,"Size:Large,Medium,Small,X-Large,XX-Large","Rs
2999",1949,35% off,Lingerie&Nightwear-Women
19681,Jockey,Womens round neck slub thermal vest - off white,"Size:Large,Medium,Small",Nan,419,No Discount,Lingerie&Nightwear-Women
19682,Jockey,Womens solid padded non wired sports bra - white,"Size:Large,Medium,Small,X-Large",Nan,679,No Discount,Lingerie&Nightwear-Women
19683,Kaftan company,Womens blue ombrey loungewear kaftan - blue,"Size:Medium,Small,XX-Large",Nan,2899,No Discount,Lingerie&Nightwear-Women
19684,Sweet dreams,Printed cotton regular fit womens nightsuit - green,"Size:Small,X-Large","Rs
1549",1084,30% off,Lingerie&Nightwear-Women
19685,Enamor,Hi-waist thigh slimmer - buff,"Size:XL,Large,Medium,XX-Large",Nan,2099,No Discount,Lingerie&Nightwear-Women
19686,Wacoal,Womens solid hipster briefs - pack of 3 - black mix,"Size:Medium,Small",Nan,1495,No Discount,Lingerie&Nightwear-Women
19687,Jockey,Lightly padded womens bra - weft_blue,Size:Error Size,Nan,1499,No Discount,Lingerie&Nightwear-Women
19688,Enamor,Womens solid hipster briefs - charcoal,"Size:XL,Small",Nan,399,No Discount,Lingerie&Nightwear-Women
19689,Enamor,Womens lace underwired padded plunge bra - raspberry,"Size:34-C,36-C","Rs
1299",649,50% off,Lingerie&Nightwear-Women
19690,Triumph,Wired fixed straps heavily padded womens every day bra - black,"Size:32-D,34-E,34-F,36-E,36-F,38-E,38-F","Rs
1699",849,50% off,Lingerie&Nightwear-Women
19691,Soie,Womens non padded non wired lace bra - maroon,"Size:32-D,34-C,36-B",Nan,1130,No Discount,Lingerie&Nightwear-Women
19692,Adidas,Printed polyester fitted womens sports bra - purple,"Size:Large,Medium,Small,X-Large","Rs
2699",1889,30% off,Lingerie&Nightwear-Women
19693,Enamor,Cotton womens activewear t-shirt - cane,"Size:XL,Large,Medium,Small",Nan,749,No Discount,Lingerie&Nightwear-Women
19694,Wacoal,Wired fixed straps lightly padded womens every day bra - brown,"Size:34-C,36-E,38-DD,40-D,40-DD,40-E,42-D","Rs
3495",1747,50% off,Lingerie&Nightwear-Women
19695,Amante,Womens solid hipster briefs - pack of 3 - sand,"Size:Small,X-Large",Nan,595,No Discount,Lingerie&Nightwear-Women
19696,Van heusen,Cotton mid rise womens hipster panties - multi,"Size:Large,Medium,Small,X-Large,XX-Large",Nan,449,No Discount,Lingerie&Nightwear-Women
19697,Wacoal,Womens solid hipster briefs - natural,Size:Large,Nan,495,No Discount,Lingerie&Nightwear-Women
19698,Erotissch,Magenta & red satin finish colour-blocked sleep shirt - multi,"Size:Large,Medium,Small,X-Large","Rs
3390",1356,60% off,Lingerie&Nightwear-Women
19699,Triumph,Polyester blend intimate wear womens camisole - natural,Size:1,Nan,999,No Discount,Lingerie&Nightwear-Women
19700,Enamor,Womens striped leggings - denim black enzyme,"Size:Large,Medium","Rs
899",629,30% off,Lingerie&Nightwear-Women
19701,Mystere paris,Night wear womens night dress - pink,Size:Medium,"Rs
799",479,40% off,Lingerie&Nightwear-Women
19702,Amante,Womens printed medium coverage bra - white,Size:32-D,"Rs
1045",627,40% off,Lingerie&Nightwear-Women
19703,Faballey,Short sleeves casual wear womens sleepwear set - white,"Size:Medium,Small,X-Small","Rs
2200",1100,50% off,Lingerie&Nightwear-Women
19704,Puma,Polyester tight fit womens sports bra - orchid,"Size:Large,Medium,Small,X-Large,X-Small","Rs
2499",1749,30% off,Lingerie&Nightwear-Women
19705,Jockey,Womens printed padded non wired sports bra - pink mix,"Size:Large,Medium,Small,X-Large",Nan,929,No Discount,Lingerie&Nightwear-Women
19706,Soie,Womens non padded non wired solid t-shirt bra - shocking pink,"Size:32-B,34-B,38-B,38-C,40-B,40-C","Rs
540",459,15% off,Lingerie&Nightwear-Women
19707,Sweet dreams,Solid cotton blend round neck womens sleepwear set - candy,"Size:Large,Small,X-Large,XX-Large,XXX-Large","Rs
1399",839,40% off,Lingerie&Nightwear-Women
19708,Clovia,Womens cotton rich non padded non wired t shirt bra - red,"Size:32-C,32-D,34-B,36-B,38-B","Rs
599",299,50% off,Lingerie&Nightwear-Women
19709,Kaftan company,Satin half sleeves midi night dress - black,"Size:Medium,X-Large",Nan,2999,No Discount,Lingerie&Nightwear-Women
19710,Soie,Womens v neck printed long top - natural,Size:XX-Large,"Rs
1270",952,25% off,Lingerie&Nightwear-Women
19711,Triumph,Non-wired fixed strap padded womens sports bra - orange,"Size:Large,Medium,Small,X-Large",Nan,2199,No Discount,Lingerie&Nightwear-Women
19712,Enamor,Full support bra - high coverage non-padded wirefree - wine,"Size:34-Z,36-Z,38-Z,40-B,40-C,40-D,40-Z,42-B,42-C,42-D,42-Z",Nan,1149,No Discount,Lingerie&Nightwear-Women
19713,Sweet dreams,Printed cotton round neck womens sleepwear set - rose,"Size:Large,Medium,Small,X-Large,XX-Large","Rs
1649",1154,30% off,Lingerie&Nightwear-Women
19714,Groversons paris beauty,Womens full coverage padded womens full coverage everyday bra - peach,"Size:34-B,36-B,38-B",Nan,675,No Discount,Lingerie&Nightwear-Women
19715,Van heusen,Cotton womens intimatewear hipsters - multi,Size:Small,Nan,489,No Discount,Lingerie&Nightwear-Women
19716,Sweet dreams,Printed cotton blend round neck womens t-shirt - navy,"Size:Large,Medium,Small,X-Large,XX-Large,XXX-Large","Rs
499",449,10% off,Lingerie&Nightwear-Women
19717,Soie,Womens non wired non padded solid full coverage bra - shocking pink,"Size:32-B,32-C,34-B,38-B,38-C,38-D,40-B,40-C","Rs
590",501,15% off,Lingerie&Nightwear-Women
19718,Crimsoune club,Printed cotton regular fit womens night suit - brown,"Size:Large,Medium,Small,X-Large","Rs
2299",1149,50% off,Lingerie&Nightwear-Women
19719,Amante,Womens side support shaper wirefree cotton comfort bra - dusty pink,"Size:34-B,34-C,34-D,36-B,36-C,36-D,38-C,38-D",Nan,695,No Discount,Lingerie&Nightwear-Women
19720,Enamor,Womens striped bikini briefs - denim black enzyme,"Size:XL,XX-Large","Rs
299",209,30% off,Lingerie&Nightwear-Women
19721,Mystere paris,Regular fit cotton womens night dress - maroon,Size:X-Large,"Rs
799",479,40% off,Lingerie&Nightwear-Women
19722,Erotissch,Womens purple sheer solid net hipster briefs - purple,"Size:Large,Medium,Small","Rs
890",400,55% off,Lingerie&Nightwear-Women
19723,Enamor,Cotton activewear womens track pants - blasted olive tone,"Size:XL,Large,Medium,Small",Nan,1599,No Discount,Lingerie&Nightwear-Women
19724,Kaftan company,Cotton half sleeves maxi night dress - blue,"Size:Medium,Small",Nan,2199,No Discount,Lingerie&Nightwear-Women
19725,Soie,Womens v neck solid top and pyjama set - purple mix,"Size:Medium,Small","Rs
1800",900,50% off,Lingerie&Nightwear-Women
19726,Enamor,T-shirt bra - full support high coverage padded wired - sepia,"Size:34-Z,36-D,36-Z,38-B,38-Z,40-B,40-C,40-Z,42-B,42-C,42-Z","Rs
1199",599,50% off,Lingerie&Nightwear-Women
19727,Enamor,Womens solid non padded non wired t-shirt bra - white,"Size:32-B,32-D,36-D","Rs
749",374,50% off,Lingerie&Nightwear-Women
19728,Soie,Womens round neck solid camisole - lime green,"Size:Large,Medium,Small,X-Large,XX-Large",Nan,380,No Discount,Lingerie&Nightwear-Women
19729,Enamor,Hi-waist thigh slimmer - ecru,"Size:XL,Large,Medium,XX-Large",Nan,1299,No Discount,Lingerie&Nightwear-Women
19730,Enamor,Low waist co-ordinate lace panty - sky blue,"Size:Large,Medium,Small,X-Large,XX-Large",Nan,499,No Discount,Lingerie&Nightwear-Women
19731,Amante,Blended intimatewear womens bikini briefs - old rose,"Size:Large,X-Large",Nan,545,No Discount,Lingerie&Nightwear-Women
19732,Enamor,Non wired racerback straps non padded womens bikini - pale yellow,"Size:34-B,34-C,34-D,34-Z,36-B,36-C,36-D,36-Z,38-B,38-C,38-D,38-Z,40-B,40-C,40-D,40-Z,42-C,42-D,42-Z",Nan,849,No Discount,Lingerie&Nightwear-Women
19733,Erotissch,Regular fit georgette womens swim dress - club,Size:Large,"Rs
2500",1625,35% off,Lingerie&Nightwear-Women
19734,Parfait,Non wired removable straps non padded womens bralette - black,"Size:32-C,34-C,36-C","Rs
2199",1979,10% off,Lingerie&Nightwear-Women
19735,Soie,Womens round neck solid top and shorts set - green mix,"Size:Large,Medium,Small","Rs
1040",520,50% off,Lingerie&Nightwear-Women
19736,Kaftan company,Printed viscose v neck womens night dress - yellow,"Size:Large,Medium,Small,X-Large,XX-Large,XXX-Large",Nan,3299,No Discount,Lingerie&Nightwear-Women
19737,Mystere paris,Striped rayon collared neck womens night suit - pink,"Size:Large,Medium,Small,X-Large,XX-Large","Rs
1399",839,40% off,Lingerie&Nightwear-Women
19738,Sweet dreams,Regular fit regular length cotton blend womens night wear pyjama - black,Size:XX-Large,"Rs
1049",734,30% off,Lingerie&Nightwear-Women
19739,Van heusen,Non wired halter strap heavily padded womens every day bra - coral,"Size:30-B,32-B,32-C,34-B,34-D,36-B,38-B,38-C",Nan,799,No Discount,Lingerie&Nightwear-Women
19740,Enamor,Stripes cotton relaxed fit womens top - green,"Size:XL,Large,Medium,Small,XX-Large",Nan,1049,No Discount,Lingerie&Nightwear-Women
19741,Wacoal,Non wired fixed strap lightly padded womens every day bra - olive,"Size:32-A,32-B,32-C,32-D,34-A,34-B,34-C,34-D,36-A,36-B,36-C","Rs
2295",1836,20% off,Lingerie&Nightwear-Women
19742,Enamor,Mid waist panty - charcoal,Size:Small,Nan,399,No Discount,Lingerie&Nightwear-Women
19743,Sweet dreams,Printed cotton rich regular fit womens sleepwear set - wine,"Size:Small,X-Large","Rs
1499",899,40% off,Lingerie&Nightwear-Women
19744,Soie,Super-soft cotton regular fit half sleeves womens night dress - blue,"Size:Large,Medium,Small,X-Large,XX-Large","Rs
1040",780,25% off,Lingerie&Nightwear-Women
19745,Enamor,Non wired racerback straps non padded womens bra - capri blue,"Size:34-B,34-C,34-D,34-Z,36-B,36-C,36-D,36-Z,38-B,38-C,38-D",Nan,799,No Discount,Lingerie&Nightwear-Women
19746,Jockey,Womens v neck solid t-shirt - blue,Size:Error Size,Nan,399,No Discount,Lingerie&Nightwear-Women
19747,Soie,Womens full/extreme coverage padded non-wired bra - grey,"Size:32-D,34-D,36-C,38-C","Rs
990",792,20% off,Lingerie&Nightwear-Women
19748,Kaftan company,Printed v-neck cotton womens night dress - red,"Size:Large,Medium,Small,X-Large,XX-Large,XXX-Large",Nan,1999,No Discount,Lingerie&Nightwear-Women
19749,Soie,Womens solid non wired non padded full coverage bra - cream,"Size:36-B,36-DD,38-B,38-C,38-DD,40-D,40-DD","Rs
590",560,5% off,Lingerie&Nightwear-Women
19750,Triumph,Womens lace padded underwired plunge bra - chroma,Size:34-D,"Rs
1899",949,50% off,Lingerie&Nightwear-Women
19751,Parfait,Womens jeanie plunge molded bra - wheat,"Size:32-D,32-F,34-F,34-FF,34-G,36-E,36-F,36-FF,36-G,38-D,38-DD,38-E,38-F,38-FF,38-G,40-DD,40-E,40-F,40-G,42-DD,42-E,42-F,44-E","Rs
1999",1799,10% off,Lingerie&Nightwear-Women
19752,Parfait,Solid nylon womens camisole - cherry,"Size:32-D,32-DD,32-E,32-F,34-D,34-DD,36-E,38-DD,38-F,40-E,40-F","Rs
3299",2639,20% off,Lingerie&Nightwear-Women
19753,Parfait,Wired multiway straps lightly padded womens sports bra - black,"Size:32-D,32-DD,32-E,32-F,32-FF,32-G,32-H,34-D,34-DD,34-E,34-F,34-FF,34-G,34-GG,34-H,36-D,36-DD,36-E,36-F,36-FF,36-G,36-GG,36-H,38-D,38-DD,38-E,38-F,38-FF,38-G,38-GG,38-H,40-D,40-DD,40-E,40-F,40-FF,40-G,40-GG,40-H,42-D,42-DD,42-E,42-F,42-FF,42-G,44-D,44-DD,44-E,44-F,44-FF,44-G,FREE SIZE 08,FREE SIZE 09","Rs
2999",2699,10% off,Lingerie&Nightwear-Women
19754,Parfait,Wired fixed straps non padded womens every day bra - white,"Size:32-D,32-DD,32-E,32-F,32-FF,32-G,34-E,34-F,34-FF,34-G,36-F,36-FF,36-G,38-F,38-FF,38-G,40-D,40-DD,40-E,40-F,40-FF,40-G,42-D,42-DD,42-E,42-F,42-FF,42-G,44-D,44-DD,44-E,44-F,44-FF,44-G","Rs
2299",2069,10% off,Lingerie&Nightwear-Women
19755,Erotissch,Yellow & blue printed non-wired lightly padded sports bra - banana,"Size:Large,Small,X-Large","Rs
1999",899,55% off,Lingerie&Nightwear-Women
19756,Mystere paris,Rayon regular fit womens night wear pyjamas - blue,"Size:Large,Medium,Small,X-Large,XX-Large","Rs
799",479,40% off,Lingerie&Nightwear-Women
19757,Erotissch,Non wired fixed straps non padded womens bralette - black,"Size:Large,Medium,Small,X-Large,XX-Large","Rs
1199",539,55% off,Lingerie&Nightwear-Women
19758,Erotissch,Solid satin womens mid thigh night dress - mushroom,"Size:Large,Medium,Small,X-Large","Rs
1999",899,55% off,Lingerie&Nightwear-Women
19759,Erotissch,Cotton mid rise womens sleepwear set - moss green,"Size:Large,Medium,Small,X-Large","Rs
1299",584,55% off,Lingerie&Nightwear-Women
19760,Erotissch,Non-wired fixed strap non padded womens bralette bra - brick,"Size:Large,Medium,Small,X-Large,XX-Large","Rs
1199",539,55% off,Lingerie&Nightwear-Women
19761,Erotissch,Non wired fixed straps non padded womens bralette - mustard,Size:X-Large,"Rs
1199",539,55% off,Lingerie&Nightwear-Women
19762,Mystere paris,Classic winter lounge bottoms - black,"Size:Large,Medium,X-Large","Rs
999",599,40% off,Lingerie&Nightwear-Women
19763,Erotissch,Cotton mid rise womens sleepwear set - port,"Size:Large,Medium,Small,X-Large","Rs
1299",584,55% off,Lingerie&Nightwear-Women
19764,Erotissch,Womens beige lace briefs - natural,"Size:Large,Medium,Small,X-Small","Rs
990",445,55% off,Lingerie&Nightwear-Women
19765,Erotissch,Cotton mid rise womens sleepwear set - olive bleached,"Size:Large,Medium,Small,X-Large","Rs
1299",584,55% off,Lingerie&Nightwear-Women
19766,Van heusen,Non wired fixed straps non padded womens every day bra - plum,"Size:32-B,32-C,34-C,34-D,36-B,36-C,36-D,38-B,38-C,38-D,40-B",Nan,589,No Discount,Lingerie&Nightwear-Women
19767,Recap,Striped polyester fitted womens sports bra - red,"Size:Large,Medium,Small,X-Large,X-Small","Rs
1999",1399,30% off,Lingerie&Nightwear-Women
19768,Enamor,Non-wired racerback strap non padded womens every day bra - white,"Size:34-B,34-C,34-D,34-Z,36-B,36-C,36-D,36-Z,38-B,38-C,38-D,38-Z,40-B,40-C,40-D,40-Z,42-B,42-C,42-D,42-Z",Nan,1149,No Discount,Lingerie&Nightwear-Women
19769,Clovia,Womens cotton rich floral print non-padded non-wired bra - blue,"Size:32-B,32-C,34-C","Rs
599",239,60% off,Lingerie&Nightwear-Women
19770,Clovia,Womens non-padded bra - natural,"Size:32-B,32-C,36-C","Rs
599",359,40% off,Lingerie&Nightwear-Women
19771,Clovia,Womens cotton rich text print t-shirt - pink,"Size:Large,Medium,Small,X-Large","Rs
999",499,50% off,Lingerie&Nightwear-Women
19772,Miss chase,Printed cotton collared neck womens shorts & top set - black,"Size:Large,Medium,Small,X-Large,X-Small,XX-Large",Nan,2299,No Discount,Lingerie&Nightwear-Women
19773,Clovia,Womens non-padded non-wired bra - blue,"Size:32-B,32-C,32-D,34-B,34-C","Rs
599",239,60% off,Lingerie&Nightwear-Women
19774,Erotissch,Womens purple & red printed night suit - purple,"Size:Large,Medium,Small,X-Large","Rs
2990",1345,55% off,Lingerie&Nightwear-Women
19775,Triumph,Polyester blend high rise womens regular briefs - pink,Size:Small,Nan,599,No Discount,Lingerie&Nightwear-Women
19776,Adidas,Striped polyester fitted womens sports bra - black,"Size:Small,X-Small","Rs
3599",2519,30% off,Lingerie&Nightwear-Women
19777,Kaftan company,Printed cotton v neck womens night dress - green,"Size:Large,Medium,X-Large",Nan,2699,No Discount,Lingerie&Nightwear-Women
19778,Parfait,Solid nylon womens camisole - pink,"Size:32-D,32-DD,32-E,32-F,32-FF,34-D,34-DD,34-E,34-F,34-FF,36-D,36-E,36-F,36-FF,38-D,38-DD,38-E,38-F,38-FF,40-D,40-DD,40-E,40-F","Rs
2999",2399,20% off,Lingerie&Nightwear-Women
19779,Soie,Non wired fixed straps non padded womens every day bra - 106_multi,"Size:32-C,32-D,38-B,40-B,40-C,40-D,40-DD","Rs
1300",910,30% off,Lingerie&Nightwear-Women
19780,Parfait,Wired regular straps non padded womens every day bra - ivory,"Size:32-DD,32-E,32-F,36-E,36-F,36-FF,38-E,40-E,40-F,40-FF,42-D,42-E,42-F,42-FF,44-D,44-DD,44-E","Rs
2299",2069,10% off,Lingerie&Nightwear-Women
19781,Wacoal,Womens solid hipster briefs - natural,"Size:Medium,Small,X-Large",Nan,895,No Discount,Lingerie&Nightwear-Women
19782,Mystere paris,Womens comfortable maternity track pants - black grey,Size:Large,"Rs
1199",719,40% off,Lingerie&Nightwear-Women
19783,Groversons paris beauty,Womens full coverage padded womens full coverage everyday bra - coral,"Size:34-B,36-B,38-B",Nan,675,No Discount,Lingerie&Nightwear-Women
19784,Triumph,Womens contouring padded wired bra - black,"Size:34-D,40-C,40-E","Rs
2499",1249,50% off,Lingerie&Nightwear-Women
19785,Groversons paris beauty,Womens full coverage padded womens full coverage everyday bra - black,"Size:30-B,32-B,34-B,36-B,38-B",Nan,529,No Discount,Lingerie&Nightwear-Women
19786,Groversons paris beauty,Womens full coverage padded womens full coverage everyday bra - red,"Size:34-B,36-B,38-B",Nan,630,No Discount,Lingerie&Nightwear-Women
19787,Amante,Womens printed brief - rose,Size:Small,"Rs
495",272,45% off,Lingerie&Nightwear-Women
19788,Amante,Women solid hipster briefs pack of 2 - tan,"Size:Large,X-Large",Nan,545,No Discount,Lingerie&Nightwear-Women
19789,Sweet dreams,Solid blended regular fit womens pyjamas - navy,"Size:Large,Medium,Small,X-Large,XX-Large,XXX-Large","Rs
899",809,10% off,Lingerie&Nightwear-Women
19790,Parfait,Wired regular straps padded womens every day bra - multi,"Size:38-E,38-F,40-E,40-F,40-FF,42-F,42-G,44-E","Rs
1599",1439,10% off,Lingerie&Nightwear-Women
19791,Sweet dreams,Printed cotton blend round neck womens sleepwear set - coral,"Size:Medium,Small,X-Large","Rs
1049",629,40% off,Lingerie&Nightwear-Women
19792,Sweet dreams,Printed cotton aop regular fit womens sleepwear set - pink,Size:Medium,"Rs
1999",1199,40% off,Lingerie&Nightwear-Women
19793,Amante,Womens solid bikini briefs - yellow,"Size:Large,Medium,Small","Rs
545",299,45% off,Lingerie&Nightwear-Women
19794,Clovia,Womens cotton non padded wirefree demi cup bra orange - orange,"Size:32-C,34-B,34-C","Rs
599",239,60% off,Lingerie&Nightwear-Women
19795,Erotissch,Solid satin womens mid thigh night dress - dusty lilac,"Size:Large,Medium,Small,X-Large","Rs
1999",899,55% off,Lingerie&Nightwear-Women
19796,Sweet dreams,Printed rayon regular fit womens night dress - natural,Size:Small,"Rs
1599",959,40% off,Lingerie&Nightwear-Women
19797,Amante,Womens solid bikini briefs - black,"Size:Small,X-Large","Rs
545",381,30% off,Lingerie&Nightwear-Women
19798,Enamor,Womens printed stripe and solid hipster briefs pack of 5 - mixed darks,"Size:Medium,Small",Nan,899,No Discount,Lingerie&Nightwear-Women
19799,Clovia,Womens cotton non-padded non-wired floral print bra - grey,Size:32-C,"Rs
599",239,60% off,Lingerie&Nightwear-Women
19800,Clovia,Womens cotton rich non-padded non-wired bra with lace - maroon,Size:32-C,"Rs
599",239,60% off,Lingerie&Nightwear-Women
19801,Clovia,Womens padded non-wired printed t-shirt bra - white,"Size:32-D,34-D,40-B","Rs
1199",479,60% off,Lingerie&Nightwear-Women
19802,Clovia,Womens non-padded non-wired bra in blue - cotton rich - blue,"Size:32-B,32-C","Rs
599",299,50% off,Lingerie&Nightwear-Women
19803,Clovia,Womens cotton rich non-padded non-wired bra - grey,"Size:32-B,32-C,32-D,34-B,36-B","Rs
599",239,60% off,Lingerie&Nightwear-Women
19804,Kaftan company,Viscose rayon regular fit 3/4th sleeves full length sleepwear set - black,"Size:Large,Medium,Small,X-Large,XX-Large,XXX-Large",Nan,2499,No Discount,Lingerie&Nightwear-Women
19805,Soie,Cotton regular fit womens sleep shirt - green,"Size:Large,Medium,Small,X-Large,XX-Large","Rs
640",480,25% off,Lingerie&Nightwear-Women
19806,Triumph,Solid viscose v-neck womens night dress - pink,"Size:38,40,42",Nan,2699,No Discount,Lingerie&Nightwear-Women
19807,Sweet dreams,Printed satin round neck womens 3 pcs set - peach,"Size:Large,Small,X-Large","Rs
2899",2609,10% off,Lingerie&Nightwear-Women
19808,Van heusen,Regular fit regular length modal womens night wear pyjama - purple mix,"Size:Large,Small,X-Large",Nan,899,No Discount,Lingerie&Nightwear-Women
19809,Jockey,Womens printed bikini briefs - pack of 2 - multi,"Size:Large,Small,X-Large",Nan,349,No Discount,Lingerie&Nightwear-Women
19810,Soie,Rayon regular fit womens night wear pyajamas - white,"Size:Large,Medium,Small,X-Large,X-Small,XX-Large","Rs
740",666,10% off,Lingerie&Nightwear-Women
19811,Van heusen,Non wired multiway straps heavily padded womens every day bra - black,"Size:30-B,32-B,32-C,34-B,34-C,36-B,36-C",Nan,699,No Discount,Lingerie&Nightwear-Women
19812,Enamor,Womens solid bikini briefs - persian blue,Size:Medium,Nan,399,No Discount,Lingerie&Nightwear-Women
19813,Kaftan company,Dyed viscose v neck womens night dress - peach,"Size:Large,Medium,Small,X-Large,XX-Large,XXX-Large",Nan,2400,No Discount,Lingerie&Nightwear-Women
19814,Erotissch,Womens off-white & navy blue printed nightsuit - multi,"Size:Large,Medium,X-Large","Rs
5290",2116,60% off,Lingerie&Nightwear-Women
19815,Jockey,Modal womens t-shirt - purple mix,Size:Error Size,Nan,679,No Discount,Lingerie&Nightwear-Women
19816,Triumph,Polyamide shape 04 high waist comfortable womens shapewear - natural,"Size:Large,Medium,Small,X-Large",Nan,2099,No Discount,Lingerie&Nightwear-Women
19817,Enamor,Non wired strapless lightly padded womens every day bra - buff,"Size:XL,Large,Medium",Nan,1299,No Discount,Lingerie&Nightwear-Women
19818,Enamor,Low waist hipster co-ordinate panty - powder blue,"Size:Large,Medium",Nan,499,No Discount,Lingerie&Nightwear-Women
19819,Triumph,Wired multiway strap lightly padded womens every day bra - natural,"Size:32-E,34-E,34-F,36-E,36-F,38-E,38-F",Nan,1899,No Discount,Lingerie&Nightwear-Women
19820,Groversons paris beauty,Womens plus size cotton lycra full coverage everyday bra - white,"Size:32-B,32-C,32-D,34-B,34-C,34-D,36-B,36-C,36-D",Nan,690,No Discount,Lingerie&Nightwear-Women
19821,Enamor,Low waist panty - white,"Size:XL,Large,Medium,Small",Nan,449,No Discount,Lingerie&Nightwear-Women
19822,Parfait,Non wired removable straps non padded womens bralette - black,"Size:32-C,34-C,36-C,38-C","Rs
1999",1799,10% off,Lingerie&Nightwear-Women
19823,Soie,Womens v neck solid night gown - red mix,"Size:Medium,Small,XX-Large","Rs
1900",1425,25% off,Lingerie&Nightwear-Women
19824,Wacoal,Wired fixed strap non padded womens every day bra - sand,"Size:34-C,34-D,34-DD,34-E,34-G,36-C,36-D,36-DD,36-E,38-D,38-DD,38-E,40-D,40-DD,40-E,42-D,42-DD",Nan,3799,No Discount,Lingerie&Nightwear-Women
19825,Wacoal,Womens solid padded non wired balconette bra - natural,"Size:32-A,32-B,32-C,32-D,32-DD,34-A,34-B,34-C,34-D,34-DD,36-A,36-B,36-C,36-D",Nan,2095,No Discount,Lingerie&Nightwear-Women
19826,Wacoal,Non wired fixed strap non padded womens every day bra - natural,"Size:38-B,38-C,38-D,40-C,42-B,42-C","Rs
1995",1396,30% off,Lingerie&Nightwear-Women
19827,Triumph,Wired fixed straps lightly padded womens every day bra - brown,"Size:32-B,32-C,32-D,34-B,34-C,34-D,34-E,34-F,36-B,36-C,36-D,36-E,36-F,38-C,38-D,38-E,38-F",Nan,1899,No Discount,Lingerie&Nightwear-Women
19828,Kaftan company,Embroidered v-neck cotton womens night dress - red,"Size:Large,Medium,Small,X-Large,XX-Large,XXX-Large",Nan,2499,No Discount,Lingerie&Nightwear-Women
19829,Enamor,Hi-waist thigh slimmer - black,"Size:XL,Large,Medium,XX-Large",Nan,2099,No Discount,Lingerie&Nightwear-Women
19830,Kaftan company,Womens paisley perfection loungewear kaftan - off white,"Size:Medium,Small,XX-Large,XXX-Large",Nan,2999,No Discount,Lingerie&Nightwear-Women
19831,Soie,Womens slub lace hipster briefs - grey,"Size:Medium,Small,X-Small","Rs
470",329,30% off,Lingerie&Nightwear-Women
19832,Triumph,Printed viscose cowl neck womens night dress - black,"Size:36,38,40,42",Nan,2999,No Discount,Lingerie&Nightwear-Women
19833,Van heusen,Cotton stretch womens intimatewear bikini - multi,"Size:Large,Medium,Small",Nan,429,No Discount,Lingerie&Nightwear-Women
19834,Enamor,Solid cotton relaxed fit womens shorts - shell,"Size:XL,Large,Medium,Small",Nan,649,No Discount,Lingerie&Nightwear-Women
19835,Mystere paris,Cotton womens regular fit sleepsuit - grey,"Size:Large,Medium,Small,X-Large,XX-Large","Rs
999",599,40% off,Lingerie&Nightwear-Women
19836,Mystere paris,Cotton regular fit womens activewear shorts - blue,"Size:Large,Medium,Small,X-Large,XX-Large","Rs
499",299,40% off,Lingerie&Nightwear-Women
19837,Wacoal,Blended knit intimate wear womens panties - white,"Size:Large,Medium,Small,X-Large","Rs
595",416,30% off,Lingerie&Nightwear-Women
19838,Kaftan company,Cotton regular fit 3/4th sleeves full length sleepwear set - multi,"Size:Large,Medium,Small,X-Large,XX-Large,XXX-Large",Nan,3099,No Discount,Lingerie&Nightwear-Women
19839,Erotissch,Printed rayon regular womens sleepwear set - chalk,"Size:Large,Medium,Small,X-Large,XX-Large","Rs
2999",1949,35% off,Lingerie&Nightwear-Women
19840,Erotissch,Solid satin womens mid thigh night dress - cokeley mustard,"Size:Large,Medium,Small,X-Large","Rs
1999",899,55% off,Lingerie&Nightwear-Women
19841,Soie,Cotton womens intimatewear panty - multi,"Size:Large,X-Large,XX-Large","Rs
910",773,15% off,Lingerie&Nightwear-Women
19842,Kaftan company,Embroidered v-neck cotton womens night dress - blue,"Size:Large,Medium,X-Large,XX-Large,XXX-Large",Nan,2499,No Discount,Lingerie&Nightwear-Women
19843,Triumph,Wired fixed strap heavily padded womens bra - sea green,"Size:Medium,Small","Rs
3199",1599,50% off,Lingerie&Nightwear-Women
19844,Kaftan company,Printed v-neck modal womens regular fit night dress - yellow,"Size:Large,Medium,Small,X-Large,XX-Large,XXX-Large",Nan,2199,No Discount,Lingerie&Nightwear-Women
19845,Parfait,Non wired fixed straps non padded womens bralette - lavender,"Size:32-D,32-DD,32-E,34-D,34-DD,34-E,36-D,36-DD,36-E,38-D,38-DD,38-E","Rs
1999",1799,10% off,Lingerie&Nightwear-Women
19846,Soie,Womens mid rise lace bikini briefs - maroon,Size:XX-Large,"Rs
410",328,20% off,Lingerie&Nightwear-Women
19847,Mystere paris,Rayon regular fit womens night wear pyjamas - green,"Size:Large,Medium,Small,X-Large,XX-Large","Rs
899",539,40% off,Lingerie&Nightwear-Women
19848,Amante,Womens printed bikini briefs - pack of 3 - brick,"Size:Large,Small",Nan,545,No Discount,Lingerie&Nightwear-Women
19849,Wacoal,Womens solid non padded non wired t-shirt bra - black,"Size:32-B,32-C,32-D,34-A,34-B,34-C,34-D,36-A,36-B,36-C,36-D",Nan,2299,No Discount,Lingerie&Nightwear-Women
19850,Erotissch,Printed rayon collar neck womens regular fit night suit - parrot green,"Size:Large,Medium,Small,X-Large","Rs
2999",1949,35% off,Lingerie&Nightwear-Women
19851,Amante,Non wired fixed straps non padded womens every day bra - black,"Size:32-C,34-D,36-B,36-C,36-D,38-B,38-C","Rs
595",416,30% off,Lingerie&Nightwear-Women
19852,Parfait,Non wired removable straps non padded womens bralette - lavender,"Size:32-C,34-C,36-C,38-C","Rs
1999",1799,10% off,Lingerie&Nightwear-Women
19853,Kaftan company,Printed round neck polyester womens regular fit night dress - blue,"Size:Large,Medium,Small,X-Large,XX-Large",Nan,1299,No Discount,Lingerie&Nightwear-Women
19854,Wacoal,Wired fixed strap lightly padded womens every day bra - yellow,"Size:32-A,32-B,32-C,32-D,34-B,34-C,34-D,36-B,36-C","Rs
1895",1516,20% off,Lingerie&Nightwear-Women
19855,Jockey,Womens padded non wired solid t-shirt bra - van dyke brown,Size:30-B,Nan,689,No Discount,Lingerie&Nightwear-Women
19856,Sweet dreams,Solid cotton round neck womens top bermuda set - peach,Size:XX-Large,"Rs
969",678,30% off,Lingerie&Nightwear-Women
19857,Enamor,Womens hugged fit hugged leggings - burnt orange,"Size:Large,Small,XX-Large",Nan,1299,No Discount,Lingerie&Nightwear-Women
19858,Triumph,Wired fixed straps heavily padded womens every day bra - white,"Size:42-E,42-F",Nan,1699,No Discount,Lingerie&Nightwear-Women
19859,Mystere paris,Cotton regular fit womens activewear shorts - blue,"Size:Large,Medium,Small","Rs
499",299,40% off,Lingerie&Nightwear-Women
19860,Amante,Womens dot pattern padded non wired t-shirt bra - rose,"Size:34-B,34-C,34-D,36-B,36-D","Rs
1045",731,30% off,Lingerie&Nightwear-Women
19861,Soie,Womens printed bikini briefs - grey,"Size:Large,Small","Rs
470",235,50% off,Lingerie&Nightwear-Women
19862,Enamor,Womens lace boy shorts - charcoal,"Size:Large,Medium,Small","Rs
270",189,30% off,Lingerie&Nightwear-Women
19863,Soie,Womens v neck lace night gown - red,"Size:Large,X-Large,XX-Large","Rs
2750",1787,35% off,Lingerie&Nightwear-Women
19864,Jockey,Womens solid t-shirt bra - white,"Size:32-B,32-C,34-B,34-C,36-B,36-C,38-B",Nan,689,No Discount,Lingerie&Nightwear-Women
19865,Erotissch,Georgette regular fit womens medium length night suit - burnt orange,"Size:Error Size,Large,Medium,Small,X-Large,X-Small","Rs
3999",2599,35% off,Lingerie&Nightwear-Women
19866,Erotissch,Polyester blend womens bodysuit - mixed brights,"Size:Large,Medium,Small,X-Large","Rs
1449",652,55% off,Lingerie&Nightwear-Women
19867,Erotissch,Non-wired fixed strap non padded womens bralette bra - khaki,"Size:Large,Medium,Small,X-Large,XX-Large","Rs
1199",539,55% off,Lingerie&Nightwear-Women
19868,Erotissch,Off-white & black printed nightdress - multi,"Size:Large,Medium,Small,X-Small","Rs
3390",1525,55% off,Lingerie&Nightwear-Women
19869,Adidas,Solid polyester regular fit womens sports bra - pink,"Size:Large,Medium,Small,X-Large,X-Small","Rs
2699",1889,30% off,Lingerie&Nightwear-Women
19870,Miss chase,Solid cotton regular fit womens shorts - black,"Size:Large,Medium,Small,X-Large,X-Small",Nan,999,No Discount,Lingerie&Nightwear-Women
19871,Clovia,Womens solid non padded non wired full coverage bra - blue,"Size:32-B,32-C,34-B,34-C,36-B,38-B","Rs
599",359,40% off,Lingerie&Nightwear-Women
19872,Miss chase,Printed round neck cotton womens regular fit night dress - blue,"Size:Large,Medium,Small,X-Large,X-Small,XX-Large",Nan,1299,No Discount,Lingerie&Nightwear-Women
19873,Amante,Womens printed padded non wired push up bra - midnight,"Size:32-C,36-B,36-C,36-D","Rs
1045",731,30% off,Lingerie&Nightwear-Women
19874,Clovia,Womens padded non wired level 1 push up multiway t shirt bra in purple - peach,"Size:32-D,36-B,38-C","Rs
899",539,40% off,Lingerie&Nightwear-Women
19875,Mystere paris,Cute cactus print maternity shorts - blue,"Size:Large,Medium","Rs
899",539,40% off,Lingerie&Nightwear-Women
19876,Amante,Blended intimatewear womens bikini briefs - mixed darks,"Size:Large,Small,X-Large",Nan,895,No Discount,Lingerie&Nightwear-Women
19877,Soie,Womens round neck solid camisole - royal blue,"Size:Large,Medium,Small,X-Large,XX-Large",Nan,380,No Discount,Lingerie&Nightwear-Women
19878,Erotissch,Floral rayon v-neck womens regular fit kaftan - old rose,Size:Small,"Rs
1600",800,50% off,Lingerie&Nightwear-Women
19879,Enamor,Cotton blend womens active wear t-shirt - neptune,"Size:XL,Large,Medium,Small,X-Small,XX-Large","Rs
669",468,30% off,Lingerie&Nightwear-Women
19880,Soie,Non wired fixed straps non padded womens every day bra - 106_multi,"Size:34-C,38-B,Error Size","Rs
1280",768,40% off,Lingerie&Nightwear-Women
19881,Amante,Womens solid padded non wired t-shirt bra - turquoise,"Size:32-D,36-B,36-D","Rs
1495",747,50% off,Lingerie&Nightwear-Women
19882,Sweet dreams,Printed cotton aop regular fit womens sleepwear set - pink,Size:Large,"Rs
1899",1139,40% off,Lingerie&Nightwear-Women
19883,Enamor,Structured cotton blend regular fit womens track pants - shell,"Size:XL,Large,Medium,Small",Nan,949,No Discount,Lingerie&Nightwear-Women
19884,Groversons paris beauty,Womens full coverage padded womens full coverage everyday bra - blue,"Size:36-B,38-B",Nan,620,No Discount,Lingerie&Nightwear-Women
19885,Enamor,Cotton lycra womens track pants - moore plum,"Size:XL,Large,XX-Large",Nan,1399,No Discount,Lingerie&Nightwear-Women
19886,Enamor,Womens padded wired t-shirt bra - charcoal,"Size:32-B,32-C,34-B,36-B,38-B",Nan,1599,No Discount,Lingerie&Nightwear-Women
19887,Parfait,Wired regular straps non padded womens every day bra - charcoal,"Size:30-D,30-DD,38-FF,FRSZ","Rs
2399",2159,10% off,Lingerie&Nightwear-Women
19888,Kaftan company,Printed square neck polyester womens night dress - pink,Size:Large,Nan,1699,No Discount,Lingerie&Nightwear-Women
19889,Groversons paris beauty,Womens full coverage padded womens full coverage everyday bra - blue,"Size:30-B,32-B,34-B",Nan,531,No Discount,Lingerie&Nightwear-Women
19890,Soie,Womens solid lace wired padded plunge bra - pink,"Size:32-B,36-B","Rs
1570",785,50% off,Lingerie&Nightwear-Women
19891,Parfait,Solid nylon womens camisole - red,"Size:32-D,32-DD,32-E,32-F,32-FF,34-DD,34-E,34-F,36-D,36-DD,36-E,36-F,36-FF,38-DD,38-E,38-F,38-FF,40-DD,40-E,40-F","Rs
2999",2399,20% off,Lingerie&Nightwear-Women
19892,Amante,Womens padded non wired t-shirt bra - black,"Size:38-C,38-D,40-D","Rs
1295",647,50% off,Lingerie&Nightwear-Women
19893,Enamor,Cotton lycra womens track pants - blasted olive tone,"Size:XL,Large,XX-Large",Nan,1399,No Discount,Lingerie&Nightwear-Women
19894,Triumph,Non-wired fixed strap heavily padded womens sports bra - grey,"Size:34-D,34-E,36-D",Nan,2899,No Discount,Lingerie&Nightwear-Women
19895,Parfait,Solid nylon womens camisole - yellow,"Size:32-D,32-DD,32-E,32-F,32-FF,34-D,34-DD,34-E,34-F,34-FF,36-D,36-E,36-F,36-FF,38-D,38-DD,38-E,38-F,38-FF,40-D,40-DD,40-E,40-F","Rs
2999",2399,20% off,Lingerie&Nightwear-Women
19896,Triumph,Cotton high rise womens hipster briefs - black,"Size:Large,Medium,Small,X-Large",Nan,799,No Discount,Lingerie&Nightwear-Women
19897,Kaftan company,Womens purple printed pyjama set - purple,Size:X-Large,Nan,1499,No Discount,Lingerie&Nightwear-Women
19898,Sloggi,Polyester blend womens intimate wear panties - grey,Size:Small,Nan,1299,No Discount,Lingerie&Nightwear-Women
19899,Mystere paris,Womens stylish knee slit track pants - pink,Size:X-Large,"Rs
999",599,40% off,Lingerie&Nightwear-Women
19900,Enamor,Cotton womens activewear/nightwear basic shorts - bubblegum,"Size:XL,Large,Medium,Small",Nan,499,No Discount,Lingerie&Nightwear-Women
19901,Soie,Womens pixalated print non wired padded organic bra - sky blue,Size:38-B,"Rs
700",420,40% off,Lingerie&Nightwear-Women
19902,Parfait,Wired regular straps padded womens every day bra - black,"Size:30-D,30-DD,32-D,32-DD,34-D,34-F,34-FF,34-G,36-D,36-E,36-F,36-FF,36-G,38-D,38-DD,38-E,38-F,38-FF,38-G,40-D,40-DD,40-E,40-F,40-FF,40-G,42-DD,42-E,42-F,42-FF,42-G,44-DD,44-E,44-F,44-FF,FRSZ","Rs
2299",2069,10% off,Lingerie&Nightwear-Women
19903,Sweet dreams,Printed cotton regular fit womens capri - print,Size:X-Large,"Rs
479",431,10% off,Lingerie&Nightwear-Women
19904,Enamor,Cotton blend womens active wear t-shirt - orchid,"Size:XL,Large,Medium,Small,X-Small,XX-Large","Rs
669",468,30% off,Lingerie&Nightwear-Women
19905,Erotissch,Non wired fixed straps non padded womens bralette - double black,Size:X-Large,"Rs
1199",539,55% off,Lingerie&Nightwear-Women
19906,Soie,Womens non padded non wired solid t-shirt bra - navy,"Size:32-B,34-B,38-B,38-C,40-B,40-C","Rs
540",459,15% off,Lingerie&Nightwear-Women
19907,Amante,Womens padded non wired t-shirt bra - natural,"Size:38-C,38-D,40-D","Rs
1295",647,50% off,Lingerie&Nightwear-Women
19908,Enamor,Cotton nylon terry womens shorts - navy,Size:Small,Nan,299,No Discount,Lingerie&Nightwear-Women
19909,Soie,Womens lace wired padded push up bra - brown,"Size:32-B,34-C","Rs
980",588,40% off,Lingerie&Nightwear-Women
19910,Parfait,Wired regular straps padded womens t-shirt bra - natural,"Size:30-D,30-DD,32-D,36-F,36-FF,36-G,38-D,38-F,38-FF,38-G,40-E,40-F,40-FF,40-G,42-E,42-F,42-FF,42-G,44-DD,44-E,44-F,FRSZ","Rs
2499",2249,10% off,Lingerie&Nightwear-Women
19911,Soie,Printed viscose blend womens sleep shirt - print,"Size:Large,X-Large,XX-Large",Nan,1040,No Discount,Lingerie&Nightwear-Women
19912,Erotissch,Womens white solid night suit with satin finish - dove,"Size:Large,Medium","Rs
3990",1596,60% off,Lingerie&Nightwear-Women
19913,Soie,Non wired fixed straps non padded womens every day bra - multi,"Size:32-C,34-C,36-D,40-B","Rs
1040",884,15% off,Lingerie&Nightwear-Women
19914,Enamor,Cotton blend womens active wear t-shirt - island blue,"Size:XL,Large,Medium,Small,X-Small,XX-Large","Rs
669",468,30% off,Lingerie&Nightwear-Women
19915,Clovia,Womens cotton mid waist printed teen hipster panty in yellow - yellow,Size:Small,"Rs
499",199,60% off,Lingerie&Nightwear-Women
19916,Clovia,Womens cotton rich non-padded non-wired bra - blue,"Size:32-B,32-C","Rs
599",239,60% off,Lingerie&Nightwear-Women
19917,Clovia,Womens cotton rich non-padded non-wired bra - blue,Size:32-C,"Rs
599",239,60% off,Lingerie&Nightwear-Women
19918,Clovia,Womens non-padded non-wired bra - cotton rich - natural,Size:32-B,"Rs
599",239,60% off,Lingerie&Nightwear-Women
19919,Erotissch,Womens pink & green printed sheer cover-up dress - multi,"Size:Small,X-Large","Rs
3790",1705,55% off,Lingerie&Nightwear-Women
19920,Soie,Womens round neck solid top and shorts set - purple mix,"Size:Large,Medium,Small","Rs
1040",520,50% off,Lingerie&Nightwear-Women
19921,Enamor,Low waist hipster panty - multi,"Size:XL,Large,Medium,Small",Nan,499,No Discount,Lingerie&Nightwear-Women
19922,Soie,Womens strappy neck printed top and shorts set - sky blue,"Size:Large,Medium,Small,X-Large","Rs
1150",575,50% off,Lingerie&Nightwear-Women
19923,Soie,Womens square neck printed night dress - black,"Size:Medium,X-Large,XX-Large","Rs
1420",710,50% off,Lingerie&Nightwear-Women
19924,Enamor,T-shirt cotton bra - padded wirefree - grey melange,"Size:32-B,32-C,32-D,34-B,34-C,36-B,36-C,36-D,38-B,38-C",Nan,749,No Discount,Lingerie&Nightwear-Women
19925,Soie,Womens spaghetti neck printed top and shorts set - red,"Size:Large,Medium,Small,X-Large","Rs
1420",710,50% off,Lingerie&Nightwear-Women
19926,Enamor,Strapless t-shirt bra - full support padded wired - black,"Size:32-Z,34-Z,36-Z,38-Z,40-C,40-D,40-Z",Nan,1539,No Discount,Lingerie&Nightwear-Women
19927,Soie,Womens round neck printed top and shorts set - black,"Size:Large,Medium,Small","Rs
1150",575,50% off,Lingerie&Nightwear-Women
19928,Soie,Womens round neck solid top and shorts set - maroon,"Size:Large,Medium,Small","Rs
1040",520,50% off,Lingerie&Nightwear-Women
19929,Soie,Womens v neck solid top and pants set - navy,"Size:Large,Medium,Small","Rs
2140",1070,50% off,Lingerie&Nightwear-Women
19930,Enamor,High impact sports bra - padded wirefree front zipper - light blue,"Size:32-B,32-C,32-D,34-B,34-C,34-D,36-B,36-C,36-D,38-B,38-C",Nan,1599,No Discount,Lingerie&Nightwear-Women
19931,Erotissch,Dyed cotton v-neck womens regular fit kaftan - crown blue,"Size:Large,Medium,Small","Rs
1600",800,50% off,Lingerie&Nightwear-Women
19932,Erotissch,Multicoloured printed nightdress - multi,"Size:Large,Medium,Small,X-Large,X-Small","Rs
3390",1525,55% off,Lingerie&Nightwear-Women
19933,Parfait,Wired regular straps padded womens t-shirt bra - natural,"Size:30-D,30-DD,32-D,32-DD,34-D,34-DD,34-E,36-D,36-DD,36-E,38-D,38-DD,38-E,FRSZ","Rs
2199",1979,10% off,Lingerie&Nightwear-Women
19934,Wacoal,Wired fixed straps lightly padded womens every day bra - black,"Size:34-D,36-B",Nan,3299,No Discount,Lingerie&Nightwear-Women
19935,Enamor,Womens non padded non wired full coverage every day bra - shocking pink,Size:32-C,"Rs
699",349,50% off,Lingerie&Nightwear-Women
19936,Soie,Wired fixed straps non padded womens every day bra - blue,"Size:32-B,32-C,32-D,34-B,34-C,34-D,36-B,36-C,38-B",Nan,1130,No Discount,Lingerie&Nightwear-Women
19937,Sloggi,Polyester blend regular fit womens active wear t-shirt - black,"Size:Large,Medium,Small,X-Small",Nan,2099,No Discount,Lingerie&Nightwear-Women
19938,Soie,Womens soft cotton modal lounge t-shirt - red,"Size:Large,Medium,Small,X-Large,XX-Large","Rs
640",480,25% off,Lingerie&Nightwear-Women
19939,Parfait,Non wired removable straps non padded womens bralette - lavender,"Size:32-C,34-C,36-C","Rs
2199",1979,10% off,Lingerie&Nightwear-Women
19940,Sweet dreams,Solid blended regular fit womens pyjamas - navy,"Size:Large,Medium,Small,X-Large,XX-Large,XXX-Large","Rs
799",719,10% off,Lingerie&Nightwear-Women
19941,Enamor,Womens printed non padded non wired t-shirt bra - feather grey,Size:38-C,Nan,699,No Discount,Lingerie&Nightwear-Women
19942,Ultimo,Womens solid padded underwired t-shirt bra - red,"Size:34-DD,36-D,36-DD,38-D,38-DD,42-C,Error Size",Nan,1695,No Discount,Lingerie&Nightwear-Women
19943,Van heusen,Cotton stretch womens intimatewear hipsters - multi,Size:Small,Nan,429,No Discount,Lingerie&Nightwear-Women
19944,Kaftan company,Womens sea green flora loungewear kaftan - seagreen,Size:Small,Nan,2999,No Discount,Lingerie&Nightwear-Women
19945,Kaftan company,Printed v-neck viscose womens regular fit night dress - yellow,Size:Medium,Nan,1699,No Discount,Lingerie&Nightwear-Women
19946,Enamor,Womens non padded non wired full coverage every day bra - natural,"Size:32-Z,34-Z,36-Z,38-C,38-D,38-Z,40-C,40-D,40-Z",Nan,959,No Discount,Lingerie&Nightwear-Women
19947,Enamor,Womens solid padded non wired full coverage bra - blue,"Size:32-B,38-B","Rs
1299",909,30% off,Lingerie&Nightwear-Women
19948,Kaftan company,Cotton full sleeves maxi night dress - white,"Size:Large,Medium,Small,X-Large,XX-Large,XXX-Large",Nan,2499,No Discount,Lingerie&Nightwear-Women
19949,Jockey,Tactel nylon womens t-shirt - black,Size:Error Size,Nan,1499,No Discount,Lingerie&Nightwear-Women
19950,Kaftan company,Printed v-neck polyester womens regular fit night dress - pink,"Size:Large,Medium,Small,X-Large,XX-Large,XXX-Large",Nan,1299,No Discount,Lingerie&Nightwear-Women
19951,Adidas,Stripes polyester fitted womens sports bra - grey,"Size:Large,Medium,Small,X-Large","Rs
2799",1959,30% off,Lingerie&Nightwear-Women
19952,Sweet dreams,Printed cotton regular fit womens nightsuit - salmon,"Size:Large,Medium,Small,X-Large","Rs
1549",1084,30% off,Lingerie&Nightwear-Women
19953,Triumph,Womens lace padded non wired t-shirt bra - black,"Size:34-C,34-D,34-E,36-C,36-D,36-E,36-F,38-C,38-D,38-E,38-F,40-D,40-E,40-F,40-G,42-D,42-E,42-G",Nan,1699,No Discount,Lingerie&Nightwear-Women
19954,Kaftan company,Printed v-neck viscose womens regular fit night dress - pink,"Size:Large,Medium,Small,X-Large,XX-Large,XXX-Large",Nan,2299,No Discount,Lingerie&Nightwear-Women
19955,Soie,Cotton short length womens regular fit night dress - black,"Size:Large,Medium,Small,X-Large,XX-Large","Rs
1040",780,25% off,Lingerie&Nightwear-Women
19956,Parfait,Womens ciara bralette - sea green,"Size:30-D,30-DD,32-D,38-D","Rs
2199",1979,10% off,Lingerie&Nightwear-Women
19957,Enamor,Womens lace bikini briefs - pale peach,Size:XX-Large,"Rs
499",349,30% off,Lingerie&Nightwear-Women
19958,Triumph,Womens solid padded non wired full coverage bra - ice blue,"Size:32-B,32-C,36-B","Rs
2699",1349,50% off,Lingerie&Nightwear-Women
19959,Crimsoune club,Striped cotton regular fit womens night suit - white,"Size:Large,Medium,Small,X-Large","Rs
2499",1249,50% off,Lingerie&Nightwear-Women
19960,Wacoal,Non-wired fixed strap padded womens every day bra - ice blue,"Size:32-B,32-C,32-D,32-DD,34-B,34-C,34-D,34-DD,36-B,36-C,36-D,38-B,38-C",Nan,2999,No Discount,Lingerie&Nightwear-Women
19961,Parfait,Wired removable straps non padded womens every day bra - black,Size:34-C,"Rs
2299",2069,10% off,Lingerie&Nightwear-Women
19962,Mystere paris,Textured cotton regular fit womens shorts - navy,Size:X-Large,"Rs
599",359,40% off,Lingerie&Nightwear-Women
19963,Mystere paris,Striped rayon collared neck womens night suit - green,"Size:Large,Medium,Small,X-Large,XX-Large","Rs
1599",959,40% off,Lingerie&Nightwear-Women
19964,Sloggi,Non wired fixed strap heavily padded womens every day bra - blue,"Size:Large,Medium,Small,X-Small",Nan,2699,No Discount,Lingerie&Nightwear-Women
19965,Kaftan company,Half sleeves nightwear womens sleepwear set - mustard,"Size:Large,Medium,Small,X-Large,XX-Large,XXX-Large",Nan,2499,No Discount,Lingerie&Nightwear-Women
19966,Van heusen,Wired halter strap lightly padded womens every day bra - blue,"Size:30-B,30-C,32-B,32-C,34-B,34-C,36-B",Nan,1299,No Discount,Lingerie&Nightwear-Women
19967,Triumph,Non wired fixed straps non padded womens every day bra - natural,Size:38-E,Nan,1049,No Discount,Lingerie&Nightwear-Women
19968,Sloggi,Polyester blend womens intimate wear panties - grey,"Size:Large,Medium,Small,X-Small",Nan,999,No Discount,Lingerie&Nightwear-Women
19969,Enamor,Cotton lycra womens hipster panties - silver cloud,"Size:XL,Large,Medium,Small",Nan,399,No Discount,Lingerie&Nightwear-Women
19970,Groversons paris beauty,Womens full coverage padded womens full coverage everyday bra - white,"Size:34-B,36-B,38-B",Nan,615,No Discount,Lingerie&Nightwear-Women
19971,Amante,Womens solid padded wired shimmer push up bra - pink,Size:38-C,"Rs
1495",747,50% off,Lingerie&Nightwear-Women
19972,Enamor,Mid waist panty - maroon,Size:Small,Nan,399,No Discount,Lingerie&Nightwear-Women
19973,Enamor,Full support cotton bra - x-frame high coverage non-padded wirefree - charcoal,"Size:34-Z,36-Z,38-Z,40-C,40-D,40-Z",Nan,879,No Discount,Lingerie&Nightwear-Women
19974,Parfait,Wired regular straps padded womens every day bra - natural,"Size:30-DD,36-F,36-FF,36-G,38-E,38-F,38-FF,38-G,40-E,40-F,40-FF,40-G,42-F,42-FF,42-G,44-FF,44-G","Rs
2399",2159,10% off,Lingerie&Nightwear-Women
19975,Van heusen,Non wired fixed straps non padded womens every day bra - plum,"Size:30-B,32-B,34-B,36-B",Nan,629,No Discount,Lingerie&Nightwear-Women
19976,Soie,Womens non wired non padded solid full coverage bra - navy,"Size:32-B,32-C,34-B,38-B,38-C,38-D,40-B,40-C","Rs
590",501,15% off,Lingerie&Nightwear-Women
19977,Triumph,Non wired strapless heavily padded womens t-shirt bra - black,"Size:34-C,34-D,34-E,34-F,36-C,36-D,36-E,36-F,38-C,38-D,38-E,38-F","Rs
2099",1259,40% off,Lingerie&Nightwear-Women
19978,Puma,Polyester regular fit womens sports bra - blue,"Size:Large,Medium,Small,X-Large,X-Small","Rs
2999",2099,30% off,Lingerie&Nightwear-Women
19979,Triumph,Womens contouring padded wired bra - natural,"Size:34-D,40-C,40-E","Rs
2499",1249,50% off,Lingerie&Nightwear-Women
19980,Triumph,Non-wired fixed strap padded womens sports bra - multi,"Size:Large,Medium,Small,X-Large",Nan,2199,No Discount,Lingerie&Nightwear-Women
19981,Groversons paris beauty,Womens plus size cotton lycra full coverage everyday bra - natural,"Size:32-B,32-C,32-D,34-B,34-C,34-D,36-B,36-C,36-D",Nan,669,No Discount,Lingerie&Nightwear-Women
19982,Kaftan company,Satin half sleeves midi night dress - blue,"Size:Large,Medium,X-Large,XX-Large",Nan,2999,No Discount,Lingerie&Nightwear-Women
19983,Sweet dreams,Printed cotton regular fit womens sleepwear set - olive,"Size:Large,Medium,Small,X-Large,XX-Large,XXX-Large","Rs
1699",1019,40% off,Lingerie&Nightwear-Women
19984,Parfait,Wired regular straps non padded womens every day bra - natural,"Size:30-D,30-DD,38-FF,FRSZ","Rs
2399",2159,10% off,Lingerie&Nightwear-Women
19985,Amante,Womens printed hipster briefs - coral,Size:Small,"Rs
495",272,45% off,Lingerie&Nightwear-Women
19986,Enamor,Womens non padded non wired full coverage every day bra - tomato,"Size:32-B,32-C,32-D,32-Z,34-B,34-C,34-Z,36-B,36-C,36-D,36-Z,38-B,38-C,38-D,38-Z,40-C,40-D,42-B",Nan,649,No Discount,Lingerie&Nightwear-Women
19987,Sweet dreams,Printed cotton blend round neck womens sleepwear set - mustard,"Size:Medium,Small,X-Large","Rs
1049",629,40% off,Lingerie&Nightwear-Women
19988,Amante,Womens solid padded wired t-shirt bra - pink,"Size:32-B,32-C,32-D,34-B,34-C,34-D,36-B,36-C,36-D,38-C,38-D,40-C,40-D",Nan,1195,No Discount,Lingerie&Nightwear-Women
19989,Enamor,Womens lace bikini briefs - red mix,Size:Small,"Rs
499",349,30% off,Lingerie&Nightwear-Women
19990,Jockey,Womens padded underwired solid t-shirt bra - white,"Size:32-B,32-C,34-B,34-C,36-B,36-C,38-B",Nan,729,No Discount,Lingerie&Nightwear-Women
19991,Soie,Womens solid non wired non padded full coverage bra - blue,"Size:36-B,36-DD,38-B,38-C,38-DD,40-D,40-DD","Rs
590",560,5% off,Lingerie&Nightwear-Women
19992,Sweet dreams,Solid cotton round neck womens night dress - black,"Size:Large,Medium,Small,X-Large","Rs
1549",1084,30% off,Lingerie&Nightwear-Women
19993,Soie,Womens boat neck printed night dress - apricot,Size:Small,"Rs
1530",918,40% off,Lingerie&Nightwear-Women
19994,Wacoal,Blended knit womens intimatewear regular briefs - pink,Size:Large,"Rs
895",447,50% off,Lingerie&Nightwear-Women
19995,Amante,Solid nylon low rise womens bikini panty - purple,"Size:Large,Medium,Small,X-Large",Nan,495,No Discount,Lingerie&Nightwear-Women
19996,Kaftan company,Cotton half sleeves maxi night dress - red,Size:Small,Nan,2499,No Discount,Lingerie&Nightwear-Women
19997,Kaftan company,Printed v-neck satin womens night dress - pink,"Size:Large,Medium,Small,X-Large,XX-Large,XXX-Large",Nan,2199,No Discount,Lingerie&Nightwear-Women
19998,Groversons paris beauty,Womens plus size cotton lycra full coverage everyday bra - black,"Size:32-B,32-C,32-D,34-B,34-C,34-D,36-B,36-C,36-D",Nan,499,No Discount,Lingerie&Nightwear-Women
19999,Soie,Wired fixed straps lightly padded womens t-shirt bra - multi,Size:38-B,"Rs
1520",988,35% off,Lingerie&Nightwear-Women
20000,Parfait,Wired fixed straps non padded womens minimiser bra - blue,"Size:32-D,32-DD,32-E,32-F,32-FF,32-G,34-D,34-DD,34-E,34-F,34-FF,34-G,36-D,36-DD,36-E,36-F,36-FF,36-G,38-D,38-DD,38-E,38-F,38-FF,38-G,40-D,40-DD,40-E,40-F,40-FF,40-G,42-D,42-DD,42-E,42-F,42-FF,42-G,44-D,44-DD,44-E,44-F,44-FF,44-G","Rs
2499",2249,10% off,Lingerie&Nightwear-Women
20001,Parfait,Wired fixed straps non padded womens every day bra - black,"Size:32-D,32-DD,32-E,32-F,34-D,34-DD,34-E,34-F,36-E,36-F,38-D,38-DD,38-E,38-F,40-E,40-F","Rs
2099",1889,10% off,Lingerie&Nightwear-Women
20002,Enamor,Womens solid padded non wired full coverage bra - black,"Size:32-B,32-C,32-D,32-Z,34-B,36-B,36-C,36-D,38-B,38-C",Nan,1699,No Discount,Lingerie&Nightwear-Women
20003,Enamor,Womens slub padded non wired sports bra - pink,Size:XL,"Rs
1085",651,40% off,Lingerie&Nightwear-Women
20004,Triumph,Non wired fixed straps heavily padded womens every day bra - black,"Size:Large,Medium,Small,X-Large","Rs
2699",1619,40% off,Lingerie&Nightwear-Women
20005,Erotissch,Satin regular fit womens knee length night suit - nocolor,"Size:Large,Medium,Small,X-Large","Rs
1699",849,50% off,Lingerie&Nightwear-Women
20006,Erotissch,Dyed cotton v-neck womens regular fit kaftan - maple,Size:Large,"Rs
1600",800,50% off,Lingerie&Nightwear-Women
20007,Erotissch,Solid satin cowl neck womens regular fit nightie - cokeley mustard,"Size:Large,Medium,Small,X-Large","Rs
1699",849,50% off,Lingerie&Nightwear-Women
20008,Soie,Printed viscose blend womens pyjama - multicount verticle slub,"Size:Large,Medium,Small,X-Large,X-Small,XX-Large","Rs
1480",1258,15% off,Lingerie&Nightwear-Women
20009,Erotissch,Cotton mid rise womens sleepwear set - retro navy,"Size:Large,Medium,Small,X-Large","Rs
1999",999,50% off,Lingerie&Nightwear-Women
20010,Mystere paris,Cotton regular fit womens activewear shorts - grey,"Size:Large,Medium,Small,X-Large,XX-Large","Rs
499",299,40% off,Lingerie&Nightwear-Women
20011,Erotissch,Maroon mesh detail hipster briefs - purple,"Size:Large,Medium,Small","Rs
799",399,50% off,Lingerie&Nightwear-Women
20012,Erotissch,Cotton mid rise womens sleepwear set - lilac,"Size:Large,Medium,Small,X-Large","Rs
1299",584,55% off,Lingerie&Nightwear-Women
20013,Erotissch,Floral nylon womens intimatewear briefs - teal,"Size:Medium,Small","Rs
699",314,55% off,Lingerie&Nightwear-Women
20014,Erotissch,Polyester blend womens bodysuit - mixed darks,"Size:Large,Medium,Small,X-Large","Rs
1449",652,55% off,Lingerie&Nightwear-Women
20015,Erotissch,Satin mid rise womens shorts - retro navy,"Size:Large,Medium,Small,X-Large","Rs
1299",649,50% off,Lingerie&Nightwear-Women
20016,Erotissch,Floral georgette v-neck womens regular fit kaftan - cocoa,"Size:Large,Medium,Small,X-Large,X-Small,XX-Large","Rs
1999",1299,35% off,Lingerie&Nightwear-Women
20017,Triumph,Printed cotton round neck womens night dress - blue,"Size:Large,Medium,Small,X-Large",Nan,1599,No Discount,Lingerie&Nightwear-Women
20018,Clovia,Womens striped non-padded non-wired bra - grey,"Size:32-B,32-C","Rs
599",239,60% off,Lingerie&Nightwear-Women
20019,Erotissch,Womens navy blue solid satin finish mini robe - navy,"Size:Large,Medium,Small,X-Large","Rs
4290",2788,35% off,Lingerie&Nightwear-Women
20020,Clovia,Womens cotton non-padded non-wired bra - natural,"Size:32-B,32-C","Rs
599",239,60% off,Lingerie&Nightwear-Women
20021,Amante,Womens solid underwired padded push up bra - black,"Size:32-B,32-C,32-D,34-B,34-C,34-D,36-B,36-C,36-D,38-B,38-C,38-D","Rs
1245",871,30% off,Lingerie&Nightwear-Women
20022,Miss chase,Solid cotton regular fit womens shorts - yellow,"Size:Large,Medium,Small,X-Large,X-Small",Nan,999,No Discount,Lingerie&Nightwear-Women
20023,Clovia,Womens cotton rich non-padded non-wired pineapple print bra - pink,"Size:32-B,32-C","Rs
599",239,60% off,Lingerie&Nightwear-Women
20024,Clovia,Womens cotton non-wired non-padded printed bra with racerback - green,"Size:32-B,32-C,34-B,36-B,36-C","Rs
599",239,60% off,Lingerie&Nightwear-Women
20025,Erotissch,Womens multicoloured printed semi-sheer cover-up dress - multi,"Size:Large,Medium,Small,X-Large","Rs
3290",1480,55% off,Lingerie&Nightwear-Women
20026,Enamor,Womens high waisted color block leggings with 2 hip pockets - denim black,Size:Medium,Nan,1499,No Discount,Lingerie&Nightwear-Women
20027,Jockey,Lightly padded womens bra - black mix,Size:Error Size,Nan,1199,No Discount,Lingerie&Nightwear-Women
20028,Soie,Printed viscose blend womens pyjama - used whiskers,"Size:Large,Medium,Small,X-Large,X-Small,XX-Large","Rs
1480",1258,15% off,Lingerie&Nightwear-Women
20029,Triumph,Womens solid hipster briefs pack of 2 - mixed brights,Size:X-Small,"Rs
799",399,50% off,Lingerie&Nightwear-Women
20030,Soie,Womens solid lace wired padded plunge bra - grey,"Size:32-B,36-B","Rs
1570",785,50% off,Lingerie&Nightwear-Women
20031,Groversons paris beauty,Womens full coverage padded womens full coverage everyday bra - black,Size:34-B,Nan,660,No Discount,Lingerie&Nightwear-Women
20032,Erotissch,Womens yellow & white colour-blocked bikini briefs - banana,Size:Small,"Rs
790",355,55% off,Lingerie&Nightwear-Women
20033,Amante,Womens printed bikini briefs - pack of 3 - mixed brights,Size:X-Large,Nan,545,No Discount,Lingerie&Nightwear-Women
20034,Soie,Womens key hole neck slub night dress - purple,"Size:Large,Medium","Rs
1420",852,40% off,Lingerie&Nightwear-Women
20035,Sloggi,Polyester blend womens intimate wear shapewear - yellow,"Size:Medium,Small",Nan,2999,No Discount,Lingerie&Nightwear-Women
20036,Enamor,Cotton blend round neck womens active wear t-shirt - blue melange,"Size:XL,Large,Medium",Nan,599,No Discount,Lingerie&Nightwear-Women
20037,Parfait,Wired regular straps padded womens every day bra - black,"Size:36-G,38-F,38-G,40-G,42-G","Rs
2199",1979,10% off,Lingerie&Nightwear-Women
20038,Enamor,Womens non padded non wired full coverage every day bra - red mix,Size:32-D,"Rs
599",299,50% off,Lingerie&Nightwear-Women
20039,Soie,Rayon regular fit womens night wear pyajamas - pink,"Size:Large,Medium,Small,X-Large,X-Small,XX-Large","Rs
740",666,10% off,Lingerie&Nightwear-Women
20040,Mystere paris,Cute cactus print maternity shorts - maroon,"Size:Large,Medium","Rs
899",539,40% off,Lingerie&Nightwear-Women
20041,Enamor,Non-wired racerback straps non padded womens every day bra - capri blue,"Size:34-C,36-C,36-Z,38-B,38-D",Nan,799,No Discount,Lingerie&Nightwear-Women
20042,Ultimo,Womens solid padded non wired t-shirt bra - red,"Size:36-DD,38-DD,42-C,42-D,Error Size",Nan,2295,No Discount,Lingerie&Nightwear-Women
20043,Sloggi,Polyester blend womens intimate wear panties - red,Size:Large,Nan,1099,No Discount,Lingerie&Nightwear-Women
20044,Amante,Womens non padded non wired full coverage bra - white,Size:36-D,Nan,1195,No Discount,Lingerie&Nightwear-Women
20045,Triumph,Womens nylon blend midi briefs - brown tone,Size:Small,"Rs
599",299,50% off,Lingerie&Nightwear-Women
20046,Sweet dreams,Printed cotton spandex regular fit womens sleepwear set - bubblegum,"Size:Large,Medium","Rs
1399",839,40% off,Lingerie&Nightwear-Women
20047,Kaftan company,Womens charcoal striped batik hand block kaftan - black,"Size:Medium,Small",Nan,2699,No Discount,Lingerie&Nightwear-Women
20048,Groversons paris beauty,Womens full coverage padded womens full coverage everyday bra - wine,"Size:34-B,36-B,38-B",Nan,650,No Discount,Lingerie&Nightwear-Women
20049,Soie,Cotton short length womens regular fit night dress - black,"Size:Large,X-Large","Rs
590",442,25% off,Lingerie&Nightwear-Women
20050,Soie,Cotton regular fit short length womens camisole - multi,"Size:Large,Medium,Small,X-Large","Rs
980",931,5% off,Lingerie&Nightwear-Women
20051,Soie,Non wired fixed straps non padded womens every day bra - multi,"Size:34-B,34-C,38-B,Error Size","Rs
1280",768,40% off,Lingerie&Nightwear-Women
20052,Mystere paris,Textured cotton regular fit womens shorts - green,Size:X-Large,"Rs
599",359,40% off,Lingerie&Nightwear-Women
20053,Erotissch,Womens purple embroidered lace bodysuit - purple,Size:X-Large,"Rs
2490",996,60% off,Lingerie&Nightwear-Women
20054,Amante,Womens solid underwired padded push up bra - ink blue,"Size:32-B,32-C,32-D,34-B,34-C,34-D,36-B,36-C,36-D,38-B,38-C,38-D","Rs
1245",871,30% off,Lingerie&Nightwear-Women
20055,Amante,Womens lace non wired padded full coverage bra - black mix,"Size:32-C,36-B","Rs
1895",1137,40% off,Lingerie&Nightwear-Women
20056,Clovia,Womens cotton rich non-padded non-wired cherry print bra - multi,"Size:32-B,32-C","Rs
599",239,60% off,Lingerie&Nightwear-Women
20057,Clovia,Womens cotton rich non-padded non-wired bra with mesh inserts - grey,"Size:32-B,32-C,34-B,34-C","Rs
599",299,50% off,Lingerie&Nightwear-Women
20058,Wacoal,Wired fixed strap padded womens every day bra - green,"Size:32-A,32-B,32-C,32-D,34-B,34-C,34-D,36-B,36-C",Nan,2399,No Discount,Lingerie&Nightwear-Women
20059,Triumph,Non wired halter strap non padded womens beginner bra - natural,"Size:32-B,32-C,32-D,34-B,34-C,34-D,36-B,36-C,36-D,38-C,38-D,40-D",Nan,899,No Discount,Lingerie&Nightwear-Women
20060,Soie,Womens knee length soft cotton sleepshirt - pink mix,"Size:Large,Medium,Small,X-Large,XX-Large","Rs
1420",1065,25% off,Lingerie&Nightwear-Women
20061,Enamor,Cotton blend round neck womens active wear t-shirt - vintage indigo,"Size:XL,Large,Medium,Small",Nan,899,No Discount,Lingerie&Nightwear-Women
20062,Van heusen,Non wired multiway straps heavily padded womens every day bra - red,"Size:30-B,32-B,34-D,36-C,36-D,38-B,38-C,38-D",Nan,949,No Discount,Lingerie&Nightwear-Women
20063,Kaftan company,Womens floral garden loungewear kaftan - off white,"Size:Medium,Small,XX-Large,XXX-Large",Nan,3099,No Discount,Lingerie&Nightwear-Women
20064,Wacoal,Blended knit intimate wear womens panties - dark blue,"Size:Large,Medium,Small,X-Large","Rs
895",716,20% off,Lingerie&Nightwear-Women
20065,Soie,Womens round neck solid camisole - purple,"Size:Large,Medium,Small,X-Large,XX-Large",Nan,380,No Discount,Lingerie&Nightwear-Women
20066,Allen solly,Cotton regular fit womens activewear t-shirt - blue,"Size:Large,Medium,Small,X-Large",Nan,799,No Discount,Lingerie&Nightwear-Women
20067,Wacoal,Nylon mid rise womens regular briefs - pink,"Size:Large,Medium","Rs
595",476,20% off,Lingerie&Nightwear-Women
20068,Triumph,Non wired fixed strap non padded womens maternity bra - dusty pink,"Size:36-B,36-C,36-D,36-E,38-B,38-C,38-D,40-B,40-C,40-D",Nan,1049,No Discount,Lingerie&Nightwear-Women
20069,Soie,Soft cotton regular fit womens sleep t-shirt - blue,"Size:Large,Medium,Small,X-Large,XX-Large","Rs
590",442,25% off,Lingerie&Nightwear-Women
20070,Soie,Cotton short length womens regular fit night dress - red,"Size:Large,Medium,Small,X-Large,XX-Large","Rs
640",480,25% off,Lingerie&Nightwear-Women
20071,Enamor,Low waist co-ordinate lace panty? - light blue,"Size:XL,XX-Large","Rs
499",349,30% off,Lingerie&Nightwear-Women
20072,Erotissch,Womens purple solid bralette top - purple,"Size:Large,Medium,Small,X-Large,X-Small","Rs
1990",796,60% off,Lingerie&Nightwear-Women
20073,Van heusen,Wired halter strap lightly padded womens every day bra - mauve,"Size:32-C,34-B,34-C,36-B,36-C,38-B,38-C",Nan,1299,No Discount,Lingerie&Nightwear-Women
20074,Enamor,Womens printed padded non wired t-shirt bra - cherry,"Size:32-B,32-C,32-D,36-B,36-C,36-D,38-C","Rs
1049",734,30% off,Lingerie&Nightwear-Women
20075,Soie,Womens semi-medium coverage padded non-wired satin panelled t-shirt bra - brown,"Size:32-B,32-C,34-B,34-C,34-D,36-B,36-C,40-C",Nan,690,No Discount,Lingerie&Nightwear-Women
20076,Van heusen,Non-wired fixed strap womens everyday bra - natural,"Size:30-B,32-B,32-C,34-B,34-C,34-D,36-B,36-C,36-D,38-B",Nan,959,No Discount,Lingerie&Nightwear-Women
20077,Wacoal,Wired fixed straps lightly padded womens every day bra - natural,"Size:32-G,34-C,36-C,36-E,36-G,38-C,40-C,40-DD,40-E,40-G,42-E,42-G,44-D,44-DD,44-E",Nan,3699,No Discount,Lingerie&Nightwear-Women
20078,Amante,Printed cotton low rise womens bikini panty - blackout,"Size:Large,Medium,Small,XX-Large",Nan,545,No Discount,Lingerie&Nightwear-Women
20079,Amante,Non-wired regular strap padded womens t-shirt bra - baby pink,Size:38-B,Nan,945,No Discount,Lingerie&Nightwear-Women
20080,Amante,Womens solid padded non wired t-shirt bra - black,"Size:32-C,34-D,36-B,36-C,36-D,38-B,38-C",Nan,845,No Discount,Lingerie&Nightwear-Women
20081,Parfait,Solid nylon womens camisole - multi,"Size:4X-Large,Medium,X-Large,XX-Large,XXX-Large","Rs
3499",2799,20% off,Lingerie&Nightwear-Women
20082,Kaftan company,Printed v-neck viscose womens regular fit night dress - red,"Size:Large,Medium,Small,X-Large,XX-Large",Nan,1699,No Discount,Lingerie&Nightwear-Women
20083,Soie,Womens v neck solid top and pant set - white,"Size:Large,Medium,Small","Rs
1530",765,50% off,Lingerie&Nightwear-Women
20084,Van heusen,Non wired multiway straps heavily padded womens every day bra - pink,"Size:30-B,32-B,32-C,34-B,34-C,34-D,36-B,36-C,36-D,38-B,38-C,38-D",Nan,749,No Discount,Lingerie&Nightwear-Women
20085,Soie,Womens lace night gown - red,"Size:Large,Medium,Small","Rs
2400",1800,25% off,Lingerie&Nightwear-Women
20086,Erotissch,Printed rayon regular womens sleepwear set - butter cup,"Size:Large,Medium,Small,X-Large,XX-Large","Rs
2999",1949,35% off,Lingerie&Nightwear-Women
20087,Amante,Womens solid padded non wired t-shirt bra - mixed pastels,Size:32-D,"Rs
1395",697,50% off,Lingerie&Nightwear-Women
20088,Soie,Womens round neck printed night dress - peach,"Size:Large,Medium,Small,X-Large","Rs
1040",780,25% off,Lingerie&Nightwear-Women
20089,Kaftan company,Printed v-neck cotton womens night dress - green,"Size:Large,Medium,Small,X-Large,XX-Large,XXX-Large",Nan,1999,No Discount,Lingerie&Nightwear-Women
20090,Jockey,Womens 2 pocket floral printed shorts - pale peach,"Size:Large,Medium,Small",Nan,599,No Discount,Lingerie&Nightwear-Women
20091,Wacoal,Womens solid full coverage bra - cream,"Size:32-C,32-D,34-D,36-B,36-D,38-C",Nan,1899,No Discount,Lingerie&Nightwear-Women
20092,Enamor,Womens lace babydoll with hipster briefs - charcoal,"Size:XL,Large,Medium,Small",Nan,1999,No Discount,Lingerie&Nightwear-Women
20093,Crimsoune club,Printed cotton regular fit womens night suit - white,"Size:Large,Medium,Small,X-Large","Rs
2299",1149,50% off,Lingerie&Nightwear-Women
20094,Soie,Cotton short length womens regular fit night dress - red,"Size:Large,Medium,Small,X-Large,XX-Large","Rs
1040",780,25% off,Lingerie&Nightwear-Women
20095,Triumph,Non wired fixed straps non padded womens every day bra - black,"Size:42-E,42-F",Nan,1599,No Discount,Lingerie&Nightwear-Women
20096,Triumph,Cotton blend high rise womens regular briefs - blue,"Size:Large,Medium,Small,X-Large",Nan,799,No Discount,Lingerie&Nightwear-Women
20097,Kaftan company,Womens starry polygon sheet kaftan with inner slip - natural,"Size:Large,Medium,Small,X-Large,XX-Large,XXX-Large",Nan,2899,No Discount,Lingerie&Nightwear-Women
20098,Enamor,Cotton blend round neck womens active wear t-shirt - bubblegum,"Size:Large,Medium,Small",Nan,579,No Discount,Lingerie&Nightwear-Women
20099,Sweet dreams,Solid cotton blend round neck womens t-shirt - blue,"Size:Large,Medium,Small","Rs
449",404,10% off,Lingerie&Nightwear-Women
20100,Jockey,Womens t-shirt - lime green,Size:Error Size,Nan,749,No Discount,Lingerie&Nightwear-Women
20101,Kaftan company,Printed viscose v neck womens night dress - green,"Size:Large,Medium,Small,X-Large,XX-Large,XXX-Large",Nan,3299,No Discount,Lingerie&Nightwear-Women
20102,Sweet dreams,Printed cotton blend regular fit womens nightsuit - butter,"Size:Large,Medium,Small,X-Large,XX-Large","Rs
1549",1084,30% off,Lingerie&Nightwear-Women
20103,Triumph,Non wired fixed straps non padded womens every day bra - black,Size:32-D,Nan,1699,No Discount,Lingerie&Nightwear-Women
20104,Enamor,T-shirt cotton bra - padded wirefree - natural,Size:38-D,Nan,749,No Discount,Lingerie&Nightwear-Women
20105,Amante,Womens solid non padded non wired full coverage bra - white,"Size:34-C,34-D,34-DD,36-C,36-D,36-DD,38-C,38-D,38-DD,40-C,40-D,40-DD",Nan,1295,No Discount,Lingerie&Nightwear-Women
20106,Triumph,Polyester womens intimatewear panty - green,"Size:Large,Medium,Small,X-Large","Rs
1299",779,40% off,Lingerie&Nightwear-Women
20107,Enamor,Womens solid bikini briefs - charcoal,"Size:XL,Large,Medium,Small",Nan,599,No Discount,Lingerie&Nightwear-Women
20108,Kaftan company,Printed v-neck modal womens regular fit night dress - grey,"Size:Large,Medium,Small,X-Large,XX-Large",Nan,1999,No Discount,Lingerie&Nightwear-Women
20109,Indya,Printed cotton regular fit tie dye kurta and pants set - blue,"Size:Large,Medium,Small,X-Large,X-Small,XX-Large",Nan,2600,No Discount,Lingerie&Nightwear-Women
20110,Triumph,Printed viscose round neck womens night dress - white,"Size:Large,Medium,Small",Nan,2999,No Discount,Lingerie&Nightwear-Women
20111,Enamor,Bikini panty - multi,"Size:XL,Large,Medium,Small",Nan,399,No Discount,Lingerie&Nightwear-Women
20112,Jockey,Womens 2 pocket floral printed shorts - navy,"Size:Large,Medium,Small",Nan,599,No Discount,Lingerie&Nightwear-Women
20113,Groversons paris beauty,Womens full coverage padded womens full coverage everyday bra - royal blue,"Size:30-B,32-B,34-B",Nan,518,No Discount,Lingerie&Nightwear-Women
20114,Faballey,Sleeveless casual wear womens sleepwear set - white,"Size:Large,Medium,Small,X-Large,X-Small","Rs
2200",1100,50% off,Lingerie&Nightwear-Women
20115,Mystere paris,Striped rayon collared neck womens night suit - red,"Size:Large,Medium,Small,X-Large,XX-Large","Rs
1399",839,40% off,Lingerie&Nightwear-Women
20116,Enamor,Womens non padded wired racerback strap everyday bra - chalk pink,"Size:34-Z,36-Z,38-Z,40-Z",Nan,1369,No Discount,Lingerie&Nightwear-Women
20117,Kaftan company,Printed viscose v neck womens night dress - pink,"Size:Large,Medium,Small,X-Large,XX-Large,XXX-Large",Nan,3299,No Discount,Lingerie&Nightwear-Women
20118,Triumph,Printed cotton round neck womens sleepwear set - grey tone,"Size:36,38,40,42","Rs
2999",2249,25% off,Lingerie&Nightwear-Women
20119,Triumph,Polyester blend high rise womens regular briefs - red,"Size:Large,Medium,Small,X-Large",Nan,599,No Discount,Lingerie&Nightwear-Women
20120,Enamor,Womens non padded non wired full coverage every day bra - blue melange,"Size:32-B,32-C,32-D,32-Z,34-B,34-C,34-Z,36-B,36-C,36-D,36-Z,38-B,38-C,38-D,38-Z,40-C,40-D,42-B",Nan,649,No Discount,Lingerie&Nightwear-Women
20121,Mystere paris,Cotton womens sleepsuit - green,"Size:Large,Medium,Small,X-Large,XX-Large","Rs
1599",959,40% off,Lingerie&Nightwear-Women
20122,Groversons paris beauty,Womens plus size cotton lycra full coverage everyday bra - white,"Size:32-B,32-C,32-D,34-B,34-C,34-D,36-B,36-C,36-D",Nan,669,No Discount,Lingerie&Nightwear-Women
20123,Jockey,Women cotton bikini brief(assorted pack of 2) - mixed darks,"Size:Large,Medium,Small,X-Large,XX-Large",Nan,418,No Discount,Lingerie&Nightwear-Women
20124,Wacoal,Non wired fixed strap non padded womens every day bra - black,"Size:38-D,40-B,40-C,40-D,42-B,42-C,42-D","Rs
1995",1396,30% off,Lingerie&Nightwear-Women
20125,Amante,Printed cotton high rise womens regular panty - blackout,"Size:Large,Medium,Small,XX-Large",Nan,695,No Discount,Lingerie&Nightwear-Women
20126,Wacoal,Blended knit intimate wear womens panties - strawberry pink,"Size:Large,Medium,Small,X-Large","Rs
595",416,30% off,Lingerie&Nightwear-Women
20127,Soie,Womens round neck printed long top - natural,"Size:Large,X-Large","Rs
1040",780,25% off,Lingerie&Nightwear-Women
20128,Enamor,Cotton blend compression fit womens night wear shorts - navy,"Size:XL,Large,Medium,Small",Nan,759,No Discount,Lingerie&Nightwear-Women
20129,Soie,Non wired fixed straps non padded womens every day bra - peach,"Size:32-B,32-C,32-D,32-DD,34-B,34-C,34-D,34-DD,36-B,36-C,36-D,36-DD,38-B,38-C,38-D,38-DD,40-B,40-C,40-D,42-B,42-C,42-D,44-C,44-D","Rs
740",703,5% off,Lingerie&Nightwear-Women
20130,Parfait,Wired fixed straps non padded womens every day bra - red,"Size:32-D,32-DD,32-E,32-F,32-FF,32-G,32-H,34-D,34-DD,34-E,34-F,34-FF,34-G,34-GG,34-H,36-D,36-DD,36-E,36-F,36-FF,36-G,36-GG,36-H,38-D,38-DD,38-E,38-F,38-FF,38-G,38-GG,38-H,40-D,40-DD,40-E,40-F,40-FF,40-G,40-GG,40-H,42-D,42-DD,42-E,42-F,42-FF,42-G,44-D,44-DD,44-E,44-F,44-FF,44-G,FREE SIZE 10,FREE SIZE 11,FREE SIZE 13","Rs
2299",2069,10% off,Lingerie&Nightwear-Women
20131,Parfait,Wired fixed straps non padded womens every day bra - natural,"Size:32-D,32-DD,32-E,32-F,32-FF,32-G,32-H,34-D,34-DD,34-E,34-F,34-FF,34-G,34-GG,34-H,36-D,36-DD,36-E,36-F,36-FF,36-G,36-GG,36-H,38-D,38-DD,38-E,38-F,38-FF,38-G,38-GG,38-H,40-D,40-DD,40-E,40-F,40-FF,40-G,40-GG,40-H,42-D,42-DD,42-E,42-F,42-FF,42-G,44-D,44-DD,44-E,44-F,44-FF,44-G,FREE SIZE 10,FREE SIZE 11,FREE SIZE 13","Rs
2299",2069,10% off,Lingerie&Nightwear-Women
20132,Enamor,Wired racerback straps lightly padded womens bra - glaze,"Size:32-B,32-C,32-D,34-B,34-C,34-D,36-B,36-C,36-D","Rs
1299",909,30% off,Lingerie&Nightwear-Women
20133,Enamor,Non-wired racerback strap non padded womens t-shirt bra - oatmeal,"Size:32-B,32-C,32-D,34-B,34-C,34-D,36-B,36-C,38-B",Nan,729,No Discount,Lingerie&Nightwear-Women
20134,Erotissch,Solid satin v-neck womens regular fit kaftan - old rose,"Size:Large,Medium,Small,X-Large,X-Small,XX-Large","Rs
1999",1299,35% off,Lingerie&Nightwear-Women
20135,Erotissch,Non wired fixed straps heavily padded womens sports bra - blasted navy,"Size:Large,Medium,Small,X-Large","Rs
1199",779,35% off,Lingerie&Nightwear-Women
20136,Erotissch,Rust orange solid non-wired non padded everyday bra - carrot,"Size:Large,Small,X-Large","Rs
1290",580,55% off,Lingerie&Nightwear-Women
20137,Erotissch,Non wired fixed straps heavily padded womens sports bra - rust,"Size:Large,Medium,Small,X-Large,XX-Large","Rs
1199",779,35% off,Lingerie&Nightwear-Women
20138,Erotissch,Nylon knit womens intimatewear regular briefs - multi,"Size:Large,Medium,Small,X-Large","Rs
699",454,35% off,Lingerie&Nightwear-Women
20139,Soie,Non wired fixed straps lightly padded womens t-shirt bra - multi,"Size:32-B,34-D,36-B,36-C,36-D,38-B,38-C,38-D","Rs
1380",1242,10% off,Lingerie&Nightwear-Women
20140,Erotissch,Womens black & red printed night suit - multi,"Size:Large,Medium,Small,X-Large","Rs
2990",1196,60% off,Lingerie&Nightwear-Women
20141,Mystere paris,Rayon regular fit womens night wear pyjamas - green,"Size:Large,Medium,Small,X-Large","Rs
999",599,40% off,Lingerie&Nightwear-Women
20142,Van heusen,Cotton stretch womens intimatewear hipsters - multi,"Size:Large,Medium,Small,X-Large,XX-Large",Nan,389,No Discount,Lingerie&Nightwear-Women
20143,Van heusen,Cotton stretch womens intimatewear bikini - multi,"Size:Large,Medium,X-Large",Nan,389,No Discount,Lingerie&Nightwear-Women
20144,Adidas,Printed polyester slim fit womens sports bra - magenta,"Size:Large,Medium,Small,X-Large,X-Small","Rs
1999",1399,30% off,Lingerie&Nightwear-Women
20145,Miss chase,Printed cotton collared neck womens sleepsuit - blue,"Size:Large,Medium,Small,X-Large,X-Small,XX-Large",Nan,2699,No Discount,Lingerie&Nightwear-Women
20146,Clovia,Womens slub boxer shorts - grey,"Size:Large,Medium,Small,X-Large,XX-Large","Rs
499",349,30% off,Lingerie&Nightwear-Women
20147,Clovia,Womens cotton rich text print top in green - green,"Size:Large,Medium,Small,X-Large","Rs
571",285,50% off,Lingerie&Nightwear-Women
20148,Clovia,Womens cotton rich non-padded non-wired bra - white,"Size:32-B,32-C,32-D,34-B,34-C,34-D,36-B,36-C,36-D","Rs
599",359,40% off,Lingerie&Nightwear-Women
20149,Triumph,Womens solid non wired padded t-shirt bra - natural,"Size:32-B,32-C,34-B,34-C,36-B,36-C",Nan,1899,No Discount,Lingerie&Nightwear-Women
20150,Clovia,Womens cotton rich non-wired spacer cup t-shirt bra - natural,"Size:32-B,32-C,32-D,34-B,34-C,34-D,36-C,38-B,40-C","Rs
599",359,40% off,Lingerie&Nightwear-Women
20151,Erotissch,Womens red nightsuit - red,"Size:Large,Medium,Small","Rs
2990",1495,50% off,Lingerie&Nightwear-Women
20152,Soie,Non wired fixed straps non padded womens every day bra - multi,"Size:38-C,40-B","Rs
860",559,35% off,Lingerie&Nightwear-Women
20153,Soie,Womens printed padded underwired push up bra - blue,"Size:34-B,38-B","Rs
1530",765,50% off,Lingerie&Nightwear-Women
20154,Parfait,Wired regular straps padded womens every day bra - black,"Size:30-DD,36-F,36-FF,36-G,38-E,38-F,38-FF,38-G,40-E,40-F,40-FF,40-G,42-F,42-FF,42-G,44-FF,44-G","Rs
2399",2159,10% off,Lingerie&Nightwear-Women
20155,Kaftan company,Printed v-neck cotton womens regular fit night dress - blue,Size:XX-Large,Nan,2499,No Discount,Lingerie&Nightwear-Women
20156,Soie,Womens padded non wired striped demi cup bra - apple green,"Size:32-C,36-C","Rs
700",420,40% off,Lingerie&Nightwear-Women
20157,Van heusen,Non-wired fixed strap non padded womens everyday bra - blue,Size:34-B,Nan,619,No Discount,Lingerie&Nightwear-Women
20158,Soie,Womens printed hipster briefs - blue,"Size:Small,X-Large",Nan,380,No Discount,Lingerie&Nightwear-Women
20159,Enamor,Womens non padded non wired full coverage every day bra - buff,"Size:32-DD,34-DD,36-DD,38-DD,40-B,40-C,40-D,42-B,42-C","Rs
599",299,50% off,Lingerie&Nightwear-Women
20160,Wacoal,Womens lace padded non wired plunge bra - green,"Size:32-B,32-DD","Rs
2295",918,60% off,Lingerie&Nightwear-Women
20161,Triumph,Womens printed padded non wired full coverage bra - black,Size:32-D,"Rs
2499",1249,50% off,Lingerie&Nightwear-Women
20162,Parfait,Wired removable straps non padded womens every day bra - maroon,Size:34-C,"Rs
2299",2069,10% off,Lingerie&Nightwear-Women
20163,Soie,Non wired fixed straps non padded womens every day bra - 106_multi,"Size:38-C,40-B","Rs
860",559,35% off,Lingerie&Nightwear-Women
20164,Enamor,Women printed panty - emerald,Size:Medium,"Rs
249",174,30% off,Lingerie&Nightwear-Women
20165,Amante,Womens lace non padded non wired full coverage bra - black,"Size:34-B,34-C,36-B,36-C,40-C","Rs
795",556,30% off,Lingerie&Nightwear-Women
20166,Kaftan company,Womens floral sunshine maxi kaftan with pompoms - black,"Size:XX-Large,XXX-Large",Nan,2499,No Discount,Lingerie&Nightwear-Women
20167,Ultimo,Womens solid padded underwired t-shirt bra - baby pink,"Size:34-DD,36-D,36-DD,38-D,38-DD,42-C,Error Size",Nan,1695,No Discount,Lingerie&Nightwear-Women
20168,Sweet dreams,Printed cotton blend round neck womens sleepwear set - smoke,Size:XXX-Large,"Rs
1599",959,40% off,Lingerie&Nightwear-Women
20169,Sweet dreams,Printed polyester blend regular fit womens sleepwear set - pink,"Size:Large,Medium,XX-Large","Rs
1899",1139,40% off,Lingerie&Nightwear-Women
20170,Amante,Womens lightly padded wirefree seamless comfort t-shirt bra - mint,"Size:32-B,32-C,32-D,34-B,34-C,34-D,36-B,36-C,36-D,38-C,38-D,40-C,40-D","Rs
895",626,30% off,Lingerie&Nightwear-Women
20171,Parfait,Wired regular straps padded womens t-shirt bra - charcoal,"Size:30-D,30-DD,32-D,36-F,36-FF,36-G,38-D,38-F,38-FF,38-G,40-E,40-F,40-FF,40-G,42-E,42-F,42-FF,42-G,44-DD,44-E,44-F,FRSZ","Rs
2499",2249,10% off,Lingerie&Nightwear-Women
20172,Groversons paris beauty,Womens plus size cotton lycra full coverage everyday bra - natural,"Size:30-B,32-B,32-C,32-D,34-C,34-D,36-D",Nan,370,No Discount,Lingerie&Nightwear-Women
20173,Soie,Womens low waist lace bikini briefs - set of 2 - mixed neutrals,"Size:Large,Medium","Rs
490",245,50% off,Lingerie&Nightwear-Women
20174,Groversons paris beauty,Womens full coverage padded womens full coverage everyday bra - blue,"Size:34-B,36-B,38-B",Nan,650,No Discount,Lingerie&Nightwear-Women
20175,Enamor,Womens non padded non wired full coverage every day bra - black mix,"Size:32-DD,34-DD,36-DD,38-DD,40-B,40-C,40-D,42-B,42-C","Rs
599",299,50% off,Lingerie&Nightwear-Women
20176,Amante,Polyester intimatewear womens t-shirt bra - old rose,Size:40-C,Nan,1295,No Discount,Lingerie&Nightwear-Women
20177,Amante,Blended intimatewear womens bikini briefs - chalk pink,"Size:Large,X-Large",Nan,545,No Discount,Lingerie&Nightwear-Women
20178,Jockey,Womens non wired padded sports bra - black,Size:Error Size,Nan,1499,No Discount,Lingerie&Nightwear-Women
20179,Amante,Womens solid non padded non wired full coverage bra - blue,"Size:34-B,34-C,34-D,36-B,36-C,36-D,38-B,38-C,38-D","Rs
695",556,20% off,Lingerie&Nightwear-Women
20180,Mystere paris,Polka dot knit cotton womens maternity dress - olive,Size:XX-Large,"Rs
1299",779,40% off,Lingerie&Nightwear-Women
20181,Amante,Womens lace wired padded push up bra - blue mix dark,Size:32-D,"Rs
1295",777,40% off,Lingerie&Nightwear-Women
20182,Faballey,Full sleeves casual wear womens loungewear - blue,Size:Large,"Rs
2400",1200,50% off,Lingerie&Nightwear-Women
20183,Erotissch,Womens blue solid nightdress - aqua,"Size:Medium,X-Small","Rs
2690",1076,60% off,Lingerie&Nightwear-Women
20184,Soie,Womens solid padded full coverage bra - lemon,"Size:34-D,36-C,36-D,38-B,38-C,38-D,40-C","Rs
990",792,20% off,Lingerie&Nightwear-Women
20185,Erotissch,Red solid nightdress - blood,"Size:Medium,X-Large","Rs
2290",916,60% off,Lingerie&Nightwear-Women
20186,Clovia,Womens non-padded non-wired printed full cup bra - black,"Size:32-C,34-C","Rs
599",239,60% off,Lingerie&Nightwear-Women
20187,Clovia,Womens non padded non wired full coverage bra - green,Size:32-C,"Rs
699",279,60% off,Lingerie&Nightwear-Women
20188,Soie,Non wired fixed straps lightly padded womens sports bra - cream,"Size:32-C,34-B,34-C,34-D,36-B,36-C,36-D,38-B,38-C,38-D,40-B,40-C",Nan,1040,No Discount,Lingerie&Nightwear-Women
20189,Enamor,Low waist panty - scarlet,"Size:Large,Medium,Small,X-Large,XX-Large","Rs
399",279,30% off,Lingerie&Nightwear-Women
20190,Soie,Wired fixed straps non padded womens push up bra - multi,"Size:32-B,32-D,34-B,34-C,34-D,36-B,36-C,38-B","Rs
2190",2080,5% off,Lingerie&Nightwear-Women
20191,Triumph,Non wired fixed straps non padded womens every day bra - brown,Size:34-C,"Rs
1699",849,50% off,Lingerie&Nightwear-Women
20192,Wacoal,Womens solid padded non wired t-shirt bra - natural,"Size:32-B,32-C,32-D,32-DD,34-B,34-C,34-D,34-DD,36-B,36-C,36-D,36-DD,38-B,38-C,38-D,38-DD",Nan,1195,No Discount,Lingerie&Nightwear-Women
20193,Van heusen,Cotton stretch womens intimatewear hipsters - multi,"Size:Medium,Small",Nan,449,No Discount,Lingerie&Nightwear-Women
20194,Soie,Womens padded wired bra - brown,"Size:38-B,38-D",Nan,540,No Discount,Lingerie&Nightwear-Women
20195,Kaftan company,Printed viscose boat neck womens night dress - natural,"Size:Large,Medium,Small,X-Large,XX-Large,XXX-Large",Nan,3299,No Discount,Lingerie&Nightwear-Women
20196,Triumph,Polyester blend high rise womens regular briefs - green,"Size:Large,Medium,Small,X-Large",Nan,599,No Discount,Lingerie&Nightwear-Women
20197,Enamor,Womens non padded non wired medium coverage t-shirt bra - blue melange,"Size:32-B,32-C,32-D,34-B,34-C,34-D,36-B,36-C",Nan,649,No Discount,Lingerie&Nightwear-Women
20198,Wacoal,Non wired fixed strap lightly padded womens bra - melon,"Size:Large,Medium",Nan,2295,No Discount,Lingerie&Nightwear-Women
20199,Soie,Womens round neck solid camisole - yellow,"Size:Large,Medium,Small,X-Large,XX-Large",Nan,380,No Discount,Lingerie&Nightwear-Women
20200,Amante,Womens solid non padded non wired full coverage bra - crimson,"Size:34-B,34-C,34-D,36-B,36-C,36-D,38-B,38-C,38-D","Rs
695",556,20% off,Lingerie&Nightwear-Women
20201,Mystere paris,Regular fit short length cotton womens shorts - green,"Size:Large,Medium,X-Large,XX-Large","Rs
599",359,40% off,Lingerie&Nightwear-Women
20202,Triumph,Wired strapless heavily padded womens every day bra - black,"Size:34-B,34-C,34-D,36-B,36-C,36-D,38-D","Rs
2599",1559,40% off,Lingerie&Nightwear-Women
20203,Groversons paris beauty,Womens full coverage padded womens full coverage everyday bra - grey,"Size:30-B,32-B,34-B",Nan,555,No Discount,Lingerie&Nightwear-Women
20204,Groversons paris beauty,Womens full coverage padded womens full coverage everyday bra - purple,"Size:30-B,32-B,34-B",Nan,543,No Discount,Lingerie&Nightwear-Women
20205,Allen solly,Cotton regular fit womens activewear t-shirt - navy,"Size:Large,Medium,Small",Nan,799,No Discount,Lingerie&Nightwear-Women
20206,Kaftan company,Embroidered v-neck cotton womens night dress - brown,"Size:Large,Small,X-Large,XX-Large,XXX-Large",Nan,2499,No Discount,Lingerie&Nightwear-Women
20207,Puma,Printed polyester regular fit womens sports bra - blue,"Size:Large,Medium,Small,X-Large,X-Small","Rs
2499",1749,30% off,Lingerie&Nightwear-Women
20208,Triumph,Non wired fixed straps non padded womens every day bra - black,"Size:42-E,44-D",Nan,1499,No Discount,Lingerie&Nightwear-Women
20209,Adidas,Printed polyester knit womens sports bra - blue,"Size:Large,Medium,Small,X-Large","Rs
2999",2099,30% off,Lingerie&Nightwear-Women
20210,Soie,Womens round neck printed top and pant set - black,Size:Large,"Rs
1640",820,50% off,Lingerie&Nightwear-Women
20211,Faballey,Full sleeves casual wear womens loungewear - green,"Size:Small,X-Small","Rs
2400",1200,50% off,Lingerie&Nightwear-Women
20212,Kaftan company,Printed viscose round neck womens night dress - white,"Size:Large,Medium,Small,X-Large,XX-Large,XXX-Large",Nan,3299,No Discount,Lingerie&Nightwear-Women
20213,Sloggi,Polyester blend womens intimate wear panties - red,"Size:Large,Medium,Small,X-Large,X-Small",Nan,999,No Discount,Lingerie&Nightwear-Women
20214,Enamor,Polyester stretch relaxed fit womens t-shirt - dusty blue,"Size:Large,Medium,Small","Rs
899",629,30% off,Lingerie&Nightwear-Women
20215,Enamor,Womens lace bikini briefs - charcoal,"Size:XL,Large,Medium,Small",Nan,699,No Discount,Lingerie&Nightwear-Women
20216,Enamor,Womens scoop neck raglan short sleeve long tee with ?u? bottom hem - olive,"Size:XL,Large,Medium,Small,XX-Large",Nan,999,No Discount,Lingerie&Nightwear-Women
20217,Wacoal,Polyester mid rise womens regular briefs - turquoise,"Size:Large,Medium",Nan,799,No Discount,Lingerie&Nightwear-Women
20218,Soie,Womens printed hipster briefs - red,"Size:Small,X-Large",Nan,380,No Discount,Lingerie&Nightwear-Women
20219,Soie,Womens v neck solid top and pyjama set - marine green,"Size:Medium,Small","Rs
1800",900,50% off,Lingerie&Nightwear-Women
20220,Soie,Super-soft cotton regular fit half sleeves womens night dress - grey,"Size:Large,Medium,Small,X-Large,XX-Large","Rs
1040",780,25% off,Lingerie&Nightwear-Women
20221,Sweet dreams,Solid looper knit regular fit womens shorts - black,"Size:Large,Medium,Small,X-Large,XX-Large,XXX-Large","Rs
799",559,30% off,Lingerie&Nightwear-Women
20222,Adidas,Printed polyester knit womens sports bra - navy,"Size:Large,Medium,Small,X-Large,X-Small","Rs
3299",2309,30% off,Lingerie&Nightwear-Women
20223,Enamor,Non wired racerback straps non padded womens bikini - pale pink,Size:36-Z,Nan,749,No Discount,Lingerie&Nightwear-Women
20224,Enamor,Hi-waist slimmer - buff,"Size:XL,Large,Medium,XX-Large",Nan,1649,No Discount,Lingerie&Nightwear-Women
20225,Triumph,Non wired fixed straps non padded womens every day bra - natural,Size:38-B,Nan,1099,No Discount,Lingerie&Nightwear-Women
20226,Enamor,Cotton womens hipster panties - grape,"Size:XL,Large,Medium,Small",Nan,499,No Discount,Lingerie&Nightwear-Women
20227,Mystere paris,Cotton womens sleepsuit - yellow,"Size:Large,Medium,Small,X-Large,XX-Large","Rs
1599",959,40% off,Lingerie&Nightwear-Women
20228,Enamor,Womens non padded non wired full coverage every day bra - natural,"Size:32-C,32-D,34-B,34-C,34-D,36-B,36-C,36-D",Nan,869,No Discount,Lingerie&Nightwear-Women
20229,Triumph,Womens solid padded non wired full coverage bra - plum,Size:40-D,"Rs
1999",999,50% off,Lingerie&Nightwear-Women
20230,Sweet dreams,Printed cotton round neck womens night dress - green,"Size:Large,Medium,Small,X-Large","Rs
1329",930,30% off,Lingerie&Nightwear-Women
20231,Groversons paris beauty,Womens full coverage padded womens full coverage everyday bra - pink,"Size:30-B,32-B,34-B",Nan,555,No Discount,Lingerie&Nightwear-Women
20232,Amante,Printed cotton low rise womens boy shorts - grape,"Size:Large,Medium,Small,X-Large",Nan,545,No Discount,Lingerie&Nightwear-Women
20233,Soie,Wired fixed straps lightly padded womens every day bra - blue,"Size:32-B,32-C,32-D,34-B,34-C,34-D,36-B,36-C,38-B",Nan,1150,No Discount,Lingerie&Nightwear-Women
20234,Soie,Womens full/extreme coverage padded non-wired bra - natural,"Size:32-D,34-D,36-C,38-C","Rs
990",792,20% off,Lingerie&Nightwear-Women
20235,Wacoal,Nylon mid rise womens regular briefs - brown,"Size:Large,Medium","Rs
595",476,20% off,Lingerie&Nightwear-Women
20236,Triumph,Polyester blend high rise womens regular briefs - orange,"Size:Large,Medium",Nan,699,No Discount,Lingerie&Nightwear-Women
20237,Erotissch,Womens multicoloured printed nightdress - multi,"Size:Large,Medium,Small","Rs
2690",1210,55% off,Lingerie&Nightwear-Women
20238,Sloggi,Non wired fixed strap heavily padded womens every day bra - blue,"Size:Large,Medium,Small,X-Small",Nan,2999,No Discount,Lingerie&Nightwear-Women
20239,Triumph,Womens non padded wired lace bra - natural,"Size:34-C,34-D,34-E,34-F,36-C,36-D,36-E,36-F,38-C,38-D,38-E,38-F,40-D,40-E",Nan,1699,No Discount,Lingerie&Nightwear-Women
20240,Sweet dreams,Printed cotton round neck womens top bermuda set - butter,"Size:Large,Medium,Small,X-Large,XX-Large,XXX-Large","Rs
1999",1399,30% off,Lingerie&Nightwear-Women
20241,Amante,Womens solid padded non wired sports bra - black,Size:Small,"Rs
1695",1186,30% off,Lingerie&Nightwear-Women
20242,Wacoal,Non wired fixed strap lightly padded womens bra - green,Size:Large,"Rs
2295",1606,30% off,Lingerie&Nightwear-Women
20243,Groversons paris beauty,Womens plus size cotton lycra full coverage everyday bra - pink,"Size:32-B,32-C,32-D,34-B,34-C,34-D,36-B,36-C,36-D",Nan,690,No Discount,Lingerie&Nightwear-Women
20244,Soie,Womens slub lace hipster briefs - pink,"Size:Medium,Small,X-Small","Rs
470",329,30% off,Lingerie&Nightwear-Women
20245,Samshek,Solid polyester boat neck womens bodysuit - black,"Size:4X-Large,5X-Large,Large,Medium,Small,X-Large,X-Small,XX-Large,XX-Small,XXX-Large",Nan,1590,No Discount,Lingerie&Nightwear-Women
20246,Kaftan company,Printed v-neck viscose womens regular fit night dress - blue,"Size:Small,XX-Large",Nan,1999,No Discount,Lingerie&Nightwear-Women
20247,Erotissch,Womens mustard yellow & purple printed night suit with satin finish - mustard,"Size:Large,Medium,X-Large","Rs
2890",1156,60% off,Lingerie&Nightwear-Women
20248,Sloggi,Non wired fixed strap heavily padded womens every day bra - blue,"Size:Large,Medium,Small,X-Small",Nan,2499,No Discount,Lingerie&Nightwear-Women
20249,Soie,Womens lace bikini briefs - set of 3 - mixed darks,Size:Small,Nan,600,No Discount,Lingerie&Nightwear-Women
20250,Enamor,Womens padded wired lace bra - charcoal,"Size:32-B,32-C,32-D,34-B,34-C,34-D,36-B,36-C,38-B,38-C",Nan,1599,No Discount,Lingerie&Nightwear-Women
20251,Enamor,Non-wired multiway strap padded womens everyday bra - maroon,"Size:32-B,32-C,32-D,34-B,34-C,34-D,36-B,36-C,36-D,38-B,38-C",Nan,1199,No Discount,Lingerie&Nightwear-Women
20252,Mystere paris,Funky cocktail sleep tee - green,"Size:Large,Medium","Rs
899",539,40% off,Lingerie&Nightwear-Women
20253,Soie,Non wired fixed straps non padded womens beginner bra - multi,Size:XX-Large,"Rs
1040",988,5% off,Lingerie&Nightwear-Women
20254,Kaftan company,Cotton half sleeves maxi night dress - green,"Size:Large,Medium,Small,X-Large,XX-Large,XXX-Large",Nan,2499,No Discount,Lingerie&Nightwear-Women
20255,Amante,Womens printed padded non wired t-shirt bra - mustard,"Size:32-D,36-C,36-D,38-C,38-D,40-C,40-D","Rs
895",626,30% off,Lingerie&Nightwear-Women
20256,Kaftan company,Womens bloomed frames printed maxi length kaftan - pink,"Size:Large,Medium,X-Large,XX-Large",Nan,2999,No Discount,Lingerie&Nightwear-Women
20257,Enamor,Womens embroidered padded non wired full coverage bra - buff,"Size:34-C,34-D,34-Z,36-B,36-C,36-D,36-Z,38-B,38-D,38-Z",Nan,1349,No Discount,Lingerie&Nightwear-Women
20258,Soie,Soft cotton regular fit womens sleep t-shirt - orange,"Size:Large,Medium,X-Large,XX-Large","Rs
590",442,25% off,Lingerie&Nightwear-Women
20259,Faballey,Full sleeves casual wear womens loungewear - blue,"Size:Large,Medium,Small,X-Large,X-Small","Rs
2200",1100,50% off,Lingerie&Nightwear-Women
20260,Sweet dreams,Solid cotton regular fit womens shorts - navy,"Size:Large,Medium,Small,X-Large,XX-Large,XXX-Large","Rs
599",539,10% off,Lingerie&Nightwear-Women
20261,Wacoal,Wired fixed strap padded womens every day bra - purple,"Size:32-B,32-C,32-D,34-B,34-C,34-D,36-B,36-C",Nan,1999,No Discount,Lingerie&Nightwear-Women
20262,Amante,Womens floral print padded wired t-shirt bra - apricot,Size:38-C,"Rs
1395",697,50% off,Lingerie&Nightwear-Women
20263,Soie,Womens solid demi cup bra - grey,"Size:32-B,34-B,34-C","Rs
870",565,35% off,Lingerie&Nightwear-Women
20264,Amante,Non wired fixed straps non padded womens every day bra - mastic white,"Size:34-B,34-C,36-B,36-C,38-B","Rs
895",537,40% off,Lingerie&Nightwear-Women
20265,Amante,Cotton blend intimatewear womens bikini briefs - sand,Size:Large,Nan,375,No Discount,Lingerie&Nightwear-Women
20266,Enamor,Non wired strapless non padded womens every day bra - abraded stone,"Size:XL,Large,Medium,Small",Nan,1299,No Discount,Lingerie&Nightwear-Women
20267,Kaftan company,Womens black ornamental stripes maxi length kaftan - black,"Size:Large,Medium,Small,X-Large",Nan,2999,No Discount,Lingerie&Nightwear-Women
20268,Kaftan company,Printed viscose v neck womens night dress - natural,"Size:Large,Medium,Small,X-Large,XX-Large,XXX-Large",Nan,2899,No Discount,Lingerie&Nightwear-Women
20269,Van heusen,Non wired halter strap non padded womens every day bra - black,"Size:32-B,34-B,34-C,34-D,36-D,40-C",Nan,499,No Discount,Lingerie&Nightwear-Women
20270,Soie,Nylon intimate wear womens hipsters - multi,"Size:Medium,XX-Large","Rs
820",738,10% off,Lingerie&Nightwear-Women
20271,Sweet dreams,Printed cotton blend round neck womens sleepwear set - black,"Size:Large,Medium,X-Large","Rs
1499",899,40% off,Lingerie&Nightwear-Women
20272,Amante,Womens solid padded non wired t-shirt bra - natural,"Size:32-C,34-D,36-B,36-C,36-D,38-B,38-C",Nan,845,No Discount,Lingerie&Nightwear-Women
20273,Clovia,Womens cotton rich full cup lacy bra white - white,"Size:32-C,32-D,34-D,36-B,36-D,38-B","Rs
599",359,40% off,Lingerie&Nightwear-Women
20274,Wacoal,Non wired fixed strap lightly padded womens bra - lilac,"Size:Large,Medium",Nan,2295,No Discount,Lingerie&Nightwear-Women
20275,Soie,Womens colour block boy shorts - grey,Size:Small,Nan,380,No Discount,Lingerie&Nightwear-Women
20276,Van heusen,Wired halter strap lightly padded womens every day bra - black,"Size:30-B,30-C,32-B,32-C,34-B,34-C,36-B",Nan,899,No Discount,Lingerie&Nightwear-Women
20277,Faballey,Full sleeves casual wear womens loungewear - black,"Size:Medium,Small,X-Small","Rs
2200",1100,50% off,Lingerie&Nightwear-Women
20278,Van heusen,Cotton stretch regular fit womens night wear camisole - coral,Size:Small,Nan,349,No Discount,Lingerie&Nightwear-Women
20279,Sweet dreams,Printed cotton blend round neck womens sleepwear set - bubblegum,"Size:Large,Medium,Small,X-Large","Rs
1049",629,40% off,Lingerie&Nightwear-Women
20280,Enamor,Cotton blend womens active wear t-shirt - retro,"Size:XL,Large,Medium,Small,X-Small,XX-Large","Rs
669",468,30% off,Lingerie&Nightwear-Women
20281,Triumph,Wired fixed strap padded womens t-shirt bra - brown,Size:34-C,Nan,2199,No Discount,Lingerie&Nightwear-Women
20282,Enamor,Womens held in fit crop top - denim black,"Size:XL,Large,Medium,Small",Nan,1299,No Discount,Lingerie&Nightwear-Women
20283,Enamor,Womens non padded non wired full coverage every day bra - black,"Size:32-DD,34-DD,36-DD,38-DD,40-B,40-C,40-D,42-B,42-C","Rs
599",299,50% off,Lingerie&Nightwear-Women
20284,Kaftan company,Printed viscose v neck womens night dress - white,"Size:Large,Medium,Small,X-Large,XX-Large,XXX-Large",Nan,3299,No Discount,Lingerie&Nightwear-Women
20285,Kaftan company,Half sleeves nightwear womens sleepwear set - black,"Size:X-Large,XX-Large",Nan,1999,No Discount,Lingerie&Nightwear-Women
20286,Crimsoune club,Checked cotton regular fit womens night suit - natural,"Size:Large,Medium,Small,X-Large","Rs
1799",899,50% off,Lingerie&Nightwear-Women
20287,Van heusen,Jogger fit ankle length polyester stretch womens track pants - pink,"Size:Large,Medium,Small",Nan,1049,No Discount,Lingerie&Nightwear-Women
20288,Nayomi,Wired fixed strap lightly padded womens every day bra - pale pink,"Size:34-B,34-C,34-D,36-B,36-C,36-D,38-B,38-D",Nan,1599,No Discount,Lingerie&Nightwear-Women
20289,Sweet dreams,Printed cotton regular fit womens sleepwear set - maroon,Size:XX-Large,Nan,1699,No Discount,Lingerie&Nightwear-Women
20290,Wacoal,Wired fixed strap padded womens every day bra - brown,"Size:32-B,32-C,32-D,34-B,34-C,34-D,36-B,36-C,36-D,38-C",Nan,2499,No Discount,Lingerie&Nightwear-Women
20291,Soie,Womens solid padded non wired t-shirt bra - white,Size:36-B,"Rs
590",560,5% off,Lingerie&Nightwear-Women
20292,Amante,Womens solid hipster briefs - pack of 3 - tomato,Size:Small,Nan,695,No Discount,Lingerie&Nightwear-Women
20293,Erotissch,Black & white printed nightdress - multi,"Size:Large,Medium,Small,X-Small","Rs
2390",956,60% off,Lingerie&Nightwear-Women
20294,Soie,Womens full coverage minimiser non-padded non-wired bra - red mix,"Size:32-C,34-C,34-D,36-B,36-C,38-C,42-DD",Nan,1040,No Discount,Lingerie&Nightwear-Women
20295,Reebok,Solid polyamide regular fit womens sports bra - black,"Size:Large,Medium,Small,X-Large,X-Small","Rs
2999",1499,50% off,Lingerie&Nightwear-Women
20296,Triumph,Non wired multiway strap non padded womens every day bra - black,"Size:32-B,32-C,34-B,34-C,36-B,36-C",Nan,1699,No Discount,Lingerie&Nightwear-Women
20297,Erotissch,Non wired fixed straps non padded womens bralette - maroon,Size:X-Large,"Rs
1199",539,55% off,Lingerie&Nightwear-Women
20298,Erotissch,Rayon regular fit short length womens sleep set - yellow,"Size:Large,Medium,Small","Rs
2500",1625,35% off,Lingerie&Nightwear-Women
20299,Enamor,Womens padded wired t-shirt bra - red mix,"Size:32-B,32-C,34-B,36-B,38-B",Nan,1599,No Discount,Lingerie&Nightwear-Women
20300,Amante,Womens foliage and floral printed bikini briefs pack of 3 - mixed pastels,Size:Small,Nan,595,No Discount,Lingerie&Nightwear-Women
20301,Wacoal,Non-wired fixed strap padded womens every day bra - orange,"Size:Large,Medium",Nan,2295,No Discount,Lingerie&Nightwear-Women
20302,Triumph,Womens layered blossom wp lightly padded wired bra - natural,Size:32-D,"Rs
1799",899,50% off,Lingerie&Nightwear-Women
20303,Van heusen,Cotton slim fit womens athleisure t-shirt - black,"Size:Small,X-Large",Nan,499,No Discount,Lingerie&Nightwear-Women
20304,Erotissch,Womens black & gold-toned colour-blocked bodysuit - black_satin,"Size:Medium,Small,X-Small","Rs
2990",1196,60% off,Lingerie&Nightwear-Women
20305,Soie,Cotton regular fit short length womens camisole - multi,"Size:Large,Medium,Small,X-Large,XX-Large","Rs
750",712,5% off,Lingerie&Nightwear-Women
20306,Erotissch,Cotton mid rise womens sleepwear set - indiaink,"Size:Large,Medium,Small,X-Large","Rs
1299",584,55% off,Lingerie&Nightwear-Women
20307,Erotissch,Non wired fixed straps heavily padded womens sports bra - scarlet,"Size:Large,Medium,Small,X-Large,XX-Large","Rs
1199",779,35% off,Lingerie&Nightwear-Women
20308,Erotissch,Georgette regular fit womens medium length night suit - aubergine,"Size:Large,Medium,Small,X-Large,X-Small,XX-Large","Rs
1899",1234,35% off,Lingerie&Nightwear-Women
20309,Mystere paris,Rayon regular fit womens night wear pyjamas - orange,"Size:Large,Medium,Small,X-Large,XX-Large","Rs
899",539,40% off,Lingerie&Nightwear-Women
20310,Erotissch,Womens mauve solid lace basic briefs - grey,"Size:Large,Medium,Small,X-Large","Rs
990",445,55% off,Lingerie&Nightwear-Women
20311,Soie,Non wired fixed straps non padded womens every day bra - multi,"Size:32-C,32-D,32-DD,34-DD,38-DD,40-B,40-C,42-B,42-C,42-D,44-D","Rs
1380",1242,10% off,Lingerie&Nightwear-Women
20312,Adidas,Solid polyester regular fit womens sports bra - grey,"Size:Large,Medium,Small,X-Large,X-Small","Rs
2699",1889,30% off,Lingerie&Nightwear-Women
20313,Clovia,Womens padded non-wired t-shirt bra - pink,"Size:32-B,32-C,32-D,34-B,34-C,34-D,36-B,36-C,36-D,38-B,38-C,40-B,40-C","Rs
1199",479,60% off,Lingerie&Nightwear-Women
20314,Clovia,Womens non padded non wired solid full coverage bra - yellow,"Size:32-B,32-C","Rs
699",279,60% off,Lingerie&Nightwear-Women
20315,Clovia,Womens cotton non-padded non-wired full cup bra - grey,Size:32-C,"Rs
599",239,60% off,Lingerie&Nightwear-Women
20316,Miss chase,Striped cotton regular fit womens shorts - white,"Size:Large,Medium,Small,X-Large,X-Small,XX-Large",Nan,999,No Discount,Lingerie&Nightwear-Women
20317,Clovia,Womens non-padded non-wired bra in light grey - 100% cotton - grey,Size:32-C,"Rs
599",299,50% off,Lingerie&Nightwear-Women
20318,Clovia,Womens non-padded full cup bra - blue,"Size:32-B,32-C,34-B,34-C,36-B,38-C,40-B","Rs
599",359,40% off,Lingerie&Nightwear-Women
20319,Clovia,Cotton rich non-padded full support bra - off white,Size:32-B,"Rs
599",359,40% off,Lingerie&Nightwear-Women
20320,Miss chase,Printed cotton round neck womens t-shirt - yellow,"Size:Large,Medium,Small,X-Large,X-Small",Nan,1099,No Discount,Lingerie&Nightwear-Women
20321,Clovia,Womens cotton non-padded non-wired self printed bra - black,"Size:32-B,32-C,32-D","Rs
599",239,60% off,Lingerie&Nightwear-Women
20322,Clovia,Womens cotton rich non-padded non-wired floral & polka print bra - grey,"Size:32-B,32-C,34-B,34-C","Rs
599",239,60% off,Lingerie&Nightwear-Women
20323,Clovia,Womens cotton rich non-padded non-wired floral print bra - blue,Size:32-C,"Rs
599",239,60% off,Lingerie&Nightwear-Women
20324,Amante,Womens lace non wired padded full coverage bra - stone,"Size:32-C,36-B","Rs
1895",1137,40% off,Lingerie&Nightwear-Women
20325,Erotissch,Womens black & white solid night suit - black,"Size:Large,Medium,Small,X-Large","Rs
2799",1259,55% off,Lingerie&Nightwear-Women
20326,Catwalk,Womens braided slip ons - gold,"Size:4,5,6","Rs
1995",599,70% off,Footwear-Women
20327,Catwalk,Fabric velcro womens casual wear ballerinas - blue,"Size:4,5,6,7,8,9","Rs
3095",1547,50% off,Footwear-Women
20328,Inc.5,Synthetic buckle womens casual mules - black,"Size:4,5,6,7,8,9","Rs
2690",1490,45% off,Footwear-Women
20329,Crocs,Croslite slip on womens casual wear sandals - brown,"Size:3,4,5,6,7",Nan,4995,No Discount,Footwear-Women
20330,Reebok,Mesh lace up womens sports shoes - vetiver,"Size:6.5,7.5,8.5,9.5","Rs
4999",2499,50% off,Footwear-Women
20331,Haute curry,Suede slip on womens round toe sandals - rose gold,"Size:35,36,37,38,39,40","Rs
2999",2399,20% off,Footwear-Women
20332,Estatos,Pu slipon womens casual sandals - black,"Size:36,37,38,39,40,41","Rs
999",699,30% off,Footwear-Women
20333,Tresmode,Rubber slip on womens casual ballerinas - natural,"Size:36,37,38,41","Rs
2499",1249,50% off,Footwear-Women
20334,Lemon & pepper,Pu slip on womens casual wear sandals - peach,"Size:36,37,38,39,40","Rs
2999",2399,20% off,Footwear-Women
20335,Skechers,Knit womens casual wear sports sandals - blush,"Size:6,7,8,9,10",Nan,3799,No Discount,Footwear-Women
20336,Crocs,Croslite slip on womens casual wear sandals - 106_multi,"Size:4,5,6",Nan,4995,No Discount,Footwear-Women
20337,Puma,Agile trip womens casual shoes - blue,"Size:3,4,5,6",Nan,3499,No Discount,Footwear-Women
20338,Catwalk,Womens criss cross strap sandals - gold,"Size:4,5","Rs
2695",1347,50% off,Footwear-Women
20339,Catwalk,Womens metallic sequined slip ons - gold,"Size:4,5,6,7","Rs
2695",599,78% off,Footwear-Women
20340,Inc.5,Leather slip on womens casual sandals - peach,"Size:5,6,7,8,9,10,11","Rs
1790",599,67% off,Footwear-Women
20341,Estatos,Pu pointed toe womens party ballerinas - yellow,"Size:36,37,38,39,40,41","Rs
1699",849,50% off,Footwear-Women
20342,Reebok,Mesh lace up womens sports shoes - maroon,"Size:6.5,7.5,8.5,9.5","Rs
4999",2499,50% off,Footwear-Women
20343,Catwalk,Pu slip on womens casual platform sandals - green,"Size:4,5,6,7,8","Rs
2095",1047,50% off,Footwear-Women
20344,Skechers,Elite flex- wasik synthetic regular slipon sports shoes - black,"Size:9,11,12",Nan,5699,No Discount,Footwear-Women
20345,Skechers,Fabric slipon womens casual slippers - pink,"Size:6,7,8,9,10",Nan,2499,No Discount,Footwear-Women
20346,Estatos,Synthetic leather slipon womens casual sandals - black,"Size:36,37,38,39,40,41","Rs
1599",959,40% off,Footwear-Women
20347,Catwalk,Synthetic round toe womens party wear sandals - gold,"Size:4,5","Rs
2295",1119,51% off,Footwear-Women
20348,Catwalk,Synthetic slip on womens party mules - gold,"Size:4,5,6,7,8,9","Rs
3195",1597,50% off,Footwear-Women
20349,Estatos,Pu open toe womens party sandals - rose,Size:40,"Rs
1799",899,50% off,Footwear-Women
20350,Catwalk,Pu buckle womens casual wear platforms - pink,"Size:4,5,6,7","Rs
2695",1347,50% off,Footwear-Women
20351,Haute curry,Pu slip on womens one toe flats - peach,"Size:36,37,38,39,40,41","Rs
2999",2399,20% off,Footwear-Women
20352,Puma,Adelina soft foam+ womens ballet shoes - purple,"Size:3,4,5,6,7",Nan,3799,No Discount,Footwear-Women
20353,Estatos,Womens casual wear buckle closure wedges - white,"Size:38,39,40,41","Rs
1999",1299,35% off,Footwear-Women
20354,Catwalk,Synthetic slip on womens occasion flats - brown,"Size:4,5,6,7,8,9","Rs
2795",1397,50% off,Footwear-Women
20355,Puma,Equate sl synthetic lace up unisex sports shoes - white,"Size:8,9,10,11",Nan,5999,No Discount,Footwear-Women
20356,Puma,Smash v2 leather womens sneakers - white,"Size:4,5,7",Nan,3499,No Discount,Footwear-Women
20357,Estatos,Pu broad toe womens casual sandals - brown,"Size:36,37,38,39,40,41","Rs
1199",659,45% off,Footwear-Women
20358,Catwalk,Womens dual-toned cut-out sneakers - blue,"Size:4,5,6,7,8","Rs
3295",1647,50% off,Footwear-Women
20359,Crocs,Croslite slip on womens casual wear slides - walnut,"Size:3,4,5,6,7",Nan,2495,No Discount,Footwear-Women
20360,Adidas,Iconic runner fabric low tops slipon unisex sport sandals - black,"Size:7,8,9,10,11",Nan,3599,No Discount,Footwear-Women
20361,Catwalk,Pu tie up womens casual wedge sandals - black,"Size:4,5,6,7,8,9","Rs
2395",1119,53% off,Footwear-Women
20362,Inc.5,Womens casual wear buckle closure heels - black,"Size:4,6,7,8,9,10","Rs
2390",1490,38% off,Footwear-Women
20363,Haute curry,Polyurethane slipon womens casual wear sandals - black,"Size:36,37,38,39,40",Nan,2399,No Discount,Footwear-Women
20364,Catwalk,Pu slip on womens casual wedge sandals - stone,"Size:4,5,6,7,8,9","Rs
2395",1119,53% off,Footwear-Women
20365,Lemon & pepper,Pu slip on womens casual wear flats - yellow,"Size:36,37,38,39,40,41","Rs
2499",1749,30% off,Footwear-Women
20366,Skechers,Synthetic slip on womens casual sandals - blush,"Size:6,7,8,9",Nan,4999,No Discount,Footwear-Women
20367,Catwalk,Pu velcro womens casual flats - brown,"Size:4,5,6,7,8,9","Rs
2895",1447,50% off,Footwear-Women
20368,Catwalk,Fabric buckle womens work wear pumps - brown,"Size:6,7,8,9","Rs
2495",1247,50% off,Footwear-Women
20369,Catwalk,Womens metal embellished thongs - black,"Size:4,5,6,7,8,9","Rs
2195",1097,50% off,Footwear-Women
20370,Adidas,Street stunner w synthetic mesh lace up womens sports shoes - white,"Size:4,5,6,7",Nan,3599,No Discount,Footwear-Women
20371,Inc.5,Synthetic open back womens sandals - peach,"Size:9,10","Rs
1590",599,62% off,Footwear-Women
20372,Inc.5,Synthetic slipon womens casual mules - purple,"Size:5,6,7,8,9,10,11","Rs
1890",1190,37% off,Footwear-Women
20373,Shoetopia,Synthetic womens casual sandals - white,"Size:36,37,38,39,40,41","Rs
999",699,30% off,Footwear-Women
20374,Haute curry,Pu slip on womens round toe flats - gold,"Size:36,37,38,39,40","Rs
2799",1959,30% off,Footwear-Women
20375,Skechers,Mesh lace up womens casual sneakers - navy,"Size:6,7,8","Rs
4999",2999,40% off,Footwear-Women
20376,Inc.5,Synthetic womens party wear sandals - gold,"Size:5,6,7,10","Rs
2490",1490,40% off,Footwear-Women
20377,Shoetopia,Synthetic womens casual sandals - grey,"Size:36,37,38,39,40,41","Rs
999",599,40% off,Footwear-Women
20378,Skechers,Fabric slipon womens casual sandals - blush,"Size:6,7,8,9,10","Rs
3999",1999,50% off,Footwear-Women
20379,Lemon & pepper,Pu buckle womens casual wear sandals - grey,"Size:36,37,38,39,40,41","Rs
3499",2449,30% off,Footwear-Women
20380,Skechers,Synthetic womens casual wear sports sandals - mauve,"Size:6,7,8,9",Nan,3299,No Discount,Footwear-Women
20381,Catwalk,Womens chunky sole brogues - black,"Size:4,5,6,7,8,9","Rs
2895",1447,50% off,Footwear-Women
20382,Shoetopia,Synthetic womens casual sandals - gold,"Size:36,37,38,39,40,41","Rs
999",699,30% off,Footwear-Women
20383,Puma,Textile elastic womens sports shoes - black,"Size:3,4,5,6,7",Nan,4999,No Discount,Footwear-Women
20384,Skechers,Elite flex- wasik synthetic regular slipon sports shoes - navy,"Size:9,10,11,12","Rs
5699",4274,25% off,Footwear-Women
20385,Shoetopia,Synthetic womens casual sandals - black,"Size:36,37,38,39,40,41","Rs
999",799,20% off,Footwear-Women
20386,Shoetopia,Synthetic womens casual flats - brown,"Size:37,38,39,40,41",Nan,499,No Discount,Footwear-Women
20387,Estatos,Pu pointed toe womens casual wear ballerinas - peach,"Size:36,37,38,39,40","Rs
999",699,30% off,Footwear-Women
20388,Haute curry,Pu slip on womens round toe sandals - gold,"Size:36,37,38,39,40,41","Rs
2799",2239,20% off,Footwear-Women
20389,Inc.5,Synthetic womens party wear sandals - tan,"Size:4,5,6,7,8,9","Rs
2390",1490,38% off,Footwear-Women
20390,Shoetopia,Synthetic womens casual sandals - natural,"Size:36,37,38,39,40,41","Rs
999",699,30% off,Footwear-Women
20391,Inc.5,Synthetic slip on womens party wear sandals - gold,"Size:4,5,6,7,8,9,10","Rs
2190",1490,32% off,Footwear-Women
20392,Estatos,Fabric open toe womens casual sandals - peach,"Size:38,39,40,41","Rs
1399",839,40% off,Footwear-Women
20393,Catwalk,Fabric zipper womens casual wear flat sandals - black,"Size:4,5,6,7,8,9","Rs
2195",1097,50% off,Footwear-Women
20394,Puma,Carina slim sl soft foam+ womens shoes - black,"Size:3,4,5,6,7",Nan,3499,No Discount,Footwear-Women
20395,Skechers,Mesh lace up womens sports shoes - white,"Size:6,7,9","Rs
6999",4199,40% off,Footwear-Women
20396,Catwalk,Womens metallic chain link mules - black,"Size:4,5,6,7,8,9","Rs
2495",1247,50% off,Footwear-Women
20397,Inc.5,Synthetic open back womens heels - copper,"Size:4,5,6,7,8,9,10","Rs
2390",1490,38% off,Footwear-Women
20398,Shoetopia,Synthetic womens casual sandals - pink,"Size:36,37,38,39,40,41","Rs
999",599,40% off,Footwear-Women
20399,Lemon & pepper,Polyurethane slipon womens casual flats - peach,"Size:36,37,38,39,40,41","Rs
2199",1759,20% off,Footwear-Women
20400,Skechers,Fabric slipon womens casual sneakers - multi,"Size:6,7","Rs
3299",1979,40% off,Footwear-Women
20401,Puma,Textile lace up womens casual shoes - gold,Size:4,Nan,6499,No Discount,Footwear-Women
20402,Estatos,Pu open toe womens party sandals - peach,"Size:36,37,38,39,41","Rs
1699",849,50% off,Footwear-Women
20403,Puma,X-ray 2 square imeva softfoam+ unisex casual shoes - white,"Size:3,4,5",Nan,6999,No Discount,Footwear-Women
20404,Skechers,Eva slipon womens casual sneakers - lavender,"Size:6,7,8,9,10","Rs
5999",3599,40% off,Footwear-Women
20405,Haute curry,Womens casual wear slipon heels - gold,Size:39,"Rs
2199",999,55% off,Footwear-Women
20406,Shoetopia,Synthetic womens casual sandals - green,"Size:36,37,38,39,40,41","Rs
999",799,20% off,Footwear-Women
20407,Skechers,Mesh lace up womens casual sneakers - black,Size:6,"Rs
4999",2999,40% off,Footwear-Women
20408,Puma,Smash v2 buck synthetic unisex sneakers - black,"Size:4,5,6,7",Nan,3499,No Discount,Footwear-Women
20409,Tresmode,Pu slip on womens casual flip flops - natural,"Size:37,38","Rs
1499",749,50% off,Footwear-Women
20410,Inc.5,Synthetic slipon womens party mules - black,"Size:4,5,6,7,8,9,10","Rs
2190",1490,32% off,Footwear-Women
20411,Catwalk,Suede slipon womens work wear ballerinas - black,"Size:4,5,6,7,8,9","Rs
2395",1119,53% off,Footwear-Women
20412,Shoetopia,Synthetic womens casual flats - gold,"Size:36,37,38,39,40,41","Rs
999",499,50% off,Footwear-Women
20413,W,Polyurethane buckle womens party wear sandals - gold,"Size:36,37,38,39,40,42","Rs
2599",1039,60% off,Footwear-Women
20414,Inc.5,Synthetic womens party wear sandals - natural,"Size:5,6,7,8,9,10,11","Rs
1790",1190,34% off,Footwear-Women
20415,Haute curry,Pu slip on womens round toe wedges - gold,"Size:36,37,38,39,40,41","Rs
3299",2639,20% off,Footwear-Women
20416,New balance,Synthetic mesh lace up womens sneakers - blue,Size:6,"Rs
8999",6299,30% off,Footwear-Women
20417,Lemon & pepper,Polyurethane slipon womens casual flats - grey,"Size:36,37,38,39,40,41",Nan,2199,No Discount,Footwear-Women
20418,Haute curry,Pu slip on womens round toe flats - rose gold,"Size:36,37,38,39,40","Rs
2199",1539,30% off,Footwear-Women
20419,Haute curry,Pu womens casual sandals - gold,"Size:36,37,38,39,40,41",Nan,2799,No Discount,Footwear-Women
20420,Adidas,Synthetic lace up womens sports shoes - blue,"Size:4,5,6,7",Nan,3799,No Discount,Footwear-Women
20421,Skechers,Synthetic gleam - beachy womens slippers - blue,"Size:6,7,8,9,10","Rs
2299",1149,50% off,Footwear-Women
20422,Solethreads,Synthetic slip on womens casual wear flats - sage,"Size:4,5,6,7,8",Nan,999,No Discount,Footwear-Women
20423,Skechers,Synthetic womens casual flip flops - rose,"Size:6,7,8,9",Nan,4999,No Discount,Footwear-Women
20424,Haute curry,Womens casual wear slipon heels - natural,"Size:36,37,38,39,40","Rs
2199",1099,50% off,Footwear-Women
20425,Estatos,Pu pointed toe womens casual wear ballerinas - gold,"Size:37,38","Rs
1799",989,45% off,Footwear-Women
20426,Inc.5,Synthetic open back womens heels - black,"Size:6,7,8,9","Rs
2490",1490,40% off,Footwear-Women
20427,Catwalk,Suede buckle womens casual wear flat sandals - black,"Size:4,5,6,7,8,9","Rs
3195",1597,50% off,Footwear-Women
20428,Catwalk,Womens see-through metallic slip ons - gunmetal,"Size:5,6,7,8,9","Rs
2495",1996,20% off,Footwear-Women
20429,Catwalk,Womens stitch detail thong slip ons - brown,"Size:5,6","Rs
2095",599,71% off,Footwear-Women
20430,Shoetopia,Synthetic womens casual flats - tan,"Size:37,38,39,40,41",Nan,499,No Discount,Footwear-Women
20431,Inc.5,Synthetic womens party wear sandals - gold,"Size:5,6,7,8,9,10,11","Rs
1990",1190,40% off,Footwear-Women
20432,Skechers,Synthetic slip on womens casual shoes - white,"Size:6,7,8,9,10","Rs
4999",2999,40% off,Footwear-Women
20433,Skechers,Knit slip on strapless womens casual shoes - black,"Size:6,7,8,9","Rs
5499",3299,40% off,Footwear-Women
20434,Catwalk,Womens leather embellished toe ring slip ons - bronze,Size:4,"Rs
1895",599,68% off,Footwear-Women
20435,Shoetopia,Synthetic womens casual flats - black,"Size:37,38,39,40,41",Nan,499,No Discount,Footwear-Women
20436,Inc.5,Synthetic slip on womens casual wear sandals - green,"Size:4,5,6,7,8,9","Rs
2190",1490,32% off,Footwear-Women
20437,Ceriz,Pu slip on womens casual ballerinas - natural,"Size:35,36,37,38,39","Rs
2099",1259,40% off,Footwear-Women
20438,Haute curry,Pu slip on womens round toe sandals - peach,"Size:36,37,38,39,40,41","Rs
2999",2099,30% off,Footwear-Women
20439,Ceriz,Pu slip on womens casual sandals - natural,"Size:35,36,37,38,39","Rs
2199",1319,40% off,Footwear-Women
20440,Skechers,Synthetic slip on womens casual sandals - slate,"Size:6,7,8,9",Nan,4999,No Discount,Footwear-Women
20441,Estatos,Pu slipon womens casual bellies - black,"Size:36,37,38,39,40,41","Rs
999",649,35% off,Footwear-Women
20442,Shoetopia,Synthetic womens casual sandals - black,"Size:36,37,38,39,40,41","Rs
999",699,30% off,Footwear-Women
20443,Puma,Leather lace up womens casual shoes - white,"Size:3,4,5,6,7",Nan,6999,No Discount,Footwear-Women
20444,Estatos,Womens casual wear slip on flats - gold,"Size:37,38,39,40","Rs
492",320,35% off,Footwear-Women
20445,Skechers,Synthetic womens casual wear sports sandals - navy,"Size:6,7,8,9,10",Nan,3299,No Discount,Footwear-Women
20446,Inc.5,Synthetic womens casual wear sandals - natural,"Size:4,5,6,7,8,9","Rs
2490",1490,40% off,Footwear-Women
20447,W,Polyurethane slipon womens casual wear flats - blush,"Size:38,39,40,42","Rs
1399",699,50% off,Footwear-Women
20448,Shoetopia,Suede womens casual sandals - black,"Size:36,37,38,41","Rs
999",699,30% off,Footwear-Women
20449,Haute curry,Polyurethane slipon womens casual wear sandals - multi,"Size:36,37,38,39,40,41",Nan,1899,No Discount,Footwear-Women
20450,Inc.5,Synthetic others womens party wedges heel sandals - peach,"Size:36,37,38","Rs
2490",1245,50% off,Footwear-Women
20451,Shoetopia,Synthetic womens casual flats - copper,"Size:36,37,38,39,40,41","Rs
999",499,50% off,Footwear-Women
20452,Estatos,Pu pointed toe womens casual wear ballerinas - black,"Size:36,37,38,39,40","Rs
1099",714,35% off,Footwear-Women
20453,Catwalk,Metallic fabric slipon womens casual flats - multi,"Size:4,5,6,7,8,9","Rs
2295",1119,51% off,Footwear-Women
20454,Catwalk,Fabric velcro womens casual wear ballerinas - black,"Size:4,5,6,7,8","Rs
2795",1397,50% off,Footwear-Women
20455,Inc.5,Suede slip on womens casual wear sandals - natural,"Size:4,5,6,7,8,9","Rs
2190",1490,32% off,Footwear-Women
20456,Skechers,Mesh lace up womens sports shoes - black,"Size:6,7,8,9","Rs
7999",4799,40% off,Footwear-Women
20457,Haute curry,Suede slip on womens round toe sandals - gold,"Size:35,36,37,38,39,40,41","Rs
2999",2399,20% off,Footwear-Women
20458,Inc.5,Synthetic slip on womens casual wear sandals - grey,"Size:5,6,7,8,9,10",Nan,2690,No Discount,Footwear-Women
20459,Estatos,Synthetic leather round toe womens casual wear sandals - white,"Size:36,37,41","Rs
1599",879,45% off,Footwear-Women
20460,Catwalk,Womens metallic accent slip ons - bronze,"Size:4,5,6,7,8,9","Rs
1995",1596,20% off,Footwear-Women
20461,Catwalk,Synthetic tie up womens active wear sneakers - pink,"Size:4,8,9","Rs
3495",1647,53% off,Footwear-Women
20462,Haute curry,Pu slip on womens one toe flats - black,"Size:36,37,38,39,40,41","Rs
2999",2399,20% off,Footwear-Women
20463,Crocs,Croslite slip on womens casual wear flats - navy,"Size:3,4,5,6,7",Nan,3295,No Discount,Footwear-Women
20464,Inc.5,Synthetic slipon womens casual wear loafers - purple,"Size:37,38,39,40","Rs
2990",1495,50% off,Footwear-Women
20465,Catwalk,Womens patent chunky sneakers - black,"Size:4,5,6,7,8,9","Rs
2895",1447,50% off,Footwear-Women
20466,Inc.5,Synthetic womens party wear sandals - tan,"Size:5,6,7,8,9,10,11","Rs
1890",1190,37% off,Footwear-Women
20467,Puma,Synthetic slipon unisex slides - blue,"Size:6,7,8,9,10,11",Nan,1799,No Discount,Footwear-Women
20468,Adidas,Synthetic slipon womens athleisure slides - pink,"Size:5,6,7",Nan,2699,No Discount,Footwear-Women
20469,Haute curry,Womens casual wear slipon wedges - black,"Size:36,40","Rs
2499",1249,50% off,Footwear-Women
20470,Inc.5,Synthetic womens party wear sandals - natural,Size:37,"Rs
2290",1145,50% off,Footwear-Women
20471,Skechers,Mesh lace up womens sports shoes - navy,"Size:6,7,8,9,10","Rs
5999",4499,25% off,Footwear-Women
20472,Catwalk,Womens metallic wood textured slip ons - gold,"Size:4,5,7,8,9","Rs
1995",1596,20% off,Footwear-Women
20473,Skechers,Synthetic gleam - beachy womens slippers - pink,"Size:6,7,8,9,10","Rs
2299",1149,50% off,Footwear-Women
20474,Lemon & pepper,Pu slip on womens casual wear sandals - green,"Size:36,37,38,39,40","Rs
2999",2399,20% off,Footwear-Women
20475,Haute curry,Pu slip on womens round toe sandals - grey,"Size:36,37,38,39,40,41","Rs
2999",2099,30% off,Footwear-Women
20476,Catwalk,Patent slip on womens formal mules - black,"Size:5,6,7,8","Rs
3195",1597,50% off,Footwear-Women
20477,Skechers,Womens casual wear slipon wedges - black,"Size:6,7,8,9,10","Rs
4499",2249,50% off,Footwear-Women
20478,Estatos,Womens casual wear buckle closure flats - wine,"Size:37,38,39","Rs
492",295,40% off,Footwear-Women
20479,Shoetopia,Synthetic womens casual slides - black,"Size:36,37,38,39,40,41","Rs
999",499,50% off,Footwear-Women
20480,Skechers,Rubber go walk 5 - astonished womens casual shoes - blue,"Size:6,7,8,9,10","Rs
3999",2399,40% off,Footwear-Women
20481,Lemon & pepper,Pu slip on womens casual wear sandals - peach,"Size:35,36,37,38,39,40,41","Rs
3499",2799,20% off,Footwear-Women
20482,Haute curry,Polyurethane slipon womens casual wear sandals - antique,"Size:36,37,38,39,40,41",Nan,2499,No Discount,Footwear-Women
20483,Haute curry,Polyurethane slipon womens casual wear sandals - natural,"Size:36,37,38,39,40,41",Nan,1899,No Discount,Footwear-Women
20484,Lemon & pepper,Pu buckle womens casual wear sandals - gold,"Size:36,37,38,39,40,41","Rs
3499",2449,30% off,Footwear-Women
20485,Haute curry,Polyurethane slipon womens casual sandals - black,"Size:36,37,38,39,40,41","Rs
2999",2099,30% off,Footwear-Women
20486,Catwalk,Womens hot-fix rhinestone slip ons - red,"Size:4,5,6,7,8,9","Rs
2395",1119,53% off,Footwear-Women
20487,Catwalk,Womens hot-fix rhinestone slip ons - black,"Size:4,5,6,7,8,9","Rs
2495",1247,50% off,Footwear-Women
20488,Solethreads,Synthetic slip on womens casual wear flats - black,"Size:4,5,6,7,8,9",Nan,599,No Discount,Footwear-Women
20489,Inc.5,Synthetic womens party wear sandals - tan,"Size:5,6,7,8,9,10,11,12","Rs
2290",1490,35% off,Footwear-Women
20490,Puma,Textile lace up womens sports shoes - black,"Size:3,4,5,6,7",Nan,7499,No Discount,Footwear-Women
20491,Inc.5,Synthetic womens party wear sandals - tan,"Size:4,5,6,7","Rs
2590",1490,42% off,Footwear-Women
20492,Catwalk,Womens asymmetric metallic slip ons - bronze,"Size:5,6,7","Rs
1995",997,50% off,Footwear-Women
20493,New balance,Synthetic mesh lace up womens sneakers - black,"Size:4,4.5,5.5,6,6.5,7.5","Rs
9999",6999,30% off,Footwear-Women
20494,Skechers,Mesh lace up womens casual sneakers - black,"Size:6,9","Rs
4999",2999,40% off,Footwear-Women
20495,Skechers,Synthetic womens casual flip flops - taupe,"Size:6,7,8,9",Nan,4999,No Discount,Footwear-Women
20496,Puma,Leather lace up womens casual shoes - green,"Size:3,4,5,6,7",Nan,6999,No Discount,Footwear-Women
20497,Skechers,Mesh lace up womens casual sneakers - taupe,"Size:6,7,8,9,10","Rs
5999",3599,40% off,Footwear-Women
20498,Shoetopia,Synthetic womens casual clogs - red,Size:37,Nan,499,No Discount,Footwear-Women
20499,Estatos,Pu round toe womens casual wear sandals - black & white,"Size:36,37,39,40,41","Rs
1199",779,35% off,Footwear-Women
20500,Haute curry,Pu slip on womens round toe flats - grey,"Size:36,37,38,39,40","Rs
2199",1539,30% off,Footwear-Women
20501,Estatos,Synthetic leather open toe womens party sandals - brown,"Size:37,38,39,40,41","Rs
1599",799,50% off,Footwear-Women
20502,Puma,Synthetic lace up womens casual shoes - black,"Size:3,4,5,6,7,8",Nan,3499,No Discount,Footwear-Women
20503,Crocs,Eva slip on womens casual flip flops - bronze,Size:3,Nan,2495,No Discount,Footwear-Women
20504,Shoetopia,Synthetic womens casual sandals - black,"Size:36,37,38,39,40,41","Rs
999",599,40% off,Footwear-Women
20505,Estatos,Pu pointed toe womens casual wear ballerinas - gold,"Size:38,39,40","Rs
1099",714,35% off,Footwear-Women
20506,Puma,Synthetic low boot laces unisex sports shoes - black,Size:7,Nan,5999,No Discount,Footwear-Women
20507,Skechers,Synthetic womens casual wear flats - navy,"Size:6,7,8,9,10","Rs
3499",2099,40% off,Footwear-Women
20508,Catwalk,Leather buckle womens formal wedge sandals - brown,"Size:4,5,6,7,8,9","Rs
2495",1996,20% off,Footwear-Women
20509,Haute curry,Pu slip on womens round toe wedges - pewter,"Size:36,37,38,39,40,41","Rs
3299",2639,20% off,Footwear-Women
20510,Shoetopia,Synthetic womens casual sandals - peach,"Size:36,37,38,39,40,41","Rs
999",799,20% off,Footwear-Women
20511,Haute curry,Womens casual wear slip on heels - sand,"Size:35,36,37,38,40,41","Rs
1999",999,50% off,Footwear-Women
20512,Inc.5,Synthetic womens casual wear sandals - white,"Size:5,6,7,8,9,10","Rs
1990",1490,25% off,Footwear-Women
20513,Shoetopia,Synthetic womens casual sneakers - white,"Size:36,37,38,39,40,41","Rs
999",799,20% off,Footwear-Women
20514,Skechers,Eva lace up womens casual sneakers - black,"Size:6,7,8,9,10","Rs
4999",2999,40% off,Footwear-Women
20515,Skechers,Rubber slip on womens casual sandals - black,"Size:6,7,8,9","Rs
4299",2149,50% off,Footwear-Women
20516,Inc.5,Synthetic open toe womens casual wear sandals - black,"Size:5,6,7,8,9,10,11","Rs
1990",1490,25% off,Footwear-Women
20517,Lemon & pepper,Womens casual wear buckle closure flats - black,Size:40,Nan,1699,No Discount,Footwear-Women
20518,Ceriz,Polyurethane open toe womens casual sandals - blush,"Size:35,36,37,38,39,40,41",Nan,2299,No Discount,Footwear-Women
20519,Skechers,Womens casual wear slip on platforms - black,"Size:6,7,8,9,10",Nan,3999,No Discount,Footwear-Women
20520,Haute curry,Suede slip on womens round toe sandals - grey,"Size:35,36,37,38,39,40","Rs
2999",2399,20% off,Footwear-Women
20521,Catwalk,Fabric slipon womens casual wear platforms - black,"Size:4,5,6","Rs
2595",1297,50% off,Footwear-Women
20522,Catwalk,Fabric slipon womens casual wear platforms - black,"Size:4,5,6,7,8,9","Rs
2095",1047,50% off,Footwear-Women
20523,Haute curry,Suede slipon womens casual shoes - natural,"Size:36,37,38,39,40,41","Rs
4999",3499,30% off,Footwear-Women
20524,Catwalk,Womens studded see-through slip ons - natural,"Size:4,5,6,7,8,9","Rs
2095",1047,50% off,Footwear-Women
20525,Inc.5,Synthetic slipon womens casual wear sandals - peach,"Size:37,38","Rs
2190",1095,50% off,Footwear-Women
20526,Haute curry,Pu slip on womens open toe flats - black,"Size:35,36,37,38,39,40,41","Rs
2999",2399,20% off,Footwear-Women
20527,Shoetopia,Synthetic womens casual sandals - red,"Size:36,37,38,39,40,41","Rs
999",599,40% off,Footwear-Women
20528,Puma,Agile trip lace up womens casual shoes - blue,"Size:4,5",Nan,3499,No Discount,Footwear-Women
20529,Skechers,Mesh slipon womens casual sneakers - rose,"Size:6,7,8,9,10","Rs
5999",3599,40% off,Footwear-Women
20530,Crocs,Croslite slip on womens casual wear flats - bronze,"Size:2,3,4,5,6",Nan,3495,No Discount,Footwear-Women
20531,Inc.5,Synthetic slipon womens casual flats - gold,"Size:5,6,7,8,9,10,11",Nan,2490,No Discount,Footwear-Women
20532,Skechers,Womens casual wear lace up sneakers - white,Size:10,"Rs
4999",2999,40% off,Footwear-Women
20533,Haute curry,Polyurethane slipon womens casual wear sandals - black,"Size:35,36,37,38,39,40,41",Nan,2499,No Discount,Footwear-Women
20534,Crocs,Croslite slip on womens casual wear sandals - black mix,"Size:2,3,4,5,6,7",Nan,4995,No Discount,Footwear-Women
20535,Skechers,Womens casual wear slipon platforms - navy,"Size:6,7,8,9,10",Nan,3799,No Discount,Footwear-Women
20536,Ceriz,Pu slip on womens casual ballerinas - black,"Size:35,36,37,38,39,40","Rs
2099",1259,40% off,Footwear-Women
20537,Lemon & pepper,Pu slip on womens casual wear sandals - blue,"Size:35,36,37,38,39,40,41","Rs
3499",2799,20% off,Footwear-Women
20538,Puma,Rs-z leather lace up unisex casual shoes - blue,"Size:3,3.5,4,4.5,5,6",Nan,9999,No Discount,Footwear-Women
20539,Modare,Polyurethane slipon womens casual ballerinas - natural,"Size:36,37,38,39,40,41",Nan,3299,No Discount,Footwear-Women
20540,Estatos,Pu open toe womens party sandals - natural,"Size:36,37,38,39,40,41","Rs
1699",849,50% off,Footwear-Women
20541,Crocs,Croslite slip on womens casual wear sandals - multi,"Size:3,4,5,6,7",Nan,2795,No Discount,Footwear-Women
20542,Lemon & pepper,Pu slip on womens casual wear sandals - pink,"Size:35,36,37,38,39,40","Rs
3299",2309,30% off,Footwear-Women
20543,Puma,Mesh slip on womens sneakers - gold,"Size:3,4,5,6",Nan,3999,No Discount,Footwear-Women
20544,Shoetopia,Synthetic womens casual sandals - pink,"Size:36,37,38,39,40,41","Rs
999",699,30% off,Footwear-Women
20545,Puma,Textile low boot laces unisex sports shoes - black,"Size:7,8,9,10,11,12",Nan,6999,No Discount,Footwear-Women
20546,Inc.5,Synthetic womens casual wear sandals - black,"Size:4,5,6,7,8,9,10","Rs
2290",1490,35% off,Footwear-Women
20547,Inc.5,Synthetic slipon womens casual wear flats - white,"Size:37,38,39,40","Rs
1890",945,50% off,Footwear-Women
20548,Haute curry,Pu slip on womens round toe flats - cream,Size:36,"Rs
2499",1749,30% off,Footwear-Women
20549,Crocs,Croslite slip on womens casual wear flats - black,"Size:2,3,4,5,6",Nan,2495,No Discount,Footwear-Women
20550,Inc.5,Synthetic womens party wear sandals - gunmetal,"Size:5,6,7,8,9,10,11","Rs
1890",1190,37% off,Footwear-Women
20551,Crocs,Croslite slip on womens casual flip flops - pink mix,"Size:3,4,5",Nan,2495,No Discount,Footwear-Women
20552,Skechers,Fabric slipon womens casual slippers - navy,"Size:6,7,8,9,10",Nan,2499,No Discount,Footwear-Women
20553,Crocs,Croslite slip on womens casual wear sandals - black,"Size:2,3,4,5,6,7,8",Nan,4995,No Discount,Footwear-Women
20554,Ceriz,Polyurethane pointed toe womens casual ballerinas - sage,"Size:35,36,37,38,39,40,41",Nan,1899,No Discount,Footwear-Women
20555,Catwalk,Pu tie up womens casual wear loafers - pink,"Size:4,5,6,7,8","Rs
2295",1119,51% off,Footwear-Women
20556,Puma,Textile lace up womens sports shoes - pink,"Size:3,4,5,6,7",Nan,3999,No Discount,Footwear-Women
20557,Lemon & pepper,Polyurethane slipon womens casual flats - green,"Size:36,37,38,39,40,41",Nan,2199,No Discount,Footwear-Women
20558,Shoetopia,Synthetic womens casual flats - pink,"Size:36,37,38,39,40,41","Rs
999",499,50% off,Footwear-Women
20559,Skechers,Mesh slip on womens casual shoes - plum,"Size:6,7,8,9,10","Rs
5999",3599,40% off,Footwear-Women
20560,Catwalk,Pu slip on womens casual platform sandals - black,"Size:4,5,6,7,8","Rs
2895",2316,20% off,Footwear-Women
20561,Inc.5,Synthetic open back womens party heels - pink,"Size:5,6,7,8,9,10","Rs
1890",945,50% off,Footwear-Women
20562,Estatos,Polyurethane slipon womens party wear sandals - yellow,"Size:36,37,38,40,41","Rs
1799",989,45% off,Footwear-Women
20563,Catwalk,Synthetic round toe womens party wear sandals - silver grey,"Size:5,6,7","Rs
2495",1247,50% off,Footwear-Women
20564,Puma,Mesh slip on womens sneakers - silver grey,"Size:3,4,5,6,7",Nan,3999,No Discount,Footwear-Women
20565,Inc.5,Womens casual wear buckle closure heels - antique,"Size:4,5,6,7,8,9,10","Rs
2390",1490,38% off,Footwear-Women
20566,Inc.5,Synthetic others womens party block heel sandals - natural,"Size:36,37,38,40","Rs
2590",1295,50% off,Footwear-Women
20567,Catwalk,Synthetic buckle womens casual wear platforms - white,"Size:4,5,6,7,8","Rs
2095",1676,20% off,Footwear-Women
20568,Skechers,Mesh slip on womens casual shoes - mint,"Size:6,7,8,9","Rs
5499",2749,50% off,Footwear-Women
20569,Inc.5,Womens casual wear slipon flats - gunmetal,Size:6,"Rs
1790",895,50% off,Footwear-Women
20570,Catwalk,Womens solid textured slip ons - black,"Size:4,5,6,7,8,9","Rs
1995",1596,20% off,Footwear-Women
20571,Skechers,Womens casual wear slipon wedges - gold,"Size:6,7,8,9",Nan,3499,No Discount,Footwear-Women
20572,Catwalk,Fabric slipon womens casual wear flat sandals - pink,Size:4,"Rs
2895",1447,50% off,Footwear-Women
20573,Puma,Textile low boot laces unisex sports shoes - white,Size:6,Nan,4499,No Discount,Footwear-Women
20574,Tresmode,Leather slip on womens formal ballerinas - black,"Size:36,37,38,39,40","Rs
3695",1847,50% off,Footwear-Women
20575,Puma,Leather lace up womens casual shoes - blue,"Size:4,5,6,7",Nan,6999,No Discount,Footwear-Women
20576,Estatos,Womens casual wear slipon heels - camel,Size:40,"Rs
894",536,40% off,Footwear-Women
20577,Estatos,Synthetic leather open toe womens casual sandals - grey,"Size:36,37,38,39,40,41","Rs
1499",824,45% off,Footwear-Women
20578,Shoetopia,Synthetic womens casual sneakers - pink,"Size:36,37,38,39,40,41","Rs
999",799,20% off,Footwear-Women
20579,Adidas,Synthetic slipon unisex slides - blue,"Size:8,10,11",Nan,2299,No Discount,Footwear-Women
20580,Skechers,Knit slipon womens casual sneakers - black,"Size:6,7,8,9,10","Rs
5999",3599,40% off,Footwear-Women
20581,Skechers,Synthetic on-the-go 600 - glistening womens slippers - navy,"Size:6,7,8,9",Nan,3499,No Discount,Footwear-Women
20582,Haute curry,Pu slip on womens round toe sandals - grey,"Size:36,37,38,39,40,41","Rs
2799",2239,20% off,Footwear-Women
20583,Inc.5,Synthetic slip on womens casual wear sandals - peach,"Size:5,6,7,8,9,10",Nan,2190,No Discount,Footwear-Women
20584,Catwalk,Womens color-block platform sandals - brown,"Size:5,6,7,8","Rs
2495",1247,50% off,Footwear-Women
20585,Inc.5,Synthetic slipon womens casual mules - white,"Size:4,5,6,7,8,9,10",Nan,2190,No Discount,Footwear-Women
20586,Inc.5,Synthetic open back womens heels - tan,"Size:4,6,7","Rs
2590",1490,42% off,Footwear-Women
20587,Catwalk,Womens velvet strappy slides - blue,"Size:4,5","Rs
1895",599,68% off,Footwear-Women
20588,New balance,Synthetic mesh lace up womens sneakers - black,"Size:4.5,5,5.5,6,6.5,7.5","Rs
8999",6299,30% off,Footwear-Women
20589,Shoetopia,Synthetic womens casual flats - pink,"Size:37,38,39,40,41","Rs
999",499,50% off,Footwear-Women
20590,Shoetopia,Synthetic womens casual sandals - red,"Size:36,37,38,39,40,41","Rs
999",699,30% off,Footwear-Women
20591,Catwalk,Fabric slipon womens casual wear platforms - bronze,"Size:5,6,7,8","Rs
2595",1297,50% off,Footwear-Women
20592,Skechers,Knit lace up womens casual sneakers - blue,"Size:6,7,8,9,10","Rs
5299",3179,40% off,Footwear-Women
20593,Inc.5,Synthetic slipon womens casual wear flats - white,"Size:37,39,40","Rs
2190",1095,50% off,Footwear-Women
20594,Lemon & pepper,Pu buckle womens casual wear sandals - blue,"Size:36,37,38,39,40,41","Rs
3499",2449,30% off,Footwear-Women
20595,Inc.5,Synthetic slip on womens casual wear flats - light blue,"Size:5,6,7,8,9,10,11,12",Nan,1890,No Discount,Footwear-Women
20596,Skechers,Knit slipon womens casual sneakers - rose,"Size:7,8,9,10","Rs
4499",2249,50% off,Footwear-Women
20597,Catwalk,Synthetic slip on womens party mules - multi,"Size:4,5,6,7,8,9","Rs
2895",2316,20% off,Footwear-Women
20598,Inc.5,Synthetic slipon womens party wear flats - green,"Size:37,38,39,40","Rs
1990",995,50% off,Footwear-Women
20599,Inc.5,Synthetic slipon womens casual wear flats - black,"Size:37,39,40","Rs
2190",1095,50% off,Footwear-Women
20600,Modare,Polyurethane slipon womens casual ballerinas - off white,"Size:36,37,38,39,40,41",Nan,3299,No Discount,Footwear-Women
20601,Crocs,Croslite slip on womens casual wear slides - black,"Size:3,4,5,6,7",Nan,2495,No Discount,Footwear-Women
20602,Shoetopia,Synthetic womens casual sandals - black,"Size:36,37,38,39,40,41",Nan,499,No Discount,Footwear-Women
20603,Shoetopia,Synthetic womens casual sandals - white,"Size:36,37,38,39,40,41","Rs
999",799,20% off,Footwear-Women
20604,Estatos,Pu open toe womens party sandals - copper,"Size:36,38,41","Rs
1599",799,50% off,Footwear-Women
20605,Lemon & pepper,Pu buckle womens casual wear sandals - natural,"Size:36,37,38,39,40,41","Rs
4799",3359,30% off,Footwear-Women
20606,Catwalk,Womens pure leather stitch detailed mules - tan,"Size:4,5,6,7,8,9","Rs
1895",1516,20% off,Footwear-Women
20607,Puma,Synthetic slip on womens casual shoes - purple,"Size:3,4,5,6,7",Nan,2499,No Discount,Footwear-Women
20608,Estatos,Womens casual wear buckle closure wedges - black,"Size:37,38,39,40","Rs
1799",899,50% off,Footwear-Women
20609,Skechers,Synthetic slip on womens sports shoes - multi,"Size:6,7,8,9","Rs
3499",2099,40% off,Footwear-Women
20610,Clarks,Leather slipon womens formal ballerinas - black,"Size:4,5,6,7,8","Rs
3999",1999,50% off,Footwear-Women
20611,Crocs,Croslite slip on womens casual wear flats - black,"Size:3,4,5,6,7",Nan,1995,No Discount,Footwear-Women
20612,Ceriz,Polyurethane open toe womens casual sandals - sage,"Size:35,36,37,38,39,40,41",Nan,2299,No Discount,Footwear-Women
20613,Inc.5,Synthetic slipon womens casual wear sandals - green,"Size:37,38","Rs
2190",1095,50% off,Footwear-Women
20614,Catwalk,Womens floral rim mules - blue,Size:5,"Rs
1995",599,70% off,Footwear-Women
20615,Haute curry,Suede slip on womens one toe flats - grey,"Size:36,37,38,39,40,41","Rs
2799",1959,30% off,Footwear-Women
20616,Inc.5,Synthetic slip on womens party wear sandals - gold,"Size:5,6,7,8,9,10",Nan,2690,No Discount,Footwear-Women
20617,Solethreads,Cushion classic super soft comfort womens flip flops - dusty peach,"Size:4,5,6,7,8,9",Nan,599,No Discount,Footwear-Women
20618,Shoetopia,Synthetic womens casual sandals - peach,"Size:36,37,38,39,40,41","Rs
999",699,30% off,Footwear-Women
20619,Inc.5,Synthetic slipon womens casual wear flats - white,"Size:37,38,39,40,41","Rs
2190",1095,50% off,Footwear-Women
20620,Skechers,Textile lace up strapless womens casual shoes - white,"Size:6,8,10","Rs
5299",3179,40% off,Footwear-Women
20621,W,Polyurethane buckle womens formal wear sandals - black,"Size:36,37,38,39,40,42","Rs
1799",1079,40% off,Footwear-Women
20622,Skechers,Mesh lace up womens casual sneakers - charcoal,"Size:6,7,8","Rs
5999",3599,40% off,Footwear-Women
20623,Inc.5,Synthetic open back womens heels - gold,"Size:4,5,6,7,9","Rs
2190",1490,32% off,Footwear-Women
20624,Skechers,Synthetic slip on strapless womens casual shoes - red,"Size:6,7,8,9","Rs
3299",1649,50% off,Footwear-Women
20625,Puma,Textile low boot laces unisex sports shoes - black,Size:11,Nan,8999,No Discount,Footwear-Women
20626,Doubleu,Eva slip on womens casual flats - natural,"Size:36,37,38,39,40,41",Nan,1119,No Discount,Footwear-Women
20627,Inc.5,Synthetic womens casual wear sandals - grey,Size:37,"Rs
2690",1345,50% off,Footwear-Women
20628,Modare,Fabric slipon womens casual slides - blue,"Size:36,37,38,39,40,41",Nan,2799,No Discount,Footwear-Women
20629,Skechers,Knit slip on womens sports shoes - mauve,"Size:6,7,8,9",Nan,5799,No Discount,Footwear-Women
20630,Modare,Fabric slipon womens casual slides - natural,"Size:36,37,38,39,40,41",Nan,2799,No Discount,Footwear-Women
20631,Lemon & pepper,Pu slip on womens casual wear wedges - navy,"Size:36,37,38,39,40","Rs
3299",2639,20% off,Footwear-Women
20632,Puma,Rs-fast red go for leather lace up unisex casual shoes - blue,"Size:7,8,9,10,11",Nan,9999,No Discount,Footwear-Women
20633,Guess,Womens casual wear slipon flats - black,Size:9,"Rs
2999",1499,50% off,Footwear-Women
20634,Adidas,Mesh lace up womens sports shoes - stone,"Size:4,5,6,7",Nan,2699,No Discount,Footwear-Women
20635,Monrow,Polyurethane slipon womens casual sandals - black,"Size:36,37,38,39,40,41","Rs
1899",892,53% off,Footwear-Women
20636,Inc.5,Synthetic slip on womens party wear sandals - peach,"Size:4,5,6,7,8,9,10,11",Nan,2690,No Discount,Footwear-Women
20637,Inc.5,Synthetic slip on womens casual wear flats - peach,"Size:5,6,7,8,9,10,11","Rs
1990",1190,40% off,Footwear-Women
20638,Lemon & pepper,Womens casual wear buckle closure wedges - off white,"Size:36,37,38,39,40","Rs
2999",1499,50% off,Footwear-Women
20639,Estatos,Pvc open toe womens party sandals - white,"Size:36,37,38,39,40,41","Rs
1799",899,50% off,Footwear-Women
20640,Estatos,Pu round toe womens casual wear sandals - peach,"Size:36,37,39","Rs
1199",779,35% off,Footwear-Women
20641,Skechers,Pu slip on womens casual slides - natural,"Size:6,7,8,9","Rs
4299",2149,50% off,Footwear-Women
20642,Catwalk,Womens dual-toned textured sandals - black,"Size:4,5,6,7,8","Rs
1995",1596,20% off,Footwear-Women
20643,Adidas,Showtheway 2.0 fabric low tops lace up unisex sport shoes - black,"Size:7,8,9,10,11",Nan,4999,No Discount,Footwear-Women
20644,Catwalk,Womens criss cross sandals - black,"Size:5,6,7","Rs
1695",847,50% off,Footwear-Women
20645,Shoetopia,Synthetic womens casual flats - blue,"Size:36,37,38,39,40,41","Rs
999",499,50% off,Footwear-Women
20646,Skechers,Knit slip on womens sports shoes - grey,"Size:6,7,8,9,10","Rs
5499",4124,25% off,Footwear-Women
20647,Catwalk,Fabric slipon womens casual wear ballerinas - blue,"Size:4,5,6,7,8,9","Rs
3395",1697,50% off,Footwear-Women
20648,Ceriz,Pu slip on womens casual sandals - navy,"Size:35,36,37,38,39,40","Rs
2399",1439,40% off,Footwear-Women
20649,Estatos,Pu pointed toe womens casual wear ballerinas - coffee,Size:38,"Rs
1099",714,35% off,Footwear-Women
20650,Skechers,Synthetic womens casual flip flops - white,"Size:6,7,8,9,10",Nan,5499,No Discount,Footwear-Women
20651,Inc.5,Synthetic others womens casual flats - light blue,"Size:37,38,39,40,41","Rs
1990",995,50% off,Footwear-Women
20652,Estatos,Synthetic leather open toe womens party sandals - black,"Size:36,37,38,40","Rs
1599",799,50% off,Footwear-Women
20653,Estatos,Pu open toe womens casual sandals - peach,"Size:37,41","Rs
1499",749,50% off,Footwear-Women
20654,Lemon & pepper,Polyurethane slipon womens casual peep toes - maroon,"Size:36,37,38,39,40","Rs
2999",2699,10% off,Footwear-Women
20655,Haute curry,Pu slip on womens peep toe sandals - maroon,"Size:36,37,38,39,40,41","Rs
3299",2309,30% off,Footwear-Women
20656,Tresmode,Leather slip on womens occasion pump shoes - champagne,Size:36,"Rs
5495",2747,50% off,Footwear-Women
20657,Monrow,Polyurethane slipon womens casual boots - black,"Size:36,37,38,40","Rs
3299",2012,39% off,Footwear-Women
20658,Inc.5,Synthetic slipon womens casual wear loafers - grey,"Size:37,38,39","Rs
2990",1495,50% off,Footwear-Women
20659,Haute curry,Polyurethane slipon womens casual wear ballerina - black,"Size:36,37,38,39,40,41",Nan,2799,No Discount,Footwear-Women
20660,Skechers,Synthetic womens casual flip flops - gold,"Size:6,7,8,9,10",Nan,5499,No Discount,Footwear-Women
20661,Shoetopia,Synthetic womens casual flats - grey,"Size:37,38,39,40,41","Rs
999",499,50% off,Footwear-Women
20662,Catwalk,Womens glitter platform slip ons - gold,"Size:4,5,6,7,8","Rs
2995",1996,33% off,Footwear-Women
20663,Lemon & pepper,Womens casual wear buckle closure heels - gunmetal,"Size:39,40","Rs
2399",1199,50% off,Footwear-Women
20664,Shoetopia,Synthetic womens casual sandals - cream,"Size:36,37,38,39,40,41","Rs
999",799,20% off,Footwear-Women
20665,Haute curry,Pu slip on womens peep toe sandals - natural,"Size:35,36,37,38,39,40,41","Rs
3799",2659,30% off,Footwear-Women
20666,Inc.5,Synthetic slip on womens casual flats - black,"Size:4,5,6,7,8,9,10","Rs
2490",1490,40% off,Footwear-Women
20667,Shoetopia,Suede womens casual sandals - black,"Size:36,37,38,39,40,41","Rs
999",699,30% off,Footwear-Women
20668,Skechers,Mesh lace up womens casual shoes - black,"Size:6,7,8,9,10",Nan,7499,No Discount,Footwear-Women
20669,Inc.5,Synthetic buckle womens casual wear flats - pale peach,"Size:37,38,39,40","Rs
1990",995,50% off,Footwear-Women
20670,Puma,Leather low boot laces unisex sports shoes - white,"Size:7,8,9,10,11",Nan,8999,No Discount,Footwear-Women
20671,Inc.5,Synthetic womens party wear sandals - peach,Size:37,"Rs
2290",1145,50% off,Footwear-Women
20672,Crocs,Croslite slip on womens casual wear sandals - silver grey,Size:2,Nan,3495,No Discount,Footwear-Women
20673,Catwalk,Womens velvet and glitter sneakers - grey,"Size:4,5,6,7,8,9","Rs
3195",1597,50% off,Footwear-Women
20674,Skechers,Mesh slip on womens casual shoes - navy,"Size:6,7,8,9,10","Rs
4499",3374,25% off,Footwear-Women
20675,Lemon & pepper,Patent slip on womens formal wear ballerinas - black,"Size:36,37,38,39,40","Rs
3499",2449,30% off,Footwear-Women
20676,Shoetopia,Synthetic womens casual sandals - grey,"Size:36,37,38,39,40,41","Rs
999",699,30% off,Footwear-Women
20677,Catwalk,Womens metal accent thong sandals - bronze,Size:9,"Rs
1495",599,60% off,Footwear-Women
20678,Lemon & pepper,Polyurethane slipon womens casual ballerinas - grey,"Size:36,37,38,39,40",Nan,2499,No Discount,Footwear-Women
20679,Catwalk,Womens embroidered toe loop slip ons - bronze,Size:5,"Rs
2495",599,76% off,Footwear-Women
20680,Catwalk,Fabric slipon womens casual wear platforms - multi,"Size:4,5,6,7,8","Rs
2295",1836,20% off,Footwear-Women
20681,Catwalk,Leather almond shape womens casual wear sandals - tan,"Size:5,6,7","Rs
2695",2156,20% off,Footwear-Women
20682,Catwalk,Womens pure leather round cut-out sandals - tan,"Size:4,5,6,7,8,9","Rs
1695",847,50% off,Footwear-Women
20683,Skechers,Other slip on strapless womens casual shoes - taupe,"Size:6,7,8","Rs
3299",1979,40% off,Footwear-Women
20684,Lemon & pepper,Pu buckle womens casual wear stiletto sandals - natural,"Size:36,37,38,39,40","Rs
4999",3499,30% off,Footwear-Women
20685,Crocs,Croslite slip on womens casual wear flats - multi,Size:4,Nan,2495,No Discount,Footwear-Women
20686,Inc.5,Synthetic others womens party wedges heel sandals - natural,"Size:36,37,38","Rs
2490",1245,50% off,Footwear-Women
20687,Lemon & pepper,Womens casual wear buckle closure heels - cream,Size:40,"Rs
3499",1749,50% off,Footwear-Women
20688,Inc.5,Synthetic open toe womens casual wear sandals - white,"Size:4,5,6,7,8,9,10",Nan,2490,No Discount,Footwear-Women
20689,Adidas,Textile lace up womens sports shoes - pink,"Size:4,5,7",Nan,4299,No Discount,Footwear-Women
20690,Estatos,Velvet open toe womens casual sandals - tan,"Size:37,38,39,40,41","Rs
1399",699,50% off,Footwear-Women
20691,Catwalk,Womens embellished toe ring slip ons - purple,Size:4,"Rs
2295",599,74% off,Footwear-Women
20692,Inc.5,Synthetic slipon womens casual wear flats - grey,"Size:37,38,39,40,41","Rs
2190",1095,50% off,Footwear-Women
20693,Skechers,Synthetic womens casual flip flops - taupe,"Size:6,7,8,9",Nan,3999,No Discount,Footwear-Women
20694,Catwalk,Printed leather slipon womens casual flats - brown,"Size:5,6,7,8","Rs
2995",1497,50% off,Footwear-Women
20695,Catwalk,Synthetic slip on womens athleisure sneakers - multi,"Size:4,5,6,7,8","Rs
4095",2047,50% off,Footwear-Women
20696,Inc.5,Synthetic open back womens heels - tan,"Size:4,5,6,7,8,9,10","Rs
1990",1490,25% off,Footwear-Women
20697,Skechers,Rubber go walk 5 - psychadelic womens casual shoes - pink,"Size:6,7,8,9,10","Rs
4299",2579,40% off,Footwear-Women
20698,Skechers,Mesh slip on womens casual shoes - rose,"Size:6,7,8,9,10","Rs
4999",3749,25% off,Footwear-Women
20699,Puma,Synthetic velcro unisex floaters - red,"Size:7,8,9,10,11",Nan,3499,No Discount,Footwear-Women
20700,Shoetopia,Synthetic womens casual sandals - peach,"Size:36,37","Rs
999",399,60% off,Footwear-Women
20701,Estatos,Womens casual wear buckle closure wedges - royal blue,"Size:39,40,41","Rs
1799",899,50% off,Footwear-Women
20702,Catwalk,Synthetic buckle womens casual wear ballerinas - black,"Size:4,5,6,7","Rs
2995",1497,50% off,Footwear-Women
20703,Lemon & pepper,Polyurethane slipon womens casual peep toes - navy,"Size:36,37,38,39,40","Rs
2999",2699,10% off,Footwear-Women
20704,Catwalk,Pu slipon womens casual wear flat sandals - brown,"Size:4,5,6,7,8","Rs
2195",1756,20% off,Footwear-Women
20705,Crocs,Croslite slip on womens casual wear flats - black,"Size:2,3,5,6,7",Nan,3295,No Discount,Footwear-Women
20706,Estatos,Womens casual wear buckle closure wedges - black,Size:38,"Rs
1999",1299,35% off,Footwear-Women
20707,Estatos,Pu open toe womens casual sandals - black,"Size:36,37,38,39,41","Rs
1599",799,50% off,Footwear-Women
20708,Catwalk,Synthetic buckle womens evening wear ballerinas - bronze,"Size:4,5,6,7,8,9","Rs
2495",1247,50% off,Footwear-Women
20709,Inc.5,Synthetic womens party wear sandals - grey,"Size:4,5,6,7,8,9,10",Nan,2690,No Discount,Footwear-Women
20710,Puma,Future rider icons womens casual shoes - cream,"Size:3,4,5",Nan,6999,No Discount,Footwear-Women
20711,Inc.5,Leather slip on womens casual peep toes - black,"Size:5,6,7,8,9,10,11","Rs
2190",1490,32% off,Footwear-Women
20712,Clarks,Synthetic leather slip on womens casual sandals - red,"Size:4,6,7,8",Nan,3499,No Discount,Footwear-Women
20713,Solethreads,Synthetic slip on womens casual wear slides - navy,"Size:4,5,6,7,8,9",Nan,599,No Discount,Footwear-Women
20714,Shoetopia,Synthetic womens casual sneakers - pink,"Size:37,38,39,40,41","Rs
999",699,30% off,Footwear-Women
20715,Monrow,Polyurethane zipper womens casual boots - brown,"Size:36,37,38,40","Rs
3499",1994,43% off,Footwear-Women
20716,Ceriz,Pu slip on womens casual sandals - baby pink,"Size:35,36,37,38,39","Rs
1999",1199,40% off,Footwear-Women
20717,Catwalk,Solid pu slipon womens casual flats - natural,"Size:4,5,6,7,8,9","Rs
2395",1119,53% off,Footwear-Women
20718,Puma,Smash v2 lace up unisex sneakers - blue,"Size:4,5,6",Nan,3999,No Discount,Footwear-Women
20719,Shoetopia,Synthetic womens casual sandals - blue,"Size:36,37,38,39,40,41","Rs
999",599,40% off,Footwear-Women
20720,Haute curry,Womens casual wear slipon flats - gunmetal,"Size:36,37,40","Rs
1699",749,56% off,Footwear-Women
20721,Inc.5,Synthetic others womens casual flats - natural,"Size:37,38,39,40","Rs
1890",945,50% off,Footwear-Women
20722,Haute curry,Pu slip on womens peep toe sandals - blue,"Size:36,37,38,39,40,41","Rs
3299",2309,30% off,Footwear-Women
20723,Puma,Smash v2 leather womens sneakers - white,Size:3,Nan,3499,No Discount,Footwear-Women
20724,Haute curry,Polyurethane slipon womens casual wear sandals - rose gold,"Size:36,37,38,39",Nan,2499,No Discount,Footwear-Women
20725,Catwalk,Synthetic buckle womens evening wear pumps - gold,"Size:4,5,6,7,8,9","Rs
2595",2076,20% off,Footwear-Women
20726,Reebok,Textile lace up womens sports shoes - black,"Size:6.5,8.5,9.5","Rs
4999",2499,50% off,Footwear-Women
20727,Estatos,Womens casual black ballerinas - black,"Size:36,37,39,40,41","Rs
1399",699,50% off,Footwear-Women
20728,Inc.5,Womens casual wear slip on sandals - antique,Size:5,"Rs
1590",795,50% off,Footwear-Women
20729,Inc.5,Synthetic slipon womens party wear flats - peach,"Size:37,38,39,40","Rs
1990",995,50% off,Footwear-Women
20730,Skechers,Knit slip on strapless womens casual shoes - navy,"Size:6,7,8,9","Rs
5499",3299,40% off,Footwear-Women
20731,Shoetopia,Synthetic womens casual sandals - grey,"Size:36,37,38,39,40,41","Rs
1995",899,55% off,Footwear-Women
20732,Tresmode,Pu slip on womens casual flip flops - black,"Size:37,38,39","Rs
1499",749,50% off,Footwear-Women
20733,Catwalk,Patent tie up womens casual wear loafers - black,"Size:4,5,6,7,8,9","Rs
2495",1247,50% off,Footwear-Women
20734,Inc.5,Womens casual wear slipon wedges - antique,"Size:5,6,7,8,9,10,11,12","Rs
1890",1190,37% off,Footwear-Women
20735,Puma,Rs-x³ twill air mesh unisex casual shoes - white,"Size:3,5,6",Nan,8999,No Discount,Footwear-Women
20736,Inc.5,Synthetic womens casual wear sandals - green,"Size:36,37,38","Rs
2490",1245,50% off,Footwear-Women
20737,Puma,Leather lace up womens casual shoes - black,"Size:4,5,6,7",Nan,7999,No Discount,Footwear-Women
20738,Inc.5,Synthetic others womens casual flats - peach,"Size:37,38,39,40","Rs
1890",945,50% off,Footwear-Women
20739,Estatos,Polyurethane slipon womens party wear sandals - black,"Size:39,41","Rs
1099",769,30% off,Footwear-Women
20740,Skechers,Mesh slip on womens casual shoes - taupe,"Size:6,7,8,9,10","Rs
4499",3374,25% off,Footwear-Women
20741,Puma,Ronni v3 idp synthetic velcro womens casual sandals - black,"Size:3,4,5,6,7",Nan,799,No Discount,Footwear-Women
20742,Inc.5,Synthetic womens casual wear sandals - peach,Size:37,"Rs
2290",1145,50% off,Footwear-Women
20743,Lemon & pepper,Polyurethane slipon womens casual ballerinas - blue,"Size:36,37,38,39,40,41",Nan,2799,No Discount,Footwear-Women
20744,Reebok,Textile lace up womens sports shoes - black,"Size:7.5,9.5","Rs
6599",3299,50% off,Footwear-Women
20745,Haute curry,Polyurethane slipon womens casual wear sandals - natural,"Size:36,37,38,39,40,41",Nan,2499,No Discount,Footwear-Women
20746,Skechers,Synthetic womens casual wear flats - black,"Size:6,7,8,9,10","Rs
3499",2099,40% off,Footwear-Women
20747,Inc.5,Synthetic open toe womens party wear sandals - gold,"Size:4,5,6,7,8,9,10",Nan,2690,No Discount,Footwear-Women
20748,Inc.5,Synthetic slip on womens casual wear sandals - pale peach,"Size:4,5,6,7,8",Nan,2890,No Discount,Footwear-Women
20749,Inc.5,Synthetic slip on womens casual wear sandals - peach,"Size:5,6,7,8,9,10",Nan,2690,No Discount,Footwear-Women
20750,Haute curry,Womens casual wear slipon heels - black,"Size:36,37,38,39,40","Rs
2199",1099,50% off,Footwear-Women
20751,Catwalk,Womens pure leather t-bar thongs - tan,"Size:4,5,6,7,8,9","Rs
1895",1516,20% off,Footwear-Women
20752,Skechers,Pu slip on womens casual slides - brown,"Size:6,7,8,9","Rs
4299",2149,50% off,Footwear-Women
20753,Solethreads,Synthetic slip on womens casual wear flats - pink,"Size:4,5,6,7,8",Nan,999,No Discount,Footwear-Women
20754,Estatos,Pu slipon womens casual bellies - black,"Size:36,37,38,39,40,41","Rs
1199",719,40% off,Footwear-Women
20755,Solethreads,Synthetic slip on womens casual wear flats - purple,"Size:4,5,6,7,8,9",Nan,999,No Discount,Footwear-Women
20756,Catwalk,Pu slipon womens casual wear wedges - natural,"Size:4,5,6,7,8,9","Rs
2295",1836,20% off,Footwear-Women
20757,Inc.5,Synthetic slip on womens casual wear flats - natural,"Size:5,6,7,8,9,10,11","Rs
1890",1190,37% off,Footwear-Women
20758,Solethreads,Synthetic slip on womens casual wear flats - black,"Size:4,5,6,7,8",Nan,999,No Discount,Footwear-Women
20759,New balance,Synthetic mesh lace up womens sneakers - white,"Size:5,5.5,6,6.5","Rs
6499",4549,30% off,Footwear-Women
20760,Catwalk,Fabric slip on womens party mules - white,"Size:4,5,6,7,8,9","Rs
3095",1547,50% off,Footwear-Women
20761,Shoetopia,Synthetic womens casual sandals - black,"Size:36,37,38,39,40,41","Rs
1995",899,55% off,Footwear-Women
20762,Catwalk,Fabric buckle womens casual open toes - copper,"Size:5,6,7","Rs
2995",2396,20% off,Footwear-Women
20763,Shoetopia,Synthetic womens casual sandals - natural,"Size:36,37,38,39,40,41","Rs
999",599,40% off,Footwear-Women
20764,Shoetopia,Synthetic womens casual sandals - grey,"Size:36,37","Rs
999",399,60% off,Footwear-Women
20765,Catwalk,Womens wood textured platform sandals - brown,Size:8,"Rs
1995",997,50% off,Footwear-Women
20766,Reebok,Textile lace up womens sports shoes - grey,"Size:6.5,7.5,8.5,9.5","Rs
4599",2299,50% off,Footwear-Women
20767,Shoetopia,Synthetic womens casual sneakers - black,"Size:36,37,38,39,40,41","Rs
999",799,20% off,Footwear-Women
20768,Estatos,Pu open toe womens party sandals - green,"Size:37,39,40,41","Rs
1699",849,50% off,Footwear-Women
20769,Shoetopia,Synthetic womens casual sandals - cream,"Size:36,37,38,39,40,41","Rs
999",699,30% off,Footwear-Women
20770,Inc.5,Synthetic open toe womens party wear flats - black,"Size:5,6,7,8,9,10,11",Nan,1890,No Discount,Footwear-Women
20771,Puma,Textile elastic womens sports shoes - purple,"Size:4,5,6,7",Nan,4999,No Discount,Footwear-Women
20772,Inc.5,Womens casual wear slipon heels - brown,"Size:9,10","Rs
2090",1045,50% off,Footwear-Women
20773,Puma,Synthetic velcro unisex floaters - yellow,"Size:6,7,8,9,10,11",Nan,2499,No Discount,Footwear-Women
20774,Catwalk,Synthetic slipon womens casual flats - multi,"Size:5,6,7","Rs
2695",2156,20% off,Footwear-Women
20775,Ceriz,Polyurethane pointed toe womens casual ballerinas - black,"Size:35,36,37,38,39,40,41",Nan,1899,No Discount,Footwear-Women
20776,Skechers,Knit slip on womens sports shoes - navy,"Size:6,7,8,9,10","Rs
5499",4124,25% off,Footwear-Women
20777,Estatos,Womens casual wear slip on heeled sandals - brown,"Size:38,39","Rs
1599",799,50% off,Footwear-Women
20778,Lemon & pepper,Polyurethane slipon womens casual ballerinas - natural,"Size:36,37,38,39,40,41",Nan,2799,No Discount,Footwear-Women
20779,Lemon & pepper,Pu slip on womens casual wear flats - ltgrey,"Size:36,37,38,39,40,41","Rs
2799",1959,30% off,Footwear-Women
20780,Tresmode,Synthetic leather slip on womens casual wear mules - black,"Size:36,37,39","Rs
5000",2500,50% off,Footwear-Women
20781,Estatos,Pu open toe womens casual sandals - gold,"Size:36,37,38,39,41","Rs
1199",659,45% off,Footwear-Women
20782,W,Polyurethane slipon womens casual wear flats - gold,"Size:36,37,38,40","Rs
1399",699,50% off,Footwear-Women
20783,Inc.5,Synthetic womens casual wear flats - peach,"Size:37,38,39,40,41","Rs
2390",1195,50% off,Footwear-Women
20784,Inc.5,Synthetic slipon womens casual wear loafers - peach,"Size:37,38,39","Rs
2990",1495,50% off,Footwear-Women
20785,Skechers,Mesh slip on womens sports shoes - taupe,"Size:6,7,8,9","Rs
3499",2099,40% off,Footwear-Women
20786,Skechers,Knit slipon womens casual sneakers - black mix,"Size:6,7,8,9","Rs
5499",3299,40% off,Footwear-Women
20787,Adidas,Synthetic lace up womens sports shoes - white,"Size:5,6,7",Nan,4599,No Discount,Footwear-Women
20788,Skechers,Knit slipon womens casual sneakers - grey,"Size:7,8,9","Rs
5999",3599,40% off,Footwear-Women
20789,Skechers,Knit slip on strapless womens casual shoes - black,"Size:6,7,8,9,10","Rs
4999",2999,40% off,Footwear-Women
20790,Catwalk,Synthetic slipon metal embellished womens casual wedges - brown,"Size:7,8","Rs
2595",1297,50% off,Footwear-Women
20791,Ceriz,Polyurethane round toe womens casual ballerinas - taupe,"Size:35,36,37,38,39,40,41",Nan,2299,No Discount,Footwear-Women
20792,Reebok,Synthetic lace up womens sports shoes - white,"Size:6.5,7.5,8.5,9.5","Rs
4599",2299,50% off,Footwear-Women
20793,Modare,Polyurethane slipon womens casual ballerinas - black,"Size:36,37,38,39,40,41",Nan,3299,No Discount,Footwear-Women
20794,Inc.5,Synthetic slip on womens casual wear sandals - tan,"Size:4,5,6,7,8,9","Rs
2190",1490,32% off,Footwear-Women
20795,Skechers,Knit slipon womens casual sneakers - black,"Size:6,7,8,9","Rs
5499",3299,40% off,Footwear-Women
20796,Tresmode,Synthetic leather slip on womens casual sandals - pink,"Size:36,37,38,39,40","Rs
3990",2992,25% off,Footwear-Women
20797,Shoetopia,Suede womens casual sandals - blue,"Size:36,37,38,39,40,41","Rs
999",799,20% off,Footwear-Women
20798,Catwalk,Womens color splash sandals - multi,"Size:4,5,6,7","Rs
2095",1047,50% off,Footwear-Women
20799,Lemon & pepper,Pu slip on womens casual wear sandals - white,"Size:35,36,37,38,39,40","Rs
3299",2309,30% off,Footwear-Women
20800,Inc.5,Synthetic slip on womens casual open toes - black,"Size:5,6,7,8,9,10,11,12","Rs
1990",1190,40% off,Footwear-Women
20801,Estatos,Polyurethane slipon womens party wear sandals - tan,"Size:36,37,38,39,40","Rs
1699",1019,40% off,Footwear-Women
20802,Catwalk,Womens multi strap studded sandals - black,"Size:4,5,6,7,9","Rs
2195",1097,50% off,Footwear-Women
20803,Lemon & pepper,Suede slip on womens casual wear mules - brown,"Size:36,37,38,39,40,41","Rs
3499",2799,20% off,Footwear-Women
20804,Lemon & pepper,Womens casual wear slipon wedges - gold,"Size:39,40","Rs
2799",1399,50% off,Footwear-Women
20805,Inc.5,Synthetic slip on womens party wear sandals - black,"Size:4,5,6,7,8,9,10,11",Nan,2690,No Discount,Footwear-Women
20806,Tresmode,Leather slip on womens casual flats - natural,"Size:36,37,38,39,40,41","Rs
3900",2925,25% off,Footwear-Women
20807,Lemon & pepper,Womens casual wear slipon wedges - gunmetal,"Size:38,39,40","Rs
2799",1399,50% off,Footwear-Women
20808,Inc.5,Synthetic womens casual wear sandals - natural,"Size:37,38","Rs
2290",1145,50% off,Footwear-Women
20809,Inc.5,Synthetic others womens casual wedges heel sandals - black,"Size:36,37,38","Rs
2390",1195,50% off,Footwear-Women
20810,Haute curry,Womens party wear slipon wedges - gold,"Size:36,37,38","Rs
2399",1099,54% off,Footwear-Women
20811,Puma,Synthetic leather regular slip on mens slides - black,"Size:7,8,9,11",Nan,1799,No Discount,Footwear-Women
20812,Catwalk,Synthetic slipon womens evening wear wedges - gold,"Size:4,5,6,7,8,9","Rs
1895",1516,20% off,Footwear-Women
20813,Inc.5,Synthetic womens casual wear sandals - peach,Size:37,"Rs
2690",1345,50% off,Footwear-Women
20814,Crocs,Croslite slip on womens casual wear sandals - blush,Size:3,Nan,4995,No Discount,Footwear-Women
20815,Inc.5,Synthetic others womens party wedges heel sandals - brown,"Size:36,37,38,39","Rs
2690",1345,50% off,Footwear-Women
20816,Estatos,Pu pointed toe womens casual wear ballerinas - black,"Size:37,38,39,40","Rs
1799",989,45% off,Footwear-Women
20817,Catwalk,Fabric slip on womens casual flats - multi,"Size:4,5,6,7","Rs
2595",1297,50% off,Footwear-Women
20818,Ceriz,Polyurethane pointed toe womens casual flats - black,"Size:35,36,37,38,39,40",Nan,1599,No Discount,Footwear-Women
20819,Inc.5,Synthetic slip on womens casual wear flats - green,"Size:5,6,7,8,9,10,11","Rs
1890",1190,37% off,Footwear-Women
20820,Catwalk,Womens pearl faux fur mules - natural,"Size:4,5","Rs
2095",599,71% off,Footwear-Women
20821,Haute curry,Pu slip on womens round toe sandals - gold,"Size:36,37,38,39,40,41",Nan,2499,No Discount,Footwear-Women
20822,Tresmode,Synthetic leather slip on womens casual ballerinas - black,"Size:36,37,38","Rs
3600",1800,50% off,Footwear-Women
20823,Puma,Textile slip on womens sneakers - black,"Size:3,4,5,6",Nan,4499,No Discount,Footwear-Women
20824,Shoetopia,Synthetic womens casual slides - blue,"Size:36,37,38,39,41",Nan,499,No Discount,Footwear-Women
20825,Lemon & pepper,Polyurethane slipon womens casual flats - yellow,"Size:36,37,39,40","Rs
2199",1759,20% off,Footwear-Women
20826,Haute curry,Polyurethane slipon womens casual wear sandals - gunmetal,"Size:35,36,37,38,39,40,41",Nan,2399,No Discount,Footwear-Women
20827,Estatos,Synthetic leather open toe womens formal sandals - black,"Size:36,37,38,40,41","Rs
1499",749,50% off,Footwear-Women
20828,Reebok,Mesh lace up womens sports shoes - natural,Size:8.5,"Rs
5599",2799,50% off,Footwear-Women
20829,Skechers,Synthetic womens casual flip flops - white,"Size:6,7,8,9,10",Nan,3799,No Discount,Footwear-Women
20830,Puma,Textile lace up womens casual shoes - black,"Size:3,4,5,6,7",Nan,6499,No Discount,Footwear-Women
20831,New balance,Synthetic mesh lace up womens sneakers - blue,"Size:4.5,5,5.5,6,6.5,7.5","Rs
9999",6999,30% off,Footwear-Women
20832,Inc.5,Synthetic others womens party wedges heel sandals - grey,"Size:36,37","Rs
2590",1295,50% off,Footwear-Women
20833,Shoetopia,Synthetic womens casual flats - brown,"Size:36,37,38,39,40,41","Rs
999",599,40% off,Footwear-Women
20834,Inc.5,Synthetic others womens casual block heel sandals - grey,"Size:36,37","Rs
2190",1095,50% off,Footwear-Women
20835,Haute curry,Womens casual wear slipon wedges - natural,"Size:36,39","Rs
2199",1099,50% off,Footwear-Women
20836,Haute curry,Polyurethane slipon womens casual ballerinas - cream,"Size:36,37,38,39,40,41","Rs
3799",2659,30% off,Footwear-Women
20837,Ceriz,Polyurethane open toe womens casual sandals - navy,"Size:35,36,37,38,39,40,41",Nan,2299,No Discount,Footwear-Women
20838,Lemon & pepper,Womens casual wear buckle closure wedges - black,"Size:39,40","Rs
2499",1249,50% off,Footwear-Women
20839,Catwalk,Fabric buckle womens casual flats - gold,"Size:4,5,6,7,8,9","Rs
2695",2156,20% off,Footwear-Women
20840,Adidas,Fabric lace up womens sports shoes - black,"Size:4,5,6,7",Nan,6599,No Discount,Footwear-Women
20841,Estatos,Womens casual wear buckle closure wedges - cream,"Size:40,41","Rs
1799",899,50% off,Footwear-Women
20842,Inc.5,Synthetic slipon womens casual wear mules - peach,"Size:37,38,39,40","Rs
1990",995,50% off,Footwear-Women
20843,Inc.5,Synthetic slipon womens casual wear sandals - peach,"Size:37,38,39,40","Rs
2390",1195,50% off,Footwear-Women
20844,Skechers,Knit slip on strapless womens casual shoes - rose,"Size:6,7,8,9,10","Rs
5999",3599,40% off,Footwear-Women
20845,Skechers,Fabric slipon womens casual sneakers - navy,"Size:6,7,8,9,10","Rs
3999",2399,40% off,Footwear-Women
20846,Shoetopia,Synthetic womens casual sandals - yellow,"Size:36,37,38,39,40,41","Rs
1995",899,55% off,Footwear-Women
20847,Shoetopia,Synthetic womens casual sandals - copper,"Size:36,37,38,39,40,41","Rs
999",699,30% off,Footwear-Women
20848,Inc.5,Synthetic womens casual wear flats - peach,"Size:37,38,39,40","Rs
1990",995,50% off,Footwear-Women
20849,Tresmode,Synthetic leather slip on womens loafers - black,"Size:36,38","Rs
3990",1995,50% off,Footwear-Women
20850,Skechers,Mesh slip on womens casual shoes - natural,"Size:6,7,8,9,10","Rs
4999",3749,25% off,Footwear-Women
20851,Lemon & pepper,Patent buckle womens formal pumps - natural,"Size:36,37,38,39,40,41",Nan,3799,No Discount,Footwear-Women
20852,Adidas,Synthetic lace up womens sports shoes - black,"Size:4,5,6,7",Nan,4999,No Discount,Footwear-Women
20853,Reebok,Slipon womens sports shoes - stud,"Size:6.5,7.5,8.5,9.5","Rs
5599",2799,50% off,Footwear-Women
20854,Inc.5,Synthetic womens casual wear sandals - peach,"Size:4,5,6,7,8,9","Rs
2490",1490,40% off,Footwear-Women
20855,Lemon & pepper,Polyurethane slipon womens casual sandals - gunmetal,"Size:36,37,38,39,40","Rs
2999",2399,20% off,Footwear-Women
20856,Ceriz,Polyurethane round toe womens casual loafers - natural,"Size:35,36,37,38,39,40,41","Rs
2299",1609,30% off,Footwear-Women
20857,Skechers,Mesh slip on womens casual shoes - black,"Size:6,7,8,9,10","Rs
5999",3599,40% off,Footwear-Women
20858,Lemon & pepper,Womens party wear slipon heels - cream,"Size:37,38,39,40","Rs
4799",3359,30% off,Footwear-Women
20859,Catwalk,Synthetic slipon womens casual wear platforms - gold,"Size:4,5,6,7,8,9","Rs
2495",1247,50% off,Footwear-Women
20860,Inc.5,Synthetic womens casual wear sandals - green,"Size:37,38,40","Rs
2490",1245,50% off,Footwear-Women
20861,Estatos,Synthetic slipon womens party wear sandals - black,"Size:36,37,38,39,40,41","Rs
2199",1099,50% off,Footwear-Women
20862,Estatos,Womens casual wear slip on heeled sandals - turquoise,"Size:36,37,38","Rs
1499",899,40% off,Footwear-Women
20863,Estatos,Fabric open toe womens casual sandals - brown,"Size:38,39","Rs
1399",839,40% off,Footwear-Women
20864,Tresmode,Leather slip on womens formal ballerinas - natural,"Size:36,37,38,39,40","Rs
3695",1847,50% off,Footwear-Women
20865,Tresmode,Synthetic leather slip on womens casual flats - gold,"Size:36,37,38,39","Rs
3900",1950,50% off,Footwear-Women
20866,Catwalk,Synthetic slip on womens party flats - gold,"Size:4,5,6,7,8,9","Rs
2995",1497,50% off,Footwear-Women
20867,Inc.5,Synthetic womens party wear flats - antique,"Size:37,38,39,40","Rs
2290",1145,50% off,Footwear-Women
20868,Lemon & pepper,Womens casual wear buckle closure heels - black,"Size:37,38,39,40","Rs
3299",1649,50% off,Footwear-Women
20869,Inc.5,Synthetic slipon womens party wear flats - white,"Size:37,38,39,40","Rs
1990",995,50% off,Footwear-Women
20870,Puma,Textile low boot laces unisex sports shoes - white,"Size:7,8,9,10,11",Nan,9999,No Discount,Footwear-Women
20871,Lemon & pepper,Patent buckle womens formal pumps - black,"Size:36,37,38,39,40,41",Nan,3799,No Discount,Footwear-Women
20872,Skechers,Mesh lace up womens sports shoes - grey,"Size:6,7,8,9,10","Rs
5999",4499,25% off,Footwear-Women
20873,Puma,Synthetic leather lace up womens sports shoes - white,"Size:3,4,5,6,7",Nan,6999,No Discount,Footwear-Women
20874,Estatos,Womens casual wear buckle closure flats - turquoise,"Size:37,38,39","Rs
1649",824,50% off,Footwear-Women
20875,Clarks,Synthetic slipon womens formal pumps - black,"Size:5,6,7,8","Rs
5999",2999,50% off,Footwear-Women
20876,Catwalk,Synthetic slip on womens casual loafers - blue,"Size:5,6,7","Rs
2595",1297,50% off,Footwear-Women
20877,Estatos,Pu broad toe womens party sandals - rose,"Size:36,37","Rs
999",649,35% off,Footwear-Women
20878,Puma,Contempt demi wn's mesh lace up womens sport shoes - black,"Size:3,4,5,6,7",Nan,4999,No Discount,Footwear-Women
20879,Tresmode,Synthetic leather slip on womens semi formal shoes - black,"Size:36,37,39,40","Rs
3990",1995,50% off,Footwear-Women
20880,Inc.5,Synthetic slipon womens casual wear sandals - peach,"Size:37,38","Rs
2390",1195,50% off,Footwear-Women
20881,Haute curry,Womens casual wear slipon wedges - natural,"Size:36,37,38,39","Rs
1999",949,53% off,Footwear-Women
20882,Modare,Polyurethane slipon womens casual sandals - natural,"Size:36,37,38,39,40,41",Nan,3499,No Discount,Footwear-Women
20883,Haute curry,Womens casual wear slipon flats - gold,"Size:36,40","Rs
1699",749,56% off,Footwear-Women
20884,Shoetopia,Synthetic womens casual sandals - cream,"Size:36,37,38,39,40,41","Rs
999",599,40% off,Footwear-Women
20885,Estatos,Synthetic leather open toe womens party sandals - black,"Size:36,39,40,41","Rs
1699",849,50% off,Footwear-Women
20886,Inc.5,Synthetic slipon womens casual wear flats - green,"Size:37,38,39,40","Rs
1890",945,50% off,Footwear-Women
20887,Reebok,Textile lace up womens sports shoes - black,"Size:6.5,7.5,8.5,9.5","Rs
3599",1799,50% off,Footwear-Women
20888,Puma,Textile lace up womens casual shoes - white,"Size:3,4,5,6,7",Nan,7999,No Discount,Footwear-Women
20889,Shoetopia,Synthetic womens casual slides - black,"Size:36,37,38,39,40,41",Nan,499,No Discount,Footwear-Women
20890,Estatos,Synthetic leather open toe womens casual sandals - peach,"Size:36,37,38,39,40","Rs
1399",839,40% off,Footwear-Women
20891,Haute curry,Polyurethane slipon womens casual wear sandals - gunmetal,"Size:36,37,38,39,40,41",Nan,1899,No Discount,Footwear-Women
20892,Inc.5,Womens casual wear slip on flats - gunmetal,"Size:5,6,7,8,9,10","Rs
1690",845,50% off,Footwear-Women
20893,Catwalk,Womens pure leather dual-toned textured sandals - brown,"Size:4,5,6,7","Rs
1795",1436,20% off,Footwear-Women
20894,Lemon & pepper,Pu buckle womens casual wear sandals - cream,"Size:36,37,38,39,40,41","Rs
4799",3359,30% off,Footwear-Women
20895,Shoetopia,Synthetic womens casual flats - black,"Size:36,37,38,39,40,41","Rs
999",599,40% off,Footwear-Women
20896,Inc.5,Synthetic velcro womens party wear sandals - gold,Size:37,"Rs
2690",1345,50% off,Footwear-Women
20897,Doubleu,Eva slip on womens casual flats - pink,"Size:36,37,38,39,40,41",Nan,1119,No Discount,Footwear-Women
20898,Crocs,Eva slip on womens casual sandals - oyster,"Size:3,4,5",Nan,3495,No Discount,Footwear-Women
20899,Catwalk,Suede slipon womens casual wear ballerinas - black,"Size:4,5,6,7","Rs
2195",1097,50% off,Footwear-Women
20900,Puma,Agile trip lace up womens casual shoes - black,"Size:3,4,5,6",Nan,3499,No Discount,Footwear-Women
20901,Inc.5,Synthetic slip on womens casual wear sandals - brown,"Size:5,6,7,8,9,10",Nan,2290,No Discount,Footwear-Women
20902,Reebok,Pu lace up womens sports shoes - grey,"Size:6.5,7.5,8.5,9.5","Rs
2799",1399,50% off,Footwear-Women
20903,Puma,Textile low boot laces unisex sports shoes - grey,Size:9,Nan,10999,No Discount,Footwear-Women
20904,Crocs,Croslite slip on womens casual wear sandals - multi,"Size:4,5,6,7",Nan,2795,No Discount,Footwear-Women
20905,Shoetopia,Synthetic womens casual sandals - blue,"Size:36,37","Rs
999",399,60% off,Footwear-Women
20906,Ceriz,Polyurethane round toe womens casual ballerinas - sage,"Size:35,36,37,38,39,40,41",Nan,2299,No Discount,Footwear-Women
20907,Catwalk,Womens african wood embellished t-bars - brown,"Size:4,5,6","Rs
2095",1047,50% off,Footwear-Women
20908,Ceriz,Polyurethane pointed toe womens casual pumps - natural,"Size:35,36,37,38,39,40,41",Nan,2299,No Discount,Footwear-Women
20909,Tresmode,Pu slip on womens casual flip flops - blue,"Size:36,37,38,39,40","Rs
2499",1874,25% off,Footwear-Women
20910,Skechers,Knit slip on womens casual shoes - navy,"Size:6,7,8,9,10",Nan,5499,No Discount,Footwear-Women
20911,Modare,Womens pu slip-on pumps - navy,"Size:38,39,40","Rs
3299",1649,50% off,Footwear-Women
20912,Tresmode,Leather slip on womens occasion peep toe shoes - gold,"Size:37,38","Rs
5495",2747,50% off,Footwear-Women
20913,Guess,Womens casual wear lace up sneakers - pink,"Size:5,6,7,8,9,10","Rs
8999",6299,30% off,Footwear-Women
20914,Estatos,Polyurethane slipon womens party wear sandals - black,"Size:37,38,39,40,41","Rs
1399",839,40% off,Footwear-Women
20915,Shoetopia,Synthetic womens casual sneakers - black,"Size:37,38,39,40,41","Rs
999",699,30% off,Footwear-Women
20916,Shoetopia,Synthetic womens casual sandals - black,"Size:35,36,37,38,39,40,41","Rs
999",699,30% off,Footwear-Women
20917,Estatos,Pu open toe womens party sandals - navy,"Size:36,37,38,39,40,41","Rs
1799",899,50% off,Footwear-Women
20918,Inc.5,Synthetic open back womens heels - natural,"Size:5,6","Rs
2190",1095,50% off,Footwear-Women
20919,Inc.5,Womens casual wear slipon flats - gunmetal,Size:11,"Rs
1690",845,50% off,Footwear-Women
20920,Tresmode,Synthetic leather slip on womens casual wear flats - champagne,Size:36,"Rs
3600",1800,50% off,Footwear-Women
20921,Skechers,Knit lace up womens casual sneakers - navy,"Size:6,7,8,9,10","Rs
4999",2999,40% off,Footwear-Women
20922,Monrow,Rubber buckle womens party sandals - cream,"Size:36,37,38,40,41","Rs
2399",1199,50% off,Footwear-Women
20923,Estatos,Polyurethane slipon womens party wear sandals - sea green,"Size:37,38,39,40","Rs
1599",959,40% off,Footwear-Women
20924,Estatos,Pu regular toe womens casual wear ballerinas - black,"Size:37,38,39","Rs
999",699,30% off,Footwear-Women
20925,Catwalk,Womens dual-toned textured sandals - black,"Size:4,5,6,7,8","Rs
2095",1676,20% off,Footwear-Women
20926,Puma,Ralph sampson lo unisex sneakers - white,"Size:3,3.5,4,4.5,5,5.5,6.5",Nan,6999,No Discount,Footwear-Women
20927,New balance,Synthetic mesh lace up womens sneakers - multi,Size:5,"Rs
9999",6999,30% off,Footwear-Women
20928,Inc.5,Synthetic womens casual wear sandals - natural,Size:37,"Rs
2190",1095,50% off,Footwear-Women
20929,Inc.5,Synthetic others womens casual block heel sandals - brown,Size:39,"Rs
2390",1195,50% off,Footwear-Women
20930,Clarks,Synthetic slipon womens formal ballerinas - black,"Size:4,6,7","Rs
3999",1999,50% off,Footwear-Women
20931,Inc.5,Synthetic womens party wear sandals - grey,Size:37,"Rs
2690",1345,50% off,Footwear-Women
20932,Crocs,Eva slip on womens casual flip flops - black,"Size:3,4,5,6",Nan,2495,No Discount,Footwear-Women
20933,Shoetopia,Synthetic womens casual sandals - gold,"Size:36,37,38,39,40,41","Rs
999",599,40% off,Footwear-Women
20934,Solethreads,Slides stella super soft comfort cushion womens flip flops - pink,"Size:4,5,6,7,8",Nan,699,No Discount,Footwear-Women
20935,Tresmode,Leather slip on womens formal ballerinas - black,"Size:36,37,40","Rs
3965",2973,25% off,Footwear-Women
20936,W,Polyurethane buckle womens casual wear sandals - tan,"Size:35,36,37,38,39,40,41","Rs
1799",899,50% off,Footwear-Women
20937,Shoetopia,Synthetic womens party sandals - copper,"Size:36,37,38,39,40,41","Rs
999",699,30% off,Footwear-Women
20938,Inc.5,Synthetic slip on womens casual wear sandals - navy,"Size:5,6,7,8,9,10,11",Nan,2490,No Discount,Footwear-Women
20939,Inc.5,Synthetic womens casual wear sandals - natural,"Size:37,38,40","Rs
2490",1245,50% off,Footwear-Women
20940,Lemon & pepper,Polyurethane slipon womens casual sandals - natural,"Size:36,37,38,39,40,41",Nan,2499,No Discount,Footwear-Women
20941,Shoetopia,Synthetic womens casual sandals - red,"Size:37,38,39","Rs
999",649,35% off,Footwear-Women
20942,Inc.5,Womens casual wear slip on flats - tan,"Size:5,6,7,8,9,10","Rs
1690",845,50% off,Footwear-Women
20943,Skechers,Knit slip on womens casual shoes - plum,"Size:6,7,8,9,10",Nan,5499,No Discount,Footwear-Women
20944,Shoetopia,Synthetic womens casual flats - yellow,"Size:36,37,38,39,40,41","Rs
999",499,50% off,Footwear-Women
20945,Estatos,Womens casual wear buckle closure flats - black,"Size:37,38,39","Rs
1149",746,35% off,Footwear-Women
20946,Skechers,Synthetic womens casual flip flops - black,"Size:6,7,8,9","Rs
3799",3229,15% off,Footwear-Women
20947,Tresmode,Synthetic leather slip on womens loafers - blue,"Size:36,37","Rs
3990",1995,50% off,Footwear-Women
20948,Adidas,Mesh lace up womens sports shoes - grey,"Size:4,5,6,7",Nan,4999,No Discount,Footwear-Women
20949,Haute curry,Pu slip on womens open toe flats - peach,"Size:35,36,37,38,39,40,41","Rs
2999",2399,20% off,Footwear-Women
20950,Skechers,Knit slip on womens sports shoes - charcoal,"Size:6,7,8,9",Nan,5799,No Discount,Footwear-Women
20951,Ceriz,Polyurethane open toe womens casual sandals - pink,"Size:35,36,37,38,39,40,41",Nan,2199,No Discount,Footwear-Women
20952,Tresmode,Synthetic leather slip on womens casual ballerinas - wine,"Size:35,36,37,38,39,40,41","Rs
3999",1999,50% off,Footwear-Women
20953,Catwalk,Synthetic round toe womens party wear sandals - copper,"Size:5,6,7","Rs
2495",1996,20% off,Footwear-Women
20954,Puma,Textile lace up womens sports shoes - blue,"Size:3,4,5,6,7",Nan,4999,No Discount,Footwear-Women
20955,Tresmode,Leather slip on womens formal ballerinas - camel,"Size:36,37,40","Rs
3965",2973,25% off,Footwear-Women
20956,Skechers,Womens casual wear slippers - navy,"Size:6,7,8,9,10",Nan,2499,No Discount,Footwear-Women
20957,Catwalk,Womens suede chelsea boots - black,"Size:4,5,6,7,8","Rs
2895",2316,20% off,Footwear-Women
20958,Estatos,Polyurethane slipon womens party wear sandals - black,"Size:36,37,38,39,40,41","Rs
1799",989,45% off,Footwear-Women
20959,Shoetopia,Synthetic womens casual slides - pink,"Size:36,37,38,39,40,41",Nan,499,No Discount,Footwear-Women
20960,Estatos,Womens casual wear buckle closure heels - black,"Size:37,39,41","Rs
1599",799,50% off,Footwear-Women
20961,Monrow,Polyurethane slipon womens casual sandals - maroon,"Size:36,37,38,39,40,41","Rs
1899",892,53% off,Footwear-Women
20962,Haute curry,Polyurethane slipon womens casual wear kolhapuri - rose gold,"Size:36,37,38,39,40,41","Rs
2799",1959,30% off,Footwear-Women
20963,Catwalk,Womens criss cross metallic slip ons - bronze,Size:5,"Rs
2295",1047,54% off,Footwear-Women
20964,Shoetopia,Synthetic womens casual sandals - tan,"Size:35,36,37,38,39,40","Rs
999",899,10% off,Footwear-Women
20965,Inc.5,Synthetic others womens party wedges heel sandals - peach,Size:37,"Rs
2490",1245,50% off,Footwear-Women
20966,Estatos,Pu pointed toe womens casual wear ballerinas - peach,"Size:36,37,38,39,40,41","Rs
1799",989,45% off,Footwear-Women
20967,Shoetopia,Synthetic womens casual sandals - pink,"Size:36,37,38,39,40,41","Rs
999",799,20% off,Footwear-Women
20968,Catwalk,Printed leather slipon womens casual flats - brown,"Size:4,5,6,7,8,9","Rs
3295",1647,50% off,Footwear-Women
20969,Lemon & pepper,Polyurethane slipon womens casual sandals - gold,"Size:36,37,38,39,40","Rs
2999",2399,20% off,Footwear-Women
20970,Skechers,Synthetic womens casual flip flops - rose,"Size:6,7,8,9",Nan,3999,No Discount,Footwear-Women
20971,Shoetopia,Synthetic womens casual sandals - black,"Size:35,36,37,38,39,40,41","Rs
1995",899,55% off,Footwear-Women
20972,Skechers,Mesh slip on strapless womens casual shoes - black,"Size:6,7,8,9,10","Rs
5499",3299,40% off,Footwear-Women
20973,Clarks,Synthetic slipon womens formal pumps - blush,"Size:4,6,7,8","Rs
5999",2999,50% off,Footwear-Women
20974,Tresmode,Synthetic leather slip on womens casual sandals - black,"Size:37,39","Rs
3990",2992,25% off,Footwear-Women
20975,Puma,Carina slim sl soft foam+ womens shoes - pink,"Size:3,4,5,6,7",Nan,3499,No Discount,Footwear-Women
20976,Catwalk,Synthetic slip on womens flats - multi,"Size:4,5,6,7,8,9","Rs
1995",997,50% off,Footwear-Women
20977,Shoetopia,Synthetic womens casual sandals - yellow,"Size:36,37,38,39,40,41","Rs
999",699,30% off,Footwear-Women
20978,Catwalk,Suede buckle womens casual wear flip flops - brown,"Size:4,5,6,7,8","Rs
2995",1497,50% off,Footwear-Women
20979,Puma,Textile lace up womens sports shoes - black,"Size:3,4,5,6,7,8",Nan,4999,No Discount,Footwear-Women
20980,Skechers,Mesh lace up womens casual shoes - blue,"Size:6,7,8,9,10",Nan,5999,No Discount,Footwear-Women
20981,Inc.5,Synthetic slip on womens casual wear flats - yellow,"Size:5,6,7,8,9,10,11,12","Rs
1790",1190,34% off,Footwear-Women
20982,Skechers,Synthetic slip on womens casual shoes - blue,"Size:6,7,8,9,10","Rs
4999",2999,40% off,Footwear-Women
20983,Lemon & pepper,Pu buckle womens casual wear stiletto sandals - black,"Size:36,37,38,39,40","Rs
4999",3499,30% off,Footwear-Women
20984,Puma,Textile lace up womens sports shoes - white,"Size:3,4,5,6,7",Nan,7499,No Discount,Footwear-Women
20985,Puma,Cali star wn's leather lace up womens casual shoes - white,"Size:4,5,6,7",Nan,6999,No Discount,Footwear-Women
20986,Puma,Synthetic lace up womens casual shoes - black,"Size:3,4,5,6,7",Nan,6999,No Discount,Footwear-Women
20987,Reebok,Textile lace up womens sports shoes - black,"Size:7.5,8.5,9.5","Rs
5599",2799,50% off,Footwear-Women
20988,Catwalk,Fabric slip on womens occasion wear loafers - multi,"Size:4,5,6,7,8,9","Rs
2995",1497,50% off,Footwear-Women
20989,Inc.5,Synthetic others womens casual block heel sandals - natural,"Size:36,37","Rs
2190",1095,50% off,Footwear-Women
20990,Shoetopia,Synthetic womens casual sneakers - grey,"Size:37,38,39,40,41","Rs
999",699,30% off,Footwear-Women
20991,Inc.5,Synthetic open toe womens casual wear sandals - peach,"Size:5,6,7,8,9,10,11",Nan,1990,No Discount,Footwear-Women
20992,Puma,Synthetic lace up womens casual shoes - silver grey,"Size:3,4,5,6,7",Nan,1999,No Discount,Footwear-Women
20993,Adidas,Synthetic slipon womens athleisure slides - pink,"Size:4,5,6,7",Nan,1999,No Discount,Footwear-Women
20994,W,Polyurethane slipon womens casual wear kitten heels - tan,"Size:36,37,38,39,40","Rs
2299",919,60% off,Footwear-Women
20995,Catwalk,Fabric zipper womens casual wear flat sandals - brown,"Size:4,5,6,7,8,9","Rs
2195",1756,20% off,Footwear-Women
20996,Puma,Cruise rider silk road wn's leather lace up womens casual shoes - white,"Size:4,7",Nan,6999,No Discount,Footwear-Women
20997,Tresmode,Leather slip on womens formal ballerinas - blue,"Size:36,37,38,39,40","Rs
3695",1847,50% off,Footwear-Women
20998,Shoetopia,Synthetic womens casual flats - yellow,"Size:37,38,39,40,41","Rs
999",499,50% off,Footwear-Women
20999,Monrow,Polyurethane zipper womens casual boots - black,"Size:37,39","Rs
3499",1994,43% off,Footwear-Women
21000,Inc.5,Synthetic slipon womens casual wear flats - purple,Size:37,"Rs
1990",995,50% off,Footwear-Women
21001,Skechers,Knit slip on strapless womens casual shoes - navy,"Size:6,7,8,9","Rs
5999",3599,40% off,Footwear-Women
21002,Lemon & pepper,Womens casual wear slip on ballerinas - natural,"Size:36,37,38,39,40","Rs
2799",1399,50% off,Footwear-Women
21003,Inc.5,Synthetic slip on womens casual wear sandals - black,"Size:4,5,6,7,8,9,10",Nan,2290,No Discount,Footwear-Women
21004,Lemon & pepper,Polyurethane slipon womens casual ballerinas - black,"Size:36,37,38,39,40",Nan,2499,No Discount,Footwear-Women
21005,Shoetopia,Synthetic womens casual sandals - copper,"Size:36,37,38,39,40,41","Rs
999",599,40% off,Footwear-Women
21006,Shoetopia,Synthetic womens casual flats - black,"Size:36,37,38,39,40,41","Rs
999",499,50% off,Footwear-Women
21007,Inc.5,Synthetic buckle womens casual mules - black,"Size:4,5,6,7,8,9,10",Nan,2190,No Discount,Footwear-Women
21008,Adidas,Adilette comfort fabric low tops slipon unisex sport sandals - black,"Size:7,8,10,11,12",Nan,3999,No Discount,Footwear-Women
21009,Skechers,Mesh slip on womens casual shoes - navy,"Size:6,7,8,9,10","Rs
4999",3749,25% off,Footwear-Women
21010,Inc.5,Synthetic womens casual wear flats - navy,"Size:37,38,39,40","Rs
1990",995,50% off,Footwear-Women
21011,Catwalk,Womens dual-toned metallic slip ons - gold,"Size:4,5,6,7,8","Rs
2395",1916,20% off,Footwear-Women
21012,Catwalk,Synthetic slip on round toe womens occasions sandals - multi,"Size:4,5,6,7,8,9","Rs
2095",1047,50% off,Footwear-Women
21013,Reebok,Mesh lace up womens sports shoes - grey,"Size:6.5,7.5,8.5,9.5","Rs
4599",2299,50% off,Footwear-Women
21014,Haute curry,Polyurethane slipon womens casual wear sandals - antique,"Size:36,37,38,39,40,41",Nan,2199,No Discount,Footwear-Women
21015,Guess,Womens casual wear slip on ballerinas - brown,"Size:5,6,7,8,9","Rs
4999",2499,50% off,Footwear-Women
21016,Lemon & pepper,Pu slip on womens casual wear ballerinas - gold,"Size:36,37,38,39,40,41","Rs
5499",3849,30% off,Footwear-Women
21017,Catwalk,Leather slip on womens formal mules - brown,"Size:4,5,6,7,8,9","Rs
2595",2076,20% off,Footwear-Women
21018,Skechers,Mesh slip on strapless womens casual shoes - mauve,"Size:6,7,8,9,10","Rs
5499",3299,40% off,Footwear-Women
21019,Catwalk,Pu tie up womens casual wear loafers - black,"Size:4,5,6,7,8,9","Rs
2295",1119,51% off,Footwear-Women
21020,Inc.5,Synthetic womens casual wear sandals - light blue,"Size:36,37","Rs
2490",1245,50% off,Footwear-Women
21021,Modare,Polyurethane slipon womens casual slides - off white,"Size:36,37,38,39,40,41",Nan,2499,No Discount,Footwear-Women
21022,Inc.5,Synthetic buckle womens casual wear flats - black,"Size:37,38,39,40","Rs
1990",995,50% off,Footwear-Women
21023,Catwalk,Fabric slipon womens casual wear ballerinas - tan,"Size:4,5,6,7,8,9","Rs
2395",1119,53% off,Footwear-Women
21024,Adidas,Hyperon 1.0 w women lace up sports shoes - blue,Size:7,Nan,2999,No Discount,Footwear-Women
21025,Catwalk,Womens embroidered monks - rose,Size:9,"Rs
1995",947,53% off,Footwear-Women
21026,Inc.5,Synthetic slip on womens party wear sandals - natural,"Size:4,5,6,7,8,9,10",Nan,2490,No Discount,Footwear-Women
21027,Estatos,Polyurethane slipon womens party wear sandals - grey,"Size:36,37,39,40,41","Rs
1699",934,45% off,Footwear-Women
21028,Catwalk,Synthetic round toe womens casual wear sandals - khaki,"Size:5,6,7","Rs
2795",2236,20% off,Footwear-Women
21029,Catwalk,Synthetic slip on womens casual wear sandals - gold,"Size:4,5,6,7,8,9","Rs
2695",1347,50% off,Footwear-Women
21030,Haute curry,Womens ethnic slip on heels - antique,"Size:36,37,40","Rs
1899",949,50% off,Footwear-Women
21031,Lemon & pepper,Polyurethane slipon womens casual flats - pink,"Size:36,37,38,39,40",Nan,2499,No Discount,Footwear-Women
21032,Inc.5,Synthetic slip on womens casual wear flats - gunmetal,"Size:5,6,7,8,9,10,11",Nan,1990,No Discount,Footwear-Women
21033,Haute curry,Womens casual wear slip on heels - sand,"Size:36,37,38,39,40","Rs
1899",949,50% off,Footwear-Women
21034,Skechers,Knit slipon womens casual sneakers - rose,"Size:6,7,8,9,10",Nan,5799,No Discount,Footwear-Women
21035,Puma,Womens adelina pack casual shoes - white,"Size:4,7",Nan,3999,No Discount,Footwear-Women
21036,Puma,Textile slip on womens sports shoes - purple,"Size:3,4,5,6,7",Nan,4999,No Discount,Footwear-Women
21037,Inc.5,Leather slip on womens casual peep toes - white,"Size:5,6,7,8,9,10,11","Rs
2190",1490,32% off,Footwear-Women
21038,Inc.5,Synthetic womens casual wear sandals - green,"Size:37,40","Rs
2290",1145,50% off,Footwear-Women
21039,Estatos,Womens casual wear buckle closure flats - silver grey,"Size:38,39","Rs
1199",779,35% off,Footwear-Women
21040,Haute curry,Womens casual wear buckle closure wedges - blue,Size:36,"Rs
1699",849,50% off,Footwear-Women
21041,Inc.5,Synthetic slip on womens casual wear sandals - natural,"Size:5,6,7,8,9,10,11",Nan,2590,No Discount,Footwear-Women
21042,Solethreads,Synthetic slip on womens casual wear slides - black,"Size:4,5,6,7,8",Nan,699,No Discount,Footwear-Women
21043,Modare,Fabric slipon womens casual slides - sea green,"Size:36,37,38,39,40,41",Nan,2799,No Discount,Footwear-Women
21044,Skechers,Synthetic slip on womens casual peep toes - black,"Size:6,7,8,9,10",Nan,3799,No Discount,Footwear-Women
21045,Lemon & pepper,Pu buckle womens casual wear sandals - turquoise,"Size:36,37,38,39,40","Rs
5499",3849,30% off,Footwear-Women
21046,Tresmode,Leather slip on womens casual shoes - blue,"Size:36,37,38,39,40","Rs
4500",2250,50% off,Footwear-Women
21047,Haute curry,Pu slip on womens peep toe sandals - gunmetal,"Size:35,36,37,38,39,40,41","Rs
3799",2659,30% off,Footwear-Women
21048,Ceriz,Polyurethane round toe womens casual loafers - navy,"Size:35,36,37,38,39,40,41","Rs
1999",1399,30% off,Footwear-Women
21049,Shoetopia,Synthetic womens casual sandals - pink,"Size:38,39,41","Rs
999",699,30% off,Footwear-Women
21050,Lemon & pepper,Pu slip on womens casual wear flats - maroon,"Size:36,37,38,39,40,41","Rs
2799",1959,30% off,Footwear-Women
21051,Catwalk,Womens panelled corporate shoes - black,"Size:4,5,6","Rs
2595",2076,20% off,Footwear-Women
21052,Puma,Synthetic leather velcro womens casual sandals - light brown,"Size:4,5,6",Nan,1999,No Discount,Footwear-Women
21053,Estatos,Womens casual wear velcro closure wedges - peach,"Size:38,39,40,41","Rs
1999",999,50% off,Footwear-Women
21054,Inc.5,Synthetic womens casual wear flats - mustard,"Size:37,38,39","Rs
1990",995,50% off,Footwear-Women
21055,Inc.5,Suede slip on womens casual slides - pistachio,"Size:4,5,6,7,8,9,10","Rs
2290",1190,48% off,Footwear-Women
21056,Puma,Textile regular slip on mens slip on shoes - grey,"Size:7,8,9,10,11",Nan,5999,No Discount,Footwear-Women
21057,Haute curry,Womens casual wear slipon wedges - pink,"Size:37,39","Rs
2499",1249,50% off,Footwear-Women
21058,Estatos,Synthetic leather open toe womens party sandals - white,"Size:36,37,38,39","Rs
1699",849,50% off,Footwear-Women
21059,Skechers,Knit slip on womens casual shoes - grey,"Size:6,7,8,9,10",Nan,5799,No Discount,Footwear-Women
21060,Skechers,Mesh lace up womens casual shoes - pink,"Size:6,7,8,9,10",Nan,5999,No Discount,Footwear-Women
21061,Tresmode,Leather slip on womens casual flats - grey,"Size:36,37,38,39,40,41","Rs
3900",2925,25% off,Footwear-Women
21062,Inc.5,Womens casual wear slipon wedges - antique,"Size:5,6,7,8,9,10,11,12",Nan,1890,No Discount,Footwear-Women
21063,Ceriz,Polyurethane pointed toe womens casual pumps - black,"Size:35,36,37,38,39,40,41",Nan,2299,No Discount,Footwear-Women
21064,Catwalk,Womens pure leather stitch detailed ballerinas - black,"Size:5,6,7,8,9","Rs
1995",1596,20% off,Footwear-Women
21065,Catwalk,Womens pure leather braided sandals - tan,"Size:4,5,6,7,8","Rs
1895",1516,20% off,Footwear-Women
21066,Catwalk,Pu slipon womens casual wear platforms - tan,"Size:4,5,6,7,8,9","Rs
1995",1596,20% off,Footwear-Women
21067,Shoetopia,Synthetic womens casual flats - black,"Size:37,38,39,40,41","Rs
999",599,40% off,Footwear-Women
21068,Shoetopia,Suede womens casual sandals - tan,"Size:36,37,38,39,40,41","Rs
999",699,30% off,Footwear-Women
21069,Inc.5,Synthetic others womens party kitten sandals - green,Size:37,"Rs
2290",1145,50% off,Footwear-Women
21070,Estatos,Womens casual wear slip on heel shoes - black,Size:38,"Rs
849",552,35% off,Footwear-Women
21071,Reebok,Pu lace up womens sports shoes - black,Size:6.5,"Rs
2299",1149,50% off,Footwear-Women
21072,Estatos,Polyurethane slipon womens party wear sandals - white,"Size:36,39,40","Rs
1599",959,40% off,Footwear-Women
21073,Skechers,Leather slip on womens casual shoes - baby pink,Size:10,"Rs
4999",2499,50% off,Footwear-Women
21074,Catwalk,Womens metal accent thongs - black,"Size:4,5,6,7,8,9","Rs
2195",1756,20% off,Footwear-Women
21075,Lemon & pepper,Womens casual wear slipon sandals - orange,"Size:36,38,39,40","Rs
3299",1649,50% off,Footwear-Women
21076,Lemon & pepper,Pu slip on womens party wear sandals - rose gold,"Size:36,37,38,39,40,41","Rs
3799",2659,30% off,Footwear-Women
21077,Clarks,Leather slip on womens casual pumps,"Size:4,5,6,7,8","Rs
4999",3499,30% off,Footwear-Women
21078,Inc.5,Synthetic velcro womens casual wear flats - natural,"Size:36,37,38,39,40","Rs
1890",945,50% off,Footwear-Women
21079,Haute curry,Womens casual wear slip on heels - black,"Size:36,37,38,39,40,41","Rs
1999",999,50% off,Footwear-Women
21080,Estatos,Womens casual wear buckle closure wedges - natural,"Size:37,38","Rs
1799",899,50% off,Footwear-Women
21081,Inc.5,Synthetic slipon womens party wear flats - pale peach,"Size:37,38,39,40","Rs
1890",945,50% off,Footwear-Women
21082,Guess,Womens party wear zip closure boots - black,"Size:5,6","Rs
9599",4799,50% off,Footwear-Women
21083,Puma,Textile lace up womens sports shoes - black,"Size:3,4,5,6,7",Nan,5999,No Discount,Footwear-Women
21084,Modare,Womens pu slip-on pumps - natural,Size:40,"Rs
3299",1649,50% off,Footwear-Women
21085,Estatos,Polyurethane slipon womens party wear sandals - black,"Size:36,37,38,39,40","Rs
1799",989,45% off,Footwear-Women
21086,Adidas,Synthetic lace up womens sports shoes - white,"Size:6,7",Nan,4599,No Discount,Footwear-Women
21087,Inc.5,Synthetic slipon womens casual wear sandals - natural,"Size:36,37,38","Rs
2890",1445,50% off,Footwear-Women
21088,Haute curry,Womens casual wear slip on wedges - natural,"Size:36,38,39,40","Rs
1699",849,50% off,Footwear-Women
21089,Guess,Womens casual wear slip on ballerinas - black,Size:6,"Rs
4999",2499,50% off,Footwear-Women
21090,Lemon & pepper,Polyurethane slipon womens casual pumps - rose gold,"Size:36,37,38,39,40","Rs
3299",2969,10% off,Footwear-Women
21091,Modare,Polyurethane slipon womens casual slides - gold,"Size:36,37,38,39,40,41",Nan,2499,No Discount,Footwear-Women
21092,Puma,Textile slip on womens sneakers - black,"Size:3,4,5,6,7",Nan,4499,No Discount,Footwear-Women
21093,Inc.5,Synthetic open toe womens party wear sandals - peach,"Size:5,6,7,8,9,10",Nan,2190,No Discount,Footwear-Women
21094,Haute curry,Polyurethane slipon womens casual wear sandals - gold,"Size:36,37,38,39,40,41",Nan,1999,No Discount,Footwear-Women
21095,Crocs,Croslite slip on womens casual wear flats - midnight_slub,"Size:3,4,5,6",Nan,2495,No Discount,Footwear-Women
21096,Inc.5,Synthetic slipon womens casual wear loafers - tan,"Size:37,38,39","Rs
2990",1495,50% off,Footwear-Women
21097,Ceriz,Polyurethane open toe womens casual sandals - grey,"Size:35,36,37,38,39,40,41",Nan,2299,No Discount,Footwear-Women
21098,Puma,Textile lace up womens sports shoes - gold,"Size:3,4,5,7",Nan,5499,No Discount,Footwear-Women
21099,Reebok,Textile slipon womens sports shoes - natural,Size:8.5,"Rs
5599",2799,50% off,Footwear-Women
21100,Inc.5,Synthetic slipon womens casual wear flats - mustard,"Size:37,38,39","Rs
1890",945,50% off,Footwear-Women
21101,Solethreads,Cushion classic super soft comfort womens flip flops - black,"Size:4,5,6,7,8,9",Nan,599,No Discount,Footwear-Women
21102,Estatos,Womens casual wear buckle closure flats - brown,"Size:39,40","Rs
999",649,35% off,Footwear-Women
21103,Lemon & pepper,Suede closed back womens party heeled boots - natural,"Size:36,37,40","Rs
3999",3199,20% off,Footwear-Women
21104,Inc.5,Synthetic slipon womens casual wear flats - natural,"Size:36,37,38,39,40,41","Rs
1890",945,50% off,Footwear-Women
21105,Haute curry,Pu slip on womens casual sandals - black,"Size:36,37,38,39,40,41","Rs
3799",2659,30% off,Footwear-Women
21106,Puma,Textile lace up womens casual shoes - off white,"Size:3,4,5,6,7",Nan,3799,No Discount,Footwear-Women
21107,Adidas,Street stunner w synthetic mesh lace up womens sports shoes - stone,"Size:4,5,6,7",Nan,3599,No Discount,Footwear-Women
21108,Shoetopia,Suede womens casual sandals - black,"Size:36,37,38,39,40,41","Rs
999",799,20% off,Footwear-Women
21109,Tresmode,Synthetic leather slip on womens casual wear flats - pewter,"Size:36,37,38","Rs
3600",1800,50% off,Footwear-Women
21110,Inc.5,Synthetic slipon womens casual wear sandals - white,"Size:37,38,39,40","Rs
2390",1195,50% off,Footwear-Women
21111,Tresmode,Rubber slip on womens casual ballerinas - pink,"Size:36,37,38,39,40",Nan,2499,No Discount,Footwear-Women
21112,Inc.5,Synthetic slipon womens party wear flats - silver grey,"Size:37,39","Rs
1890",945,50% off,Footwear-Women
21113,Estatos,Womens casual wear slip on heeled sandals - white,Size:37,"Rs
1499",899,40% off,Footwear-Women
21114,Estatos,Womens formal wear slipon ballerinas - brown,Size:37,"Rs
1599",799,50% off,Footwear-Women
21115,Shoetopia,Synthetic womens casual sandals - peach,"Size:36,37,38,39,40,41","Rs
1995",899,55% off,Footwear-Women
21116,Clarks,Leather slipon womens casual ballerinas - blush,"Size:4,5,6,7","Rs
4999",2499,50% off,Footwear-Women
21117,Lazera shoes,Suede slip on womens casual sandals - gold,"Size:36,37,41",Nan,1995,No Discount,Footwear-Women
21118,Ceriz,Polyurethane pointed toe womens casual ballerinas - natural,"Size:35,36,37,38,39,40,41","Rs
1899",1329,30% off,Footwear-Women
21119,Haute curry,Womens casual wear slip on wedges - silver grey,"Size:36,37,38,39,40","Rs
2199",1099,50% off,Footwear-Women
21120,Lemon & pepper,Womens casual wear velcro closure heels - cocoa,"Size:36,37,39,40","Rs
2199",1099,50% off,Footwear-Women
21121,Skechers,Knit slipon womens casual sneakers - plum,"Size:6,7,8,9,10","Rs
5499",3299,40% off,Footwear-Women
21122,Shoetopia,Synthetic womens casual slides - grey,"Size:36,37,38,39,40,41","Rs
999",799,20% off,Footwear-Women
21123,Inc.5,Synthetic womens casual wear flats - natural,"Size:37,38,39","Rs
1990",995,50% off,Footwear-Women
21124,Inc.5,Synthetic womens casual wear sandals - peach,"Size:36,37,38","Rs
2490",1245,50% off,Footwear-Women
21125,Estatos,Womens casual wear slip on flats - navy,"Size:37,38","Rs
1399",839,40% off,Footwear-Women
21126,Clarks,Leather slip on womens casual sandals - white,"Size:4,5,6,7,8",Nan,6499,No Discount,Footwear-Women
21127,Lemon & pepper,Polyurethane slipon womens casual pumps - natural,"Size:35,36,37,38,39,40",Nan,4999,No Discount,Footwear-Women
21128,Inc.5,Synthetic others womens casual wedges heel sandals - pale peach,"Size:36,37,38","Rs
2390",1195,50% off,Footwear-Women
21129,Inc.5,Synthetic womens party wear flats - gold,"Size:37,38,39,40","Rs
2290",1145,50% off,Footwear-Women
21130,Catwalk,Leather tie up womens work wear loafers - brown,"Size:4,5,6,7,8,9","Rs
2495",1996,20% off,Footwear-Women
21131,Lemon & pepper,Patent slipon womens formal boots - natural,"Size:35,36,37,38,39,40,41",Nan,3799,No Discount,Footwear-Women
21132,Inc.5,Synthetic womens party wear sandals - peach,"Size:4,5,6,7,8,9,10",Nan,2490,No Discount,Footwear-Women
21133,Lemon & pepper,Pu slip on womens casual wear wedges - rose gold,"Size:35,36,37,38,39,40","Rs
3999",3199,20% off,Footwear-Women
21134,Skechers,Mesh lace up womens casual sneakers - light blue,"Size:6,7,8,9","Rs
4999",2999,40% off,Footwear-Women
21135,Haute curry,Womens casual wear slipon heels - maroon,"Size:36,39,40","Rs
1999",999,50% off,Footwear-Women
21136,Inc.5,Synthetic slip on womens party wear sandals - grey,"Size:4,5,6,7,8,9,10",Nan,2190,No Discount,Footwear-Women
21137,Shoetopia,Synthetic womens casual slides - black,"Size:36,37,38,39,40,41","Rs
999",799,20% off,Footwear-Women
21138,Estatos,Polyurethane slipon womens party wear sandals - black,"Size:36,37,38,39,40","Rs
1699",934,45% off,Footwear-Women
21139,New balance,Synthetic mesh lace up womens sneakers - grey,Size:6,"Rs
8999",6299,30% off,Footwear-Women
21140,Catwalk,Fabric slip on womens casual mules - gold,"Size:5,6,7","Rs
2895",2316,20% off,Footwear-Women
21141,Inc.5,Synthetic slipon womens casual wear loafers - navy,"Size:37,38,39","Rs
2990",1495,50% off,Footwear-Women
21142,Guess,Womens casual wear slipon heels - black,"Size:6,8","Rs
6599",3299,50% off,Footwear-Women
21143,Lazera shoes,Fabric slipon womens casual sandals - black,"Size:36,37,38,39,40,41",Nan,1795,No Discount,Footwear-Women
21144,Skechers,Mesh slip on womens casual shoes - mauve,"Size:6,9,10","Rs
4999",2999,40% off,Footwear-Women
21145,Inc.5,Synthetic womens party wear sandals - gold,"Size:5,6,7,8,9,10,11",Nan,1890,No Discount,Footwear-Women
21146,Lemon & pepper,Womens casual wear slipon wedges - navy,"Size:36,37,38,39,40","Rs
1899",949,50% off,Footwear-Women
21147,Inc.5,Synthetic womens casual wear sandals - natural,"Size:4,5,6,7,8,9,10",Nan,2290,No Discount,Footwear-Women
21148,Lemon & pepper,Womens casual wear slip on heeled shoes - blue,"Size:36,40","Rs
2499",1249,50% off,Footwear-Women
21149,Lemon & pepper,Polyurethane buckle womens casual sandals - gunmetal,"Size:36,37,38,39,40,41",Nan,2499,No Discount,Footwear-Women
21150,Skechers,Knit slip on womens casual shoes - blue,"Size:6,7,8,9,10",Nan,5799,No Discount,Footwear-Women
21151,Catwalk,Perforations leather tie up womens formal flats - black,"Size:4,5,6,7,8,9","Rs
2695",1347,50% off,Footwear-Women
21152,Shoetopia,Synthetic womens casual sandals - pink,"Size:35,36,37,38,39,40","Rs
999",899,10% off,Footwear-Women
21153,Crocs,Croslite slip on womens casual wear flats - blue,"Size:4,5",Nan,3295,No Discount,Footwear-Women
21154,Puma,Future rider neon play shoes - white,"Size:3,4,5,6",Nan,6999,No Discount,Footwear-Women
21155,Puma,Mesh lace up womens sports shoes - white,"Size:3,4,5,6,7",Nan,5499,No Discount,Footwear-Women
21156,Inc.5,Synthetic slipon womens party wear flats - gunmetal,"Size:36,37,38,39,40","Rs
2190",1095,50% off,Footwear-Women
21157,Catwalk,Fabric buckle womens casual open toes - silver grey,"Size:5,6,7","Rs
2295",1836,20% off,Footwear-Women
21158,Shoetopia,Synthetic womens casual sandals - gold,"Size:35,36,37,38,39,40","Rs
999",995,0% off,Footwear-Women
21159,Inc.5,Synthetic others womens casual flats - grey,"Size:37,38","Rs
1890",945,50% off,Footwear-Women
21160,Monrow,Polyurethane zipper womens casual boots - black,"Size:37,38,40","Rs
3299",2012,39% off,Footwear-Women
21161,Catwalk,Synthetic slipon womens casual wear platforms - silver grey,"Size:4,5,6,7,8","Rs
2095",1047,50% off,Footwear-Women
21162,Lemon & pepper,Velvet no back strap womens casual flats - grey,"Size:35,36,37,38,39,40","Rs
2499",1749,30% off,Footwear-Women
21163,Inc.5,Synthetic womens casual wear sandals - purple,"Size:5,6,7,8,9,10,11",Nan,1890,No Discount,Footwear-Women
21164,Shoetopia,Synthetic womens casual sandals - grey,"Size:36,37,38,39,40,41","Rs
999",799,20% off,Footwear-Women
21165,Inc.5,Synthetic womens casual wear flats - natural,"Size:37,38,39,40,41","Rs
2390",1195,50% off,Footwear-Women
21166,Skechers,Mesh lace up womens casual sneakers - black,"Size:6,7,8,9","Rs
5499",3299,40% off,Footwear-Women
21167,Shoetopia,Suede womens casual sandals - peach,"Size:36,37,38,39,40,41","Rs
999",699,30% off,Footwear-Women
21168,Estatos,Polyurethane slipon womens party wear sandals - black,"Size:36,37,38,39,40,41","Rs
1899",1044,45% off,Footwear-Women
21169,Catwalk,Synthetic buckle womens casual wear ballerinas - gunmetal,"Size:5,6,7","Rs
2095",1047,50% off,Footwear-Women
21170,Ceriz,Polyurethane pointed toe womens casual flats - tan,"Size:35,36,37,38,39,40",Nan,1599,No Discount,Footwear-Women
21171,Puma,Mayze luxe womens sneakers - off white,"Size:4,6,7",Nan,7999,No Discount,Footwear-Women
21172,Solethreads,Synthetic slip on womens casual wear flats - pink,"Size:4,5,6,7,8,9",Nan,599,No Discount,Footwear-Women
21173,Ceriz,Polyurethane round toe womens casual loafers - burgundy,"Size:35,36,37,38,39,40,41","Rs
2299",1609,30% off,Footwear-Women
21174,Shoetopia,Synthetic womens party sandals - gold,"Size:36,37,38,39,40,41","Rs
999",699,30% off,Footwear-Women
21175,Estatos,Synthetic leather round toe womens party wear boots - black,"Size:37,38,40","Rs
1699",934,45% off,Footwear-Women
21176,Puma,Fiona slip-on womens casual shoes - pink,"Size:3,4,5,6",Nan,3299,No Discount,Footwear-Women
21177,Ceriz,Polyurethane open toe womens casual sandals - burgundy,"Size:35,36,37,38,39,40,41",Nan,2199,No Discount,Footwear-Women
21178,Tresmode,Leather slip on womens casual flats - gold,"Size:37,38,40","Rs
2799",1399,50% off,Footwear-Women
21179,Inc.5,Synthetic womens party wear flats - natural,Size:37,"Rs
1990",995,50% off,Footwear-Women
21180,Catwalk,Womens pure leather laser-cut sandals - brown,"Size:7,8,9","Rs
1795",1436,20% off,Footwear-Women
21181,Haute curry,Womens casual wear buckle closure platforms - blue,"Size:36,37,38,39,40","Rs
1999",849,58% off,Footwear-Women
21182,Estatos,Pu broad toe womens casual sandals - yellow,"Size:37,38,39,40","Rs
1399",699,50% off,Footwear-Women
21183,Inc.5,Synthetic slipon womens casual wear flats - navy,"Size:36,37,38,39,40,41","Rs
1890",945,50% off,Footwear-Women
21184,Reebok,Pu lace up womens sports shoes - blue,"Size:8.5,9.5","Rs
2599",1299,50% off,Footwear-Women
21185,Crocs,Croslite slip on womens casual wear sandals - midnight_slub,"Size:4,5,6,7",Nan,2295,No Discount,Footwear-Women
21186,Adidas,Distincto w synthetic low tops slipon womens casual slippers - black,"Size:5,3-4Y,7-8Y",Nan,1999,No Discount,Footwear-Women
21187,Ceriz,Polyurethane round toe womens sneakers - white,"Size:35,36,37,38,39,40,41",Nan,2499,No Discount,Footwear-Women
21188,Puma,Comet 2 alt beta unisex running shoes - grey,"Size:3,4,5,6,7",Nan,4499,No Discount,Footwear-Women
21189,Skechers,Womens mesh slipon sports shoes - black,Size:12,"Rs
5499",3299,40% off,Footwear-Women
21190,Puma,Defy wn's leather lace up womens sports shoes - white,"Size:4,5,6,7",Nan,6999,No Discount,Footwear-Women
21191,Skechers,Mesh slip on strapless womens casual shoes - navy,"Size:6,7,8,9","Rs
5499",3299,40% off,Footwear-Women
21192,Tresmode,Rubber slip on womens casual wear flats - natural,"Size:36,37,38,39,40","Rs
2499",1249,50% off,Footwear-Women
21193,Estatos,Womens party wear slipon heels - cream,Size:35,"Rs
2899",1159,60% off,Footwear-Women
21194,Crocs,Croslite slip on womens casual wear sandals - tan,"Size:2,3,4",Nan,3495,No Discount,Footwear-Women
21195,Skechers,Womens casual wear slippers - pink,"Size:7,9,10",Nan,2499,No Discount,Footwear-Women
21196,Inc.5,Synthetic others womens party wedges heel sandals - green,Size:36,"Rs
2690",1345,50% off,Footwear-Women
21197,Guess,Womens party wear zip closure boots - pink,"Size:5,6,7,8","Rs
9599",4799,50% off,Footwear-Women
21198,Lemon & pepper,Pu slip on womens casual wear sandals - gold,"Size:35,36,37,38,39,40","Rs
3299",2309,30% off,Footwear-Women
21199,Inc.5,Synthetic open back womens heels - brown,"Size:6,7,8,10","Rs
1790",895,50% off,Footwear-Women
21200,Inc.5,Synthetic velcro womens party wear sandals - brown,"Size:36,37,38","Rs
2890",1445,50% off,Footwear-Women
21201,Reebok,Textile lace up womens sports shoes - black,"Size:6.5,7.5,8.5,9.5","Rs
4999",2499,50% off,Footwear-Women
21202,Tresmode,Rubber slip on womens casual wear flats - black,"Size:36,37,38,39,40","Rs
2499",1249,50% off,Footwear-Women
21203,Haute curry,Womens casual wear slip on platforms - black,"Size:36,37,38,40","Rs
2399",1199,50% off,Footwear-Women
21204,Shoetopia,Synthetic womens casual sandals - red,"Size:35,36,37,38,39,40,41","Rs
999",699,30% off,Footwear-Women
21205,Inc.5,Synthetic womens casual wear sandals - green,Size:37,"Rs
2290",1145,50% off,Footwear-Women
21206,Shoetopia,Synthetic womens casual sandals - gold,"Size:36,37,38,39,40,41","Rs
999",799,20% off,Footwear-Women
21207,Inc.5,Synthetic open toe womens casual wear sandals - green,"Size:5,6,7,8,9,10",Nan,2390,No Discount,Footwear-Women
21208,Inc.5,Synthetic open toe womens casual wear sandals - grey,"Size:4,5,6,7,8,9,10",Nan,2190,No Discount,Footwear-Women
21209,Tresmode,Leather slip on womens casual loafers - white,"Size:37,38,39","Rs
3900",2925,25% off,Footwear-Women
21210,Lemon & pepper,Pu slip on womens casual wear wedges - gunmetal,"Size:35,36,37,38,39,40","Rs
3999",3199,20% off,Footwear-Women
21211,Inc.5,Synthetic open back womens party heels - gold,"Size:4,5,6,7,8","Rs
1990",1490,25% off,Footwear-Women
21212,Catwalk,Womens metallic accents toe ring wedges - maroon,"Size:4,5,6,7,8,9","Rs
2195",1097,50% off,Footwear-Women
21213,Haute curry,Womens casual wear slipon wedges - pink,"Size:36,37,38,39,40","Rs
1999",999,50% off,Footwear-Women
21214,Lemon & pepper,Polyurethane slipon womens casual sandals - brown,"Size:36,37,38,39,40,41",Nan,2799,No Discount,Footwear-Women
21215,Inc.5,Synthetic velcro womens casual wear flats - pista green,"Size:36,37,38,39,40","Rs
1890",945,50% off,Footwear-Women
21216,Shoetopia,Synthetic womens casual sandals - copper,"Size:36,37,38,41","Rs
999",599,40% off,Footwear-Women
21217,Shoetopia,Synthetic womens casual slides - black,"Size:36,37,38,39,40",Nan,499,No Discount,Footwear-Women
21218,Clarks,Leather slipon womens casual ballerinas - black,"Size:4,5,6,7,8","Rs
4999",2499,50% off,Footwear-Women
21219,Skechers,Synthetic slip on womens casual sandals - black,"Size:6,7,8,9",Nan,3999,No Discount,Footwear-Women
21220,Solethreads,Synthetic slip on womens casual wear slides - brown,"Size:4,5,6,7,8",Nan,699,No Discount,Footwear-Women
21221,Tresmode,Synthetic leather slip on womens casual ballerinas - wine,"Size:36,37,38,39,40","Rs
3600",1800,50% off,Footwear-Women
21222,Adidas,Mesh lace up womens sports shoes - black,"Size:4,5,6,7",Nan,5999,No Discount,Footwear-Women
21223,Solethreads,Synthetic slip on womens casual wear slides - black,"Size:4,5,6,7,8,9",Nan,599,No Discount,Footwear-Women
21224,Haute curry,Polyurethane slipon womens casual wear sandals - black,"Size:36,37,38,39,40,41",Nan,2499,No Discount,Footwear-Women
21225,Puma,Textile lace up womens sports shoes - white,"Size:3,4,5,6,7",Nan,3999,No Discount,Footwear-Women
21226,Haute curry,Womens casual wear slipon heels - natural,"Size:36,39,40,41","Rs
2199",1099,50% off,Footwear-Women
21227,Lemon & pepper,Patent slipon womens formal boots - black,"Size:35,36,37,38,39,40,41",Nan,3799,No Discount,Footwear-Women
21228,Puma,Synthetic lace up womens casual shoes - white,"Size:3,4,5,6,7",Nan,1999,No Discount,Footwear-Women
21229,Catwalk,Womens criss cross corporate sandals - black,"Size:5,6,7,8","Rs
2295",1836,20% off,Footwear-Women
21230,Inc.5,Synthetic slip on womens casual slides - tan,"Size:5,6,7,8,9","Rs
1990",1490,25% off,Footwear-Women
21231,Puma,Textile slip on womens sneakers - blue,"Size:3,4,5,6,7",Nan,5499,No Discount,Footwear-Women
21232,Modare,Pu slip on womens casual ballerinas - gold,"Size:36,37,38,39,40","Rs
4999",3499,30% off,Footwear-Women
21233,W,Polyurethane slipon womens formal wear flats - brown,"Size:35,36,37,38,39,40,41",Nan,1049,No Discount,Footwear-Women
21234,Tresmode,Leather slip on womens formal pump shoes - black,"Size:36,37,38,39,40",Nan,4595,No Discount,Footwear-Women
21235,Crocs,Croslite slip on womens casual wear sandals - white,Size:4,Nan,3495,No Discount,Footwear-Women
21236,Modare,Pu slip on round toe womens formal ballerinas - sand,"Size:36,37,38,39,40","Rs
3999",2799,30% off,Footwear-Women
21237,Ceriz,Polyurethane pointed toe womens casual sandals - lilac,"Size:35,36,37,38,39,40,41","Rs
2199",1539,30% off,Footwear-Women
21238,Modare,Pu buckle womens casual sandals - black,"Size:37,38,39,40","Rs
4499",3149,30% off,Footwear-Women
21239,Haute curry,Womens casual wear slipon wedges - pink,"Size:36,37,40","Rs
2399",1199,50% off,Footwear-Women
21240,Skechers,Mesh slip on womens casual shoes - grey,"Size:6,7,8,9,10","Rs
4999",3749,25% off,Footwear-Women
21241,New balance,Synthetic mesh lace up womens sneakers - grey,Size:4.5,"Rs
8499",5949,30% off,Footwear-Women
21242,Lemon & pepper,Polyurethane slipon womens casual pumps - natural,"Size:36,37,39,40","Rs
3299",2474,25% off,Footwear-Women
21243,Skechers,Knit slip on womens casual shoes - rose,"Size:6,7,8,9,10","Rs
5499",3299,40% off,Footwear-Women
21244,Crocs,Eva slip on womens casual sandals - bronze,"Size:3,4,5",Nan,3495,No Discount,Footwear-Women
21245,Catwalk,Womens pure leather stitch detailed ballerinas - natural,"Size:4,5,6,7,8","Rs
1995",1596,20% off,Footwear-Women
21246,Estatos,Womens casual wear zipper closure flats - black,"Size:36,37,38","Rs
1499",749,50% off,Footwear-Women
21247,Estatos,Womens casual wear slip on flats - pink,"Size:36,37,38,39,40","Rs
999",649,35% off,Footwear-Women
21248,Inc.5,Synthetic open toe womens party wear flats - gold,"Size:5,6,7,8,9,10,11",Nan,1890,No Discount,Footwear-Women
21249,Solethreads,Synthetic slip on womens casual wear flats - black,"Size:4,5,6,7",Nan,499,No Discount,Footwear-Women
21250,Skechers,Mesh slip on womens casual shoes - black,"Size:6,7,8,9,10","Rs
6499",4874,25% off,Footwear-Women
21251,W,Fabric slipon womens party wear sandals - grey,"Size:35,36,37,38,39,40,41,42",Nan,3599,No Discount,Footwear-Women
21252,Tresmode,Leather slip on womens casual shoes - black,"Size:36,37,38,39,40","Rs
4500",2250,50% off,Footwear-Women
21253,Catwalk,Fabric slipon womens casual wear platforms - bronze,"Size:4,5,6,7,8,9","Rs
2095",1676,20% off,Footwear-Women
21254,Estatos,Pu pointed toe womens casual wear ballerinas - black,"Size:36,37,38,39,40,41","Rs
1799",989,45% off,Footwear-Women
21255,Shoetopia,Synthetic womens casual sandals - black,"Size:36,37,38,40","Rs
999",799,20% off,Footwear-Women
21256,Inc.5,Synthetic open back womens sandals - gold,"Size:5,6,7,8,9,10,11","Rs
1890",1190,37% off,Footwear-Women
21257,Solethreads,Synthetic slip on womens casual wear flats - navy,"Size:4,5,6,7",Nan,499,No Discount,Footwear-Women
21258,Inc.5,Synthetic open toe womens casual wear flats - black,"Size:5,6,7,8,9,10,11,12",Nan,1790,No Discount,Footwear-Women
21259,Tresmode,Synthetic leather slip on womens casual sandals - champagne,"Size:39,40","Rs
4990",3742,25% off,Footwear-Women
21260,Catwalk,Patent tie up womens casual wear boots - black,"Size:4,5,6,7,8,9","Rs
3495",2796,20% off,Footwear-Women
21261,Estatos,Womens casual wear buckle closure flats - pink,"Size:36,37,38,39,40,41","Rs
1249",811,35% off,Footwear-Women
21262,Estatos,Womens casual wear slip on heeled sandals - brown,"Size:38,39,40,41","Rs
2199",1099,50% off,Footwear-Women
21263,Inc.5,Synthetic buckle womens casual wear flats - natural,"Size:37,38,39,40","Rs
1990",995,50% off,Footwear-Women
21264,Catwalk,Womens velvet strappy slides - taupe,"Size:5,7","Rs
1895",599,68% off,Footwear-Women
21265,Shoetopia,Synthetic womens casual sandals - black,Size:37,Nan,499,No Discount,Footwear-Women
21266,Ceriz,Polyurethane open toe womens casual sandals - grey,"Size:35,36,37,38,39,40,41",Nan,2199,No Discount,Footwear-Women
21267,Skechers,Knit slip on strapless womens casual shoes - grey,"Size:6,7,8,9,10","Rs
5499",3299,40% off,Footwear-Women
21268,Clarks,Fabric slip on womens casual sandals - black,"Size:3,4,5,6,7,8",Nan,4499,No Discount,Footwear-Women
21269,Puma,Cilia synthetic lace up womens casual shoes - black,"Size:3,4,5,6",Nan,4799,No Discount,Footwear-Women
21270,Inc.5,Synthetic velcro womens party wear sandals - navy,"Size:36,37,38","Rs
2890",1445,50% off,Footwear-Women
21271,Inc.5,Synthetic womens party wear sandals - gold,Size:36,"Rs
2690",1345,50% off,Footwear-Women
21272,Haute curry,Womens casual wear slip on flats - gold,"Size:36,37,38,39,40","Rs
1999",999,50% off,Footwear-Women
21273,Inc.5,Synthetic velcro womens party wear sandals - peach,Size:37,"Rs
2690",1345,50% off,Footwear-Women
21274,Crocs,Croslite slip on womens casual wear sandals - black,"Size:2,3,4,5,6,8",Nan,3495,No Discount,Footwear-Women
21275,Clarks,Synthetic leather slip on womens casual sandals,"Size:4,5,6,7,8",Nan,4999,No Discount,Footwear-Women
21276,Inc.5,Synthetic slipon womens casual wear flats - white,"Size:37,38,39","Rs
1890",945,50% off,Footwear-Women
21277,Monrow,Suede zipper womens casual boots - black,"Size:36,37,38,39,40",Nan,3499,No Discount,Footwear-Women
21278,Skechers,Synthetic slip on womens sports shoes - black,"Size:6,7,8,9","Rs
3499",1749,50% off,Footwear-Women
21279,Inc.5,Synthetic others womens party wedges heel sandals - black,"Size:36,37,38,39","Rs
2690",1345,50% off,Footwear-Women
21280,Shoetopia,Synthetic womens casual slides - brown,"Size:36,37","Rs
499",399,20% off,Footwear-Women
21281,Modare,Womens casual wear slipon wedges - natural,Size:36,"Rs
2199",799,64% off,Footwear-Women
21282,W,Polyurethane womens party wear sandals - blush,"Size:35,36,37,38,39,40,42","Rs
1799",1259,30% off,Footwear-Women
21283,Puma,Textile slip on womens sneakers - black,"Size:3,4,5,6,7",Nan,5499,No Discount,Footwear-Women
21284,W,Polyurethane slipon womens casual wear flats - ecru,"Size:35,36,37,38,39,40,41,42","Rs
2299",1609,30% off,Footwear-Women
21285,Lemon & pepper,Pu buckle womens casual wear sandals - black,"Size:36,37,38,39,40,41","Rs
4799",3359,30% off,Footwear-Women
21286,Solethreads,Synthetic slip on womens casual wear flats - black,"Size:4,5,6,7",Nan,599,No Discount,Footwear-Women
21287,Skechers,Knit slipon womens casual sneakers - navy,"Size:6,7,8,9,10","Rs
4999",3749,25% off,Footwear-Women
21288,Estatos,Womens casual wear slip on heeled sandals - navy,"Size:38,39","Rs
1699",1019,40% off,Footwear-Women
21289,Crocs,Croslite slip on womens casual wear sandals - black,"Size:2,3,4,6",Nan,3495,No Discount,Footwear-Women
21290,W,Fabric slipon womens casual wear flats - gold,"Size:35,36,37,38,39,40,41,42",Nan,1599,No Discount,Footwear-Women
21291,Inc.5,Synthetic slipon womens party wear flats - green,"Size:37,38,39,40,41","Rs
2390",1195,50% off,Footwear-Women
21292,Skechers,Other slip on strapless womens casual shoes - natural,"Size:6,7,8","Rs
3499",2099,40% off,Footwear-Women
21293,Skechers,Mesh slip on womens casual shoes - grey,"Size:6,7,8,9,10","Rs
6499",4874,25% off,Footwear-Women
21294,Catwalk,Suede slip on womens party platform sandals - black,"Size:4,5,6,7,8","Rs
2495",1996,20% off,Footwear-Women
21295,Solethreads,Synthetic slip on womens casual wear flats - grey,"Size:4,5,6,7,8,9",Nan,599,No Discount,Footwear-Women
21296,Crocs,Eva slip on womens casual flip flops - navy,"Size:3,4,5,6,7",Nan,1995,No Discount,Footwear-Women
21297,Inc.5,Synthetic slip on womens party wear sandals - black,"Size:4,5,6,7,8,9",Nan,2890,No Discount,Footwear-Women
21298,Skechers,Eva slip on womens casual flip flops - navy,"Size:6,7,8,9","Rs
4299",3224,25% off,Footwear-Women
21299,Shoetopia,Synthetic womens casual sandals - grey,"Size:36,37,38,39,40,41",Nan,499,No Discount,Footwear-Women
21300,Estatos,Synthetic leather open toe womens party sandals - peach,"Size:36,37,38,39,40,41","Rs
1499",824,45% off,Footwear-Women
21301,Estatos,Polyurethane slipon womens party wear sandals - tan,"Size:36,37,38,39,40","Rs
1999",1099,45% off,Footwear-Women
21302,Haute curry,Womens casual wear buckle closure heels - black,Size:37,"Rs
1699",849,50% off,Footwear-Women
21303,Estatos,Womens casual wear slipon ballerinas - white,"Size:38,39,40,41","Rs
1699",1104,35% off,Footwear-Women
21304,Inc.5,Synthetic others womens party block heel sandals - natural,"Size:37,38,40","Rs
2590",1295,50% off,Footwear-Women
21305,Inc.5,Synthetic slipon womens casual flats - yellow,"Size:5,6,7,8,9,10,11","Rs
1690",1190,30% off,Footwear-Women
21306,Clarks,Synthetic leather slip on womens casual sandals - pink,"Size:4,5,6,7,8",Nan,3999,No Discount,Footwear-Women
21307,Clarks,Suede slip on womens casual sandals - black,"Size:3,4,5,6,7,8","Rs
6499",5199,20% off,Footwear-Women
21308,Lemon & pepper,Polyurethane slipon womens casual pumps - gunmetal,"Size:36,37,38,39,40","Rs
3799",3039,20% off,Footwear-Women
21309,Lemon & pepper,Pu buckle womens casual wear sandals - black,"Size:36,37,38,39,40","Rs
5499",3849,30% off,Footwear-Women
21310,Skechers,Eva lace up womens casual sneakers - coral,"Size:6,7,8,9,10","Rs
3999",2399,40% off,Footwear-Women
21311,Haute curry,Womens casual wear slipon heels - silver grey,"Size:36,37,38,39,40,41","Rs
2999",1499,50% off,Footwear-Women
21312,Lemon & pepper,Womens casual wear slipon heels - gold,"Size:35,36,37,39","Rs
2199",1099,50% off,Footwear-Women
21313,Puma,Comet 2 alt beta running shoes - black,"Size:4,5",Nan,4499,No Discount,Footwear-Women
21314,Estatos,Polyurethane slipon womens party wear sandals - silver grey,"Size:36,37,38,39,40,41","Rs
1999",1099,45% off,Footwear-Women
21315,Shoetopia,Synthetic womens casual sandals - yellow,"Size:35,36,37,38,39,40,41","Rs
999",699,30% off,Footwear-Women
21316,Tresmode,Leather slip on womens occasion peep toe shoes - black,"Size:38,40","Rs
5495",2747,50% off,Footwear-Women
21317,Ceriz,Polyurethane round toe womens casual ballerinas - navy,"Size:35,36,37,38,39,40,41",Nan,2299,No Discount,Footwear-Women
21318,Ceriz,Polyurethane round toe womens casual ballerinas - sage,"Size:35,36,37,38,39,40",Nan,2099,No Discount,Footwear-Women
21319,Catwalk,Synthetic slipon womens casual wear ballerinas - gold,"Size:4,5,6,7","Rs
2295",1836,20% off,Footwear-Women
21320,Inc.5,Synthetic slip on womens casual peep toes - natural,"Size:4,5,6,7,8,9,10","Rs
2190",1490,32% off,Footwear-Women
21321,Adidas,Leather lace up womens sports shoes - white,"Size:4,5,6,7",Nan,5599,No Discount,Footwear-Women
21322,Shoetopia,Synthetic womens casual slides - grey,"Size:36,37","Rs
499",399,20% off,Footwear-Women
21323,Shoetopia,Synthetic womens casual slides - blue,"Size:36,37,38,39,40,41",Nan,499,No Discount,Footwear-Women
21324,Estatos,Womens casual wear buckle closure flats - cream,"Size:36,37,38,39,40,41","Rs
999",599,40% off,Footwear-Women
21325,Estatos,Womens casual wear slip on heeled sandals - white,"Size:38,39,40","Rs
2199",1099,50% off,Footwear-Women
21326,Inc.5,Synthetic slipon womens casual wear sandals - peach,"Size:36,37,38","Rs
2890",1445,50% off,Footwear-Women
21327,Reebok,Synthetic lace up womens sports shoes - grey,Size:8.5,"Rs
6599",3299,50% off,Footwear-Women
21328,Haute curry,Pu slip on womens casual boots - black,"Size:36,37,38,39,40,41","Rs
3499",2449,30% off,Footwear-Women
21329,Lemon & pepper,Womens casual wear slipon heels - gunmetal,"Size:35,36,37,38,39","Rs
2199",1099,50% off,Footwear-Women
21330,Lemon & pepper,Womens casual wear slipon wedges - sand,"Size:36,40","Rs
2799",1399,50% off,Footwear-Women
21331,Inc.5,Synthetic slip on womens party wear sandals - natural,"Size:4,5,6,7,8",Nan,2590,No Discount,Footwear-Women
21332,Ceriz,Polyurethane round toe womens casual ballerinas - pink,"Size:35,36,37,38,39,40,41","Rs
1999",1399,30% off,Footwear-Women
21333,Catwalk,Polyurethane buckle womens ethnic open toes - brown,"Size:5,6,7","Rs
2795",1397,50% off,Footwear-Women
21334,Inc.5,Synthetic slipon womens casual wear flats - purple,"Size:37,38,39","Rs
1890",945,50% off,Footwear-Women
21335,Tresmode,Leather slip on womens casual flats - champagne,"Size:37,38,40","Rs
2799",1399,50% off,Footwear-Women
21336,Estatos,Womens casual wear buckle closure wedges - silver grey,"Size:36,37,38,39,40,41","Rs
1299",844,35% off,Footwear-Women
21337,Crocs,Croslite slip on womens casual wear flats - butter,"Size:3,4,5,6",Nan,2495,No Discount,Footwear-Women
21338,Catwalk,Womens metallic accent slip ons - gunmetal,"Size:4,5,6,7,8,9","Rs
2195",1756,20% off,Footwear-Women
21339,Ceriz,Polyurethane open toe womens casual sandals - olive,"Size:35,36,37,38,39,40,41",Nan,2199,No Discount,Footwear-Women
21340,W,Polyurethane slipon womens casual wear flats - burgundy,Size:42,"Rs
1399",979,30% off,Footwear-Women
21341,Skechers,Synthetic womens casual flip flops - white,"Size:6,7,8,9","Rs
3799",3229,15% off,Footwear-Women
21342,Inc.5,Synthetic slip on womens casual wear sandals - natural,"Size:5,6,7,8,9,10",Nan,2390,No Discount,Footwear-Women
21343,Inc.5,Synthetic slip on womens casual wear flats - gunmetal,"Size:5,6,7,8,9,10,11,12",Nan,1990,No Discount,Footwear-Women
21344,Lazera shoes,Fabric round toe slipon womens sandals - black,"Size:36,37,38,39,40,41",Nan,2299,No Discount,Footwear-Women
21345,Tresmode,221-brixn-new leather slipon womens casual slipon sandals - black,"Size:36,37,38,39,40",Nan,5000,No Discount,Footwear-Women
21346,Lemon & pepper,Polyurethane slipon womens casual flats - yellow,"Size:36,37,38,39,40",Nan,2499,No Discount,Footwear-Women
21347,Shoetopia,Synthetic womens casual slides - black,"Size:36,37","Rs
499",399,20% off,Footwear-Women
21348,Adidas,Fabric lace up womens sports shoes - black,"Size:4,5,6,7",Nan,5999,No Discount,Footwear-Women
21349,Puma,Mesh lace up womens sports shoes - white,"Size:3,4,5,6",Nan,3499,No Discount,Footwear-Women
21350,Clarks,Suede slip on womens casual sandals - natural,"Size:3,4,5,6,7,8","Rs
6499",5199,20% off,Footwear-Women
21351,Clarks,Leather slip on womens casual sandals - orange,"Size:4,5,6,7,8","Rs
5499",3849,30% off,Footwear-Women
21352,Catwalk,Womens lace upper textured sandals - black,"Size:4,5,7,8,9","Rs
1995",1596,20% off,Footwear-Women
21353,Ceriz,Polyurethane round toe womens sneakers - white,"Size:35,36,37,38,39,40,41","Rs
2499",1749,30% off,Footwear-Women
21354,Shoetopia,Synthetic womens casual flats - white,"Size:36,37,38,39,40,41","Rs
999",499,50% off,Footwear-Women
21355,Inc.5,Synthetic slipon womens casual wear loafers - peach,Size:37,"Rs
2990",1495,50% off,Footwear-Women
21356,Catwalk,Synthetic slipon womens casual flats - pink,"Size:5,6,7","Rs
2295",1836,20% off,Footwear-Women
21357,Clarks,Fabric slip on womens casual sandals - brown,"Size:3,4,5,6,7,8",Nan,4499,No Discount,Footwear-Women
21358,Clarks,Leather slip on womens casual sandals - black,"Size:4,5,6,7,8","Rs
5499",3299,40% off,Footwear-Women
21359,Inc.5,Synthetic slip on womens formal wear sandals - gold,"Size:4,5,6,7,8,9",Nan,2690,No Discount,Footwear-Women
21360,Haute curry,Womens party wear slip on wedges - grey,"Size:38,39,40","Rs
2799",1399,50% off,Footwear-Women
21361,Inc.5,Synthetic slipon womens casual wear flats - pista green,"Size:36,37,38,39,40,41","Rs
1890",945,50% off,Footwear-Women
21362,Puma,Synthetic leather lace up womens sports shoes - black & white,"Size:3,4,5,6",Nan,3499,No Discount,Footwear-Women
21363,Inc.5,Synthetic others womens party flats - tan,"Size:37,39,40","Rs
1790",895,50% off,Footwear-Women
21364,Puma,Game lace up womens casual shoes - black,"Size:3,4,5,6",Nan,4299,No Discount,Footwear-Women
21365,Adidas,Mesh lace up womens sports shoes - white,"Size:4,5,6,7",Nan,4999,No Discount,Footwear-Women
21366,Inc.5,Synthetic open back womens thongs - tan,"Size:5,6,11","Rs
1990",995,50% off,Footwear-Women
21367,Catwalk,Womens shimmer criss cross slip ons - black,"Size:4,5,6,7,8,9","Rs
2295",1836,20% off,Footwear-Women
21368,Puma,Zod runner womens running shoes - purple,"Size:3,4,6",Nan,3999,No Discount,Footwear-Women
21369,Inc.5,Synthetic slipon womens casual mules - grey,"Size:5,6,7,8,9,10",Nan,2490,No Discount,Footwear-Women
21370,Solethreads,Active ortho durable sturdy light comfortable shock absorbent womens flip flops - grey,"Size:4,5,6,7,8",Nan,999,No Discount,Footwear-Women
21371,Estatos,Womens casual wear buckle closure flats - royal blue,"Size:36,37,38,39,40","Rs
999",649,35% off,Footwear-Women
21372,Estatos,Womens casual wear slip on heeled sandals - pink,"Size:38,39","Rs
1599",799,50% off,Footwear-Women
21373,Flipside,Womens scarlett pvc casual wedges - gold,Size:8,Nan,399,No Discount,Footwear-Women
21374,Reebok,Pu lace up womens sports shoes - orange,"Size:7.5,8.5","Rs
2299",1149,50% off,Footwear-Women
21375,Tresmode,Synthetic leather slip on womens casual sandals - champagne,"Size:36,37,38,39,40",Nan,4990,No Discount,Footwear-Women
21376,Ceriz,Polyurethane pointed toe womens casual sandals - natural,"Size:35,36,37,38,39,40",Nan,1999,No Discount,Footwear-Women
21377,Lemon & pepper,Pu slip on womens casual wear ballerinas - black,"Size:36,37,38,39,40,41","Rs
5499",3849,30% off,Footwear-Women
21378,Skechers,Synthetic lace up womens casual shoes - white,"Size:7,8,9,10","Rs
5499",3299,40% off,Footwear-Women
21379,Skechers,Eva lace up womens casual sneakers - yellow,"Size:6,7,8","Rs
3999",2399,40% off,Footwear-Women
21380,Monrow,Polyurethane slipon womens casual sandals - grey,"Size:36,37,38,39,40","Rs
1899",892,53% off,Footwear-Women
21381,Haute curry,Womens casual wear slip on heels - antique,"Size:36,38,39,40","Rs
1999",999,50% off,Footwear-Women
21382,Crocs,Eva slip on womens casual sandals - flame,"Size:3,4,5,6",Nan,4995,No Discount,Footwear-Women
21383,Inc.5,Synthetic womens casual wear sandals - natural,"Size:5,6,7,8,9,10,11",Nan,1890,No Discount,Footwear-Women
21384,Modare,Pu slip on round toe womens formal ballerinas - off white,"Size:36,37,38,39,40","Rs
3999",2799,30% off,Footwear-Women
21385,Puma,Mesh lace up womens sports shoes - pink,"Size:3,4,5,6,7",Nan,5499,No Discount,Footwear-Women
21386,Ceriz,Polyurethane round toe womens casual ballerinas - navy,"Size:35,36,37,38,39,40",Nan,2099,No Discount,Footwear-Women
21387,Shoetopia,Synthetic womens casual sandals - black,"Size:36,37,38,39,40","Rs
999",799,20% off,Footwear-Women
21388,Inc.5,Synthetic others womens party block heel sandals - pale peach,"Size:37,38,40","Rs
2590",1295,50% off,Footwear-Women
21389,Inc.5,Synthetic slipon womens casual wear mules - mustard,"Size:37,38,39,40","Rs
1990",995,50% off,Footwear-Women
21390,Inc.5,Synthetic slipon womens casual wear sandals - green,"Size:37,38","Rs
2390",1195,50% off,Footwear-Women
21391,Ceriz,Polyurethane round toe womens casual loafers - navy,"Size:35,36,37,38,39,40,41","Rs
2199",1539,30% off,Footwear-Women
21392,Puma,Fiona slip-on womens casual shoes - blue,"Size:3,4,5,6",Nan,3799,No Discount,Footwear-Women
21393,Tresmode,221-bosto synthetic leather slipon womens casual slipon sandals - pewter,"Size:36,37,38,39",Nan,6500,No Discount,Footwear-Women
21394,Inc.5,Synthetic womens casual wear flats - light blue,"Size:37,38,39,40","Rs
1990",995,50% off,Footwear-Women
21395,Adidas,Synthetic lace up womens sports shoes - white,"Size:4,6,7",Nan,4599,No Discount,Footwear-Women
21396,Haute curry,Womens casual wear slip on heels - grey,"Size:36,37","Rs
1999",999,50% off,Footwear-Women
21397,Adidas,Adilette shower synthetic low tops slipon unisex sport sandals - red,"Size:8,9,10,11",Nan,2699,No Discount,Footwear-Women
21398,Crocs,Croslite slip on womens casual wear sandals - black,"Size:3,4",Nan,3495,No Discount,Footwear-Women
21399,Skechers,Mesh lace up strapless womens casual shoes - burgundy,"Size:6,7,8,9","Rs
4999",2999,40% off,Footwear-Women
21400,Catwalk,Synthetic slip on womens occasion wear loafers - pink,"Size:4,5,6,7,8,9","Rs
2895",1447,50% off,Footwear-Women
21401,Puma,Textile lace up womens sports shoes - white,"Size:3,4,5,6,7",Nan,4999,No Discount,Footwear-Women
21402,Adidas,Synthetic slipon womens athleisure flats - black,"Size:4,5,6,7",Nan,2999,No Discount,Footwear-Women
21403,Shoetopia,Synthetic womens casual sandals - yellow,"Size:35,36,37,38,39,40,41","Rs
1995",899,55% off,Footwear-Women
21404,Shoetopia,Synthetic womens casual sandals - brown,"Size:36,37,38,39,40,41","Rs
999",799,20% off,Footwear-Women
21405,Estatos,Womens casual wear buckle closure flats - brown,"Size:38,39,40","Rs
1299",649,50% off,Footwear-Women
21406,Tresmode,Synthetic leather slip on womens casual wear mules - white,"Size:36,37,39","Rs
5000",2500,50% off,Footwear-Women
21407,Inc.5,Synthetic slipon womens party wear flats - light blue,"Size:37,38,39,40","Rs
1990",995,50% off,Footwear-Women
21408,Haute curry,Synthetic slipon womens casual wear pumps - black,"Size:36,37,38,39",Nan,2999,No Discount,Footwear-Women
21409,Haute curry,Womens casual wear slipon heels - navy,"Size:35,37,40","Rs
2199",1099,50% off,Footwear-Women
21410,Inc.5,Suede slip on womens casual peep toes - black,"Size:4,5,6,7,8,9","Rs
2190",1490,32% off,Footwear-Women
21411,Inc.5,Tpr open back womens party heels - gold,"Size:5,6,10","Rs
2290",1490,35% off,Footwear-Women
21412,Lemon & pepper,Womens party wear slipon heels - black,Size:40,"Rs
4799",3359,30% off,Footwear-Women
21413,Ceriz,Pu slip on womens casual loafers - burgundy,"Size:35,36,37,38,39,40","Rs
2299",1379,40% off,Footwear-Women
21414,Catwalk,Synthetic slip on womens casual wear sandals - gold,"Size:4,5,6,7,8,9","Rs
2795",2236,20% off,Footwear-Women
21415,Inc.5,Synthetic others womens party flats - peach,"Size:37,38,39,40","Rs
1890",945,50% off,Footwear-Women
21416,Inc.5,Synthetic slipon womens party wear flats - silver grey,"Size:37,38,39,40","Rs
2690",1345,50% off,Footwear-Women
21417,Catwalk,Synthetic slipon womens casual wear flip flops - brown,"Size:5,6,7","Rs
2795",1397,50% off,Footwear-Women
21418,Inc.5,Synthetic closed back womens heels - black,"Size:4,5,6,7,8,9","Rs
2990",1490,50% off,Footwear-Women
21419,Puma,Textile lace up womens sports shoes - blue,"Size:3,4,5,6",Nan,5499,No Discount,Footwear-Women
21420,Catwalk,Womens pure leather cut-out sandals - brown,"Size:4,5,6,8","Rs
1895",1516,20% off,Footwear-Women
21421,Ceriz,Polyurethane pointed toe womens casual ballerinas - mint,"Size:35,36,37,38,39,40,41",Nan,1799,No Discount,Footwear-Women
21422,Solethreads,Synthetic slip on womens casual wear flats - navy,"Size:4,5,6,7,8,9",Nan,599,No Discount,Footwear-Women
21423,Catwalk,Fabric buckle womens casual wear sandals - black,"Size:5,6,7","Rs
2595",2076,20% off,Footwear-Women
21424,Catwalk,Pu slipon womens occasion wear flat sandals - gold,"Size:5,6,7","Rs
2995",1497,50% off,Footwear-Women
21425,Haute curry,Polyurethane slipon womens casual wear sandals - gold,"Size:36,37,38,39,40",Nan,2499,No Discount,Footwear-Women
21426,Adidas,Mesh slipon womens sports shoes - black,"Size:4,5,6,7",Nan,5599,No Discount,Footwear-Women
21427,Lemon & pepper,Suede slipon womens casual flats - grey,"Size:36,37,38,39,40,41","Rs
2199",1539,30% off,Footwear-Women
21428,Solethreads,Yoga sling super soft comfort cushion womens casual sandals - brown,"Size:4,5,6,7,8,9",Nan,1299,No Discount,Footwear-Women
21429,Estatos,Womens casual wear buckle closure flats - black,Size:38,"Rs
1199",779,35% off,Footwear-Women
21430,Estatos,Polyurethane slipon womens party wear sandals - yellow,"Size:36,37,38,39,40","Rs
1999",1099,45% off,Footwear-Women
21431,Haute curry,Womens casual wear slipon wedges - grey,"Size:36,39,40","Rs
1999",999,50% off,Footwear-Women
21432,Inc.5,Synthetic slipon womens party wear flats - green,"Size:37,38,39,40","Rs
1890",945,50% off,Footwear-Women
21433,Tresmode,Leather slip on womens casual flats - natural,"Size:36,37,38,39,40","Rs
2799",1399,50% off,Footwear-Women
21434,Inc.5,Synthetic slipon womens party wear sandals - natural,"Size:36,37,38,39","Rs
2290",1145,50% off,Footwear-Women
21435,Puma,Brandon flip idp synthetic slipon unisex flip flops - blue,"Size:3,4,5",Nan,999,No Discount,Footwear-Women
21436,Puma,Mesh lace up womens sports shoes - white,"Size:3,4,5,6,7",Nan,5999,No Discount,Footwear-Women
21437,Catwalk,Womens dual-toned metallic sandals - bronze,"Size:4,5,6,7,8,9","Rs
2095",1676,20% off,Footwear-Women
21438,Tresmode,Synthetic leather slip on womens party wear shoes - pink,"Size:36,37,38,39","Rs
3900",2925,25% off,Footwear-Women
21439,Lemon & pepper,Womens casual wear slipon heels - gold,"Size:36,38,39,40","Rs
2199",1099,50% off,Footwear-Women
21440,Tresmode,Leather slip on womens casual flats - white,"Size:36,37,38,39,40,41","Rs
3900",2925,25% off,Footwear-Women
21441,Ceriz,Polyurethane pointed toe womens casual ballerinas - black,"Size:35,36,37,38,39,40,41","Rs
1899",1329,30% off,Footwear-Women
21442,Modare,Fabric slipon womens casual slides - off white,"Size:36,37,38,39,40,41",Nan,2799,No Discount,Footwear-Women
21443,Tresmode,Leather slip on womens occasion peep toe shoes - pewter,"Size:37,38","Rs
5495",2747,50% off,Footwear-Women
21444,Tresmode,Synthetic leather slip on womens casual pumps - black,"Size:36,37,38,39,40",Nan,4999,No Discount,Footwear-Women
21445,Clarks,Leather slipon womens formal pumps - black,"Size:7,8","Rs
6499",3899,40% off,Footwear-Women
21446,Modare,Suede no strap womens casual shoes - cream,Size:40,"Rs
2999",1499,50% off,Footwear-Women
21447,Flipside,Womens lacey rubber casual flats - natural,"Size:5,6,7",Nan,499,No Discount,Footwear-Women
21448,Catwalk,Womens square toe corporate sandals - black,"Size:4,5,6,7,8","Rs
2095",1676,20% off,Footwear-Women
21449,Clarks,Leather slipon womens casual shoes - black,"Size:3.5,4,4.5,5,6,6.5,7,7.5,8","Rs
4999",2999,40% off,Footwear-Women
21450,Estatos,Womens casual wear velcro closure wedges - royal blue,Size:38,"Rs
1999",999,50% off,Footwear-Women
21451,Haute curry,Womens casual wear slip on heels - peach,Size:36,"Rs
1999",999,50% off,Footwear-Women
21452,Estatos,Womens casual wear buckle closure flats - black,"Size:36,37,38,39,40,41","Rs
999",599,40% off,Footwear-Women
21453,Inc.5,Synthetic others womens casual platform heel sandals - peach,Size:37,"Rs
2690",1345,50% off,Footwear-Women
21454,Tresmode,Leather slip on womens formal pump shoes - pink,"Size:36,37,38,39,40","Rs
4595",3446,25% off,Footwear-Women
21455,Inc.5,Womens party wear slipon heels - gunmetal,"Size:4,5,6,7,8,9,10",Nan,2590,No Discount,Footwear-Women
21456,Tresmode,Synthetic leather slip on womens ethnic mules - pink,"Size:36,38,40","Rs
5000",2500,50% off,Footwear-Women
21457,Haute curry,Polyurethane slipon womens casual wear sandals - gunmetal,"Size:36,37,38,39,40",Nan,2499,No Discount,Footwear-Women
21458,Flipside,Womens gladiator rubber casual flats - natural,"Size:5,6,7",Nan,499,No Discount,Footwear-Women
21459,Adidas,Synthetic lace up womens sports shoes - white,"Size:4,5,6,7",Nan,4999,No Discount,Footwear-Women
21460,Catwalk,Patent buckle womens work wear ballerinas - black,"Size:5,6,7","Rs
2095",1047,50% off,Footwear-Women
21461,Adidas,Lace up womens sports shoes - silver grey,"Size:4,5,6,7",Nan,4599,No Discount,Footwear-Women
21462,Modare,Pu slip on round toe womens formal ballerinas - natural,"Size:36,37,38","Rs
3999",3199,20% off,Footwear-Women
21463,Guess,Womens casual wear slippers - brown,"Size:5,6,7,8,9,10","Rs
2999",1499,50% off,Footwear-Women
21464,Inc.5,Synthetic open toe womens casual wear sandals - natural,"Size:4,5,6,7,8,9,10",Nan,2190,No Discount,Footwear-Women
21465,Shoetopia,Synthetic womens party sandals - rose gold,"Size:36,37,38,39,40,41","Rs
999",699,30% off,Footwear-Women
21466,Shoetopia,Synthetic womens casual sandals - black,"Size:35,36,37,38,39,40","Rs
999",899,10% off,Footwear-Women
21467,Clarks,Leather slipon womens casual ballerinas - dark tan,"Size:4,5,6,7,8",Nan,4499,No Discount,Footwear-Women
21468,Shoetopia,Synthetic womens casual slides - peach,Size:36,"Rs
999",499,50% off,Footwear-Women
21469,Puma,Textile lace up womens sports shoes - grey,"Size:3,4,5,6,7",Nan,5999,No Discount,Footwear-Women
21470,Inc.5,Synthetic womens casual wear flats - mustard,"Size:37,38,39,40,41","Rs
2390",1195,50% off,Footwear-Women
21471,Catwalk,Synthetic buckle womens casual wear flip flops - brown,"Size:5,6,7","Rs
2995",1497,50% off,Footwear-Women
21472,Adidas,Mesh slip on womens sports shoes - grey,"Size:4,6,7",Nan,3599,No Discount,Footwear-Women
21473,Modare,Pu slip on round toe womens casual flip flops - salmon,"Size:36,37,38,39,40","Rs
2999",2399,20% off,Footwear-Women
21474,Lemon & pepper,Polyurethane buckle womens casual sandals - black,"Size:35,36,37,38,39,40,41",Nan,3499,No Discount,Footwear-Women
21475,Puma,Game lace up womens casual shoes - grey,"Size:3,4,5,6",Nan,4299,No Discount,Footwear-Women
21476,Lazera shoes,Patent round toe slipon womens sandals - black,"Size:36,37,38,39,40,41",Nan,2299,No Discount,Footwear-Women
21477,Inc.5,Synthetic slipon womens party wear flats - gold,"Size:36,37,38,39,40","Rs
2190",1095,50% off,Footwear-Women
21478,Puma,Lazy knit slip-on unisex sneakers - blue,"Size:3,4,5,6,7",Nan,2999,No Discount,Footwear-Women
21479,Skechers,Other slip on womens casual peep toes - black,"Size:6,7,8,9,10",Nan,3499,No Discount,Footwear-Women
21480,Crocs,Croslite slip on womens casual wear sandals - flame,"Size:3,4,5,6",Nan,3495,No Discount,Footwear-Women
21481,Inc.5,Synthetic womens casual wear flats - peach,"Size:37,38,39","Rs
1990",995,50% off,Footwear-Women
21482,Skechers,Knit empire d lux - sharp witted womens casual shoes - rose,"Size:6,7,9,10","Rs
5999",3599,40% off,Footwear-Women
21483,Catwalk,Synthetic slip on womens occasion wear loafers - yellow,"Size:4,5,6,7,8,9","Rs
2795",1397,50% off,Footwear-Women
21484,Lemon & pepper,Suede slipon womens casual mules - olive,"Size:36,37,38,39,40,41","Rs
3299",2804,15% off,Footwear-Women
21485,Ceriz,Polyurethane round toe womens casual loafers - sand,"Size:35,36,37,38,39,40,41","Rs
1999",1399,30% off,Footwear-Women
21486,Estatos,Womens casual wear buckle closure wedges - white,Size:41,"Rs
1799",899,50% off,Footwear-Women
21487,Inc.5,Synthetic womens casual wear flats - green,"Size:37,38,39","Rs
1990",995,50% off,Footwear-Women
21488,Inc.5,Synthetic womens party wear flats - peach,"Size:37,38,39,40","Rs
1890",945,50% off,Footwear-Women
21489,Catwalk,Fabric buckle womens casual mules - blue,"Size:5,6,7","Rs
2895",2316,20% off,Footwear-Women
21490,Inc.5,Synthetic slipon womens casual wear flats - grey,"Size:37,38,39,40","Rs
2290",1145,50% off,Footwear-Women
21491,Shoetopia,Synthetic womens casual sandals - black,"Size:38,39,41","Rs
999",699,30% off,Footwear-Women
21492,Estatos,Womens casual wear slip on flats - gold,"Size:37,38,39,40","Rs
999",649,35% off,Footwear-Women
21493,Tresmode,Synthetic leather slip on womens casual ballerinas - black,"Size:36,37,38",Nan,3600,No Discount,Footwear-Women
21494,Lemon & pepper,Pu ankle loop womens casual block heel sandals - rose gold,"Size:36,37,38,39,40","Rs
2999",2099,30% off,Footwear-Women
21495,Inc.5,Synthetic mesh slip on womens casual peep toes - gold,"Size:4,5,6,7,8,9,10","Rs
2490",1490,40% off,Footwear-Women
21496,Haute curry,Womens casual wear slip on heels - grey,"Size:36,40","Rs
1999",999,50% off,Footwear-Women
21497,Skechers,Mesh lace up womens casual shoes - grey,"Size:6,7,8,9,10",Nan,4299,No Discount,Footwear-Women
21498,Inc.5,Synthetic open back womens thongs - gunmetal,"Size:5,6","Rs
1990",995,50% off,Footwear-Women
21499,Catwalk,Suede buckle womens casual wear ballerinas - toffee,"Size:4,5,6,7,8,9","Rs
2195",1756,20% off,Footwear-Women
21500,Shoetopia,Synthetic womens casual sandals - black,"Size:35,36,37,38,39,40","Rs
999",995,0% off,Footwear-Women
21501,Shoetopia,Synthetic womens casual sandals - pink,"Size:35,36,37,38,39,40,41","Rs
1995",899,55% off,Footwear-Women
21502,Haute curry,Womens casual wear slipon heels - navy,"Size:36,40","Rs
1999",999,50% off,Footwear-Women
21503,Clarks,Leather slipon womens casual shoes - red,"Size:4,5,6,7","Rs
4999",2499,50% off,Footwear-Women
21504,Tresmode,Synthetic leather slip on womens casual wear flats - pewter,"Size:36,38","Rs
3900",1950,50% off,Footwear-Women
21505,Tresmode,Leather slip on womens formal pump shoes - black,Size:39,"Rs
5495",2747,50% off,Footwear-Women
21506,Estatos,Pu open toe womens party sandals - black,"Size:38,40,41","Rs
1599",879,45% off,Footwear-Women
21507,Doubleu,Eva slip on womens casual flats - mint,"Size:36,37,38,39,40,41",Nan,1119,No Discount,Footwear-Women
21508,Haute curry,Womens casual wear slip on heels - pink,"Size:36,37,38,39,40","Rs
2499",1249,50% off,Footwear-Women
21509,Ceriz,Pu slip on womens casual loafers - navy,"Size:35,36,37,38,39,40","Rs
2199",1319,40% off,Footwear-Women
21510,Ceriz,Polyurethane pointed toe womens casual sandals - navy,"Size:35,36,37,38,39,40,41","Rs
2199",1539,30% off,Footwear-Women
21511,Skechers,Womens mesh sports shoes - coral,"Size:6,7,8,9,10","Rs
5999",2999,50% off,Footwear-Women
21512,Flipside,Womens squad rubber casual flip flops - black,"Size:6,7,9",Nan,499,No Discount,Footwear-Women
21513,Catwalk,Leather tie up womens casual wear loafers - brown,"Size:4,5,6,7,8","Rs
2695",2156,20% off,Footwear-Women
21514,Modare,Polyurethane slipon womens casual slides - black,"Size:36,37,38,39,40,41",Nan,2499,No Discount,Footwear-Women
21515,Reebok,Mesh lace up womens sports shoes - white,"Size:6.5,7.5,8.5","Rs
5999",2999,50% off,Footwear-Women
21516,Haute curry,Womens casual wear slipon heels - gold,"Size:36,37,38,39,40,41","Rs
2999",1499,50% off,Footwear-Women
21517,Catwalk,Raffia slipon womens casual wear ballerinas - gold,"Size:4,5,6,7,8","Rs
2495",1247,50% off,Footwear-Women
21518,Estatos,Womens casual wear slip on flats - white,"Size:36,37,38,39,40","Rs
999",649,35% off,Footwear-Women
21519,Estatos,Womens casual wear slipons - white,"Size:37,38,39,40","Rs
2699",1079,60% off,Footwear-Women
21520,Inc.5,Synthetic others womens party kitten sandals - peach,Size:37,"Rs
2290",1145,50% off,Footwear-Women
21521,Tresmode,Leather slip on womens formal ballerinas - pink,"Size:36,37,38,39,40","Rs
3695",1847,50% off,Footwear-Women
21522,Tresmode,Synthetic leather slip on womens casual wear flats - champagne,"Size:36,37","Rs
3600",1800,50% off,Footwear-Women
21523,Estatos,Leather pointed toe womens casual wear ballerinas - grey,"Size:39,40,41","Rs
1799",989,45% off,Footwear-Women
21524,Shoetopia,Synthetic womens casual sandals - pink,"Size:36,37,38,39,40,41","Rs
1995",899,55% off,Footwear-Women
21525,Haute curry,Polyurethane slipon womens casual wear sandals - peach,"Size:36,37,38,39,40,41",Nan,2499,No Discount,Footwear-Women
21526,Lemon & pepper,Womens casual wear slipon heels - natural,"Size:36,37,38,39,40","Rs
3799",1899,50% off,Footwear-Women
21527,Inc.5,Synthetic mesh slip on womens casual open toes - tan,"Size:4,5,6,7,8,9","Rs
2490",1490,40% off,Footwear-Women
21528,Solethreads,Synthetic slip on womens casual wear flats - navy,"Size:4,5,6,7,8",Nan,499,No Discount,Footwear-Women
21529,Monrow,Polyurethane zipper womens casual boots - black,Size:40,"Rs
3499",1994,43% off,Footwear-Women
21530,Puma,Smash v2 buck unisex sneakers - black,Size:4,Nan,3499,No Discount,Footwear-Women
21531,Lemon & pepper,Womens casual wear slipon heels - yellow,"Size:36,37,38,39,40","Rs
2199",1099,50% off,Footwear-Women
21532,Modare,Fabric slipon womens casual sandals - black,"Size:36,37,38,39,40,41",Nan,2999,No Discount,Footwear-Women
21533,Haute curry,Womens casual wear buckle closure heels - black,"Size:36,37,38,39,40,41","Rs
1999",999,50% off,Footwear-Women
21534,Tresmode,Leather slip on womens formal pump shoes - grey,"Size:36,37,38,39,40","Rs
4595",3446,25% off,Footwear-Women
21535,Modare,Polyurethane slipon womens casual slides - sea green,"Size:36,37,38,39,40,41",Nan,2499,No Discount,Footwear-Women
21536,Ceriz,Polyurethane round toe womens casual loafers - grey,"Size:35,36,37,38,39,40,41","Rs
2199",1539,30% off,Footwear-Women
21537,Catwalk,Synthetic slip on womens party wear sandals - gold,"Size:4,5,6,7,8,9","Rs
2795",2236,20% off,Footwear-Women
21538,Shoetopia,Synthetic womens casual sandals - gold,"Size:37,38,39,40,41","Rs
999",699,30% off,Footwear-Women
21539,Estatos,Polyurethane slipon womens party wear sandals - gold,"Size:36,37,38,39,40,41","Rs
1799",989,45% off,Footwear-Women
21540,Solethreads,Cushion classic super soft comfort womens flip flops - peach,"Size:4,5,6,7,8,9",Nan,599,No Discount,Footwear-Women
21541,Inc.5,Womens casual wear slipon flats - tan,"Size:5,6,7,8,9,10,11",Nan,1590,No Discount,Footwear-Women
21542,Lemon & pepper,Womens casual wear buckle closure flats - peach,Size:40,Nan,1699,No Discount,Footwear-Women
21543,Estatos,Womens casual wear tie up flats - cream,"Size:36,37,38,39,40,41","Rs
1399",839,40% off,Footwear-Women
21544,Estatos,Womens casual wear slip on heeled sandals - blue,"Size:38,39","Rs
1699",1019,40% off,Footwear-Women
21545,Clarks,Suede slipon womens casual shoes - black,"Size:4,5,6,7","Rs
4999",2499,50% off,Footwear-Women
21546,Inc.5,Synthetic womens casual wear flats - grey,"Size:37,38,39","Rs
1990",995,50% off,Footwear-Women
21547,Lemon & pepper,Pu buckle womens casual wear sandals - black,"Size:36,37,38,39,40","Rs
5299",3709,30% off,Footwear-Women
21548,Lemon & pepper,Womens casual wear buckle closure flats - pink,"Size:37,38","Rs
2799",1399,50% off,Footwear-Women
21549,Lazera shoes,Fabric round toe slipon womens sandals - natural,"Size:36,37,38,39,40,41",Nan,2499,No Discount,Footwear-Women
21550,Lemon & pepper,Polyurethane buckle womens casual sandals - gold,"Size:35,36,37,38,39,40,41",Nan,3499,No Discount,Footwear-Women
21551,Catwalk,Womens metallic link slip ons - natural,"Size:4,5,6,7","Rs
2195",1097,50% off,Footwear-Women
21552,Lemon & pepper,Polyurethane buckle womens casual sandals - natural,"Size:36,37,38,39,40,41",Nan,3499,No Discount,Footwear-Women
21553,Inc.5,Synthetic slip on womens casual wear flats - navy,"Size:5,6,7,8,9,10,11",Nan,1990,No Discount,Footwear-Women
21554,Ceriz,Pu zipper womens casual boots - black,"Size:35,36,37,38,39,40","Rs
2499",1499,40% off,Footwear-Women
21555,Catwalk,Womens tri-strap structured lycra slides - black,"Size:4,5,6,7,8,9","Rs
1795",1436,20% off,Footwear-Women
21556,Shoetopia,Synthetic womens casual slides - grey,"Size:36,37,38","Rs
999",499,50% off,Footwear-Women
21557,Tresmode,Synthetic leather slip on womens casual ballerinas - natural,"Size:36,37,38","Rs
3600",1800,50% off,Footwear-Women
21558,Puma,Softride rift wn's leather lace up womens sports shoes - white,Size:4,Nan,5999,No Discount,Footwear-Women
21559,Monrow,Rubber slip on womens sports sandals - olive,"Size:37,40","Rs
2499",1199,52% off,Footwear-Women
21560,Monrow,Rubber buckle womens party sandals - natural,"Size:36,37,38,39,40","Rs
2299",988,57% off,Footwear-Women
21561,Lemon & pepper,Womens casual wear slipon heels - purple,"Size:36,37,38,39,40,41","Rs
3799",1899,50% off,Footwear-Women
21562,Ceriz,Polyurethane pointed toe womens casual sandals - navy,"Size:35,36,37,38,39,40,41",Nan,2199,No Discount,Footwear-Women
21563,Catwalk,Synthetic lace up womens occasion wear boots - tan,"Size:4,5,6,7,8,9","Rs
4295",3436,20% off,Footwear-Women
21564,Clarks,Fabric slip on womens casual sandals - brown,"Size:4,5,6,7,8",Nan,4999,No Discount,Footwear-Women
21565,Haute curry,Polyurethane slipon womens casual wear sandals - pink,"Size:36,37,38,39,40,41",Nan,2499,No Discount,Footwear-Women
21566,Catwalk,Synthetic square toe womens casual wear sandals - tan,"Size:5,6,7","Rs
2195",1756,20% off,Footwear-Women
21567,New balance,Synthetic mesh lace up womens sneakers - grey,"Size:4.5,5,5.5,7","Rs
6499",4549,30% off,Footwear-Women
21568,Estatos,Womens casual wear zipper closure flats - brown,"Size:36,37,38,39,40","Rs
1499",749,50% off,Footwear-Women
21569,Inc.5,Synthetic slipon womens party wear flats - gold,"Size:37,38,39,40","Rs
2690",1345,50% off,Footwear-Women
21570,Inc.5,Synthetic slipon womens party wear flats - mustard,"Size:37,38,39,40","Rs
1890",945,50% off,Footwear-Women
21571,Monrow,Rubber slip on womens party slip ons - pink,"Size:37,38,39,40","Rs
2299",1195,48% off,Footwear-Women
21572,Clarks,Leather slip on womens casual sandals - brown,"Size:3,4,5,6,7,8","Rs
5999",4199,30% off,Footwear-Women
21573,Solethreads,Synthetic slip on womens casual wear slides - navy,"Size:4,5,6,7,8",Nan,699,No Discount,Footwear-Women
21574,Ceriz,Polyurethane open toe womens casual sandals - grey,"Size:35,36,37,38,39,40,41","Rs
2299",1609,30% off,Footwear-Women
21575,Puma,Textile slip on womens sports shoes - black,"Size:3,4,5,6,7",Nan,6999,No Discount,Footwear-Women
21576,Guess,Womens party wear zip closure boots - black,"Size:6,7,8","Rs
9599",4799,50% off,Footwear-Women
21577,Lemon & pepper,Womens casual wear buckle closure wedges - black,"Size:35,36,37,38,39,40","Rs
2499",1249,50% off,Footwear-Women
21578,Clarks,Leather slip on womens casual sandals,"Size:4,5,6,7,8","Rs
8999",6299,30% off,Footwear-Women
21579,Inc.5,Synthetic womens casual wear sandals - peach,"Size:37,40","Rs
2290",1145,50% off,Footwear-Women
21580,W,Womens daisie pu buckle flats - off white,Size:40,"Rs
1599",639,60% off,Footwear-Women
21581,Ceriz,Polyurethane round toe womens casual ballerinas - pink,"Size:35,36,37,38,39,40,41",Nan,2299,No Discount,Footwear-Women
21582,Catwalk,Womens patent combat boots - black,"Size:4,5,6,7,8","Rs
3895",3116,20% off,Footwear-Women
21583,Inc.5,Synthetic slipon womens casual wear sandals - blue,"Size:37,38","Rs
2190",1095,50% off,Footwear-Women
21584,Catwalk,Womens snake print sandals - natural,"Size:4,5,6,7,8","Rs
1995",1596,20% off,Footwear-Women
21585,Inc.5,Synthetic open back womens heels - peach,Size:8,"Rs
2290",1145,50% off,Footwear-Women
21586,Clarks,Synthetic leather slip on womens casual flats - pink,"Size:4,5,6,7,8",Nan,3499,No Discount,Footwear-Women
21587,Haute curry,Womens casual wear slipon casual shoes - cream,Size:36,"Rs
2499",1249,50% off,Footwear-Women
21588,Lemon & pepper,Polyurethane buckle womens casual sandals - gold,"Size:36,37,38,39,40,41",Nan,2499,No Discount,Footwear-Women
21589,Doubleu,Eva slip on womens casual flats - blue,"Size:36,37,38,39,40,41",Nan,1119,No Discount,Footwear-Women
21590,Lemon & pepper,Pu open back womens casual block heel sandals - natural,"Size:36,37,38,39,40,41","Rs
2999",2099,30% off,Footwear-Women
21591,Catwalk,Womens solid-striped sandals - blue,"Size:4,5,6,7,8,9","Rs
1995",1596,20% off,Footwear-Women
21592,Clarks,Fabric slipon womens casual shoes - black,"Size:3.5,4,5,6,7,8","Rs
4999",2499,50% off,Footwear-Women
21593,Estatos,Womens casual wear slipon flats - tan,Size:38,"Rs
999",499,50% off,Footwear-Women
21594,Shoetopia,Synthetic womens casual sandals - copper,"Size:37,38,39,40,41","Rs
999",699,30% off,Footwear-Women
21595,Catwalk,Fabric slip on womens athleisure sneakers - multi,"Size:5,7","Rs
4095",2047,50% off,Footwear-Women
21596,Inc.5,Synthetic womens casual wear sandals - green,"Size:37,38","Rs
2290",1145,50% off,Footwear-Women
21597,Puma,Mesh lace up womens sports shoes - black,"Size:4,7",Nan,3499,No Discount,Footwear-Women
21598,Puma,Textile low boot laces unisex sports shoes - red,"Size:7,10",Nan,5999,No Discount,Footwear-Women
21599,Catwalk,Womens african wood embellished sandals - brown,"Size:4,5,6,7,8,9","Rs
1795",1436,20% off,Footwear-Women
21600,Adidas,Mesh lace up womens sports shoes - black,"Size:4,5,6,7",Nan,4999,No Discount,Footwear-Women
21601,Lemon & pepper,Polyurethane buckle womens casual sandals - black,"Size:35,36,37,38,39",Nan,5499,No Discount,Footwear-Women
21602,Modare,Polyurethane slipon womens casual sandals - off white,"Size:36,37,38,39,40,41",Nan,3499,No Discount,Footwear-Women
21603,Ceriz,Pu zipper womens casual boots - camel,"Size:35,36,37,38,39,40","Rs
2499",1499,40% off,Footwear-Women
21604,Crocs,Croslite slip on womens casual wear clogs - black,"Size:3,4,5,6",Nan,3495,No Discount,Footwear-Women
21605,Haute curry,Polyurethane slipon womens casual wear sandals - grey,"Size:36,37,38,39,40",Nan,2199,No Discount,Footwear-Women
21606,Monrow,Polyurethane slipon womens party sandals - gunmetal,"Size:36,37,38,39,40","Rs
2399",1199,50% off,Footwear-Women
21607,Modare,Womens casual wear buckle closure flats - black,"Size:36,37,38,39,40","Rs
2499",1249,50% off,Footwear-Women
21608,Reebok,Textile lace up womens sports shoes - maroon,"Size:6.5,7.5,8.5,9.5","Rs
4599",2299,50% off,Footwear-Women
21609,Solethreads,Slides stella super soft comfort cushion womens flip flops - brown,"Size:4,5,6,7,8",Nan,699,No Discount,Footwear-Women
21610,Shoetopia,Synthetic womens casual flats - cream,"Size:37,38,39,40,41","Rs
999",599,40% off,Footwear-Women
21611,Shoetopia,Synthetic womens casual flats - peach,"Size:36,37,38,39,40,41","Rs
999",499,50% off,Footwear-Women
21612,Estatos,Womens casual wear buckle closure flats - turquoise,"Size:37,38,39,40","Rs
1599",1039,35% off,Footwear-Women
21613,Estatos,Polyurethane slipon womens party wear sandals - gold,"Size:36,37,38,39,40,41","Rs
1999",1099,45% off,Footwear-Women
21614,Von wellx,Womens germany comfort black slides glisten - black,Size:36,Nan,2599,No Discount,Footwear-Women
21615,Ceriz,Polyurethane open toe womens casual sandals - rose gold,"Size:35,36,37,38,39,40,41",Nan,2299,No Discount,Footwear-Women
21616,Haute curry,Polyurethane slipon womens casual ballerinas - black,"Size:36,37,38,39,40,41","Rs
3799",2659,30% off,Footwear-Women
21617,Modare,Polyurethane slipon womens casual loafers - black,"Size:36,37,38,39,40,41",Nan,3499,No Discount,Footwear-Women
21618,Tresmode,Synthetic leather slip on womens party wear sandals - natural,"Size:35,36,37,38,39,40","Rs
4500",2250,50% off,Footwear-Women
21619,Puma,Synthetic lace up womens casual shoes - red,"Size:3,4,5,6,7",Nan,6999,No Discount,Footwear-Women
21620,Haute curry,Polyurethane slipon womens casual sandals - gunmetal,"Size:36,37,38,39,40,41,42","Rs
2799",1959,30% off,Footwear-Women
21621,Catwalk,Solid pu tie up womens casual flats - blue,"Size:4,5,6,7,8,9","Rs
2595",2076,20% off,Footwear-Women
21622,Inc.5,Synthetic slipon womens party wear flats - natural,"Size:37,38,39,40,41","Rs
2390",1195,50% off,Footwear-Women
21623,Skechers,Mesh slip on womens casual shoes - black,"Size:6,7,8,9,10",Nan,4999,No Discount,Footwear-Women
21624,Adidas,Synthetic lace up womens sports shoes - stone,"Size:4,5,6",Nan,3799,No Discount,Footwear-Women
21625,Signature sole,Synthetic slipon womens casual sandals - pink,"Size:35,36,37,38,39,40","Rs
2200",1430,35% off,Footwear-Women
21626,Puma,Textile lace up womens sports shoes - black,"Size:3,4,5,6,7",Nan,9999,No Discount,Footwear-Women
21627,Shoetopia,Synthetic womens casual slides - grey,Size:36,"Rs
999",499,50% off,Footwear-Women
21628,Shoetopia,Synthetic womens casual slides - black,"Size:36,37,38","Rs
999",499,50% off,Footwear-Women
21629,Estatos,Polyurethane slipon womens party wear sandals - grey,"Size:36,37,38,39,40,41","Rs
1799",989,45% off,Footwear-Women
21630,W,Polyurethane buckle womens party wear sandals - rose gold,"Size:35,39,40,42","Rs
2299",1379,40% off,Footwear-Women
21631,Catwalk,Pu slipon womens work wear flat sandals - brown,"Size:6,7","Rs
2595",1297,50% off,Footwear-Women
21632,Puma,Womens mesh lace up sports shoes - chalk pink,Size:4,Nan,3999,No Discount,Footwear-Women
21633,W,Polyurethane slipon womens party wear sandals - orange,"Size:35,36,37,38,39,40,41",Nan,3299,No Discount,Footwear-Women
21634,Reebok,Synthetic slipon mens flip flops - pink,"Size:6.5,7.5,8.5","Rs
4999",2499,50% off,Footwear-Women
21635,Inc.5,Synthetic open back womens heels - peach,"Size:8,9","Rs
1790",895,50% off,Footwear-Women
21636,Modare,Pu slip on womens formal ballerinas - black,"Size:36,37,39,40","Rs
4999",3499,30% off,Footwear-Women
21637,Haute curry,Womens casual wear slipon wedges - gold,"Size:36,37,38,39","Rs
1999",949,53% off,Footwear-Women
21638,Lemon & pepper,Womens casual wear buckle closure heels - blue,"Size:35,36,37,38,39,40,41","Rs
2799",1399,50% off,Footwear-Women
21639,Puma,Leadcat ylm lite unisex casual slides - black,"Size:3,4,5,6",Nan,3499,No Discount,Footwear-Women
21640,Modare,Pu slip on womens casual sneakers - black,"Size:36,37,38,39,40","Rs
4999",3499,30% off,Footwear-Women
21641,Inc.5,Synthetic others womens party flats - light blue,"Size:37,38,39,40","Rs
1890",945,50% off,Footwear-Women
21642,Crocs,Croslite slip on womens casual wear sandals - black,Size:8,Nan,4995,No Discount,Footwear-Women
21643,Inc.5,Synthetic others womens party platform heel sandals - peach,"Size:36,37","Rs
2690",1345,50% off,Footwear-Women
21644,Lemon & pepper,Womens party wear slipon heels - gold,"Size:35,37,38,39,40,41","Rs
2499",1249,50% off,Footwear-Women
21645,Catwalk,Raffia slipon womens casual wear ballerinas - multi,"Size:4,5,6,7,8","Rs
2295",1119,51% off,Footwear-Women
21646,Inc.5,Synthetic womens casual wear sandals - green,"Size:4,5,6,7,8,9,10",Nan,2190,No Discount,Footwear-Women
21647,Catwalk,Leather slip on womens casual flip flops - natural,"Size:4,5,6,7,8,9","Rs
1995",1596,20% off,Footwear-Women
21648,Lemon & pepper,Polyurethane slipon womens casual pumps - grey,"Size:36,37,38,39,40","Rs
3299",2969,10% off,Footwear-Women
21649,Tresmode,Leather slip on womens occasion peep toe shoes - blue,"Size:38,40","Rs
5495",2747,50% off,Footwear-Women
21650,Catwalk,Womens metallic wood textured slip ons - bronze,"Size:6,7,8","Rs
2195",1756,20% off,Footwear-Women
21651,Ceriz,Artificial leather open toe womens casual sandals - blue,Size:36,"Rs
2199",1099,50% off,Footwear-Women
21652,Ceriz,Polyurethane round toe womens casual loafers - black,"Size:35,36,37,38,39,40",Nan,2299,No Discount,Footwear-Women
21653,Skechers,Womens flat knit sports shoes - blue,Size:9,"Rs
5999",3599,40% off,Footwear-Women
21654,Tresmode,Synthetic leather slip on womens casual sandals - black,"Size:36,37,38,39","Rs
5000",2500,50% off,Footwear-Women
21655,Lemon & pepper,Patent slip on womens formal wear ballerinas - natural,"Size:36,37,38,39,40","Rs
3499",2449,30% off,Footwear-Women
21656,Clarks,Synthetic slipon womens casual ballerinas - black,"Size:4,5,6,7,8","Rs
4999",2499,50% off,Footwear-Women
21657,Catwalk,Patent buckle womens work wear ballerinas - black,"Size:4,5,6,7,8,9","Rs
2595",2076,20% off,Footwear-Women
21658,Clarks,Leather lace up womens casual shoes - white,"Size:4,5,6,7,8","Rs
7999",5599,30% off,Footwear-Women
21659,Catwalk,Synthetic slip on womens casual mules - gold,"Size:5,6,7","Rs
2495",1247,50% off,Footwear-Women
21660,Modare,Pu slip on round toe womens casual ballerinas - black,"Size:37,38,39","Rs
4999",3499,30% off,Footwear-Women
21661,Catwalk,Pu slipon womens casual wear flat sandals - tan,"Size:4,5,6,7","Rs
1695",847,50% off,Footwear-Women
21662,Estatos,Synthetic leather open toe womens party sandals - green,"Size:38,39","Rs
1499",824,45% off,Footwear-Women
21663,Estatos,Womens casual wear slipon flats - blue,"Size:36,37,38,39","Rs
999",499,50% off,Footwear-Women
21664,Solethreads,Yoga butterfly super soft comfort cushion womens casual sandals - navy,"Size:4,5,6,7,8,9",Nan,1299,No Discount,Footwear-Women
21665,Estatos,Womens casual wear buckle closure flats - sea green,Size:37,"Rs
999",499,50% off,Footwear-Women
21666,Estatos,Womens casual wear slip on loafers - silver grey,"Size:36,37","Rs
1499",974,35% off,Footwear-Women
21667,Estatos,Womens casual wear buckle closure flats - silver grey,"Size:39,40","Rs
1199",779,35% off,Footwear-Women
21668,Estatos,Womens casual wear slipons - silver grey,"Size:36,38,39,40,41","Rs
1799",1079,40% off,Footwear-Women
21669,Adidas,Adilette comfort fabric low tops slipon unisex sport sandals - white,"Size:7,8,9,10,11",Nan,3999,No Discount,Footwear-Women
21670,Von wellx,Womens germany comfort brown slides glaze - brown,"Size:36,37",Nan,2599,No Discount,Footwear-Women
21671,Flipside,Womens rachel pvc party flats - black,Size:7,Nan,499,No Discount,Footwear-Women
21672,Adidas,Eq21 run fabric low tops lace up womens sport shoes - white,"Size:4,5,6,7",Nan,7999,No Discount,Footwear-Women
21673,Clarks,Fabric slip on womens casual sandals - brown,"Size:3,4,5,6,7,8","Rs
4499",3149,30% off,Footwear-Women
21674,Haute curry,Womens party wear slipon heels - gold,"Size:37,40","Rs
2199",1099,50% off,Footwear-Women
21675,Ceriz,Polyurethane pointed toe womens casual ballerinas - mustard,"Size:35,36,37,38,39,40,41",Nan,1799,No Discount,Footwear-Women
21676,Lemon & pepper,Polyurethane buckle womens casual sandals - rose gold,"Size:35,36,37,38,39,40,41",Nan,3499,No Discount,Footwear-Women
21677,Haute curry,Womens casual wear slipon wedges - black,"Size:39,40,41","Rs
1999",999,50% off,Footwear-Women
21678,Haute curry,Womens casual wear slipon wedges - powder blue,"Size:36,37","Rs
2999",1499,50% off,Footwear-Women
21679,Tresmode,Synthetic leather slip on womens casual ballerinas - black,"Size:35,36,37,38,39,40,41",Nan,3999,No Discount,Footwear-Women
21680,W,Polyurethane slipon womens party wear flats - ecru,"Size:35,36,37,38,39,40,41,42","Rs
2799",1679,40% off,Footwear-Women
21681,Haute curry,Womens casual wear slipon wedges - sand,"Size:38,40","Rs
2399",1199,50% off,Footwear-Women
21682,Haute curry,Polyurethane slipon womens casual sandals - gold,"Size:36,37,38,39,40,41,42","Rs
2799",1959,30% off,Footwear-Women
21683,Lazera shoes,Fabric zipper womens casual boots - black,"Size:36,37,38,39,40,41",Nan,3695,No Discount,Footwear-Women
21684,Flipside,Pvc thong lightweight womens casual flip flops - turquoise,"Size:4,5,6,7,8,9",Nan,499,No Discount,Footwear-Women
21685,Von wellx,Sadie synthetic slipon womens casual sandals - black,"Size:36,37,38,39,40,41",Nan,2899,No Discount,Footwear-Women
21686,Lemon & pepper,Womens casual wear buckle closure wedges - black,"Size:37,38,40","Rs
2499",1249,50% off,Footwear-Women
21687,Puma,Mesh lace up mens closed shoes - white,"Size:7,8,9,10,11",Nan,3499,No Discount,Footwear-Women
21688,Estatos,Womens casual wear zipper closure flats - red,"Size:36,37,38,39","Rs
1499",749,50% off,Footwear-Women
21689,Catwalk,Womens woven toe loop slip ons - gold,Size:6,"Rs
2295",1119,51% off,Footwear-Women
21690,Flipside,Womens cute wild rubber casual flip flops - yellow,"Size:6,7",Nan,399,No Discount,Footwear-Women
21691,Inc.5,Synthetic slipon womens casual wear flats - natural,"Size:37,38,39,40","Rs
2290",1145,50% off,Footwear-Women
21692,Inc.5,Synthetic womens party wear flats - antique,"Size:37,38,39,40","Rs
1890",945,50% off,Footwear-Women
21693,Tresmode,221-alicant synthetic lace up womens sneakers - black,"Size:36,37,38,39,40",Nan,6990,No Discount,Footwear-Women
21694,Skechers,Other slip on womens casual peep toes - charcoal,"Size:6,7,8,9,10",Nan,3499,No Discount,Footwear-Women
21695,Ceriz,Polyurethane pointed toe womens casual flats - sage,"Size:35,36,37,38,39,40","Rs
1699",1189,30% off,Footwear-Women
21696,Tresmode,221-tcross leather slipon womens casual flats - pink,"Size:36,37,38,39,40,41",Nan,3200,No Discount,Footwear-Women
21697,Catwalk,Synthetic tie up womens casual shoes - tan,"Size:5,6,7","Rs
4095",3276,20% off,Footwear-Women
21698,Inc.5,Synthetic womens casual wear sandals - natural,"Size:4,5,6,7,8,9,10",Nan,2190,No Discount,Footwear-Women
21699,Lemon & pepper,Polyurethane buckle womens casual sandals - cream,"Size:36,37,38,39,40","Rs
3999",3399,15% off,Footwear-Women
21700,Monrow,Rubber slip on womens sports sandals - navy,Size:38,"Rs
2499",999,60% off,Footwear-Women
21701,Catwalk,Synthetic slipon womens casual wear ballerinas - gold,"Size:4,5,6,7","Rs
2095",1047,50% off,Footwear-Women
21702,Lemon & pepper,Womens party wear buckle closure wedges - grey,"Size:36,37,38,39,40","Rs
2999",1499,50% off,Footwear-Women
21703,Shoetopia,Synthetic womens casual slides - peach,"Size:36,37,38,39,40,41","Rs
999",799,20% off,Footwear-Women
21704,Shoetopia,Synthetic womens casual sandals - black,"Size:36,37,40,41","Rs
799",499,38% off,Footwear-Women
21705,Puma,Wave flip res synthetic slipon unisex flip flops - orange,"Size:3,4,5,6,7",Nan,1999,No Discount,Footwear-Women
21706,Inc.5,Synthetic slipon womens party wear mules - natural,"Size:37,38","Rs
2390",1195,50% off,Footwear-Women
21707,Lazera shoes,Suede round toe slipon womens sandals - black,"Size:36,37,38,39,40,41",Nan,2499,No Discount,Footwear-Women
21708,Catwalk,Polyurethane slipon womens ethnic clogs - yellow,"Size:5,6,7","Rs
2895",2316,20% off,Footwear-Women
21709,Lemon & pepper,Womens party wear slipon heels - black,"Size:36,37,38,39,40","Rs
2799",1399,50% off,Footwear-Women
21710,Lemon & pepper,Pu open back womens casual wedge heel sandals - grey,"Size:36,37,38,39,40,41","Rs
2199",1539,30% off,Footwear-Women
21711,Reebok,Slipon womens sports shoes - grey,"Size:6.5,7.5,8.5,9.5","Rs
5599",2799,50% off,Footwear-Women
21712,Tresmode,Synthetic leather slip on womens casual wear flats - tan,"Size:36,37,38,39,40",Nan,4500,No Discount,Footwear-Women
21713,Catwalk,Womens embellished heel slip ons - black,"Size:4,5,6,7","Rs
2595",2076,20% off,Footwear-Women
21714,Catwalk,Pu slipon womens casual wear flat sandals - bronze,"Size:4,5,6,7,8,9","Rs
2295",1836,20% off,Footwear-Women
21715,Lemon & pepper,Womens casual wear buckle closure pump shoes - muted wine,"Size:39,40","Rs
2999",1499,50% off,Footwear-Women
21716,Lemon & pepper,Womens casual wear slipon heels - gunmetal,"Size:36,37","Rs
2399",1199,50% off,Footwear-Women
21717,Puma,Textile lace up womens sports shoes - pink,"Size:4,5,6,7",Nan,5999,No Discount,Footwear-Women
21718,Ceriz,Polyurethane pointed toe womens casual flats - tan,"Size:35,36,37,38,39,40","Rs
1699",1189,30% off,Footwear-Women
21719,Modare,Polyurethane slipon womens casual slides - natural,"Size:36,37,38,39,40,41",Nan,3499,No Discount,Footwear-Women
21720,Skechers,Synthetic slip on strapless womens casual flats - taupe,"Size:6,7,8,9",Nan,2799,No Discount,Footwear-Women
21721,Von wellx,Haven synthetic buckle womens casual slides - black,"Size:36,37,38,39,40,41",Nan,2799,No Discount,Footwear-Women
21722,Estatos,Womens casual wear slip on flats - green,"Size:36,37,38,39","Rs
1349",876,35% off,Footwear-Women
21723,Crocs,Croslite slip on womens casual wear flats - cherry,"Size:3,4",Nan,2495,No Discount,Footwear-Women
21724,Lemon & pepper,Womens casual wear slipon sandals - cream,Size:36,"Rs
3299",1649,50% off,Footwear-Women
21725,Inc.5,Synthetic womens casual wear flats - white,"Size:37,38,39,40","Rs
1890",945,50% off,Footwear-Women
21726,Flipside,Pvc thong lightweight womens casual flip flops - navy,"Size:4,5,6,7,8,9",Nan,499,No Discount,Footwear-Women
21727,Tresmode,Leather slip on womens casual flats - champagne,"Size:36,37,38,39,40,41","Rs
2799",2099,25% off,Footwear-Women
21728,Catwalk,Pu round toe womens party wear sandals - silver grey,"Size:5,6,7","Rs
2495",1996,20% off,Footwear-Women
21729,Lemon & pepper,Polyurethane buckle womens casual sandals - camel,"Size:35,36,37,38,39",Nan,4999,No Discount,Footwear-Women
21730,Catwalk,Womens metal accent thongs - natural,"Size:4,5,6,7,8,9","Rs
2295",1836,20% off,Footwear-Women
21731,Puma,Mesh lace up womens sports shoes - white,"Size:4,5,6,7",Nan,5999,No Discount,Footwear-Women
21732,Skechers,Womens mesh sports shoes - charcoal,Size:9,"Rs
5299",3179,40% off,Footwear-Women
21733,Inc.5,Synthetic open toe womens party wear sandals - gold,"Size:4,5,6,7,8,9,10",Nan,2290,No Discount,Footwear-Women
21734,Modare,Pu slip on round toe womens formal ballerinas - natural,"Size:36,37,38,39,40","Rs
3999",2799,30% off,Footwear-Women
21735,Lemon & pepper,Pu open back womens casual block heel sandals - pink,"Size:36,37,38,39,40","Rs
2799",1399,50% off,Footwear-Women
21736,Inc.5,Leather slip on womens casual slides - navy,"Size:5,6,7,8,9,10","Rs
2090",1490,29% off,Footwear-Women
21737,New balance,Synthetic mesh lace up womens sneakers - grey,"Size:6,6.5","Rs
9999",6999,30% off,Footwear-Women
21738,Ceriz,Polyurethane round toe womens casual ballerinas - mint,"Size:35,36,37,38,39,40,41","Rs
1999",1399,30% off,Footwear-Women
21739,Inc.5,Leather slip on womens casual flats - natural,"Size:5,6,7,8,9,10,11","Rs
1790",1190,34% off,Footwear-Women
21740,Ceriz,Pu slip on womens casual loafers - navy,"Size:35,36,37,38,39,40","Rs
2299",1379,40% off,Footwear-Women
21741,Estatos,Polyurethane slipon womens party wear sandals - rust,"Size:36,37,38,39,40","Rs
1999",1099,45% off,Footwear-Women
21742,Shoetopia,Synthetic womens casual slides - grey,"Size:36,37,38,39,41",Nan,499,No Discount,Footwear-Women
21743,Shoetopia,Synthetic womens casual slides - white,"Size:36,37,38,39,41",Nan,499,No Discount,Footwear-Women
21744,Estatos,Womens casual wear buckle closure flats - pink,"Size:38,39","Rs
1199",719,40% off,Footwear-Women
21745,Estatos,Womens casual wear slip on flats - brown,"Size:37,38,39","Rs
1299",779,40% off,Footwear-Women
21746,Estatos,Womens casual wear buckle closure flats - purple,"Size:37,38,39,40","Rs
1299",649,50% off,Footwear-Women
21747,Tresmode,Synthetic leather slip on womens casual wear flats - gold,"Size:36,37,38","Rs
3600",1800,50% off,Footwear-Women
21748,Tresmode,Leather slip on womens formal pump shoes - wine,Size:39,"Rs
5495",2747,50% off,Footwear-Women
21749,Clarks,Synthetic slipon womens casual shoes - gunmetal,"Size:4,5,6,7","Rs
4999",3499,30% off,Footwear-Women
21750,Ceriz,Artificial leather womens casual sandals - rose gold,Size:37,"Rs
2199",1099,50% off,Footwear-Women
21751,Shoetopia,Synthetic womens casual sandals - black,Size:36,"Rs
999",499,50% off,Footwear-Women
21752,Tresmode,Synthetic leather slip on womens party wear sandals - green,"Size:35,36,37,38,39,40","Rs
4500",2250,50% off,Footwear-Women
21753,Catwalk,Solid patent lace up womens formal mules - black,"Size:4,5,6,7,8,9","Rs
3095",2476,20% off,Footwear-Women
21754,Modare,Pu slip on round toe womens formal ballerinas - camel,"Size:36,37,38,39","Rs
3999",2799,30% off,Footwear-Women
21755,Haute curry,Womens casual wear slip on wedges - natural,"Size:36,37","Rs
1999",999,50% off,Footwear-Women
21756,Modare,Pu slip on round toe womens casual slides - walnut,"Size:36,37,39,40","Rs
3499",2799,20% off,Footwear-Women
21757,Ceriz,Polyurethane open toe womens casual sandals - mustard,"Size:35,36,37,38,39,40,41","Rs
2299",1609,30% off,Footwear-Women
21758,Puma,Synthetic lace up womens casual shoes - green,"Size:3,4,5,6,7",Nan,1799,No Discount,Footwear-Women
21759,Inc.5,Synthetic slip on womens casual wear sandals - grey,"Size:4,5,6,7,8,9,10",Nan,2290,No Discount,Footwear-Women
21760,Haute curry,Womens party wear slip on wedges - natural,"Size:38,40,41","Rs
2799",1399,50% off,Footwear-Women
21761,Tresmode,Synthetic leather slip on womens casual sandals - bronze,"Size:39,40","Rs
4990",3742,25% off,Footwear-Women
21762,Von wellx,Alexa synthetic slipon womens casual ballerinas - natural,"Size:36,37,38,39,41",Nan,2699,No Discount,Footwear-Women
21763,Estatos,Womens casual wear slip on heeled sandals - brown,Size:39,"Rs
1899",1139,40% off,Footwear-Women
21764,Catwalk,Womens iridescent platform sneakers - green,"Size:4,5,6,7,8,9","Rs
3795",3036,20% off,Footwear-Women
21765,Modare,Pu slip on womens formal ballerinas - natural,Size:37,"Rs
4799",3359,30% off,Footwear-Women
21766,Catwalk,Womens elastic ankle straps sandals - black,"Size:4,5,6,7,8,9","Rs
1995",1596,20% off,Footwear-Women
21767,Monrow,Suede tie up womens party sandals - black,"Size:36,37,38,39,40","Rs
2399",1199,50% off,Footwear-Women
21768,Solethreads,Synthetic slip on womens casual wear slides - natural,"Size:4,5,6,7,8",Nan,699,No Discount,Footwear-Women
21769,Lazera shoes,Blended round toe slipon womens sandals - black,"Size:36,37,38,39,40",Nan,2499,No Discount,Footwear-Women
21770,W,Suede buckle womens party wear sandals - olive,"Size:36,38,39,40,41,42",Nan,2999,No Discount,Footwear-Women
21771,Lemon & pepper,Womens party wear slipon wedges - gunmetal,Size:39,"Rs
2999",1499,50% off,Footwear-Women
21772,Lemon & pepper,Womens casual wear slip on loafers - orange,"Size:36,37,38,39,40","Rs
3299",1649,50% off,Footwear-Women
21773,W,Polyurethane buckle womens formal wear sandals - black,"Size:36,39","Rs
2299",1379,40% off,Footwear-Women
21774,Clarks,Synthetic leather slip on womens casual sandals - navy,"Size:4,5,6,7,8",Nan,4999,No Discount,Footwear-Women
21775,Ceriz,Polyurethane pointed toe womens casual sandals - natural,"Size:35,36,37,38,39,40","Rs
2199",1539,30% off,Footwear-Women
21776,Von wellx,Synthetic slipon womens casual wear slippers - black,"Size:3,4,5,7",Nan,2899,No Discount,Footwear-Women
21777,Lemon & pepper,Polyurethane buckle womens casual sandals - camel,"Size:35,36,37,38,39,40,41",Nan,3499,No Discount,Footwear-Women
21778,Tresmode,Leather slip on womens formal ballerinas - red,"Size:36,37,38,39,40","Rs
3695",1847,50% off,Footwear-Women
21779,Modare,Slip on womens ballerinas - natural,"Size:36,37,38,39,40","Rs
4499",3149,30% off,Footwear-Women
21780,Haute curry,Polyurethane slipon womens casual wear sandals - black,"Size:36,37,38,39,40,41,42",Nan,2399,No Discount,Footwear-Women
21781,Lemon & pepper,Womens casual wear buckle closure heels - natural,"Size:38,39,40,41","Rs
3799",1899,50% off,Footwear-Women
21782,Estatos,Womens casual wear buckle closure flats - black,Size:40,"Rs
999",649,35% off,Footwear-Women
21783,Guess,Womens party wear slipon heels - blue,Size:7,"Rs
6999",3499,50% off,Footwear-Women
21784,Ceriz,Pu slip on womens casual sandals - navy,"Size:36,38,39","Rs
1999",1199,40% off,Footwear-Women
21785,Catwalk,Pu slipon womens casual wear flat sandals - gunmetal,Size:6,"Rs
2395",1119,53% off,Footwear-Women
21786,Tresmode,Leather slip on womens formal ballerinas - natural,"Size:36,37,38,39,40",Nan,4595,No Discount,Footwear-Women
21787,Catwalk,Fabric slipon womens casual wear platforms - brown,"Size:4,5,6,7,8","Rs
2695",2156,20% off,Footwear-Women
21788,Lemon & pepper,Womens slip on casual sandals - gold,Size:36,"Rs
2399",1199,50% off,Footwear-Women
21789,Guess,Womens party wear slip on pump shoes - gold,"Size:6,8,9","Rs
6999",3499,50% off,Footwear-Women
21790,Flipside,Unisex nemo rubber flip flops - black,"Size:8,9,10",Nan,299,No Discount,Footwear-Women
21791,Monrow,Polyurethane slipon womens casual sandals - lavender,"Size:36,37,38,39,40,41","Rs
1999",999,50% off,Footwear-Women
21792,Lemon & pepper,Polyurethane buckle womens casual sandals - black,"Size:36,37,38,39,40,41",Nan,3499,No Discount,Footwear-Women
21793,Tresmode,221-alicant synthetic lace up womens sneakers - silver grey,"Size:36,37,38,39,40",Nan,6990,No Discount,Footwear-Women
21794,Lemon & pepper,Womens casual wear slip on heeled shoes - camel,"Size:35,36,40","Rs
3499",1749,50% off,Footwear-Women
21795,Monrow,Rubber slip on womens party slip ons - cream,"Size:36,37,39,40,41","Rs
2299",1195,48% off,Footwear-Women
21796,W,Fabric slipon womens party wear sandals - green,"Size:35,36,37,38,39,40,41,42",Nan,3599,No Discount,Footwear-Women
21797,Modare,Womens casual wear slip on heels - black,"Size:36,37,39","Rs
2499",1249,50% off,Footwear-Women
21798,Skechers,Womens mesh slipon sports shoes - navy,Size:11,"Rs
5299",3179,40% off,Footwear-Women
21799,Modare,Pu slip on round toe womens formal ballerinas - camel,"Size:36,37,38,39,40","Rs
3799",2659,30% off,Footwear-Women
21800,Puma,Rs-x³ twill air mesh unisex casual shoes - grey,"Size:3,4,5",Nan,9999,No Discount,Footwear-Women
21801,Estatos,Womens casual wear slipon flats - maroon,"Size:36,37,38,39","Rs
999",499,50% off,Footwear-Women
21802,Estatos,Womens party wear buckle closure heels - pink,"Size:39,40","Rs
2199",1319,40% off,Footwear-Women
21803,Inc.5,Synthetic womens party wear flats - gold,"Size:37,38,39,40","Rs
1890",945,50% off,Footwear-Women
21804,Clarks,Suede slipon womens casual pumps - black,"Size:4,5,6,7","Rs
5499",2749,50% off,Footwear-Women
21805,Shoetopia,Synthetic womens casual slides - pink,"Size:36,37,38","Rs
999",499,50% off,Footwear-Women
21806,Shoetopia,Suede womens casual sandals - black,"Size:36,40,41","Rs
999",799,20% off,Footwear-Women
21807,Shoetopia,Synthetic womens casual flats - black,"Size:37,39","Rs
999",499,50% off,Footwear-Women
21808,Haute curry,Womens casual wear buckle closure heels - gunmetal,"Size:36,37,38,39,40,41","Rs
2499",1249,50% off,Footwear-Women
21809,Modare,Pu slip on round toe womens casual sandals - camel,"Size:36,37,38,39,40","Rs
3799",2659,30% off,Footwear-Women
21810,Tresmode,Leather slip on womens formal pump shoes - natural,"Size:36,37,38,39,40",Nan,4595,No Discount,Footwear-Women
21811,Modare,Womens pu slip-on flats - gold,"Size:36,37","Rs
1999",799,60% off,Footwear-Women
21812,Reebok,Textile lace up womens sports shoes - black,"Size:6.5,7.5,8.5,9.5","Rs
3999",1999,50% off,Footwear-Women
21813,Adidas,Lace up womens sports shoes - pink,"Size:4,5,6,7",Nan,6599,No Discount,Footwear-Women
21814,Flipside,Pvc thong lightweight womens casual flip flops - black,"Size:4,5,6,7,8,9",Nan,599,No Discount,Footwear-Women
21815,Puma,Textile slip on womens sneakers - gold,"Size:3,4,5,6,7",Nan,5499,No Discount,Footwear-Women
21816,Monrow,Rubber slip on womens sports sandals - black,Size:37,"Rs
2199",989,55% off,Footwear-Women
21817,Signature sole,Synthetic slipon womens casual sandals - black,"Size:35,36,37,38,39","Rs
2600",1820,30% off,Footwear-Women
21818,Lemon & pepper,Pu slip on womens party wear sandals - gunmetal,"Size:36,37,38,39,40,41","Rs
3799",2659,30% off,Footwear-Women
21819,Inc.5,Synthetic slipon womens party wear flats - peach,"Size:37,38,39,40,41","Rs
2190",1095,50% off,Footwear-Women
21820,Adidas,Textile lace up womens sports shoes - pink,"Size:4,5,6",Nan,6599,No Discount,Footwear-Women
21821,Catwalk,Fabric buckle womens casual wear ballerinas - gold,"Size:6,7","Rs
2495",1996,20% off,Footwear-Women
21822,Catwalk,Pu buckle womens occasion wear flat sandals - gold,Size:7,"Rs
2695",1347,50% off,Footwear-Women
21823,Tresmode,Leather slip on womens casual loafers - natural,"Size:35,36,37,38,39,40",Nan,3900,No Discount,Footwear-Women
21824,Catwalk,Suede tie up womens casual wear boots - brown,"Size:4,5,6,7,8,9","Rs
3495",2796,20% off,Footwear-Women
21825,Shoetopia,Synthetic womens casual sandals - blue,"Size:36,37,38,39,40,41","Rs
999",699,30% off,Footwear-Women
21826,Von wellx,Shirley synthetic slipon womens casual slides - black,"Size:36,37,38,39,40,41",Nan,2699,No Discount,Footwear-Women
21827,Shoetopia,Synthetic womens casual sandals - gold,"Size:36,37,38,39,40","Rs
999",699,30% off,Footwear-Women
21828,Shoetopia,Synthetic womens casual flats - natural,"Size:37,39","Rs
999",499,50% off,Footwear-Women
21829,Lemon & pepper,Suede slip on womens casual wear mules - olive,"Size:36,37,38,39,40,41","Rs
3499",2799,20% off,Footwear-Women
21830,Inc.5,Synthetic open back womens heels - natural,Size:6,"Rs
2190",1095,50% off,Footwear-Women
21831,Inc.5,Synthetic slipon womens party wear sandals - yellow,"Size:36,37,38,39","Rs
2290",1145,50% off,Footwear-Women
21832,Tresmode,221-bosto synthetic leather slipon womens casual slipon sandals - gold,"Size:36,37,38,39",Nan,6500,No Discount,Footwear-Women
21833,Lemon & pepper,Patent slipon womens formal boots - off white,"Size:35,36,37,38,39,40,41",Nan,3799,No Discount,Footwear-Women
21834,Haute curry,Womens casual wear slip on heels - pink,"Size:36,37,38,39","Rs
2199",1099,50% off,Footwear-Women
21835,Havaianas,Rubber back strap womens casual and work closed sandals - navy,Size:40,Nan,999,No Discount,Footwear-Women
21836,Ceriz,Polyurethane pointed toe womens casual flats - black,"Size:35,36,37,38,39,40","Rs
1499",1049,30% off,Footwear-Women
21837,Signature sole,Synthetic slipon womens ethnic flats - lavender,"Size:35,36,37,38,40","Rs
1500",1125,25% off,Footwear-Women
21838,Tresmode,Synthetic leather slip on womens casual ballerinas - natural,"Size:36,37,38,39,40",Nan,3600,No Discount,Footwear-Women
21839,Puma,Synthetic slipon unisex slides - black,"Size:7,8,9,10,11",Nan,1799,No Discount,Footwear-Women
21840,Haute curry,Womens casual wear slip on heels - red,"Size:35,37,38,39,40","Rs
1999",999,50% off,Footwear-Women
21841,Haute curry,Womens casual wear slip on flats - pink,"Size:36,37,38,39,40","Rs
1999",999,50% off,Footwear-Women
21842,Puma,Rigel idp unisex sneakers - blue,"Size:4,5,6,7",Nan,2799,No Discount,Footwear-Women
21843,Catwalk,Patent slip on womens occasion wear boots - black,"Size:4,5,6,7,8,9","Rs
4095",3276,20% off,Footwear-Women
21844,Skechers,Knit slip on strapless womens casual shoes - navy,"Size:6,7,8,9,10","Rs
5499",3299,40% off,Footwear-Women
21845,Catwalk,Womens textured ankle strap sandals - black,"Size:4,5,6,7,8","Rs
2095",1676,20% off,Footwear-Women
21846,Catwalk,Womens metallic two-strap sandals - gold,"Size:4,5,6,7,8","Rs
2395",1916,20% off,Footwear-Women
21847,Catwalk,Leather slip on womens formal flats - tan,"Size:4,5,6,7,8,9","Rs
2495",1996,20% off,Footwear-Women
21848,Haute curry,Womens party wear slipon heels - gold,"Size:36,37,38","Rs
1999",999,50% off,Footwear-Women
21849,Estatos,Womens casual wear lace up sneakers - white,"Size:37,38,39,41","Rs
1299",649,50% off,Footwear-Women
21850,Estatos,Womens casual wear slip on flats - black,"Size:36,37,38,39,40","Rs
999",649,35% off,Footwear-Women
21851,Estatos,Womens casual wear slip on ballerinas - pink,"Size:37,38,39,40,41","Rs
1499",974,35% off,Footwear-Women
21852,Estatos,Womens casual wear slip on heeled sandals - peach,Size:37,"Rs
1499",899,40% off,Footwear-Women
21853,Catwalk,Polyurethane slipon womens casual loafers - brown,"Size:5,6,7","Rs
2895",1447,50% off,Footwear-Women
21854,Shoetopia,Synthetic womens casual slides - peach,"Size:36,37,38","Rs
999",499,50% off,Footwear-Women
21855,Catwalk,Raffia slipon womens casual wear ballerinas - natural,"Size:4,5,6,7,8","Rs
2595",2076,20% off,Footwear-Women
21856,Tresmode,Synthetic leather slip on womens semi formal shoes - natural,"Size:36,37,39,40","Rs
3990",1995,50% off,Footwear-Women
21857,Haute curry,Womens party wear slipon heels - gunmetal,"Size:35,36,37,38,39,40","Rs
2499",1249,50% off,Footwear-Women
21858,Inc.5,Synthetic others womens party flats - mustard,"Size:37,39","Rs
1890",945,50% off,Footwear-Women
21859,Monrow,Polyurethane slipon womens casual sandals - black,"Size:36,37,38","Rs
1899",892,53% off,Footwear-Women
21860,Haute curry,Polyurethane slipon womens casual wear sandals - grey,"Size:37,38,39,40,41","Rs
2999",2099,30% off,Footwear-Women
21861,Adidas,Textile lace up womens sports shoes - blue,Size:6,Nan,3999,No Discount,Footwear-Women
21862,Ceriz,Artificial leather womens loafers - pink,Size:39,"Rs
2199",1099,50% off,Footwear-Women
21863,Inc.5,Synthetic slip on womens casual wear flats - black,"Size:5,6,7,8,9,10,11,12",Nan,1790,No Discount,Footwear-Women
21864,Ceriz,Synthetic square toe womens casual ballerinas - navy,Size:36,"Rs
1999",999,50% off,Footwear-Women
21865,Clarks,Synthetic leather slip on womens casual flats - red,"Size:3,4,5,6,7,8",Nan,3499,No Discount,Footwear-Women
21866,Adidas,Lace up womens sports shoes - blue,"Size:4,5,6,7",Nan,9999,No Discount,Footwear-Women
21867,W,Polyurethane womens party wear sandals - navy,"Size:36,37,38,39,40","Rs
1799",1259,30% off,Footwear-Women
21868,Modare,Pu slip on womens formal ballerinas - black,"Size:38,40","Rs
4999",3499,30% off,Footwear-Women
21869,Catwalk,Synthetic slipon womens casual wear ballerinas - pink,"Size:5,6,7","Rs
2895",1447,50% off,Footwear-Women
21870,Solethreads,Yoga super soft comfort cushion womens casual sandals - navy,"Size:7,9",Nan,1299,No Discount,Footwear-Women
21871,Shoetopia,Synthetic womens casual slides - yellow,"Size:36,37,38,39,40,41",Nan,499,No Discount,Footwear-Women
21872,Shoetopia,Synthetic womens casual slides - gold,"Size:36,37","Rs
499",399,20% off,Footwear-Women
21873,Solethreads,Active ortho durable sturdy light comfortable shock absorbent womens flip flops - black,"Size:4,5,6,7,8",Nan,999,No Discount,Footwear-Women
21874,Shoetopia,Synthetic womens casual slides - black,"Size:36,37,38,39,41",Nan,499,No Discount,Footwear-Women
21875,Estatos,Polyurethane slipon womens party wear sandals - black,"Size:38,40","Rs
1999",1099,45% off,Footwear-Women
21876,Lemon & pepper,Womens casual wear slip on pump shoes - black,Size:40,"Rs
3499",1749,50% off,Footwear-Women
21877,Estatos,Womens casual wear buckle closure flats - cream,"Size:36,37,38,39,40,41","Rs
1249",811,35% off,Footwear-Women
21878,Estatos,Womens casual wear slip on wedges - purple,"Size:38,39,40,41","Rs
1599",1039,35% off,Footwear-Women
21879,Inc.5,Synthetic womens party wear flats - grey,"Size:37,38,39","Rs
1890",945,50% off,Footwear-Women
21880,Monrow,Rubber slip on womens casual slip ons - white,"Size:37,39","Rs
1899",892,53% off,Footwear-Women
21881,Shoetopia,Synthetic womens casual sandals - cherry,"Size:36,37,38,39,40,41","Rs
999",699,30% off,Footwear-Women
21882,Inc.5,Synthetic womens casual wear sandals - peach,"Size:5,6,7,8,9,10,11",Nan,1990,No Discount,Footwear-Women
21883,Lemon & pepper,Womens party wear buckle closure heels - gold,"Size:37,38,39,40","Rs
3999",1999,50% off,Footwear-Women
21884,Flipside,Womens titan rubber casual sandals - black,"Size:5,6,7",Nan,699,No Discount,Footwear-Women
21885,Clarks,Leather slip on womens casual pumps - navy,"Size:3,4,5,6,7,8","Rs
4999",2999,40% off,Footwear-Women
21886,Adidas,Lace up womens sports shoes - blue,"Size:4,5,6,7",Nan,4599,No Discount,Footwear-Women
21887,Lemon & pepper,Pu slipon womens casual flats - peach,"Size:36,37,38,39,40,41","Rs
2199",1539,30% off,Footwear-Women
21888,Adidas,Textile lace up womens sports shoes - pink,"Size:4,5,6,7",Nan,5999,No Discount,Footwear-Women
21889,Lemon & pepper,Womens party wear buckle closure heels - black,"Size:36,37,38,39,40","Rs
3999",1999,50% off,Footwear-Women
21890,Lazera shoes,Fabric round toe slipon womens sandals - black,"Size:36,37,38,39,40,41",Nan,1899,No Discount,Footwear-Women
21891,Monrow,Rubber buckle womens party sandals - champagne,"Size:37,38,39,40","Rs
2399",1199,50% off,Footwear-Women
21892,Inc.5,Synthetic others womens casual platform heel sandals - brown,Size:37,"Rs
2690",1345,50% off,Footwear-Women
21893,Catwalk,Pu slipon womens casual wear flat sandals - yellow,Size:7,"Rs
2695",1347,50% off,Footwear-Women
21894,Modare,Pu slip on womens formal ballerinas - cream,Size:40,"Rs
4799",3359,30% off,Footwear-Women
21895,Inc.5,Synthetic open back womens heels - gold,Size:7,"Rs
2690",1345,50% off,Footwear-Women
21896,Tresmode,Leather slip on womens casual shoes - black,"Size:37,39","Rs
5000",2500,50% off,Footwear-Women
21897,Shoetopia,Synthetic womens casual sandals - grey,"Size:36,37,39","Rs
999",499,50% off,Footwear-Women
21898,Shoetopia,Suede womens casual sandals - brown,"Size:37,39,41","Rs
999",899,10% off,Footwear-Women
21899,W,Polyurethane buckle womens casual wear sandals - red,"Size:36,37,38,39,40,41,42","Rs
1799",1079,40% off,Footwear-Women
21900,Lemon & pepper,Mesh slipon womens casual shoes - white,"Size:37,38,39,40",Nan,4999,No Discount,Footwear-Women
21901,Catwalk,Suede slip on womens casual wear sandals - gunmetal,"Size:4,5,6,7,8,9","Rs
2795",2236,20% off,Footwear-Women
21902,Haute curry,Womens casual wear buckle closure wedges - black,"Size:36,37,38,39,40","Rs
2799",1399,50% off,Footwear-Women
21903,Catwalk,Womens embroidered monks - multi,"Size:4,5,6,7,8,9","Rs
2595",2076,20% off,Footwear-Women
21904,Inc.5,Synthetic womens casual wear flats - natural,"Size:37,38,39,40","Rs
1890",945,50% off,Footwear-Women
21905,Lazera shoes,Fabric slipon womens ethnic sandals - antique,"Size:36,37,38,39,40,41",Nan,2495,No Discount,Footwear-Women
21906,Catwalk,Womens embroidered toe loop thongs - multi,"Size:4,5,6,7,8,9","Rs
2495",1996,20% off,Footwear-Women
21907,Flipside,Womens glitzy pvc party flats - black,"Size:4,5,6,7,8",Nan,499,No Discount,Footwear-Women
21908,Inc.5,Synthetic slip on womens casual slides - natural,"Size:4,5,6,7,8,9,10",Nan,2490,No Discount,Footwear-Women
21909,Monrow,Rubber slip on womens casual slip ons - blue,"Size:37,38","Rs
1699",798,53% off,Footwear-Women
21910,Catwalk,Synthetic slipon womens casual wear ballerinas - pink,"Size:5,6,7","Rs
2695",1347,50% off,Footwear-Women
21911,New balance,Synthetic mesh lace up womens sneakers - black,"Size:4,5,6,7,8","Rs
4999",3749,25% off,Footwear-Women
21912,Clarks,Leather slipon womens casual shoes - black,"Size:4,5,6,7","Rs
4999",3499,30% off,Footwear-Women
21913,Adidas,Synthetic lace up womens sports shoes - black,Size:7,Nan,2499,No Discount,Footwear-Women
21914,Puma,Textile lace up womens sports shoes - silver grey,"Size:3,4,5,6,7",Nan,6499,No Discount,Footwear-Women
21915,Inc.5,Tpr open back womens party flats - white,Size:8,"Rs
1690",845,50% off,Footwear-Women
21916,Catwalk,Printed fabric slipon womens casual mules - brown,"Size:4,5,6,7,8,9","Rs
3995",3196,20% off,Footwear-Women
21917,Reebok,Pu lace up womens sports shoes - black,Size:9.5,"Rs
2099",1049,50% off,Footwear-Women
21918,Vento,Synthetic slip on womens casual flats - grey,"Size:4,5,6,7",Nan,999,No Discount,Footwear-Women
21919,Reebok,Textile lace up womens sports shoes - white,"Size:6.5,7.5,8.5,9.5","Rs
5599",2799,50% off,Footwear-Women
21920,Von wellx,Synthetic slipon round toe womens casual wear shoes - black,Size:5,Nan,2499,No Discount,Footwear-Women
21921,Haute curry,Polyurethane slipon womens casual wear sandals - natural,"Size:37,38,39,40,41",Nan,1899,No Discount,Footwear-Women
21922,Ceriz,Polyurethane pointed toe womens casual sandals - pewter,"Size:35,36,37,38,39,40","Rs
2199",1539,30% off,Footwear-Women
21923,Haute curry,Womens casual wear slipon wedges - natural,"Size:36,37,38,39,40,41","Rs
1999",999,50% off,Footwear-Women
21924,W,Polyurethane buckle womens casual wear sandals - ecru,"Size:37,38,40,41","Rs
1799",899,50% off,Footwear-Women
21925,Modare,Pu slip on round toe womens formal ballerinas - camel,"Size:36,37,38,39,40","Rs
3999",2799,30% off,Footwear-Women
21926,Lazera shoes,Patent round toe slipon womens sandals - natural,"Size:36,37,38,39,40,41",Nan,2299,No Discount,Footwear-Women
21927,Puma,Textile slip on womens sports shoes - purple,"Size:3,4,5,6,7",Nan,6999,No Discount,Footwear-Women
21928,Solethreads,Slides stella super soft comfort cushion womens flip flops - black,"Size:4,5,6,7,8",Nan,699,No Discount,Footwear-Women
21929,Estatos,Womens casual wear slip on flats - pink,"Size:37,38,39,40","Rs
1499",899,40% off,Footwear-Women
21930,Estatos,Womens casual wear slip on ballerinas - white,Size:40,"Rs
1499",974,35% off,Footwear-Women
21931,Inc.5,Synthetic others womens party flats - brown,"Size:37,40","Rs
1890",945,50% off,Footwear-Women
21932,Catwalk,Synthetic round toe womens party wear sandals - gold,"Size:5,6,7","Rs
5495",4396,20% off,Footwear-Women
21933,Shoetopia,Synthetic womens casual slides - red,"Size:36,37,38,39,40,41",Nan,499,No Discount,Footwear-Women
21934,Shoetopia,Synthetic womens casual sandals - natural,"Size:36,37,38,39,40,41","Rs
999",799,20% off,Footwear-Women
21935,Estatos,Pu broad toe womens casual sandals - green,"Size:37,38","Rs
1499",749,50% off,Footwear-Women
21936,Adidas,Fabric lace up womens sports shoes - pink,"Size:4,5,6,7",Nan,5599,No Discount,Footwear-Women
21937,Adidas,Mesh lace up womens sports shoes - grey,"Size:4,6,7",Nan,3999,No Discount,Footwear-Women
21938,Adidas,Textile lace up mens sports shoes - blue,"Size:4,5,6,7",Nan,6999,No Discount,Footwear-Women
21939,Lemon & pepper,Synthetic open back womens ethnic block heel sandals - rose gold,"Size:36,37,39,40","Rs
2999",2699,10% off,Footwear-Women
21940,Modare,Polyurethane slipon womens casual slides - coral,"Size:36,37,38,39,40,41",Nan,3499,No Discount,Footwear-Women
21941,Doubleu,Eva slip on womens casual flats - brown,"Size:36,37,38,39,40,41",Nan,1119,No Discount,Footwear-Women
21942,Haute curry,Polyurethane slipon womens casual sandals - antique,"Size:36,37,38,39,40,41","Rs
2999",2099,30% off,Footwear-Women
21943,Modare,Polyurethane slipon womens casual flats - coral,"Size:36,37,38,39,40,41",Nan,3499,No Discount,Footwear-Women
21944,Lemon & pepper,Polyurethane slipon womens casual sandals - rose gold,"Size:36,37,38,39,40,41",Nan,2799,No Discount,Footwear-Women
21945,Solethreads,Synthetic slip on womens casual wear flats - pink,"Size:4,5,6,7,8,9",Nan,999,No Discount,Footwear-Women
21946,Adidas,Mesh lace up womens sports shoes - grey,"Size:4,5,6,7",Nan,7999,No Discount,Footwear-Women
21947,Signature sole,Synthetic slipon womens casual sandals - white,"Size:36,37,38,39,40","Rs
2200",1430,35% off,Footwear-Women
21948,Crocs,Croslite slip on womens casual wear flats - midnight_slub,"Size:4,5,6,7",Nan,2495,No Discount,Footwear-Women
21949,Catwalk,Fabric tie up womens casual wear sneakers - multi,"Size:4,5,6,7,8,9","Rs
2895",2316,20% off,Footwear-Women
21950,Modare,Pu slip on round toe womens casual flip flops - camel,"Size:36,37,38,39","Rs
3499",2449,30% off,Footwear-Women
21951,Inc.5,Synthetic open toe womens party wear flats - gold,"Size:5,6,7,8,9,10,11",Nan,2490,No Discount,Footwear-Women
21952,Lemon & pepper,Womens casual wear slipon wedges - pink,"Size:39,40","Rs
2499",1249,50% off,Footwear-Women
21953,Reebok,Mesh lace up womens sports shoes - pink,Size:9.5,"Rs
2199",1099,50% off,Footwear-Women
21954,Estatos,Womens casual wear slip on heeled sandals - black,"Size:37,38,39,40","Rs
2199",1099,50% off,Footwear-Women
21955,Estatos,Womens casual wear slip on flats - royal blue,"Size:36,37,38,39,40,41","Rs
1349",876,35% off,Footwear-Women
21956,Estatos,Womens party wear buckle closure heels - red,"Size:38,39,40,41","Rs
2199",1319,40% off,Footwear-Women
21957,Tresmode,Synthetic leather slip on womens casual sandals - pewter,"Size:36,37,38,39","Rs
5000",2500,50% off,Footwear-Women
21958,Inc.5,Synthetic slipon womens casual mules - natural,"Size:4,5,6,7,8,9,10",Nan,2190,No Discount,Footwear-Women
21959,Inc.5,Synthetic womens casual wear flats - black,"Size:37,38,39","Rs
1890",945,50% off,Footwear-Women
21960,Flipside,Womens elegant pvc party flats - white,"Size:4,5,6,7,8",Nan,499,No Discount,Footwear-Women
21961,Monrow,Polyurethane buckle womens party sandals - off white,"Size:36,37,38,39,40,41","Rs
1799",1295,28% off,Footwear-Women
21962,Lemon & pepper,Womens party wear slipon heels - black,"Size:36,37,38,39,40","Rs
3299",1649,50% off,Footwear-Women
21963,W,Polyurethane buckle womens casual wear sandals - yellow,"Size:37,38,39,40,42","Rs
2299",1379,40% off,Footwear-Women
21964,Modare,Fabric slipon womens casual slides - black,"Size:36,37,38,39,40,41",Nan,2799,No Discount,Footwear-Women
21965,Crocs,Croslite slip on womens casual wear sandals - navy,Size:3,Nan,2295,No Discount,Footwear-Women
21966,Haute curry,Suede slipon womens casual shoes - black,"Size:36,37,38,39,40,41","Rs
4999",3499,30% off,Footwear-Women
21967,Clarks,Suede lace up womens casual pumps - pink,"Size:4,5,6,7,8","Rs
8499",5949,30% off,Footwear-Women
21968,Inc.5,Synthetic slip on womens casual wear flats - green,"Size:5,6,7,8,9,10,11",Nan,1990,No Discount,Footwear-Women
21969,Ceriz,Synthetic open toe womens casual flats - cream,"Size:36,38","Rs
1299",649,50% off,Footwear-Women
21970,Ceriz,Pu slip on womens casual sandals - olive,"Size:35,36,37,38,39,40","Rs
2399",1439,40% off,Footwear-Women
21971,Catwalk,Embellished fabric buckle womens casual clogs - yellow,"Size:4,5,6,7,8,9","Rs
1995",1596,20% off,Footwear-Women
21972,Lemon & pepper,Womens party wear buckle closure heels - grey,"Size:36,37,38,39,40","Rs
3999",1999,50% off,Footwear-Women
21973,Stop,221-bresil leather slipon womens casual sandals - blue,"Size:35,36,37,38,39,40,41",Nan,5000,No Discount,Footwear-Women
21974,New balance,Synthetic mesh lace up womens sneakers - black,"Size:4.5,5,5.5,6,6.5,7.5","Rs
6499",4549,30% off,Footwear-Women
21975,Adidas,Mesh slipon womens sports shoes - white,"Size:4,5,6,7",Nan,5599,No Discount,Footwear-Women
21976,Adidas,Mesh slip on womens sports shoes - black,"Size:4,5,6",Nan,3299,No Discount,Footwear-Women
21977,Modare,Pu slip on round toe womens formal ballerinas - natural,"Size:36,37,38,39","Rs
4499",3149,30% off,Footwear-Women
21978,Catwalk,Fabric buckle womens casual mules - silver grey,"Size:5,6,7","Rs
2895",2316,20% off,Footwear-Women
21979,Inc.5,Synthetic open toe womens party wear sandals - natural,"Size:4,5,6,7,8,9",Nan,2690,No Discount,Footwear-Women
21980,Estatos,Womens casual wear slip on ballerinas - grey,Size:37,"Rs
1399",909,35% off,Footwear-Women
21981,Shoetopia,Synthetic womens casual sandals - copper,"Size:36,37,38,40","Rs
999",699,30% off,Footwear-Women
21982,Shoetopia,Synthetic womens casual slides - black,"Size:36,37,40,41",Nan,499,No Discount,Footwear-Women
21983,Shoetopia,Synthetic womens party sandals - red,"Size:36,37,38,39,40,41","Rs
999",899,10% off,Footwear-Women
21984,Shoetopia,Synthetic womens casual sandals - pink,"Size:36,37,38,39,40,41","Rs
999",499,50% off,Footwear-Women
21985,Inc.5,Synthetic womens casual wear flats - grey,"Size:37,38,39,40","Rs
1890",945,50% off,Footwear-Women
21986,Signature sole,Synthetic slipon womens casual sandals - natural,"Size:37,38,39,40","Rs
2400",1560,35% off,Footwear-Women
21987,Puma,Harper lace up womens casual shoes - black,Size:5,Nan,3999,No Discount,Footwear-Women
21988,Shoetopia,Synthetic womens casual slides - cream,Size:36,Nan,499,No Discount,Footwear-Women
21989,Lazera shoes,Patent round toe slipon womens sandals - gunmetal,"Size:37,38,39,40,41",Nan,1795,No Discount,Footwear-Women
21990,Catwalk,Embellished pu slipon womens casual flats - brown,"Size:4,5,6,7,8,9","Rs
4295",3436,20% off,Footwear-Women
21991,Crocs,Croslite slip on womens casual wear flats - black,Size:5,Nan,3495,No Discount,Footwear-Women
21992,Haute curry,Polyurethane slipon womens casual wear sandals - black,"Size:36,37,38,39,40,41",Nan,2399,No Discount,Footwear-Women
21993,Modare,Pu slip on round toe womens casual slides - multi,"Size:37,39,40","Rs
3499",2799,20% off,Footwear-Women
21994,Stop,221-bresil leather slipon womens casual sandals - wine,"Size:35,36,37,38,39,40,41",Nan,5000,No Discount,Footwear-Women
21995,Puma,Synthetic slipon unisex slides - olive,"Size:7,8,9,10,11",Nan,1799,No Discount,Footwear-Women
21996,Clarks,Leather lace up womens casual pumps - orange,"Size:4,5,6,7,8",Nan,8499,No Discount,Footwear-Women
21997,Lemon & pepper,Womens casual wear lace up sneakers - orange,"Size:36,37,38","Rs
3299",1649,50% off,Footwear-Women
21998,Tresmode,Leather slip on womens casual wear flats - black,"Size:36,37,38,39",Nan,3900,No Discount,Footwear-Women
21999,Adidas,Textile lace up mens casual shoes - grey,"Size:4,5",Nan,4299,No Discount,Footwear-Women
22000,W,Polyurethane slipon womens formal wear flats - blush,"Size:36,37,38,39,40,41,42",Nan,1049,No Discount,Footwear-Women
22001,Skechers,Womens mesh lace up sports shoes - navy,"Size:6,7,8,9,10",Nan,5999,No Discount,Footwear-Women
22002,Haute curry,Polyurethane slipon womens casual wear sandals - natural,"Size:36,37,38,39,40",Nan,2199,No Discount,Footwear-Women
22003,Tresmode,221-alicant synthetic lace up womens sneakers - pink,"Size:36,37,38,39,40",Nan,6990,No Discount,Footwear-Women
22004,Clarks,Fabric slip on womens casual sandals - black,"Size:4,5,6,7,8",Nan,4999,No Discount,Footwear-Women
22005,Adidas,Textile lace up womens sports shoes - black,"Size:8,10,11",Nan,6999,No Discount,Footwear-Women
22006,Reebok,Synthetic lace up womens sports shoes - pink,"Size:6.5,7.5,8.5,9.5","Rs
4599",2299,50% off,Footwear-Women
22007,Adidas,Mesh lace up womens sports shoes - black,"Size:4,5,6,7",Nan,4599,No Discount,Footwear-Women
22008,Estatos,Womens casual wear buckle closure flats - mustard,"Size:37,38,39,40,41","Rs
1299",649,50% off,Footwear-Women
22009,Lazera shoes,Patent slip on womens formal peep toes sandals - natural,"Size:37,38,40",Nan,999,No Discount,Footwear-Women
22010,Von wellx,Alisa leather slipon womens casual slippers - blue,"Size:36,38,39",Nan,2999,No Discount,Footwear-Women
22011,Tresmode,Synthetic leather slip on womens party wear shoes - black,"Size:36,37,38,40","Rs
3900",2925,25% off,Footwear-Women
22012,W,Polyurethane slipon womens party wear sandals - orange,"Size:36,37,38,39,40,41,42",Nan,3299,No Discount,Footwear-Women
22013,Adidas,Fabric lace up womens sports shoes - white,"Size:4,5,6,7",Nan,5599,No Discount,Footwear-Women
22014,Monrow,Suede buckle womens party sandals - pink,"Size:36,37,38,39,40,41","Rs
1999",999,50% off,Footwear-Women
22015,Lemon & pepper,Polyurethane slipon womens casual sandals - black,"Size:36,37,38,39,40,41",Nan,2499,No Discount,Footwear-Women
22016,Inc.5,Synthetic slip on womens casual peep toes - white,"Size:4,5,6,7,8,9",Nan,2290,No Discount,Footwear-Women
22017,Lemon & pepper,Velvet no back strap womens casual flats - tan,"Size:36,37,38,39,40","Rs
2499",1749,30% off,Footwear-Women
22018,Modare,Pu slip on womens formal ballerinas - pink,"Size:36,37,38,39,40","Rs
4999",3499,30% off,Footwear-Women
22019,W,Suede slipon womens casual wear flats - natural,"Size:36,37,38,39,40,41,42","Rs
1799",1259,30% off,Footwear-Women
22020,Inc.5,Synthetic others womens casual flats - peach,"Size:37,38","Rs
1890",945,50% off,Footwear-Women
22021,Clarks,Suede lace up womens casual pumps - black,"Size:4,5,6,7,8","Rs
8499",5949,30% off,Footwear-Women
22022,Lemon & pepper,Womens party wear slipon wedges - gold,Size:40,"Rs
2999",1499,50% off,Footwear-Women
22023,Ceriz,Pu zipper womens casual boots - brown,"Size:37,38","Rs
2699",1619,40% off,Footwear-Women
22024,New balance,Synthetic mesh lace up womens sneakers - black,Size:4.5,"Rs
8499",5949,30% off,Footwear-Women
22025,Lemon & pepper,Polyurethane slipon womens casual flats - black,"Size:36,37,38,39,40,41",Nan,2499,No Discount,Footwear-Women
22026,Lemon & pepper,Womens casual wear slip on heels - black,"Size:35,36,37,38,39,40","Rs
2999",1499,50% off,Footwear-Women
22027,Modare,Pu slip on womens casual flip flops - yellow,"Size:36,37,39,40","Rs
3499",2449,30% off,Footwear-Women
22028,Skechers,Mesh slip on womens casual shoes - grey,"Size:6,7,8,9,10",Nan,4999,No Discount,Footwear-Women
22029,Ceriz,Polyurethane open toe womens casual sandals - blue,"Size:35,36,37,38,39,40,41","Rs
2299",1609,30% off,Footwear-Women
22030,Catwalk,Suede slip on womens occasion wear boots - black,"Size:4,5,6,7,8,9","Rs
3695",2956,20% off,Footwear-Women
22031,Adidas,Synthetic slipon womens athleisure flats - blue,"Size:4,5,6,7",Nan,1299,No Discount,Footwear-Women
22032,Ceriz,Polyurethane pointed toe womens casual sandals - rose gold,"Size:35,36,37,38,39,40","Rs
1999",1399,30% off,Footwear-Women
22033,Ceriz,Polyurethane pointed toe womens casual flats - pink,"Size:35,36,37,38,39,40","Rs
1499",1049,30% off,Footwear-Women
22034,Tresmode,221-amma leather slipon womens casual flats - pewter,"Size:36,37,38,39,40",Nan,3600,No Discount,Footwear-Women
22035,Inc.5,Synthetic slip on womens casual flats - peach,"Size:5,6,7,8,9,10,11,12","Rs
1890",1190,37% off,Footwear-Women
22036,Shoetopia,Suede womens casual sandals - pink,"Size:37,39,41","Rs
999",899,10% off,Footwear-Women
22037,Shoetopia,Synthetic womens casual sandals - grey,"Size:35,36,37,38,39,40,41","Rs
1995",899,55% off,Footwear-Women
22038,Lemon & pepper,Womens casual wear buckle closure heels - grey,"Size:36,37,39,40","Rs
3299",1649,50% off,Footwear-Women
22039,Estatos,Womens casual wear buckle closure flats - natural,"Size:37,38","Rs
1799",1079,40% off,Footwear-Women
22040,Monrow,Polyurethane slipon womens casual sandals - multi,"Size:37,38,40","Rs
1899",892,53% off,Footwear-Women
22041,Haute curry,Womens casual wear buckle closure heels - gold,Size:36,"Rs
1999",999,50% off,Footwear-Women
22042,Ceriz,Pu zipper womens casual boots - black,"Size:35,36,38","Rs
2699",1619,40% off,Footwear-Women
22043,Shoetopia,Synthetic womens casual slides - gold,"Size:36,37,39,41","Rs
699",499,29% off,Footwear-Women
22044,Lazera shoes,Fabric slip on womens casual sandals - tan,"Size:36,37,38,41",Nan,1995,No Discount,Footwear-Women
22045,Ceriz,Polyurethane pointed toe womens casual ballerinas - natural,"Size:35,36,37,38,39,40,41",Nan,1899,No Discount,Footwear-Women
22046,Inc.5,Tpr open back womens party heels - peach,"Size:4,6,7","Rs
2590",1295,50% off,Footwear-Women
22047,Adidas,Lace up womens sports shoes - black,"Size:4,5,6,7",Nan,6599,No Discount,Footwear-Women
22048,Inc.5,Synthetic womens casual wear sandals - natural,"Size:5,6,7,8,9,10,11",Nan,1990,No Discount,Footwear-Women
22049,Lazera shoes,Fabric round toe slipon womens sandals - zinc,"Size:36,37,38,39,40,41",Nan,2599,No Discount,Footwear-Women
22050,Clarks,Leather lace up womens casual shoes - white,"Size:5,6,7,8","Rs
5999",4199,30% off,Footwear-Women
22051,Skechers,Mesh lace up womens casual shoes - navy,"Size:6,7,8,9,10",Nan,4299,No Discount,Footwear-Women
22052,Crocs,Croslite slip on womens casual wear flats - navy,Size:2,Nan,2495,No Discount,Footwear-Women
22053,Catwalk,Womens pure leather croc-effect thongs - tan,"Size:4,5,6,7,8,9","Rs
1695",1356,20% off,Footwear-Women
22054,Flipside,Unisex bright star rubber flip flops - blue,"Size:9,10",Nan,249,No Discount,Footwear-Women
22055,W,Fabric slipon womens casual wear flats - grey,"Size:35,36,37,38,39,40,41,42",Nan,2299,No Discount,Footwear-Women
22056,Modare,Pu slip on round toe womens casual flip flops - natural,"Size:36,37,38,39,40","Rs
3499",2449,30% off,Footwear-Women
22057,Shoetopia,Synthetic womens casual sandals - copper,"Size:35,36,37,38,39,40,41","Rs
1995",899,55% off,Footwear-Women
22058,Estatos,Womens casual wear slip on heel shoes - blue,Size:40,"Rs
1899",1234,35% off,Footwear-Women
22059,Puma,Womens mesh lace up sports shoes - pink,"Size:4,5,6",Nan,3999,No Discount,Footwear-Women
22060,Von wellx,Pu slipon womens casual wear slippers - blue,"Size:37,38,39",Nan,2499,No Discount,Footwear-Women
22061,Catwalk,Womens pearl faux fur mules - black,Size:5,"Rs
2095",599,71% off,Footwear-Women
22062,Inc.5,Synthetic womens casual wear flats - white,Size:38,"Rs
2290",1145,50% off,Footwear-Women
22063,Puma,Defy wn's leather lace up womens sports shoes - black,Size:5,Nan,6999,No Discount,Footwear-Women
22064,Monrow,Suede slipon womens casual boots - black,"Size:39,40",Nan,3999,No Discount,Footwear-Women
22065,W,Fabric slipon womens party wear flats - sand,"Size:39,42","Rs
2999",1499,50% off,Footwear-Women
22066,Shoetopia,Synthetic womens casual slides - white,"Size:36,37,38,40","Rs
999",499,50% off,Footwear-Women
22067,Shoetopia,Synthetic womens casual sandals - tan,"Size:36,37","Rs
999",799,20% off,Footwear-Women
22068,Ceriz,Polyurethane pointed toe womens casual sandals - natural,"Size:35,36,37,38,39,40,41",Nan,2199,No Discount,Footwear-Women
22069,Ceriz,Synthetic round toe womens casual sneakers - white,Size:38,"Rs
2499",1249,50% off,Footwear-Women
22070,Catwalk,Fabric slip on womens casual mules - multi,"Size:5,6,7","Rs
2595",1297,50% off,Footwear-Women
22071,Ceriz,Synthetic open toe womens casual sandals - gold,"Size:36,37,39","Rs
1899",949,50% off,Footwear-Women
22072,Signature sole,Synthetic slipon womens ethnic sandals - gold,"Size:36,37,39,40","Rs
2800",1680,40% off,Footwear-Women
22073,Haute curry,Womens casual wear slip on flats - antique,"Size:36,37,38,39","Rs
1999",999,50% off,Footwear-Women
22074,Lazera shoes,Fabric round toe slipon womens sandals - peach,"Size:36,37,38,39,40,41",Nan,1899,No Discount,Footwear-Women
22075,Lazera shoes,Fabric zipper womens casual boots - black,"Size:36,37,38,39,40,41",Nan,2995,No Discount,Footwear-Women
22076,Inc.5,Synthetic open back womens heels - white,Size:8,"Rs
2590",1490,42% off,Footwear-Women
22077,Tresmode,221-mil leather slipon womens casual sandals - champagne,"Size:36,37,38,39,40,41",Nan,2300,No Discount,Footwear-Women
22078,Havaianas,Rubber open back womens occasion flip flops - black,"Size:36,38,42",Nan,1499,No Discount,Footwear-Women
22079,Catwalk,Womens diamond encrusted slip ons - gold,"Size:4,5,6,7,8","Rs
2695",2156,20% off,Footwear-Women
22080,Lemon & pepper,Suede buckle womens casual sandals - natural,"Size:36,37,38,39,40","Rs
3999",3399,15% off,Footwear-Women
22081,Monrow,Pu slipon womens party wear sandals - orange,Size:40,Nan,2799,No Discount,Footwear-Women
22082,New balance,Synthetic mesh lace up womens sneakers - grey,"Size:5.5,6","Rs
9499",6649,30% off,Footwear-Women
22083,Monrow,Womens non-leather slip on wedges - blue,"Size:36,37,38,39,40",Nan,2199,No Discount,Footwear-Women
22084,Solethreads,Active ortho durable sturdy light comfortable shock absorbent womens flip flops - white,"Size:4,5,6,7,8",Nan,999,No Discount,Footwear-Women
22085,W,Polyurethane buckle womens party wear sandals - gold,Size:42,Nan,2299,No Discount,Footwear-Women
22086,Tresmode,Leather slip on womens formal pump shoes - grey,Size:36,Nan,5495,No Discount,Footwear-Women
22087,Catwalk,Fabric buckle womens casual sandals - black,"Size:5,6,7","Rs
2495",1996,20% off,Footwear-Women
22088,Shoetopia,Synthetic womens casual sandals - grey,"Size:36,37","Rs
999",799,20% off,Footwear-Women
22089,Flipside,Womens i love you rubber casual flip flops - pink,"Size:4,5,6,7,8",Nan,399,No Discount,Footwear-Women
22090,Flipside,Womens shinysky pvc casual flip flops - black,"Size:4,5,6,7,8,9",Nan,399,No Discount,Footwear-Women
22091,Lemon & pepper,Velvet no back strap womens casual flats - cream,"Size:35,36,37,38,39,40,41","Rs
2499",1749,30% off,Footwear-Women
22092,Modare,Pu zipper womens casual boots - black,"Size:36,37,38,39,40","Rs
6999",4899,30% off,Footwear-Women
22093,Clarks,Leather slip on womens casual sandals - white,"Size:4,5,6,7,8","Rs
6999",5599,20% off,Footwear-Women
22094,Lemon & pepper,Polyurethane slipon womens casual sandals - pink,"Size:36,37,38,39,40",Nan,3799,No Discount,Footwear-Women
22095,Tresmode,Leather slip on womens casual flats - pewter,"Size:36,37,38,39,40,41","Rs
2799",2099,25% off,Footwear-Women
22096,Tresmode,Synthetic leather slip on womens casual sandals - black,"Size:36,37,38,39","Rs
3990",1995,50% off,Footwear-Women
22097,W,Polyurethane slipon womens party wear flats - pink,"Size:35,36,37,38,39,40,41","Rs
2799",1399,50% off,Footwear-Women
22098,Solethreads,Active ortho durable sturdy light comfortable shock absorbent womens flip flops - brown,"Size:4,5,6,7,8",Nan,999,No Discount,Footwear-Women
22099,Catwalk,Pu round toe womens party wear sandals - brown,"Size:5,6,7","Rs
2895",2316,20% off,Footwear-Women
22100,Inc.5,Tpr open back womens party flats - brown,Size:5,"Rs
1890",945,50% off,Footwear-Women
22101,Ceriz,Synthetic square toe womens casual ballerinas - natural,"Size:36,37","Rs
1999",999,50% off,Footwear-Women
22102,Reebok,Textile slipon womens sports shoes - grey,"Size:8.5,9.5","Rs
2799",1399,50% off,Footwear-Women
22103,Signature sole,Synthetic buckle womens casual sandals - white,"Size:37,39","Rs
2100",1680,20% off,Footwear-Women
22104,Shoetopia,Synthetic womens casual slides - blue,"Size:36,37,38,39,40",Nan,499,No Discount,Footwear-Women
22105,Estatos,Womens casual wear slip on ballerinas - black,"Size:39,40,41","Rs
1399",909,35% off,Footwear-Women
22106,Lemon & pepper,Polyurethane buckle womens casual sandals - dark gun metal,"Size:36,38,39,40,41","Rs
2799",2379,15% off,Footwear-Women
22107,Modare,Pu slip on round toe womens casual flip flops - wine,"Size:36,37,38,39,40","Rs
2999",2399,20% off,Footwear-Women
22108,Modare,Pu slip on round toe womens casual sandals - natural,"Size:36,37,38,39,40","Rs
3799",2659,30% off,Footwear-Women
22109,Lemon & pepper,Polyurethane slipon womens casual sandals - peach,"Size:36,37,38,39,40,41",Nan,2499,No Discount,Footwear-Women
22110,Puma,Mesh lace up mens closed shoes - white,Size:8,Nan,5499,No Discount,Footwear-Women
22111,Tresmode,Synthetic leather slip on womens casual sandals - natural,"Size:37,38","Rs
5000",2500,50% off,Footwear-Women
22112,Lemon & pepper,Pu ankle loop womens party block heel sandals - gold,"Size:36,37,38,39,40,41","Rs
3299",2474,25% off,Footwear-Women
22113,Signature sole,Synthetic slipon womens ethnic flats - gold,"Size:35,36,37,38","Rs
1700",1275,25% off,Footwear-Women
22114,Catwalk,Patent lace up womens formal mules - black,"Size:4,5,6,7,8,9","Rs
3895",3116,20% off,Footwear-Women
22115,Signature sole,Synthetic slipon womens ethnic sandals - gold,"Size:35,36,37,39,40","Rs
3000",2250,25% off,Footwear-Women
22116,Skechers,Womens flat knit sports shoes - rose,Size:6,"Rs
6999",4199,40% off,Footwear-Women
22117,Modare,Polyurethane slipon womens casual flats - gold,"Size:36,37,38,39,40,41",Nan,3499,No Discount,Footwear-Women
22118,W,Polyurethane slipon womens casual wear sandals - natural,"Size:35,36,37,38,39,40,41,42",Nan,2599,No Discount,Footwear-Women
22119,W,Polyurethane womens casual wear sandals - orange,"Size:35,36,37,38,39,40,41,42","Rs
2299",1379,40% off,Footwear-Women
22120,Guess,Womens casual wear lace up sneakers - pink,Size:9,"Rs
4999",2499,50% off,Footwear-Women
22121,Monrow,Polyurethane buckle womens party sandals - green,Size:37,"Rs
2299",1310,43% off,Footwear-Women
22122,Modare,Pu slip on round toe womens casual flip flops - natural,"Size:36,37,38,39,40","Rs
2999",2399,20% off,Footwear-Women
22123,Puma,Synthetic lace up womens casual shoes - black,"Size:3,4,5,6,7",Nan,2999,No Discount,Footwear-Women
22124,Modare,Polyurethane slipon womens casual flats - natural,"Size:36,37,38,39,40,41",Nan,3499,No Discount,Footwear-Women
22125,Haute curry,Womens casual wear buckle closure heels - gold,"Size:36,37,39,40","Rs
2499",1249,50% off,Footwear-Women
22126,Reebok,Womens lace up sports shoes - blue,Size:6.5,"Rs
3999",1999,50% off,Footwear-Women
22127,Flipside,Womens jessica rubber casual flip flops - pink,"Size:4,5,6",Nan,399,No Discount,Footwear-Women
22128,Estatos,Womens casual wear buckle closure heels - red,Size:37,"Rs
1599",799,50% off,Footwear-Women
22129,Haute curry,Womens casual wear slip on flats - antique,Size:36,Nan,1699,No Discount,Footwear-Women
22130,Shoetopia,Synthetic womens casual sandals - gold,"Size:35,36,37,38,39,40,41","Rs
1995",899,55% off,Footwear-Women
22131,Shoetopia,Suede womens casual sandals - black,"Size:36,38","Rs
999",799,20% off,Footwear-Women
22132,Estatos,Womens casual wear slipon ballerinas - gold,Size:40,"Rs
1499",974,35% off,Footwear-Women
22133,Inc.5,Pu open back womens party heels - tan,Size:5,"Rs
1890",945,50% off,Footwear-Women
22134,Monrow,Rubber slip on womens casual ballerinas - natural,Size:39,"Rs
2999",989,67% off,Footwear-Women
22135,Puma,Textile low boot laces unisex sports shoes - black,Size:8,Nan,5999,No Discount,Footwear-Women
22136,Von wellx,Synthetic slipon womens casual wear slippers - blue,"Size:3,4",Nan,2999,No Discount,Footwear-Women
22137,Puma,Smash v2 buck unisex sneakers - blue,Size:6,Nan,3499,No Discount,Footwear-Women
22138,Shoetopia,Synthetic womens casual sandals - pink,"Size:36,37,40,41","Rs
799",499,38% off,Footwear-Women
22139,Modare,Pu buckle womens casual sandals - black,"Size:36,37,39,40","Rs
3999",2799,30% off,Footwear-Women
22140,Skechers,Knit slip on womens casual shoes - burgundy,"Size:6,7,8,9,10","Rs
5999",2999,50% off,Footwear-Women
22141,Lemon & pepper,Polyurethane slipon womens casual sandals - rose gold,"Size:36,37,38,39,40","Rs
3299",2969,10% off,Footwear-Women
22142,Puma,Rs-x³ twill air mesh casual shoes - white,"Size:3,4,5,6",Nan,9999,No Discount,Footwear-Women
22143,Modare,Pu slip on womens casual ballerinas - black,"Size:36,37,38,40","Rs
3999",2799,30% off,Footwear-Women
22144,Tresmode,Synthetic leather slip on womens casual wedges - pewter,"Size:35,36,37,38,39,40",Nan,5000,No Discount,Footwear-Women
22145,Catwalk,Synthetic slipon womens casual wear ballerinas - green,"Size:5,6,7","Rs
2695",1347,50% off,Footwear-Women
22146,Clarks,Leather slip on womens casual sandals - brown,"Size:4,5,6,7,8","Rs
6999",5599,20% off,Footwear-Women
22147,Haute curry,Womens casual wear slipon flats - pink,"Size:36,37,38","Rs
1699",849,50% off,Footwear-Women
22148,Solethreads,Synthetic slip on womens casual wear flats - red,"Size:4,5,6,7,8",Nan,499,No Discount,Footwear-Women
22149,Puma,Leadcat ftr synthetic unisex casual slides - black,"Size:3,4,5,6",Nan,2499,No Discount,Footwear-Women
22150,Puma,Textile slip on womens sneakers - black,"Size:3,4,5,6,7",Nan,3999,No Discount,Footwear-Women
22151,W,Polyurethane slipon womens formal wear flats - ecru,"Size:36,37,38,39,40,41,42",Nan,1049,No Discount,Footwear-Women
22152,Puma,Textile elastic womens sports shoes - pink,"Size:3,4,5,6,7",Nan,5499,No Discount,Footwear-Women
22153,Puma,Textile elastic womens sports shoes - black,"Size:3,4,5,6,7,8",Nan,5499,No Discount,Footwear-Women
22154,Estatos,Womens casual wear lace up sneakers - black,"Size:36,37,39,40","Rs
1299",649,50% off,Footwear-Women
22155,Estatos,Womens casual wear tie up flats - black,"Size:38,39","Rs
1499",974,35% off,Footwear-Women
22156,Estatos,Womens party wear buckle closure heels - pink,"Size:39,40,41","Rs
2699",1349,50% off,Footwear-Women
22157,Estatos,Womens casual wear slip on wedges - white,Size:40,"Rs
1599",1039,35% off,Footwear-Women
22158,Estatos,Womens casual wear slip on heeled sandals - blue,Size:39,"Rs
1699",1019,40% off,Footwear-Women
22159,Reebok,Womens lace up sports shoe - pink,Size:8.5,"Rs
4999",2499,50% off,Footwear-Women
22160,Von wellx,Pvc slipon womens casual wear slippers - blue,"Size:36,37,38",Nan,2999,No Discount,Footwear-Women
22161,Shoetopia,Synthetic womens casual sandals - blue,"Size:36,37,38,39,40","Rs
999",699,30% off,Footwear-Women
22162,Shoetopia,Synthetic womens casual slides - blue,"Size:36,37,39,41","Rs
699",499,29% off,Footwear-Women
22163,Puma,Radiate xt wn's mesh lace up womens sport shoes - white,"Size:3,4,5,6,7",Nan,3999,No Discount,Footwear-Women
22164,Clarks,Leather slip on womens casual sandals - navy,"Size:4,5,6,7,8",Nan,5499,No Discount,Footwear-Women
22165,Tresmode,Synthetic leather slip on womens casual wear flats - grey,"Size:36,37,38,39,40",Nan,4500,No Discount,Footwear-Women
22166,Von wellx,Synthetic slipon round toe womens casual wear shoes - metallic blue,"Size:3,4,5,6,7,8",Nan,2599,No Discount,Footwear-Women
22167,Catwalk,Fabric tie up womens athleisure sneakers - pink,"Size:5,6,7","Rs
3095",2476,20% off,Footwear-Women
22168,Clarks,Leather slip on womens casual pumps - pink,"Size:4,5,6,7,8",Nan,5999,No Discount,Footwear-Women
22169,Lazera shoes,Fabric zipper womens casual boots - brown,"Size:36,37,38,39,40",Nan,3695,No Discount,Footwear-Women
22170,Signature sole,Synthetic slipon womens ethnic sandals - gold,"Size:37,38,39,40,41","Rs
3100",2170,30% off,Footwear-Women
22171,Modare,Womens casual wear slipon flats - navy,Size:35,"Rs
1999",799,60% off,Footwear-Women
22172,Modare,Polyurethane slipon womens casual slides - sea green,"Size:36,37,38,39,40,41",Nan,3499,No Discount,Footwear-Women
22173,Skechers,Knit empire d lux - sharp witted womens casual shoes - navy,"Size:6,7,8,9,10","Rs
5999",3599,40% off,Footwear-Women
22174,Puma,Royal challengers bangalore unisex idp flip flops - mixed brights,"Size:6,7",Nan,799,No Discount,Footwear-Women
22175,W,Polyurethane slipon womens casual wear sandals - natural,Size:36,Nan,2999,No Discount,Footwear-Women
22176,Lemon & pepper,Womens party wear buckle closure heels - orange,"Size:36,37,38,39,40","Rs
3999",1999,50% off,Footwear-Women
22177,Guess,Womens casual wear slipon flats - white,"Size:5,6,7,8,9,10","Rs
2999",1499,50% off,Footwear-Women
22178,Modare,Pu slip on womens casual flip flops - pink,"Size:36,37","Rs
3499",2799,20% off,Footwear-Women
22179,Ceriz,Polyurethane round toe womens sneakers - navy,"Size:35,36,37,38,39,40,41","Rs
2499",1749,30% off,Footwear-Women
22180,Ceriz,Synthetic open toe womens casual sandals - navy,Size:37,"Rs
2299",1149,50% off,Footwear-Women
22181,Tresmode,Leather slip on womens formal ballerinas - black,"Size:36,37,38,39,40",Nan,4595,No Discount,Footwear-Women
22182,Tresmode,221-bow leather slipon womens casual flats - champagne,"Size:36,37,38,39,40,41",Nan,3200,No Discount,Footwear-Women
22183,Reebok,Pu lace up womens sports shoes - pink,Size:9.5,"Rs
2799",1399,50% off,Footwear-Women
22184,Solethreads,Yoga v shape comfortable plant based sole womens flip flops - navy,"Size:4,5,6,7,8,9",Nan,999,No Discount,Footwear-Women
22185,Shoetopia,Synthetic womens casual slides - green,"Size:36,37,38,40","Rs
999",499,50% off,Footwear-Women
22186,Von wellx,Karl synthetic slipon womens casual slippers - black,"Size:37,38,39,40",Nan,3199,No Discount,Footwear-Women
22187,Shoetopia,Synthetic womens casual sandals - grey,"Size:36,37,38,39,40,41","Rs
999",499,50% off,Footwear-Women
22188,Shoetopia,Synthetic womens casual slides - peach,"Size:36,37,38,40","Rs
999",499,50% off,Footwear-Women
22189,Estatos,Womens casual wear slip on flats - yellow,"Size:36,37","Rs
1499",749,50% off,Footwear-Women
22190,Haute curry,Womens casual wear slip on heels - black,"Size:36,37,38,39,40","Rs
2499",1249,50% off,Footwear-Women
22191,Estatos,Womens casual wear buckle closure flats - teal,"Size:36,37,38,39,40","Rs
999",599,40% off,Footwear-Women
22192,Modare,Pu slip on womens casual sneakers - gold,"Size:36,40","Rs
4999",3499,30% off,Footwear-Women
22193,Ceriz,Artificial leather womens ballerinas - natural,Size:36,"Rs
1799",899,50% off,Footwear-Women
22194,Shoetopia,Synthetic womens casual sandals - black,"Size:36,37","Rs
999",799,20% off,Footwear-Women
22195,Modare,Pu slip on womens casual ballerinas - black,"Size:36,39,40","Rs
4999",3499,30% off,Footwear-Women
22196,Tresmode,Leather slip on womens casual flats - white,"Size:36,37,38,39,40","Rs
2799",1399,50% off,Footwear-Women
22197,Tresmode,221-briming synthetic leather slipon womens casual sliponn sandals - silver grey,"Size:36,37,38,39",Nan,6900,No Discount,Footwear-Women
22198,Lazera shoes,Fabric slip on womens casual flats - antique,"Size:36,37,38,39,40,41",Nan,1695,No Discount,Footwear-Women
22199,Lemon & pepper,Womens casual wear slipon heels - black,"Size:36,40","Rs
3999",1999,50% off,Footwear-Women
22200,Lemon & pepper,Womens casual wear slipon heels - black,"Size:36,37,38,39,40","Rs
3499",1749,50% off,Footwear-Women
22201,Haute curry,Synthetic slipon womens casual wear pumps - black,"Size:40,41",Nan,2999,No Discount,Footwear-Women
22202,Clarks,Leather lace up womens casual pumps - natural,"Size:4,5,6,7,8","Rs
8499",5099,40% off,Footwear-Women
22203,Adidas,Textile lace up womens sports shoes - blue,"Size:9,10,11",Nan,3599,No Discount,Footwear-Women
22204,Skechers,Mesh slip on strapless womens casual shoes - grey,"Size:6,7,8,9,10","Rs
5499",3299,40% off,Footwear-Women
22205,Lazera shoes,Fabric round toe slipon womens sandals - gunmetal,"Size:36,37,38,39,40,41",Nan,2599,No Discount,Footwear-Women
22206,Catwalk,Raffia slipon womens work wear ballerinas - natural,"Size:4,5,6,7,8,9","Rs
2795",2236,20% off,Footwear-Women
22207,Puma,Mesh regular lace up mens sports shoes - black,"Size:7,8,9,10,11",Nan,5999,No Discount,Footwear-Women
22208,Lazera shoes,Fabric slipon womens ethnic sandals - antique,"Size:36,37,38,39,40,41",Nan,2499,No Discount,Footwear-Women
22209,Ceriz,Synthetic open toe womens casual flats - bronze,"Size:36,37,38,40","Rs
1499",749,50% off,Footwear-Women
22210,Lemon & pepper,Pu back strap womens casual block heel sandals - black,"Size:36,37,38,39,40","Rs
2799",1959,30% off,Footwear-Women
22211,Catwalk,Synthetic slipon womens casual wear ballerinas - stone,"Size:4,5,6,7,8","Rs
2795",2236,20% off,Footwear-Women
22212,Lemon & pepper,Womens casual wear slip on wedges - mustard,"Size:37,40","Rs
2499",1249,50% off,Footwear-Women
22213,Inc.5,Womens casual wear buckle closure flats - gunmetal,"Size:5,6","Rs
1890",661,65% off,Footwear-Women
22214,Catwalk,Pu almond shape womens casual wear sandals - brown,"Size:5,6,7","Rs
2295",1836,20% off,Footwear-Women
22215,Monrow,Pu slip on womens party wear sandals - green,"Size:36,37,38,39,40,41",Nan,2899,No Discount,Footwear-Women
22216,Monrow,Pu slipon womens party wear sandals - white,Size:40,Nan,2799,No Discount,Footwear-Women
22217,Ceriz,Artificial leather womens ballerinas - navy,"Size:36,37","Rs
1799",899,50% off,Footwear-Women
22218,Shoetopia,Synthetic womens casual slides - red,"Size:36,37,38,39,40",Nan,499,No Discount,Footwear-Women
22219,Shoetopia,Synthetic womens casual flats - pink,"Size:36,37,38,39,40,41","Rs
999",599,40% off,Footwear-Women
22220,Shoetopia,Synthetic womens casual slides - blue,"Size:36,40",Nan,499,No Discount,Footwear-Women
22221,Shoetopia,Synthetic womens casual slides - green,"Size:36,37,38","Rs
999",499,50% off,Footwear-Women
22222,Catwalk,Fabric slipon womens work wear wedges - black,"Size:4,5,6,7,8,9","Rs
2395",1916,20% off,Footwear-Women
22223,Adidas,Lace up womens sports shoes - pink,"Size:4,5,6,7",Nan,4999,No Discount,Footwear-Women
22224,W,Polyurethane buckle womens party wear sandals - off white,"Size:36,37,38,40",Nan,1599,No Discount,Footwear-Women
22225,Lazera shoes,Synthetic slip on womens casual sandals - gunmetal,"Size:37,38,39,40",Nan,1895,No Discount,Footwear-Women
22226,Lazera shoes,Fabric slipon womens casual sandals - gunmetal,"Size:36,37,38,39,40,41",Nan,1795,No Discount,Footwear-Women
22227,Modare,Polyurethane slipon womens casual loafers - natural,"Size:36,37,38,39,40,41",Nan,3499,No Discount,Footwear-Women
22228,Modare,Pu slip on round toe womens formal ballerinas - black,"Size:36,37,38,39,40","Rs
4499",3149,30% off,Footwear-Women
22229,Adidas,Adilette comfort fabric low tops slipon womens sport sandals - black,"Size:4,5,6,7",Nan,3999,No Discount,Footwear-Women
22230,Lemon & pepper,Womens party wear slipon heels - black,"Size:36,37,38,39,40,41","Rs
3799",1899,50% off,Footwear-Women
22231,Lemon & pepper,Womens casual wear buckle closure flats - maroon,"Size:36,37,38,39,40","Rs
2799",1399,50% off,Footwear-Women
22232,Puma,Textile lace up womens sports shoes - pink,"Size:4,5,6,7",Nan,5499,No Discount,Footwear-Women
22233,Skechers,Knit slip on womens casual shoes - navy,"Size:6,7,8,9,10",Nan,6499,No Discount,Footwear-Women
22234,Puma,Textile lace up womens sports shoes - blue,"Size:3,4,5,6,7",Nan,6499,No Discount,Footwear-Women
22235,Ceriz,Synthetic open toe womens casual sandals - taupe,Size:35,"Rs
2399",1199,50% off,Footwear-Women
22236,Catwalk,Suede slipon womens casual wear loafers - turquoise,"Size:5,6,7","Rs
3095",1547,50% off,Footwear-Women
22237,Puma,Synthetic lace up womens casual shoes - red,"Size:3,4,5,6,7",Nan,1799,No Discount,Footwear-Women
22238,Adidas,Fabric lace up womens sports shoes - indigo,"Size:4,5,6,7",Nan,5999,No Discount,Footwear-Women
22239,Lemon & pepper,Polyurethane slipon womens casual sandals - rose gold,"Size:36,37,38,39,40,41",Nan,3299,No Discount,Footwear-Women
22240,Lazera shoes,Suede round toe slipon womens sandals - black,"Size:36,37,38,39,40,41",Nan,1999,No Discount,Footwear-Women
22241,Flipside,Womens vintage rubber casual flip flops - white,"Size:5,6,7",Nan,399,No Discount,Footwear-Women
22242,Catwalk,Synthetic slipon womens casual wear flip flops - black,"Size:5,6,7","Rs
2895",2316,20% off,Footwear-Women
22243,Lemon & pepper,Womens casual wear slipon heels - gunmetal,"Size:37,38,39,40","Rs
3499",1749,50% off,Footwear-Women
22244,Catwalk,Fabric buckle womens party mules - brown,"Size:4,5,6,7,8","Rs
3295",1647,50% off,Footwear-Women
22245,Inc.5,Tpr open back womens party flats - tan,"Size:5,6,7,8,9,10,11,12","Rs
1890",1190,37% off,Footwear-Women
22246,Estatos,Womens casual wear buckle closure wedges - cream,Size:41,"Rs
1799",899,50% off,Footwear-Women
22247,Solethreads,Yoga v shape comfortable plant based sole womens flip flops - black,"Size:4,5,6,7,8,9",Nan,999,No Discount,Footwear-Women
22248,Shoetopia,Suede womens casual sandals - yellow,"Size:36,40,41","Rs
999",799,20% off,Footwear-Women
22249,Shoetopia,Synthetic womens casual slides - grey,"Size:36,37,38,39,40",Nan,499,No Discount,Footwear-Women
22250,Estatos,Womens casual wear slipon ballerinas - black,"Size:37,38,40,41","Rs
1449",869,40% off,Footwear-Women
22251,Estatos,Womens casual wear slip on ballerinas - black,"Size:36,37","Rs
1399",909,35% off,Footwear-Women
22252,Estatos,Womens casual wear buckle closure heels - burgundy,"Size:36,37,38,39,40,41","Rs
1599",799,50% off,Footwear-Women
22253,Inc.5,Tpr open back womens party heels - gunmetal,"Size:5,6,7","Rs
2490",1245,50% off,Footwear-Women
22254,Shoetopia,Suede womens casual sandals - black,"Size:37,39,41","Rs
999",899,10% off,Footwear-Women
22255,Shoetopia,Synthetic womens casual sandals - black,Size:40,"Rs
999",599,40% off,Footwear-Women
22256,Shoetopia,Synthetic womens casual slides - pink,"Size:36,37,38,39,41",Nan,499,No Discount,Footwear-Women
22257,Modare,Polyurethane slipon womens casual flats - pink,"Size:36,37,38,39,40,41",Nan,3499,No Discount,Footwear-Women
22258,Modare,Pu slip on round toe womens casual flip flops - blue denim,"Size:36,37,38,39,40","Rs
3499",2449,30% off,Footwear-Women
22259,Adidas,Mesh lace up womens sports shoes - paprika,"Size:4,5,6,7",Nan,5599,No Discount,Footwear-Women
22260,Lemon & pepper,Womens casual wear buckle closure flats - black,"Size:36,37,38,39,40","Rs
2999",1499,50% off,Footwear-Women
22261,Modare,Pu slip on round toe womens formal ballerinas - black,"Size:36,37,38,39,40","Rs
3999",2799,30% off,Footwear-Women
22262,Inc.5,Tpr open back womens party flats - gold,"Size:5,6,7,8,11",Nan,2490,No Discount,Footwear-Women
22263,Haute curry,Womens casual wear buckle closure heels - pink,"Size:36,37,38,39,40,41","Rs
1999",999,50% off,Footwear-Women
22264,Clarks,Leather slip on womens casual pumps - natural,"Size:4,5,6,7,8",Nan,5999,No Discount,Footwear-Women
22265,Lemon & pepper,Womens casual wear buckle closure heels - cream,"Size:38,40,41","Rs
2999",1499,50% off,Footwear-Women
22266,Tresmode,221-barcel synthetic lace up womens sneakers - black,"Size:36,37,38,39,40",Nan,6990,No Discount,Footwear-Women
22267,Lazera shoes,Fabric slipon womens casual slides - blue,"Size:36,37,38,39,40,41",Nan,2195,No Discount,Footwear-Women
22268,Lemon & pepper,Womens casual buckle closure wedges - black,"Size:36,37,38,39,40","Rs
2999",1499,50% off,Footwear-Women
22269,Ceriz,Artificial leather womens casual ballerinas - tan,"Size:36,37,38,39","Rs
1999",999,50% off,Footwear-Women
22270,Tresmode,221-abackstrap leather slipon womens casual flats - natural,"Size:36,37,38,39,40,41",Nan,3900,No Discount,Footwear-Women
22271,Monrow,Polyurethane slipon womens party sandals - tan,"Size:36,37,38,39,40,41","Rs
2299",1310,43% off,Footwear-Women
22272,Guess,Womens casual wear slip on pump shoes - pink,"Size:7,9","Rs
6999",3499,50% off,Footwear-Women
22273,Monrow,Rubber buckle womens party sandals - black,"Size:36,37,38,39,40,41","Rs
2299",1149,50% off,Footwear-Women
22274,Adidas,Mesh lace up womens sports shoes - paprika,"Size:4,5,6,7",Nan,4599,No Discount,Footwear-Women
22275,Modare,Womens pu slip-on wedges - navy,Size:40,"Rs
2799",1399,50% off,Footwear-Women
22276,Inc.5,Synthetic slip on womens casual flats - gold,"Size:5,6,7,8,9,10,11,12",Nan,1890,No Discount,Footwear-Women
22277,Guess,Womens casual wear slipon flats - pink,Size:5,"Rs
2999",1499,50% off,Footwear-Women
22278,Modare,Pu slip on womens casual ballerinas - cream,"Size:36,37","Rs
3999",2799,30% off,Footwear-Women
22279,Shoetopia,Synthetic womens casual slides - blue,"Size:36,37,40,41",Nan,499,No Discount,Footwear-Women
22280,Modare,Womens casual wear buckle closure flats - pink,Size:35,"Rs
2299",1149,50% off,Footwear-Women
22281,Ceriz,Polyurethane pointed toe womens casual flats - lilac,"Size:35,36,37,38,39,40","Rs
1599",1119,30% off,Footwear-Women
22282,Lemon & pepper,Polyurethane buckle womens casual sandals - off white,"Size:36,37,38,39",Nan,4499,No Discount,Footwear-Women
22283,Signature sole,Synthetic slipon womens casual sandals - black,"Size:35,37,38,39,40","Rs
2400",1560,35% off,Footwear-Women
22284,Tresmode,221-tcross leather slipon womens casual flats - red,"Size:36,37,38,39,40,41",Nan,3200,No Discount,Footwear-Women
22285,W,Polyurethane slipon womens casual wear flats - gold,Size:41,Nan,1049,No Discount,Footwear-Women
22286,Signature sole,Synthetic slipon womens ethnic flats - black,"Size:36,37","Rs
1500",1125,25% off,Footwear-Women
22287,Modare,Pu slip on round toe womens casual flip flops - white,"Size:36,37,38,39,40","Rs
2999",2099,30% off,Footwear-Women
22288,Clarks,Leather slip on womens casual sandals - natural,"Size:3,4,5,6,7,8",Nan,4499,No Discount,Footwear-Women
22289,Monrow,Rubber slip on womens casual slides - white,"Size:37,38,39,41",Nan,1699,No Discount,Footwear-Women
22290,Lemon & pepper,Pu open back womens casual wedge heel sandals - orange,"Size:36,37,38,39,40","Rs
2799",1959,30% off,Footwear-Women
22291,Ceriz,Polyurethane open toe womens casual sandals - sage,"Size:35,36,37,38,39,40,41","Rs
2299",1609,30% off,Footwear-Women
22292,Skechers,Mesh lace up strapless womens casual shoes - black,"Size:6,7,8,9,10","Rs
4999",2999,40% off,Footwear-Women
22293,Modare,Pu slip on round toe womens formal ballerinas - camel,"Size:36,37,38,39","Rs
4499",3149,30% off,Footwear-Women
22294,Tresmode,221-mila leather slipon womens casual sandals - grey,"Size:35,36,37,38,39,40",Nan,3000,No Discount,Footwear-Women
22295,Haute curry,Womens casual wear slip on wedges - gold,"Size:36,37,38,39,40","Rs
2199",1099,50% off,Footwear-Women
22296,W,Polyurethane slipon womens casual wear sandals - natural,"Size:35,37,38,39,40,41",Nan,2999,No Discount,Footwear-Women
22297,Lemon & pepper,Polyurethane buckle womens casual sandals - black,"Size:38,39,40","Rs
4499",3599,20% off,Footwear-Women
22298,Clarks,Leather slip on womens casual sandals - red,"Size:4,5,6,7,8","Rs
8999",5399,40% off,Footwear-Women
22299,Adidas,Synthetic slip on mens sports shoes - grey,"Size:4,5,6",Nan,5999,No Discount,Footwear-Women
22300,Monrow,Rubber buckle womens party sandals - black,"Size:36,37,38,39,40","Rs
2599",1299,50% off,Footwear-Women
22301,W,Polyurethane slipon womens casual wear flats - natural,"Size:36,37,38,39,40,42",Nan,1799,No Discount,Footwear-Women
22302,Modare,Pu slip on womens formal ballerinas - natural,Size:40,"Rs
4999",3499,30% off,Footwear-Women
22303,Modare,Womens casual wear slip on heels - gold,Size:36,"Rs
2499",1249,50% off,Footwear-Women
22304,Signature sole,Synthetic slipon womens casual flats - sea green,"Size:37,38,39","Rs
1400",910,35% off,Footwear-Women
22305,Monrow,Womens non-leather buckle closure heels - dusty pink,"Size:36,37,38,39,40,41,42","Rs
2466",1183,52% off,Footwear-Women
22306,Shoetopia,Synthetic womens party sandals - pink,"Size:36,37,38,39,40,41","Rs
999",899,10% off,Footwear-Women
22307,Shoetopia,Synthetic womens casual sandals - gold,"Size:35,36,37,38,39,40","Rs
1995",1495,25% off,Footwear-Women
22308,Shoetopia,Synthetic womens casual slides - grey,Size:41,Nan,499,No Discount,Footwear-Women
22309,Shoetopia,Synthetic womens casual flats - pink,"Size:37,39","Rs
999",499,50% off,Footwear-Women
22310,Vento,Synthetic slip on womens casual flats - natural,"Size:4,5,6,7",Nan,999,No Discount,Footwear-Women
22311,Lemon & pepper,Suede closed back womens party heeled boots - black,Size:36,"Rs
3999",3199,20% off,Footwear-Women
22312,Flipside,Womens yellow flowers rubber casual flip flops - grey,Size:7,Nan,399,No Discount,Footwear-Women
22313,Lemon & pepper,Polyurethane slipon womens casual sandals - turquoise,"Size:36,37,38,39",Nan,4499,No Discount,Footwear-Women
22314,Modare,Pu slip on womens formal ballerinas - cream,Size:37,"Rs
4999",3499,30% off,Footwear-Women
22315,Ceriz,Artificial leather round toe womens casual loafers - natural,Size:36,"Rs
1999",999,50% off,Footwear-Women
22316,Havaianas,Rubber open back womens casual flip flops - black,Size:36,Nan,999,No Discount,Footwear-Women
22317,Shoetopia,Suede womens casual sandals - black,"Size:36,39,40,41","Rs
999",899,10% off,Footwear-Women
22318,Shoetopia,Synthetic womens casual slides - pink,"Size:36,37,40,41",Nan,499,No Discount,Footwear-Women
22319,Catwalk,Patent slip on womens occasion wear boots - black,"Size:4,5,6,7,8,9","Rs
4295",3436,20% off,Footwear-Women
22320,Skechers,Womens knit lifestyle sports shoes - lavender,"Size:6,9,10","Rs
5999",3599,40% off,Footwear-Women
22321,Modare,Pu slip on round toe womens casual flip flops - green,"Size:36,37,38,39,40","Rs
2999",2399,20% off,Footwear-Women
22322,Clarks,Suede slip on womens casual sandals - red,"Size:3,4,5,6,7,8",Nan,4499,No Discount,Footwear-Women
22323,Catwalk,Womens solid ankle bracelet sandals - brown,"Size:4,5,6,7,8","Rs
2095",1676,20% off,Footwear-Women
22324,Ceriz,Pu slip on womens casual loafers - grey,"Size:35,36,37,38,39,40","Rs
2199",1319,40% off,Footwear-Women
22325,Tresmode,Leather slip on womens casual loafers - tan,"Size:36,37,38,39",Nan,3900,No Discount,Footwear-Women
22326,Tresmode,221-abackstrap leather slipon womens casual flats - black,"Size:36,37,38,39,40,41",Nan,3900,No Discount,Footwear-Women
22327,Flipside,Pvc thong lightweight womens casual flip flops - blue,"Size:4,5,6,7,8,9",Nan,599,No Discount,Footwear-Women
22328,Clarks,Leather slip on womens casual sandals - pink,"Size:6,7,8","Rs
5499",4399,20% off,Footwear-Women
22329,Modare,Pu slip on womens casual ballerinas - wine,"Size:36,37,39,40","Rs
4999",3499,30% off,Footwear-Women
22330,Adidas,Supernova w fabric low tops lace up womens sport shoes - pink,"Size:4,5,6,7",Nan,9999,No Discount,Footwear-Women
22331,Lemon & pepper,Polyurethane slipon womens casual sandals - black,"Size:36,37,38,39,40",Nan,3799,No Discount,Footwear-Women
22332,Tresmode,Leather slip on womens casual loafers - yellow,"Size:35,36,37,38,39,40",Nan,3900,No Discount,Footwear-Women
22333,Skechers,Womens mesh slipon sports shoes - olive,Size:7,"Rs
4999",2999,40% off,Footwear-Women
22334,Modare,Pu slip on womens casual flip flops - pink,"Size:36,37,38,39,40","Rs
2999",2099,30% off,Footwear-Women
22335,Tresmode,221-barcel synthetic lace up womens sneakers - blue,"Size:36,37,38,39,40",Nan,6990,No Discount,Footwear-Women
22336,Signature sole,Synthetic slipon womens casual sandals - mustard,"Size:35,36,37,38,39,40","Rs
2400",1560,35% off,Footwear-Women
22337,Vento,Synthetic slip on womens casual flats - blue,"Size:4,5,6,7",Nan,999,No Discount,Footwear-Women
22338,Signature sole,Synthetic slipon womens ethnic flats - natural,"Size:35,36,37,38,39","Rs
1500",1125,25% off,Footwear-Women
22339,Tresmode,221-mil leather slipon womens casual sandals - pewter,"Size:36,37,38,39,40,41",Nan,2300,No Discount,Footwear-Women
22340,Reebok,Textile lace up womens sports shoes - pink,"Size:6.5,7.5,8.5,9.5","Rs
4599",2299,50% off,Footwear-Women
22341,Signature sole,Synthetic slipon womens ethnic flats - pink,"Size:35,36,37,38,39","Rs
1500",1125,25% off,Footwear-Women
22342,Catwalk,Womens pure leather stitch detailed ballerinas - blue,"Size:4,5,6,7,8,9","Rs
1995",1596,20% off,Footwear-Women
22343,Lemon & pepper,Womens casual wear slipon heels - cream,"Size:36,37,38,39,40,41","Rs
3499",1749,50% off,Footwear-Women
22344,Estatos,Womens casual wear zip closure flats - brown,"Size:36,38","Rs
1499",974,35% off,Footwear-Women
22345,Monrow,Polyurethane slipon womens casual sandals - metallic blue,Size:37,"Rs
1899",1196,37% off,Footwear-Women
22346,W,Fabric buckle womens party wear sandals - black,"Size:40,42",Nan,3999,No Discount,Footwear-Women
22347,Haute curry,Womens casual wear slipon casual shoes - pewter,"Size:36,37","Rs
2499",1249,50% off,Footwear-Women
22348,Tresmode,Leather slip on womens casual loafers - green,"Size:36,37,38,39",Nan,3900,No Discount,Footwear-Women
22349,Shoetopia,Synthetic womens casual slides - grey,"Size:36,37,38,39,40,41",Nan,499,No Discount,Footwear-Women
22350,Shoetopia,Synthetic womens casual slides - black,"Size:36,37,39,41","Rs
699",499,29% off,Footwear-Women
22351,Modare,Pu slip on round toe womens casual ballerinas - natural,"Size:36,37,38,39","Rs
4999",3499,30% off,Footwear-Women
22352,Adidas,Mesh lace up womens sports shoes - white,"Size:4,5,6,7",Nan,6999,No Discount,Footwear-Women
22353,Lemon & pepper,Pu open back womens casual wedge heel sandals - cream,"Size:35,36,37,38,39,40,41","Rs
2799",1959,30% off,Footwear-Women
22354,Von wellx,Pvc slipon womens casual wear slippers - black,"Size:36,37,38,39,40,41",Nan,2999,No Discount,Footwear-Women
22355,Tresmode,Leather slip on womens casual loafers - black,"Size:37,38","Rs
3900",2925,25% off,Footwear-Women
22356,Signature sole,Synthetic slipon womens ethnic flats - white,"Size:35,37,38,39","Rs
2400",1320,45% off,Footwear-Women
22357,Inc.5,Synthetic womens casual wear flats - natural,"Size:37,38,39","Rs
1890",945,50% off,Footwear-Women
22358,Ceriz,Polyurethane regular toe womens casual flats - sage,"Size:35,36,37,39","Rs
1799",1259,30% off,Footwear-Women
22359,Von wellx,Synthetic slipon round toe womens casual wear shoes - black,"Size:3,4,5,6,7,8",Nan,2599,No Discount,Footwear-Women
22360,Clarks,Leather slip on womens casual sandals,"Size:4,5,6,7,8",Nan,8999,No Discount,Footwear-Women
22361,Guess,Womens casual wear slippers - black,"Size:5,6,7,8,9,10","Rs
2999",1499,50% off,Footwear-Women
22362,Monrow,Rubber velcro womens sports sandals - black,Size:36,"Rs
2499",999,60% off,Footwear-Women
22363,Signature sole,Synthetic slipon womens ethnic flats - pink,"Size:35,36,37,39","Rs
1500",1125,25% off,Footwear-Women
22364,Monrow,Polyurethane slipon womens ethnic sandals - gunmetal,Size:37,"Rs
1899",949,50% off,Footwear-Women
22365,Lemon & pepper,Suede buckle womens casual sandals - black,"Size:36,37,38,39,40","Rs
3999",3399,15% off,Footwear-Women
22366,Modare,Slip on womens ballerinas - black,"Size:36,37,39","Rs
3999",2799,30% off,Footwear-Women
22367,Monrow,Rubber slip on womens casual slip ons - rose gold,Size:36,"Rs
1899",949,50% off,Footwear-Women
22368,Haute curry,Womens casual wear slipon casual shoes - gold,"Size:36,37,38","Rs
2499",1249,50% off,Footwear-Women
22369,Reebok,Mesh lace up womens sports shoes - pink,"Size:6.5,7.5,8.5,9.5","Rs
6599",3299,50% off,Footwear-Women
22370,Puma,Textile lace up womens sports shoes - black,"Size:3,4,5,6,7",Nan,6499,No Discount,Footwear-Women
22371,Haute curry,Womens casual wear buckle closure flats - gold,"Size:36,39,40","Rs
2499",1249,50% off,Footwear-Women
22372,Puma,Textile lace up womens sports shoes - black,"Size:4,5,6,7",Nan,5499,No Discount,Footwear-Women
22373,Reebok,Mesh lace up womens sports shoes - maroon,"Size:6.5,7.5,8.5","Rs
5599",2799,50% off,Footwear-Women
22374,Lemon & pepper,Polyurethane buckle womens casual sandals - blue,"Size:35,36,37,38,39,40","Rs
3299",2474,25% off,Footwear-Women
22375,Lemon & pepper,Womens casual wear buckle closure heels - gunmetal,"Size:36,37,38,39,40","Rs
1999",999,50% off,Footwear-Women
22376,Modare,Pu slip on round toe womens casual slides - olive,"Size:37,39","Rs
3499",2799,20% off,Footwear-Women
22377,Inc.5,Patent slip on womens casual peep toes - natural,"Size:4,5,6,7","Rs
2990",1490,50% off,Footwear-Women
22378,Clarks,Leather lace up womens casual pumps - black,"Size:4,5,6,7,8",Nan,8499,No Discount,Footwear-Women
22379,Haute curry,Womens casual wear slipon loafers - ice blue,Size:36,"Rs
2799",1399,50% off,Footwear-Women
22380,Lemon & pepper,Polyurethane slipon womens casual sandals - gold,"Size:36,37,38,39,40,41",Nan,2499,No Discount,Footwear-Women
22381,Solethreads,Synthetic slip on womens casual wear flats - green,"Size:4,5,6,7,8,9",Nan,599,No Discount,Footwear-Women
22382,Catwalk,Synthetic slip on womens casual loafers - natural,"Size:5,6,7","Rs
2895",1447,50% off,Footwear-Women
22383,Clarks,Leather slipon womens casual ballerinas - black,"Size:4,5,6,7,8",Nan,4499,No Discount,Footwear-Women
22384,Shoetopia,Synthetic womens party sandals - red,"Size:36,37,38,39,40,41","Rs
999",699,30% off,Footwear-Women
22385,Shoetopia,Synthetic womens casual sandals - black,"Size:36,37,38,39,40","Rs
999",699,30% off,Footwear-Women
22386,Estatos,Womens casual wear slipon slider flats - white,"Size:36,37,38,39","Rs
999",499,50% off,Footwear-Women
22387,Shoetopia,Synthetic womens casual sandals - copper,"Size:35,36,37,38,39,40","Rs
1995",1495,25% off,Footwear-Women
22388,Solethreads,Yoga v shape comfortable plant based sole womens flip flops - brown,"Size:4,5,6,7,8,9",Nan,999,No Discount,Footwear-Women
22389,Lemon & pepper,Womens casual wear buckle closure heels - off white,"Size:36,37,38,39,40","Rs
3299",2804,15% off,Footwear-Women
22390,Signature sole,Synthetic slipon womens ethnic flats - pink,"Size:35,36,37,38","Rs
1500",1125,25% off,Footwear-Women
22391,Ceriz,Synthetic open toe womens casual sandals - grey,"Size:36,37","Rs
2199",1099,50% off,Footwear-Women
22392,Catwalk,Patent tie up womens casual wear loafers - blue,"Size:5,6,7","Rs
2795",1397,50% off,Footwear-Women
22393,Ceriz,Synthetic pointed toe womens casual ballerinas - natural,Size:37,"Rs
1899",949,50% off,Footwear-Women
22394,Lemon & pepper,Womens casual wear slip on heeled shoes - natural,Size:36,"Rs
3299",1649,50% off,Footwear-Women
22395,Monrow,Suede buckle womens party wear sandals - black,"Size:39,40,41",Nan,3699,No Discount,Footwear-Women
22396,Von wellx,Womens germany comfort black flats joanna - black,"Size:36,37",Nan,2099,No Discount,Footwear-Women
22397,Monrow,Suede buckle womens party wear sandals - natural,"Size:39,40",Nan,2799,No Discount,Footwear-Women
22398,Monrow,Polyurethane slipon womens ethnic sandals - rose gold,"Size:37,40","Rs
1699",951,44% off,Footwear-Women
22399,Catwalk,Snake print pu slipon womens casual flats - white,"Size:5,6,7","Rs
1895",1516,20% off,Footwear-Women
22400,Shoetopia,Synthetic womens casual sandals - black,"Size:35,36,37,38,39,40","Rs
1995",1495,25% off,Footwear-Women
22401,Ceriz,Polyurethane pointed toe womens casual flats - mustard,"Size:35,36,37,38,39,40","Rs
1599",1119,30% off,Footwear-Women
22402,Skechers,Knit esla - every move womens casual shoes - pink,"Size:6,7,8,9,10","Rs
5499",3299,40% off,Footwear-Women
22403,Modare,Slip on womens ballerinas - black,"Size:36,37,38,39,40","Rs
3799",2659,30% off,Footwear-Women
22404,Lemon & pepper,Womens casual wear buckle closure heels - black,"Size:36,37,38,39,40","Rs
3799",1899,50% off,Footwear-Women
22405,Monrow,Rubber slip on womens casual slides - tan,"Size:37,38,39,40",Nan,1699,No Discount,Footwear-Women
22406,Adidas,Mesh lace up womens sports shoes - black,"Size:4,5,6,7",Nan,6599,No Discount,Footwear-Women
22407,Lazera shoes,Blended round toe slipon womens sandals - gold,"Size:36,37,38,39,40,41",Nan,2499,No Discount,Footwear-Women
22408,Lemon & pepper,Polyurethane slipon womens casual sandals - black,"Size:36,37,38,39,40,41","Rs
2999",2399,20% off,Footwear-Women
22409,Clarks,Leather slip on womens casual sandals - orange,"Size:5,6,7,8",Nan,6499,No Discount,Footwear-Women
22410,Lemon & pepper,Polyurethane buckle womens casual loafers - black,"Size:36,37,38,39,40","Rs
3499",3149,10% off,Footwear-Women
22411,Adidas,Mesh lace up womens sports shoes - grey,"Size:4,5,6,7",Nan,6999,No Discount,Footwear-Women
22412,Lazera shoes,Fabric round toe slipon womens sandals - black,"Size:36,37,38,39,40,41",Nan,2599,No Discount,Footwear-Women
22413,Modare,Pu slip on womens casual sandals - rose gold,"Size:36,37,38,39,40","Rs
4999",3499,30% off,Footwear-Women
22414,Lemon & pepper,Pu open back womens casual wedge heel sandals - pink,"Size:36,37,38","Rs
2199",1539,30% off,Footwear-Women
22415,Lazera shoes,Fabric slipon womens ethnic sandals - gunmetal,"Size:36,37,38,39,40,41",Nan,2095,No Discount,Footwear-Women
22416,Haute curry,Womens casual wear buckle closure flats - cream,"Size:36,39,40","Rs
2499",1249,50% off,Footwear-Women
22417,Adidas,Galaxy 5 new fabric lace up womens sports shoes - blue,"Size:5,3-4Y,5-6Y,7-8Y",Nan,4999,No Discount,Footwear-Women
22418,Ceriz,Polyurethane round toe womens casual loafers - tan,"Size:35,36,37,38,39,40",Nan,2299,No Discount,Footwear-Women
22419,Flipside,Pvc slide strap soft toe womens casual sliders - pink,"Size:4,4.5,5.5,7,7.5,8.5",Nan,499,No Discount,Footwear-Women
22420,Estatos,Womens casual wear buckle closure flats - black,Size:38,"Rs
1649",824,50% off,Footwear-Women
22421,Von wellx,Lenia synthetic slipon womens casual slippers - brown,"Size:36,37,38,39,40,41",Nan,2999,No Discount,Footwear-Women
22422,Ceriz,Polyurethane regular toe womens casual flats - pink,"Size:35,36,37,39","Rs
1799",1259,30% off,Footwear-Women
22423,Monrow,Rubber slip on womens casual slip ons - yellow,"Size:37,38","Rs
1899",892,53% off,Footwear-Women
22424,Monrow,Polyurethane zipper womens casual boots - tan,Size:39,"Rs
3299",2012,39% off,Footwear-Women
22425,Puma,Leadcat ylm lite unisex casual slides - white,"Size:3,4,5",Nan,3499,No Discount,Footwear-Women
22426,Catwalk,Fabric slip on womens casual mules - black,"Size:5,6,7","Rs
2595",2076,20% off,Footwear-Women
22427,Modare,Pu buckle womens casual sandals - pink,Size:40,"Rs
4499",3149,30% off,Footwear-Women
22428,Shoetopia,Synthetic womens casual sandals - red,"Size:36,37,38,39,40","Rs
999",699,30% off,Footwear-Women
22429,Lemon & pepper,Womens casual wear slipon flats - grey,Size:37,"Rs
2499",1249,50% off,Footwear-Women
22430,Monrow,Rubber slip on womens casual slides - black,"Size:36,37,38,39,40,41","Rs
1699",951,44% off,Footwear-Women
22431,Lemon & pepper,Womens casual wear buckle closure heels - navy,"Size:36,37,38,39,40","Rs
3499",1749,50% off,Footwear-Women
22432,Monrow,Polyurethane slipon womens casual boots - tan,"Size:36,37,38,39,40,41",Nan,3999,No Discount,Footwear-Women
22433,Modare,Pu slip on round toe womens casual ballerinas - walnut,"Size:35,36,37,38,39","Rs
4999",3499,30% off,Footwear-Women
22434,Lazera shoes,Fabric slipon womens ethnic sandals - antique,"Size:36,37,38,39,40,41",Nan,2095,No Discount,Footwear-Women
22435,W,Polyurethane slipon womens party wear flats - blush,"Size:35,36,37,38,39,40,41,42","Rs
2799",1679,40% off,Footwear-Women
22436,Adidas,Mesh lace up womens sports shoes - blue,"Size:4,5,6,7",Nan,4299,No Discount,Footwear-Women
22437,Modare,Pu buckle womens casual sandals - gold,"Size:36,38,39,40","Rs
3999",2799,30% off,Footwear-Women
22438,Lemon & pepper,Pu ankle loop womens casual block heel sandals - gunmetal,"Size:36,37,38,39,40","Rs
2999",2099,30% off,Footwear-Women
22439,Tresmode,221-amma leather slipon womens casual flats - champagne,"Size:36,37,38,39,40",Nan,3600,No Discount,Footwear-Women
22440,Catwalk,Textured patent tie up womens casual boots - blue,"Size:4,5,6,7,8,9","Rs
1995",1596,20% off,Footwear-Women
22441,Catwalk,Womens beaded detail t-bar flats - multi,"Size:4,5,6,7,8","Rs
2195",1756,20% off,Footwear-Women
22442,Catwalk,Embellished fabric slipon womens casual sandals - brown,"Size:5,6,7","Rs
2095",1676,20% off,Footwear-Women
22443,Puma,Truffle lace up unisex casual shoes - blue,"Size:3,4,5,6",Nan,4499,No Discount,Footwear-Women
22444,Catwalk,Pu velcro womens casual wear wedges - blue,"Size:4,5,6,7,8,9","Rs
2895",2316,20% off,Footwear-Women
22445,Signature sole,Synthetic slipon womens ethnic flats - lavender,"Size:35,36,37,39","Rs
1500",1125,25% off,Footwear-Women
22446,Haute curry,Womens party wear buckle closure heels - gold,"Size:36,37,39,40","Rs
2999",1499,50% off,Footwear-Women
22447,Monrow,Rubber tie up womens party sandals - red,Size:37,"Rs
2999",1289,57% off,Footwear-Women
22448,Modare,Polyurethane slipon womens casual slides - coral,"Size:36,37,38,39,40,41",Nan,2499,No Discount,Footwear-Women
22449,Monrow,Polyurethane slipon womens casual sandals - black,"Size:36,38,39","Rs
1899",892,53% off,Footwear-Women
22450,Lemon & pepper,Polyurethane buckle womens casual loafers - cream,"Size:36,37,38,39,40","Rs
3499",3149,10% off,Footwear-Women
22451,Tresmode,221-briming synthetic leather slipon womens casual sliponn sandals - gold,"Size:36,37,38,39",Nan,6900,No Discount,Footwear-Women
22452,Lemon & pepper,Womens casual wear slip on ballerinas - grey,"Size:36,37,38,39,40","Rs
2799",1399,50% off,Footwear-Women
22453,Flipside,Pvc soft toe womens casual flip flops - blue,"Size:4,4.5,5.5,7,7.5,8.5",Nan,499,No Discount,Footwear-Women
22454,Lemon & pepper,Womens casual wear slipon flats - peach,"Size:36,37,38,39,40","Rs
2199",1099,50% off,Footwear-Women
22455,Modare,Pu slip on womens casual boots - camel,"Size:36,37,38,39,40","Rs
6999",4899,30% off,Footwear-Women
22456,Lazera shoes,Fabric slip on womens casual sandals - black,"Size:37,40,41",Nan,1995,No Discount,Footwear-Women
22457,Puma,Daisy wns idp mesh slipon womens flip flops - blue,"Size:3,4,5,6",Nan,1799,No Discount,Footwear-Women
22458,Lazera shoes,Patent round toe slipon womens sandals - zinc,"Size:37,38,39,40,41",Nan,1795,No Discount,Footwear-Women
22459,Lemon & pepper,Womens casual wear buckle closure heels - pink,"Size:38,39,40","Rs
3499",1749,50% off,Footwear-Women
22460,Lazera shoes,Blended round toe slipon womens sandals - antique,"Size:36,37,38,39,40",Nan,2499,No Discount,Footwear-Women
22461,Estatos,Womens casual wear slip on ballerinas - burgundy,"Size:39,40","Rs
1399",909,35% off,Footwear-Women
22462,Shoetopia,Synthetic womens casual slides - red,"Size:36,37,38,39,41",Nan,499,No Discount,Footwear-Women
22463,Shoetopia,Synthetic womens casual sandals - red,"Size:37,38,39,40,41","Rs
999",699,30% off,Footwear-Women
22464,Shoetopia,Synthetic womens casual sandals - gold,"Size:36,37,38,40","Rs
999",699,30% off,Footwear-Women
22465,Shoetopia,Suede womens casual sandals - red,"Size:36,40,41","Rs
999",799,20% off,Footwear-Women
22466,Von wellx,Alisa leather slipon womens casual slippers - tan,"Size:36,38,39",Nan,2999,No Discount,Footwear-Women
22467,Estatos,Womens casual wear buckle closure flats - peach,"Size:36,37,38,39,40","Rs
1199",719,40% off,Footwear-Women
22468,Estatos,Womens casual wear slip on ballerinas - peach,Size:40,"Rs
1499",974,35% off,Footwear-Women
22469,Estatos,Womens casual wear slipon ballerinas - pink,Size:41,"Rs
1699",1104,35% off,Footwear-Women
22470,Ceriz,Artificial leather mesh womens casual sneakers - tan,Size:40,"Rs
2899",1449,50% off,Footwear-Women
22471,Monrow,Polyurethane slipon womens ethnic sandals - mustard,"Size:37,38","Rs
1699",951,44% off,Footwear-Women
22472,Ceriz,Artificial leather open toe womens casual sandals - blue,"Size:38,39","Rs
1999",999,50% off,Footwear-Women
22473,Monrow,Polyurethane slipon womens casual sandals - tan,Size:37,"Rs
1899",949,50% off,Footwear-Women
22474,Tresmode,Synthetic leather slip on womens loafers - black,Size:38,"Rs
3990",1995,50% off,Footwear-Women
22475,Catwalk,Pu round toe womens casual wear sandals - gold,"Size:5,6,7","Rs
2795",2236,20% off,Footwear-Women
22476,Shoetopia,Synthetic womens party sandals - gold,"Size:36,37,38,39,40,41","Rs
999",899,10% off,Footwear-Women
22477,Lemon & pepper,Womens casual wear buckle closure heels - pink,"Size:39,40,41","Rs
3499",1749,50% off,Footwear-Women
22478,Adidas,Response super x fabric low tops lace up womens sport shoes - blue,"Size:4,5,6,7",Nan,8999,No Discount,Footwear-Women
22479,Lemon & pepper,Womens casual wear buckle closure flats - brown,"Size:37,39","Rs
2799",1399,50% off,Footwear-Women
22480,Lemon & pepper,Polyurethane buckle womens casual sandals - off white,"Size:35,36,37,38,39",Nan,5499,No Discount,Footwear-Women
22481,Tresmode,Synthetic leather slip on womens casual sandals - blue,"Size:36,37,39","Rs
5000",2500,50% off,Footwear-Women
22482,Adidas,Lace up womens sports shoes - black,"Size:4,5,6,7",Nan,4999,No Discount,Footwear-Women
22483,Lemon & pepper,Pu open back womens casual block heel sandals - grey,"Size:36,37,38,39,40","Rs
2999",2099,30% off,Footwear-Women
22484,Adidas,Adilette comfort fabric low tops slipon womens sport sandals - white,"Size:4,5,6,7",Nan,3999,No Discount,Footwear-Women
22485,Monrow,Rubber buckle womens party sandals - tan,"Size:36,37,38,39,40,41","Rs
2399",1199,50% off,Footwear-Women
22486,Modare,Pu slip on round toe womens casual flip flops - blue denim,"Size:36,37,38,39,40","Rs
2999",2399,20% off,Footwear-Women
22487,Clarks,Leather lace up womens casual shoes - natural,"Size:4,5,6,7,8","Rs
7999",5599,30% off,Footwear-Women
22488,Adidas,Lace up womens sports shoes - black,"Size:4,5,6,7",Nan,8999,No Discount,Footwear-Women
22489,Modare,Pu slip on round toe womens casual ballerinas - black,"Size:35,36,37,38,39,40","Rs
4999",3499,30% off,Footwear-Women
22490,Modare,Synthetic no strap womens casual ballerinas - black,Size:37,"Rs
4999",2499,50% off,Footwear-Women
22491,Lemon & pepper,Womens party wear buckle closure heels - black,"Size:36,37,38,40","Rs
3299",2804,15% off,Footwear-Women
22492,Lemon & pepper,Womens casual wear slip on heels - cream,"Size:35,36,37,38,39,40","Rs
2999",1499,50% off,Footwear-Women
22493,Catwalk,Embellished pu slipon womens casual flats - black,"Size:4,5,6,7,8,9","Rs
4295",3436,20% off,Footwear-Women
22494,Haute curry,Womens party wear buckle closure heels - gunmetal,"Size:36,37,38,39,40","Rs
2999",1499,50% off,Footwear-Women
22495,Clarks,Suede slip on womens casual sandals - brown,"Size:3,4,5,6,7,8",Nan,4499,No Discount,Footwear-Women
22496,Estatos,Womens casual wear buckle closure flats - black,Size:38,"Rs
1299",779,40% off,Footwear-Women
22497,Estatos,Womens casual wear buckle closure wedges - black,Size:41,"Rs
1399",909,35% off,Footwear-Women
22498,Estatos,Womens casual wear sneakers - gold,"Size:36,37","Rs
1999",1199,40% off,Footwear-Women
22499,Estatos,Womens casual wear slip on heeled sandals - olive,Size:39,"Rs
1899",1139,40% off,Footwear-Women
22500,Catwalk,Synthetic slipon womens casual wear flat sandals - bronze,"Size:5,6","Rs
2395",1916,20% off,Footwear-Women
22501,Skechers,Leather lace up womens casual shoes - charcoal,Size:7,"Rs
4999",2999,40% off,Footwear-Women
22502,Monrow,Polyurethane slipon womens casual sandals - navy,"Size:36,38","Rs
1899",892,53% off,Footwear-Women
22503,Inc.5,Synthetic closed back womens heels - black,Size:10,"Rs
2390",1195,50% off,Footwear-Women
22504,Clarks,Synthetic slipon womens casual ballerinas - navy,"Size:4,5,6,7,8","Rs
4999",2499,50% off,Footwear-Women
22505,Reebok,Pu slip on womens sports shoes - natural,Size:7.5,"Rs
3999",1999,50% off,Footwear-Women
22506,Shoetopia,Synthetic womens casual slides - pink,"Size:36,37,38,39,40",Nan,499,No Discount,Footwear-Women
22507,Shoetopia,Synthetic womens casual sandals - black,Size:39,"Rs
999",699,30% off,Footwear-Women
22508,Lemon & pepper,Womens casual wear slip on loafers - black,"Size:36,37,38,39,40","Rs
3299",1649,50% off,Footwear-Women
22509,Estatos,Womens casual wear slip on heeled sandals - blue,"Size:37,38,39,40,41","Rs
2199",1099,50% off,Footwear-Women
22510,Lemon & pepper,Womens casual wear buckle closure flats - natural,"Size:36,37,38,39,40","Rs
2799",1399,50% off,Footwear-Women
22511,W,Suede slipon womens casual wear flats - maroon,"Size:40,42","Rs
1999",1399,30% off,Footwear-Women
22512,Monrow,Suede buckle womens party wear sandals - gold,"Size:39,40,41",Nan,3699,No Discount,Footwear-Women
22513,Modare,Pu slip on round toe womens casual flip flops - white,"Size:37,38,39,40","Rs
2999",2399,20% off,Footwear-Women
22514,Modare,Pu zipper womens casual boots - brown,"Size:36,38,39,40","Rs
6999",4899,30% off,Footwear-Women
22515,Lazera shoes,Fabric slipon womens casual sandals - gold,"Size:36,37,38,39,40,41",Nan,2295,No Discount,Footwear-Women
22516,Modare,Womens casual wear slip on flats - camel,"Size:36,37","Rs
2199",1099,50% off,Footwear-Women
22517,Puma,Womens casual wear slippers - black,Size:Error Size,Nan,1299,No Discount,Footwear-Women
22518,Lemon & pepper,Pu slip on womens casual wear flats - black,"Size:36,37,38,39,40","Rs
3799",3039,20% off,Footwear-Women
22519,Lazera shoes,Patent round toe slipon womens sandals - gunmetal,"Size:37,38,39,40,41",Nan,1695,No Discount,Footwear-Women
22520,Monrow,Suede buckle womens party wear sandals - black,"Size:39,40",Nan,2799,No Discount,Footwear-Women
22521,Monrow,Suede tie up womens party sandals - tan,"Size:36,37,38,39,40,41",Nan,2399,No Discount,Footwear-Women
22522,Lemon & pepper,Womens party wear buckle closure heels - blue,"Size:36,37,39,40","Rs
3999",1999,50% off,Footwear-Women
22523,Signature sole,Synthetic slipon womens casual sandals - red,"Size:35,36,37,39","Rs
2400",1560,35% off,Footwear-Women
22524,Signature sole,Synthetic slipon womens ethnic sandals - gold,"Size:36,37,38,39,40,41","Rs
3200",2720,15% off,Footwear-Women
22525,Adidas,Lace up womens sports shoes - black,"Size:4,5,6,7",Nan,7999,No Discount,Footwear-Women
22526,Signature sole,Synthetic slipon womens casual sandals - pink,"Size:35,37,38,39,40","Rs
2400",1560,35% off,Footwear-Women
22527,Sole head,Womens synthetic white heels ballerinas - white,Size:38,Nan,999,No Discount,Footwear-Women
22528,Flipside,Unisex harry rubber flip flops - blue,Size:10,Nan,249,No Discount,Footwear-Women
22529,Modare,Pu slip on round toe womens formal ballerinas - natural,"Size:36,37,38,39,40","Rs
4499",3149,30% off,Footwear-Women
22530,Puma,Ronni v3 idp synthetic velcro womens casual sandals - blue,"Size:3,4,5,6,7",Nan,799,No Discount,Footwear-Women
22531,Monrow,Rubber slip on womens casual slides - natural,"Size:36,37,38,39,40,41","Rs
1699",951,44% off,Footwear-Women
22532,Lemon & pepper,Womens casual wear buckle closure flats - taupe,"Size:36,37,38,39,40","Rs
2999",1499,50% off,Footwear-Women
22533,Haute curry,Womens party wear slipon flats - gunmetal,"Size:36,37,38,39","Rs
2799",1399,50% off,Footwear-Women
22534,Lazera shoes,Suede round toe slipon womens sandals - tan,"Size:36,37,38,39,40,41",Nan,2499,No Discount,Footwear-Women
22535,Modare,Pu slip on round toe womens casual sandals - black,"Size:36,37,38,39,40","Rs
3799",2659,30% off,Footwear-Women
22536,Lazera shoes,Patent round toe slipon womens sandals - zinc,"Size:37,38,39,40,41",Nan,1695,No Discount,Footwear-Women
22537,Lazera shoes,Fabric round toe slipon womens sandals - antique,"Size:36,37,38,39,40,41",Nan,2599,No Discount,Footwear-Women
22538,Monrow,Suede zipper womens casual boots - brown,"Size:36,37,38,39,40,41",Nan,3699,No Discount,Footwear-Women
22539,Modare,Polyurethane slipon womens casual flats - black,"Size:36,37,38,39,40,41",Nan,3499,No Discount,Footwear-Women
22540,Lemon & pepper,Womens casual wear zip closure heels - pink,"Size:36,37,38,40","Rs
2799",1399,50% off,Footwear-Women
22541,Shoetopia,Synthetic womens casual slides - pink,"Size:36,37,39,41","Rs
699",499,29% off,Footwear-Women
22542,Shoetopia,Synthetic womens casual slides - tan,"Size:36,37,39,41","Rs
699",499,29% off,Footwear-Women
22543,Estatos,Womens casual wear buckle closure heels - teal,Size:38,"Rs
1599",799,50% off,Footwear-Women
22544,Von wellx,Anise synthetic slipon womens casual ballerinas - black,"Size:36,37,38,39,40,41",Nan,2699,No Discount,Footwear-Women
22545,Shoetopia,Suede womens casual sandals - tan,"Size:36,39,40,41","Rs
999",899,10% off,Footwear-Women
22546,Catwalk,Pu slipon womens casual wear flat sandals - pink,Size:5,"Rs
2695",1347,50% off,Footwear-Women
22547,Ceriz,Artificial leather womens casual wedges - pewter,"Size:36,39","Rs
2199",1099,50% off,Footwear-Women
22548,Lemon & pepper,Womens casual wear buckle closure heels - yellow,Size:40,"Rs
2999",1499,50% off,Footwear-Women
22549,Signature sole,Synthetic slipon womens ethnic flats - black,"Size:35,36,37,38","Rs
1500",1125,25% off,Footwear-Women
22550,Reebok,Textile lace up womens sports shoes - grey,"Size:7.5,9.5","Rs
4599",2299,50% off,Footwear-Women
22551,Solethreads,Synthetic slip on womens casual wear flats - navy,"Size:4,5,7",Nan,699,No Discount,Footwear-Women
22552,Signature sole,Synthetic slipon womens casual flats - gold,"Size:36,37,38,39","Rs
2400",1440,40% off,Footwear-Women
22553,Monrow,Synthetic slipon womens party sandals - rose gold,Size:40,"Rs
2199",1297,41% off,Footwear-Women
22554,Lemon & pepper,Womens party wear buckle closure boots - black,Size:36,"Rs
4799",2399,50% off,Footwear-Women
22555,Signature sole,Synthetic slipon womens casual sandals - gold,"Size:35,36,37,38,39","Rs
2700",1890,30% off,Footwear-Women
22556,Lemon & pepper,Polyurethane buckle womens casual sandals - grey,"Size:36,37,38,39,40","Rs
3299",2309,30% off,Footwear-Women
22557,Modare,Pu zipper round toe womens casual boots - black,"Size:35,36,37,38,39,40","Rs
6999",4899,30% off,Footwear-Women
22558,Lemon & pepper,Polyurethane slipon womens casual sandals - gunmetal,"Size:36,37,38,39,40","Rs
3299",2969,10% off,Footwear-Women
22559,Adidas,Synthetic slipon womens athleisure flats - black,"Size:4,5,6,7",Nan,999,No Discount,Footwear-Women
22560,Monrow,Polyurethane slipon womens casual sandals - mustard,"Size:36,37,38,39,40,41","Rs
1899",892,53% off,Footwear-Women
22561,Lemon & pepper,Polyurethane buckle womens casual sandals - off white,"Size:35,36,37,38,39",Nan,4999,No Discount,Footwear-Women
22562,Lazera shoes,Fabric slipon womens casual sandals - gold,"Size:36,37,38,39,40,41",Nan,1795,No Discount,Footwear-Women
22563,Catwalk,Perforations leather tie up womens formal flats - brown,"Size:4,5,6,7,8,9","Rs
2595",1297,50% off,Footwear-Women
22564,Modare,Pu slip on womens casual ballerinas - wine,"Size:36,39,40","Rs
4499",3149,30% off,Footwear-Women
22565,Flipside,Pvc slide strap soft toe womens casual sliders - maroon,"Size:4,4.5,5.5,7,7.5,8.5",Nan,599,No Discount,Footwear-Women
22566,Monrow,Suede slipon womens party sandals - black,"Size:36,37,38,39,40,41",Nan,2399,No Discount,Footwear-Women
22567,Tresmode,Synthetic leather slip on womens casual flats - champagne,"Size:36,37,38,39","Rs
3900",1950,50% off,Footwear-Women
22568,Monrow,Suede zipper womens casual boots - black,"Size:37,38,39,40",Nan,4299,No Discount,Footwear-Women
22569,Monrow,Pu slip on womens party wear sandals - lavender,"Size:36,37,38,39,40,41",Nan,2899,No Discount,Footwear-Women
22570,Catwalk,Synthetic slipon womens casual wear ballerinas - multi,"Size:4,5,6,7","Rs
2095",1676,20% off,Footwear-Women
22571,Lazera shoes,Blended round toe slipon womens sandals - zinc,"Size:36,37,38,39,40,41",Nan,2699,No Discount,Footwear-Women
22572,Signature sole,Synthetic slipon womens casual sandals - natural,"Size:36,37,38,39,40","Rs
2200",1430,35% off,Footwear-Women
22573,Von wellx,Synthetic slipon womens casual wear slippers - blue,"Size:3,4,5,6,7,8",Nan,2499,No Discount,Footwear-Women
22574,Catwalk,Embellished suede slipon womens casual mules - brown,"Size:4,5,6,7,8,9","Rs
2395",1916,20% off,Footwear-Women
22575,Inc.5,Synthetic open back womens heels - peach,"Size:5,6,7,8,9,10,11",Nan,2690,No Discount,Footwear-Women
22576,Adidas,Synthetic slipon womens athleisure flats - black,"Size:4,5,7",Nan,1799,No Discount,Footwear-Women
22577,Estatos,Womens casual wear slip on flats - black,"Size:36,37,38","Rs
1299",779,40% off,Footwear-Women
22578,Von wellx,Pace synthetic slipon womens casual ballerinas - black,"Size:36,37,38,39,40,41",Nan,2899,No Discount,Footwear-Women
22579,Von wellx,Womens germany comfort beige slides chloe - natural,"Size:36,40,41",Nan,2299,No Discount,Footwear-Women
22580,Solethreads,Synthetic slip on womens casual wear flats - black,"Size:4,5,7",Nan,699,No Discount,Footwear-Women
22581,Tresmode,Synthetic leather slip on womens casual sandals - champagne,Size:37,"Rs
3990",1995,50% off,Footwear-Women
22582,Catwalk,Leather slip on womens casual flip flops - blue,Size:4,"Rs
1895",1516,20% off,Footwear-Women
22583,Ceriz,Synthetic leather round toe womens casual loafers - mustard,"Size:35,36","Rs
2199",1099,50% off,Footwear-Women
22584,Adidas,Textile lace up womens sports shoes - white,"Size:6,7",Nan,3999,No Discount,Footwear-Women
22585,Monrow,Polyurethane slipon womens casual sandals - multi,"Size:37,39","Rs
1899",1006,47% off,Footwear-Women
22586,Flipside,Womens teena pvc casual flip flops - grey,Size:8,Nan,499,No Discount,Footwear-Women
22587,Modare,Pu buckle womens casual sandals - black,"Size:39,40","Rs
4499",3149,30% off,Footwear-Women
22588,Shoetopia,Synthetic womens casual slides - copper,"Size:37,40","Rs
999",499,50% off,Footwear-Women
22589,Lemon & pepper,Womens casual wear buckle closure wedges - natural,Size:40,"Rs
2499",1249,50% off,Footwear-Women
22590,Monrow,Synthetic slipon womens party sandals - black,"Size:37,38,39,40,41","Rs
2199",1407,36% off,Footwear-Women
22591,Adidas,Synthetic lace up womens sports shoes - purple,Size:5,Nan,4299,No Discount,Footwear-Women
22592,Lemon & pepper,Polyurethane slipon womens casual flats - natural,"Size:36,37,38,39,40,41",Nan,2499,No Discount,Footwear-Women
22593,Adidas,Mesh lace up womens sports shoes - purple,"Size:4,5,6,7",Nan,9999,No Discount,Footwear-Women
22594,Lazera shoes,Fabric round toe slipon womens sandals - blue,"Size:36,37,38,39,40,41",Nan,2499,No Discount,Footwear-Women
22595,Lazera shoes,Fabric slip on womens casual sandals - coral,"Size:36,37,40,41",Nan,1995,No Discount,Footwear-Women
22596,Monrow,Polyurethane slipon womens casual boots - black,"Size:37,38,39,40",Nan,4299,No Discount,Footwear-Women
22597,Lemon & pepper,Pu slip on womens casual wear flats - cream,"Size:36,37,38,39,40","Rs
3799",3039,20% off,Footwear-Women
22598,Flipside,Unisex murphy rubber flip flops - yellow,"Size:9,10",Nan,249,No Discount,Footwear-Women
22599,Lazera shoes,Blended round toe slipon womens sandals - antique,"Size:36,37,38,39,40,41",Nan,2699,No Discount,Footwear-Women
22600,Catwalk,Womens suede glitter heel mules - toffee,Size:5,"Rs
2295",1836,20% off,Footwear-Women
22601,Monrow,Rubber slip on womens casual slip ons - pink,"Size:38,39","Rs
1899",892,53% off,Footwear-Women
22602,Lemon & pepper,Mesh slipon womens casual shoes - black,"Size:37,38,39,40",Nan,4999,No Discount,Footwear-Women
22603,Clarks,Leather slip on womens casual sandals - black,"Size:4,5,6,7,8","Rs
8999",6299,30% off,Footwear-Women
22604,Lazera shoes,Fabric slipon womens ethnic sandals - gunmetal,"Size:36,37,39,40,41",Nan,2495,No Discount,Footwear-Women
22605,Adidas,Fabric lace up womens sports shoes - black,"Size:4,5,6,7",Nan,4599,No Discount,Footwear-Women
22606,Clarks,Suede lace up womens casual shoes - black,"Size:4,5,6,7,8","Rs
5999",3599,40% off,Footwear-Women
22607,Catwalk,Suede slipon womens casual wear loafers - purple,"Size:5,6,7","Rs
3095",1547,50% off,Footwear-Women
22608,Modare,Pu slip on round toe womens casual flip flops - natural,"Size:36,37,38,39,40","Rs
2999",2099,30% off,Footwear-Women
22609,Signature sole,Synthetic slipon womens ethnic flats - natural,"Size:35,36,38,39","Rs
1500",1125,25% off,Footwear-Women
22610,Signature sole,Synthetic slipon womens casual sandals - natural,"Size:36,37,38,39,40","Rs
2700",1890,30% off,Footwear-Women
22611,Lazera shoes,Fabric round toe slipon womens sandals - zinc,"Size:36,37,38,39,40,41",Nan,2399,No Discount,Footwear-Women
22612,Lemon & pepper,Polyurethane slipon womens casual sandals - rose gold,"Size:37,39,40,41",Nan,2799,No Discount,Footwear-Women
22613,Lemon & pepper,Womens casual wear slipon wedges - natural,"Size:37,39","Rs
3299",1649,50% off,Footwear-Women
22614,Clarks,Leather slip on womens casual sandals - red,"Size:3,4,5,6,7,8","Rs
4499",3149,30% off,Footwear-Women
22615,Vento,Synthetic slip on womens casual flats - blue,"Size:4,5,6,7,8",Nan,849,No Discount,Footwear-Women
22616,Adidas,Textile lace up womens sports shoes - grey,"Size:5,6,7",Nan,5999,No Discount,Footwear-Women
22617,Lazera shoes,Synthetic slip on womens casual sandals - bronze,"Size:37,38,40",Nan,1895,No Discount,Footwear-Women
22618,Ceriz,Artificial leather womens ballerinas - mustard,"Size:36,38","Rs
1799",899,50% off,Footwear-Women
22619,Von wellx,Carly synthetic slipon womens casual slippers - black,"Size:36,37,38,39,40",Nan,2999,No Discount,Footwear-Women
22620,Shoetopia,Synthetic womens casual slides - black,Size:36,"Rs
999",499,50% off,Footwear-Women
22621,Lemon & pepper,Womens casual wear slip on heeled shoes - pink,"Size:36,37,38,39,40","Rs
3299",1649,50% off,Footwear-Women
22622,Estatos,Womens casual wear buckle closure flats - yellow,"Size:36,37,38,39,40","Rs
1199",719,40% off,Footwear-Women
22623,Estatos,Womens casual wear buckle closure wedges - gold,"Size:37,38","Rs
1299",844,35% off,Footwear-Women
22624,Tresmode,Synthetic leather slip on womens loafers - black,"Size:36,37,38","Rs
3990",1995,50% off,Footwear-Women
22625,Modare,Pu slip on womens casual ballerinas - black,Size:38,"Rs
4499",3149,30% off,Footwear-Women
22626,Janasya,Synthetic others womens casual flats - natural,"Size:39,40","Rs
1890",945,50% off,Footwear-Women
22627,Modare,Pu slip on womens formal ballerinas - black,"Size:39,40","Rs
4799",3359,30% off,Footwear-Women
22628,Signature sole,Synthetic slipon womens ethnic flats - off white,"Size:35,36,37,38","Rs
1500",1125,25% off,Footwear-Women
22629,Shoetopia,Synthetic womens casual slides - green,Size:36,"Rs
999",499,50% off,Footwear-Women
22630,Shoetopia,Synthetic womens casual slides - gold,"Size:37,40","Rs
999",499,50% off,Footwear-Women
22631,Shoetopia,Synthetic womens casual slides - grey,"Size:36,37,39,41","Rs
699",499,29% off,Footwear-Women
22632,Doubleu,Eva slip on womens casual flats - pink,"Size:37,38,39,40,41",Nan,1799,No Discount,Footwear-Women
22633,Lazera shoes,Fabric round toe slipon womens sandals - navy,"Size:36,37,38,39,40",Nan,2295,No Discount,Footwear-Women
22634,Lazera shoes,Fabric slipon womens casual sandals - black,"Size:36,37,38,39,40,41",Nan,2399,No Discount,Footwear-Women
22635,Modare,Pu slip on round toe womens formal ballerinas - black,"Size:36,37,38,39","Rs
3999",3199,20% off,Footwear-Women
22636,Lazera shoes,Blended round toe slipon womens sandals - zinc,"Size:36,37,38,39,40,41",Nan,2799,No Discount,Footwear-Women
22637,Lemon & pepper,Pu open back womens casual mules - navy,"Size:36,37,38,39,40","Rs
2999",2699,10% off,Footwear-Women
22638,Lazera shoes,Fabric slipon womens casual sandals - antique,"Size:36,37,38,39,40,41",Nan,2399,No Discount,Footwear-Women
22639,Adidas,Textile lace up womens sports shoes - black,"Size:4,5,6,7",Nan,5999,No Discount,Footwear-Women
22640,Lazera shoes,Fabric slipon womens ethnic sandals - gold,"Size:36,37,38,39,40,41",Nan,2499,No Discount,Footwear-Women
22641,Adidas,Lace up womens sports shoes - white,"Size:4,5,6,7",Nan,4599,No Discount,Footwear-Women
22642,Inc.5,Tpr open back womens party flats - tan,"Size:6,8,10","Rs
1990",995,50% off,Footwear-Women
22643,Lazera shoes,Fabric slipon womens casual sandals - bronze,"Size:36,37,38,39,40,41",Nan,1795,No Discount,Footwear-Women
22644,Adidas,Textile lace up womens sports shoes - pink,"Size:4,5,6,7",Nan,5599,No Discount,Footwear-Women
22645,Lemon & pepper,Pu open back womens casual wedge heel sandals - olive,"Size:36,37,38,39,40,41","Rs
2799",1959,30% off,Footwear-Women
22646,W,Fabric velcro womens party wear sandals - natural,"Size:35,36,37,38,39,40,41,42",Nan,2999,No Discount,Footwear-Women
22647,Catwalk,Textured raffia buckle womens casual flats - navy,"Size:4,5,6,7,8,9","Rs
2495",1996,20% off,Footwear-Women
22648,Modare,Pu zipper round toe womens casual boots - camel,"Size:36,37,38,39,40","Rs
6999",4899,30% off,Footwear-Women
22649,Inc.5,Patent slip on womens casual mojris - tan,"Size:4,5,6,7,8,9,10,11",Nan,2890,No Discount,Footwear-Women
22650,Puma,Leadcat ftr synthetic unisex casual slides - white,"Size:3,4,5,6",Nan,2499,No Discount,Footwear-Women
22651,Inc.5,Synthetic slip on womens casual flats - peach,"Size:5,6,7,8,9,10,11","Rs
1690",1190,30% off,Footwear-Women
22652,Von wellx,Molly leather slipon womens casual slippers - black,"Size:36,37,38,39",Nan,2699,No Discount,Footwear-Women
22653,Von wellx,Synthetic slipon womens casual wear sandals - gold,"Size:3,8",Nan,2999,No Discount,Footwear-Women
22654,Tresmode,Synthetic leather slip on womens loafers - blue,"Size:36,37,38","Rs
3990",1995,50% off,Footwear-Women
22655,Adidas,Synthetic slipon womens athleisure flats - white,Size:4,Nan,2999,No Discount,Footwear-Women
22656,Tresmode,Synthetic leather slip on womens casual sandals - black,"Size:36,37,39","Rs
5000",2500,50% off,Footwear-Women
22657,Haute curry,Womens casual wear slip on flats - black,"Size:36,40","Rs
1999",999,50% off,Footwear-Women
22658,Haute curry,Womens casual wear slipon flats - yellow,Size:36,"Rs
1999",849,58% off,Footwear-Women
22659,Lemon & pepper,Womens party wear buckle closure heels - pink,Size:39,"Rs
3799",1899,50% off,Footwear-Women
22660,Flipside,Womens forever new rubber casual flip flops - pink,"Size:5,7",Nan,499,No Discount,Footwear-Women
22661,Haute curry,Womens casual wear slip on heels - black,Size:40,"Rs
2199",1099,50% off,Footwear-Women
22662,Doubleu,Eva slip on womens casual slides - yellow,"Size:39,41",Nan,1119,No Discount,Footwear-Women
22663,Monrow,Suede buckle womens party wear sandals - black,Size:40,Nan,3499,No Discount,Footwear-Women
22664,Shoetopia,Synthetic womens casual slides - black,"Size:36,41",Nan,499,No Discount,Footwear-Women
22665,Shoetopia,Synthetic womens casual slides - black,Size:36,Nan,499,No Discount,Footwear-Women
22666,Modare,Pu slip on round toe womens formal ballerinas - black,"Size:36,37,39,40","Rs
3799",2659,30% off,Footwear-Women
22667,Von wellx,Womens germany comfort beige slides leia - natural,"Size:36,37,39,41",Nan,2699,No Discount,Footwear-Women
22668,Flipside,Pvc soft toe womens casual flip flops - pink,"Size:4,4.5,8.5",Nan,499,No Discount,Footwear-Women
22669,Tresmode,Synthetic leather slip on womens casual sandals - pewter,"Size:36,37,38,39,40",Nan,4990,No Discount,Footwear-Women
22670,Flipside,Womens viper rubber party flip flops - purple,Size:9,Nan,599,No Discount,Footwear-Women
22671,Lemon & pepper,Pu back strap womens casual block heel sandals - rose gold,"Size:36,37,38,39,40","Rs
2799",1959,30% off,Footwear-Women
22672,Adidas,Fabric lace up womens sports shoes - black,"Size:4,5,6,7",Nan,5599,No Discount,Footwear-Women
22673,Lemon & pepper,Synthetic patent open back womens party wedge heel sandals - gold,"Size:36,37,38,39,40","Rs
2799",1959,30% off,Footwear-Women
22674,Havaianas,Rubber back strap womens occasion closed sandals - navy,"Size:40,42",Nan,1299,No Discount,Footwear-Women
22675,Flipside,Womens ria pvc party flats - blue,"Size:5,6,7",Nan,499,No Discount,Footwear-Women
22676,Signature sole,Synthetic slipon womens casual flats - natural,"Size:38,40","Rs
1500",975,35% off,Footwear-Women
22677,Havaianas,Slim romance rubber open back womens flip flops - pink,Size:40,Nan,999,No Discount,Footwear-Women
22678,Von wellx,Womens germany comfort black slides salive - black,Size:36,Nan,2499,No Discount,Footwear-Women
22679,Lemon & pepper,Womens casual wear buckle closure flats - navy,"Size:36,37,38,39,40","Rs
2999",1499,50% off,Footwear-Women
22680,Haute curry,Womens casual wear slip on heels - black,"Size:36,37,38,39,40","Rs
2199",1099,50% off,Footwear-Women
22681,Lemon & pepper,Polyurethane buckle womens casual sandals - black,"Size:36,37,38,39",Nan,4499,No Discount,Footwear-Women
22682,Swiss eagle,Womens analogue metallic watch,Size:Error Size,"Rs
13990",4197,70% off,Watches-Women
22683,Lawman watches,Womens rose gold dial stainless steel analogue watch - wi106d,Size:Error Size,"Rs
7499",4999,33% off,Watches-Women
22684,Lawman watches,Womens silver dial stainless steel analogue watch - lwwi105a,Size:Error Size,"Rs
5999",3999,33% off,Watches-Women
22685,Miu miu,Eau de parfum - 50 ml,Size:Error Size,Nan,6100,No Discount,Fragrance-Women
22686,Miu miu,Eau de parfum - 30 ml,Size:Error Size,Nan,4400,No Discount,Fragrance-Women
